# concentrations: 0.666667 0.166667 0.166667
0.010772 0.000000 0.000000 0.000000 0.000000 0.000000 0.000000 0.000000 0.000000 0.000000 
0.032316 0.000000 0.000000 0.000000 0.000000 0.000000 0.000000 0.000000 0.000000 0.000000 
0.053861 0.000000 0.000000 0.000000 0.000000 0.000000 0.000000 0.000000 0.000000 0.000000 
0.075405 0.000000 0.000000 0.000000 0.000000 0.000000 0.000000 0.000000 0.000000 0.000000 
0.096949 0.000000 0.000000 0.000000 0.000000 0.000000 0.000000 0.000000 0.000000 0.000000 
0.118494 0.000000 0.000000 0.000000 0.000000 0.000000 0.000000 0.000000 0.000000 0.000000 
0.140038 0.000000 0.000000 0.000000 0.000000 0.000000 0.000000 0.000000 0.000000 0.000000 
0.161582 0.000000 0.000000 0.000000 0.000000 0.000000 0.000000 0.000000 0.000000 0.000000 
0.183127 0.000000 0.000000 0.000000 0.000000 0.000000 0.000000 0.000000 0.000000 0.000000 
0.204671 0.000000 0.000000 0.000000 0.000000 0.000000 0.000000 0.000000 0.000000 0.000000 
0.226215 0.000000 0.000000 0.000000 0.000000 0.000000 0.000000 0.000000 0.000000 0.000000 
0.247759 0.000000 0.000000 0.000000 0.000000 0.000000 0.000000 0.000000 0.000000 0.000000 
0.269304 0.000000 0.000000 0.000000 0.000000 0.000000 0.000000 0.000000 0.000000 0.000000 
0.290848 0.000000 0.000000 0.000000 0.000000 0.000000 0.000000 0.000000 0.000000 0.000000 
0.312392 0.000000 0.000000 0.000000 0.000000 0.000000 0.000000 0.000000 0.000000 0.000000 
0.333937 0.000000 0.000000 0.000000 0.000000 0.000000 0.000000 0.000000 0.000000 0.000000 
0.355481 0.000000 0.000000 0.000000 0.000000 0.000000 0.000000 0.000000 0.000000 0.000000 
0.377025 0.000000 0.000000 0.000000 0.000000 0.000000 0.000000 0.000000 0.000000 0.000000 
0.398570 0.000000 0.000000 0.000000 0.000000 0.000000 0.000000 0.000000 0.000000 0.000000 
0.420114 0.000000 0.000000 0.000000 0.000000 0.000000 0.000000 0.000000 0.000000 0.000000 
0.441658 0.000000 0.000000 0.000000 0.000000 0.000000 0.000000 0.000000 0.000000 0.000000 
0.463202 0.000000 0.000000 0.000000 0.000000 0.000000 0.000000 0.000000 0.000000 0.000000 
0.484747 0.000000 0.000000 0.000000 0.000000 0.000000 0.000000 0.000000 0.000000 0.000000 
0.506291 0.000000 0.000000 0.000000 0.000000 0.000000 0.000000 0.000000 0.000000 0.000000 
0.527835 0.000000 0.000000 0.000000 0.000000 0.000000 0.000000 0.000000 0.000000 0.000000 
0.549380 0.000000 0.000000 0.000000 0.000000 0.000000 0.000000 0.000000 0.000000 0.000000 
0.570924 0.000000 0.000000 0.000000 0.000000 0.000000 0.000000 0.000000 0.000000 0.000000 
0.592468 0.000000 0.000000 0.000000 0.000000 0.000000 0.000000 0.000000 0.000000 0.000000 
0.614013 0.000000 0.000000 0.000000 0.000000 0.000000 0.000000 0.000000 0.000000 0.000000 
0.635557 0.000000 0.000000 0.000000 0.000000 0.000000 0.000000 0.000000 0.000000 0.000000 
0.657101 0.000000 0.000000 0.000000 0.000000 0.000000 0.000000 0.000000 0.000000 0.000000 
0.678645 0.000000 0.000000 0.000000 0.000000 0.000000 0.000000 0.000000 0.000000 0.000000 
0.700190 0.000000 0.000000 0.000000 0.000000 0.000000 0.000000 0.000000 0.000000 0.000000 
0.721734 0.000000 0.000200 0.000000 0.000200 0.000000 0.000000 0.000000 0.000000 0.000000 
0.743278 0.000000 0.011807 0.000000 0.011807 0.000056 0.000084 0.000000 0.000084 0.000000 
0.764823 0.000000 0.150407 0.000000 0.150407 0.001005 0.006848 0.000000 0.006848 0.000000 
0.786367 0.000000 0.749219 0.000000 0.749219 0.014664 0.065281 0.000000 0.065281 0.000000 
0.807911 0.000000 1.960871 0.000628 1.960871 0.073019 0.288660 0.000628 0.288660 0.000047 
0.829456 0.000000 3.264749 0.017704 3.264749 0.194015 0.724754 0.017704 0.724754 0.001125 
0.851000 0.000000 4.078832 0.161736 4.078832 0.386369 1.254100 0.161736 1.254100 0.017521 
0.872544 0.000056 4.252865 0.677456 4.252865 0.573423 1.687128 0.677456 1.687128 0.099758 
0.894088 0.002216 3.952256 1.659736 3.952256 0.747945 1.912983 1.659736 1.912983 0.317467 
0.915633 0.030990 3.411674 2.791674 3.411674 0.833140 1.962189 2.791674 1.962189 0.645906 
0.937177 0.184232 2.854281 3.618237 2.854281 0.892321 1.877927 3.618237 1.877927 1.003566 
0.958721 0.609196 2.340475 3.933217 2.340475 0.916137 1.729923 3.933217 1.729923 1.314372 
0.980266 1.318463 1.916868 3.817314 1.916868 0.914416 1.539897 3.817314 1.539897 1.468876 
1.001810 2.107367 1.569555 3.441853 1.569555 0.911961 1.375949 3.441853 1.375949 1.525938 
1.023354 2.729648 1.302111 2.974563 1.302111 0.870508 1.230201 2.974563 1.230201 1.486950 
1.044899 3.038686 1.091314 2.502929 1.091314 0.850998 1.105920 2.502929 1.105920 1.407331 
1.066443 3.051461 0.931113 2.075624 0.931113 0.845215 1.017278 2.075624 1.017278 1.291892 
1.087987 2.861277 0.812577 1.727821 0.812577 0.829953 0.929457 1.727821 0.929457 1.163811 
1.109531 2.568303 0.715581 1.445102 0.715581 0.821466 0.856423 1.445102 0.856423 1.065178 
1.131076 2.238491 0.640370 1.210942 0.640370 0.824804 0.805181 1.210942 0.805181 0.964417 
1.152620 1.929267 0.583239 1.032587 0.583239 0.824680 0.764555 1.032587 0.764555 0.887369 
1.174164 1.652494 0.541471 0.894726 0.541471 0.853354 0.734288 0.894726 0.734288 0.821948 
1.195709 1.416448 0.506065 0.780547 0.506065 0.857586 0.720056 0.780547 0.720056 0.766645 
1.217253 1.228118 0.484902 0.695041 0.484902 0.885771 0.707035 0.695041 0.707035 0.728924 
1.238797 1.066653 0.469173 0.624351 0.469173 0.916298 0.711018 0.624351 0.711018 0.691348 
1.260342 0.937174 0.459794 0.572412 0.459794 0.954135 0.715614 0.572412 0.715614 0.662868 
1.281886 0.834341 0.457237 0.534657 0.457237 0.981913 0.728363 0.534657 0.728363 0.650855 
1.303430 0.752563 0.458962 0.504753 0.458962 1.018578 0.757903 0.504753 0.757903 0.641592 
1.324974 0.688819 0.469979 0.481208 0.469979 1.057970 0.775588 0.481208 0.775588 0.650567 
1.346519 0.643299 0.479651 0.467620 0.479651 1.094140 0.813025 0.467620 0.813025 0.644464 
1.368063 0.605363 0.502145 0.461196 0.502145 1.122586 0.845696 0.461196 0.845696 0.653443 
1.389607 0.579131 0.529382 0.458278 0.529382 1.152031 0.890733 0.458278 0.890733 0.680092 
1.411152 0.563852 0.557765 0.465405 0.557765 1.176967 0.935563 0.465405 0.935563 0.704390 
1.432696 0.557576 0.594856 0.478619 0.594856 1.190880 0.974306 0.478619 0.974306 0.731054 
1.454240 0.556507 0.640371 0.493462 0.640371 1.205864 1.016588 0.493462 1.016588 0.771210 
1.475785 0.561234 0.687705 0.517038 0.687705 1.206575 1.062877 0.517038 1.062877 0.817485 
1.497329 0.578073 0.742993 0.547572 0.742993 1.213055 1.095630 0.547572 1.095630 0.867995 
1.518873 0.598954 0.800305 0.587050 0.800305 1.217189 1.133652 0.587050 1.133652 0.929219 
1.540417 0.631559 0.861686 0.628912 0.861686 1.219223 1.150041 0.628912 1.150041 0.985203 
1.561962 0.665957 0.922109 0.685169 0.922109 1.225776 1.177843 0.685169 1.177843 1.040321 
1.583506 0.712893 0.981605 0.740563 0.981605 1.232548 1.196920 0.740563 1.196920 1.090344 
1.605050 0.762366 1.038263 0.805763 1.038263 1.261950 1.200060 0.805763 1.200060 1.144490 
1.626595 0.814770 1.090674 0.870061 1.090674 1.280220 1.211398 0.870061 1.211398 1.192603 
1.648139 0.871296 1.130180 0.937691 1.130180 1.304570 1.220362 0.937691 1.220362 1.218158 
1.669683 0.925949 1.168084 1.002492 1.168084 1.303461 1.243061 1.002492 1.243061 1.242401 
1.691228 0.976050 1.196028 1.062606 1.196028 1.290651 1.256662 1.062606 1.256662 1.263794 
1.712772 1.022879 1.222996 1.110889 1.222996 1.271430 1.275608 1.110889 1.275608 1.278425 
1.734316 1.063539 1.245031 1.155647 1.245031 1.239452 1.288708 1.155647 1.288708 1.280395 
1.755860 1.098022 1.264828 1.186669 1.264828 1.193800 1.302918 1.186669 1.302918 1.307380 
1.777405 1.128439 1.282482 1.214975 1.282482 1.142780 1.302832 1.214975 1.302832 1.313903 
1.798949 1.153312 1.302158 1.233535 1.302158 1.085122 1.289665 1.233535 1.289665 1.309963 
1.820493 1.171351 1.311119 1.246496 1.311119 1.033018 1.258432 1.246496 1.258432 1.329718 
1.842038 1.180344 1.317598 1.256219 1.317598 0.976253 1.210371 1.256219 1.210371 1.333277 
1.863582 1.187629 1.308340 1.266218 1.308340 0.922513 1.171774 1.266218 1.171774 1.332313 
1.885126 1.188451 1.291465 1.274261 1.291465 0.882523 1.110744 1.274261 1.110744 1.304995 
1.906671 1.184484 1.262308 1.279666 1.262308 0.840748 1.057400 1.279666 1.057400 1.270368 
1.928215 1.181884 1.223360 1.286949 1.223360 0.814265 1.001438 1.286949 1.001438 1.235804 
1.949759 1.178743 1.178691 1.278159 1.178691 0.785070 0.948080 1.278159 0.948080 1.191417 
1.971303 1.172009 1.131031 1.265726 1.131031 0.776506 0.906034 1.265726 0.906034 1.135211 
1.992848 1.171044 1.078251 1.241486 1.078251 0.760630 0.861833 1.241486 0.861833 1.082278 
2.014392 1.166167 1.032693 1.210132 1.032693 0.756167 0.827511 1.210132 0.827511 1.025407 
2.035936 1.159565 0.986692 1.167955 0.986692 0.748946 0.807652 1.167955 0.807652 0.972956 
2.057481 1.147429 0.946490 1.126964 0.946490 0.758568 0.781734 1.126964 0.781734 0.923620 
2.079025 1.130585 0.909771 1.079052 0.909771 0.762383 0.769964 1.079052 0.769964 0.879022 
2.100569 1.106582 0.882151 1.034971 0.882151 0.784077 0.755224 1.034971 0.755224 0.850068 
2.122114 1.079678 0.855906 0.991734 0.855906 0.797764 0.757057 0.991734 0.757057 0.812211 
2.143658 1.048834 0.838536 0.946369 0.838536 0.818577 0.755282 0.946369 0.755282 0.788060 
2.165202 1.014379 0.825904 0.914376 0.825904 0.840432 0.764641 0.914376 0.764641 0.774711 
2.186746 0.981749 0.817576 0.880956 0.817576 0.873840 0.777629 0.880956 0.777629 0.765174 
2.208291 0.947930 0.815768 0.857078 0.815768 0.901319 0.792390 0.857078 0.792390 0.749053 
2.229835 0.919709 0.819275 0.836595 0.819275 0.929442 0.814718 0.836595 0.814718 0.755942 
2.251379 0.892922 0.824979 0.822481 0.824979 0.955163 0.836505 0.822481 0.836505 0.757806 
2.272924 0.873053 0.835679 0.812568 0.835679 0.992079 0.862276 0.812568 0.862276 0.768311 
2.294468 0.856753 0.850853 0.811172 0.850853 1.012315 0.887196 0.811172 0.887196 0.785653 
2.316012 0.845357 0.865884 0.813862 0.865884 1.033924 0.917910 0.813862 0.917910 0.806887 
2.337556 0.837502 0.888289 0.820277 0.888289 1.064255 0.945649 0.820277 0.945649 0.826198 
2.359101 0.836548 0.908683 0.833336 0.908683 1.078222 0.977470 0.833336 0.977470 0.848678 
2.380645 0.841817 0.932448 0.846882 0.932448 1.095566 1.006364 0.846882 1.006364 0.876757 
2.402189 0.849781 0.954877 0.866948 0.954877 1.107299 1.028959 0.866948 1.028959 0.901950 
2.423734 0.861046 0.976222 0.887755 0.976222 1.122946 1.059644 0.887755 1.059644 0.940707 
2.445278 0.876310 0.999589 0.909611 0.999589 1.133808 1.080362 0.909611 1.080362 0.974226 
2.466822 0.894852 1.018670 0.932493 1.018670 1.128237 1.099068 0.932493 1.099068 1.000439 
2.488367 0.913932 1.037198 0.955666 1.037198 1.124868 1.109263 0.955666 1.109263 1.030532 
2.509911 0.936265 1.054141 0.981695 1.054141 1.130863 1.120828 0.981695 1.120828 1.052009 
2.531455 0.958448 1.065823 1.003922 1.065823 1.120257 1.129738 1.003922 1.129738 1.072293 
2.553000 0.982062 1.076717 1.024685 1.076717 1.120811 1.132238 1.024685 1.132238 1.095164 
2.574544 1.003992 1.084973 1.045036 1.084973 1.105993 1.128722 1.045036 1.128722 1.112101 
2.596088 1.024767 1.090744 1.062073 1.090744 1.098754 1.129940 1.062073 1.129940 1.121490 
2.617633 1.042235 1.091723 1.075610 1.091723 1.092060 1.123935 1.075610 1.123935 1.131819 
2.639177 1.058896 1.091985 1.084985 1.091985 1.078694 1.120438 1.084985 1.120438 1.132408 
2.660721 1.070899 1.091666 1.096317 1.091666 1.064594 1.112158 1.096317 1.112158 1.135334 
2.682265 1.082448 1.085635 1.098143 1.085635 1.055591 1.095961 1.098143 1.095961 1.136192 
2.703810 1.090353 1.077480 1.101447 1.077480 1.039331 1.083539 1.101447 1.083539 1.123458 
2.725354 1.093993 1.073438 1.099130 1.073438 1.024666 1.072844 1.099130 1.072844 1.117613 
2.746898 1.096513 1.062729 1.096955 1.062729 1.007908 1.064514 1.096955 1.064514 1.109917 
2.768443 1.095237 1.055885 1.091482 1.055885 0.990057 1.049922 1.091482 1.049922 1.096784 
2.789987 1.090877 1.044548 1.082902 1.044548 0.982623 1.035852 1.082902 1.035852 1.081648 
2.811531 1.085574 1.033925 1.074572 1.033925 0.966975 1.017347 1.074572 1.017347 1.066572 
2.833075 1.078696 1.026184 1.064498 1.026184 0.952521 1.007279 1.064498 1.007279 1.058032 
2.854620 1.069824 1.015364 1.052749 1.015364 0.939406 0.992442 1.052749 0.992442 1.044811 
2.876164 1.059615 1.005500 1.043936 1.005500 0.935681 0.979950 1.043936 0.979950 1.028746 
2.897708 1.049129 0.996313 1.031669 0.996313 0.928977 0.964653 1.031669 0.964653 1.015289 
2.919253 1.038889 0.985818 1.021487 0.985818 0.923078 0.953818 1.021487 0.953818 1.002280 
2.940797 1.028056 0.978231 1.009865 0.978231 0.925907 0.944290 1.009865 0.944290 0.991438 
2.962341 1.017622 0.967885 0.999615 0.967885 0.918784 0.933070 0.999615 0.933070 0.976580 
2.983886 1.007752 0.959739 0.991947 0.959739 0.920874 0.929018 0.991947 0.929018 0.971302 
3.005430 0.997634 0.954746 0.981076 0.954746 0.924758 0.924329 0.981076 0.924329 0.955183 
3.026974 0.989434 0.949210 0.973859 0.949210 0.933628 0.924481 0.973859 0.924481 0.937060 
3.048518 0.980412 0.944492 0.963217 0.944492 0.942166 0.922107 0.963217 0.922107 0.936441 
3.070063 0.973399 0.941751 0.956413 0.941751 0.954136 0.922684 0.956413 0.922684 0.922806 
3.091607 0.966772 0.941276 0.950948 0.941276 0.957010 0.925495 0.950948 0.925495 0.924279 
3.113151 0.962042 0.941943 0.944885 0.941943 0.966676 0.930337 0.944885 0.930337 0.922836 
3.134696 0.955790 0.944442 0.941541 0.944442 0.979272 0.940110 0.941541 0.940110 0.920879 
3.156240 0.953389 0.948034 0.939927 0.948034 0.985890 0.949596 0.939927 0.949596 0.922930 
3.177784 0.948225 0.952241 0.937453 0.952241 0.994753 0.958702 0.937453 0.958702 0.926568 
3.199329 0.946551 0.958969 0.939902 0.958969 1.004064 0.966603 0.939902 0.966603 0.937039 
3.220873 0.946534 0.966994 0.942438 0.966994 1.012308 0.974553 0.942438 0.974553 0.943259 
3.242417 0.947299 0.973254 0.944698 0.973254 1.022086 0.985585 0.944698 0.985585 0.949002 
3.263961 0.947774 0.982288 0.951115 0.982288 1.028666 0.999171 0.951115 0.999171 0.958949 
3.285506 0.952147 0.990651 0.957929 0.990651 1.035666 1.008274 0.957929 1.008274 0.969281 
3.307050 0.955279 0.998936 0.966175 0.998936 1.037410 1.014912 0.966175 1.014912 0.979262 
3.328594 0.960318 1.006858 0.974281 1.006858 1.039997 1.023805 0.974281 1.023805 0.989301 
3.350139 0.966374 1.015013 0.982609 1.015013 1.037184 1.031374 0.982609 1.031374 1.002248 
3.371683 0.972860 1.021262 0.991191 1.021262 1.039502 1.036493 0.991191 1.036493 1.013760 
3.393227 0.982115 1.026981 0.999806 1.026981 1.041271 1.040292 0.999806 1.040292 1.023742 
3.414772 0.988295 1.033033 1.008524 1.033033 1.041722 1.043647 1.008524 1.043647 1.030654 
3.436316 0.996657 1.036115 1.015694 1.036115 1.038774 1.046801 1.015694 1.046801 1.030369 
3.457860 1.003877 1.039156 1.024829 1.039156 1.033403 1.046022 1.024829 1.046022 1.041091 
3.479404 1.012419 1.040154 1.029862 1.040154 1.031254 1.046209 1.029862 1.046209 1.042902 
3.500949 1.018299 1.039785 1.033567 1.039785 1.027637 1.046086 1.033567 1.046086 1.049263 
3.522493 1.023653 1.039719 1.039435 1.039719 1.019994 1.040199 1.039435 1.040199 1.046063 
3.544037 1.028163 1.038064 1.041564 1.038064 1.014462 1.035167 1.041564 1.035167 1.049855 
3.565582 1.032486 1.035350 1.041994 1.035350 1.009623 1.031432 1.041994 1.031432 1.042123 
3.587126 1.035694 1.029792 1.042743 1.029792 1.002783 1.025600 1.042743 1.025600 1.043462 
3.608670 1.037796 1.027986 1.041811 1.027986 1.000390 1.022574 1.041811 1.022574 1.043080 
3.630215 1.038060 1.023694 1.039199 1.023694 0.997825 1.013825 1.039199 1.013825 1.034139 
3.651759 1.038898 1.018182 1.038263 1.018182 0.995426 1.011992 1.038263 1.011992 1.031240 
3.673303 1.037072 1.013577 1.033328 1.013577 0.988087 1.003852 1.033328 1.003852 1.028698 
3.694847 1.034671 1.008412 1.027773 1.008412 0.986001 1.001406 1.027773 1.001406 1.022475 
3.716392 1.031613 1.003366 1.024264 1.003366 0.982442 0.994668 1.024264 0.994668 1.017953 
3.737936 1.027957 0.997288 1.018546 0.997288 0.979574 0.988502 1.018546 0.988502 1.010721 
3.759480 1.023942 0.994213 1.013639 0.994213 0.979884 0.986663 1.013639 0.986663 1.000374 
3.781025 1.018709 0.988377 1.007716 0.988377 0.976909 0.984340 1.007716 0.984340 0.996854 
3.802569 1.014577 0.985727 1.002015 0.985727 0.977491 0.979399 1.002015 0.979399 0.993069 
3.824113 1.009216 0.983232 0.996739 0.983232 0.974360 0.976807 0.996739 0.976807 0.988195 
3.845658 1.005174 0.980303 0.992288 0.980303 0.977696 0.975396 0.992288 0.975396 0.983706 
3.867202 1.000852 0.976758 0.988672 0.976758 0.979639 0.973067 0.988672 0.973067 0.980024 
3.888746 0.995892 0.976149 0.983790 0.976149 0.975470 0.972824 0.983790 0.972824 0.978600 
3.910290 0.991774 0.976087 0.980003 0.976087 0.983577 0.972890 0.980003 0.972890 0.973633 
3.931835 0.987538 0.974971 0.978108 0.974971 0.984633 0.974567 0.978108 0.974567 0.973211 
3.953379 0.984361 0.975457 0.976514 0.975457 0.988610 0.976454 0.976514 0.976454 0.975111 
3.974923 0.982392 0.975861 0.973762 0.975861 0.987728 0.975967 0.973762 0.975967 0.971503 
3.996468 0.979609 0.979286 0.974234 0.979286 0.993747 0.981264 0.974234 0.981264 0.974969 
4.018012 0.978203 0.979958 0.974611 0.979958 0.996023 0.983770 0.974611 0.983770 0.974828 
4.039556 0.977551 0.981961 0.974411 0.981961 0.999416 0.985312 0.974411 0.985312 0.976136 
4.061100 0.977461 0.986129 0.976184 0.986129 1.002991 0.989594 0.976184 0.989594 0.978556 
4.082645 0.976806 0.986544 0.978346 0.986544 1.004224 0.994275 0.978346 0.994275 0.979610 
4.104189 0.977893 0.990037 0.978950 0.990037 1.012797 0.994635 0.978950 0.994635 0.983417 
4.125733 0.978623 0.993368 0.981044 0.993368 1.014340 0.999541 0.981044 0.999541 0.987313 
4.147278 0.981237 0.996270 0.983778 0.996270 1.012118 1.004119 0.983778 1.004119 0.989174 
4.168822 0.982296 0.999759 0.986332 0.999759 1.016631 1.007847 0.986332 1.007847 0.991974 
4.190366 0.985651 1.003120 0.990693 1.003120 1.019491 1.010958 0.990693 1.010958 0.998627 
4.211911 0.987684 1.005559 0.994013 1.005559 1.016212 1.012754 0.994013 1.012754 1.003008 
4.233455 0.990406 1.008714 0.997694 1.008714 1.016640 1.014071 0.997694 1.014071 1.004548 
4.254999 0.994126 1.010172 1.001233 1.010172 1.019525 1.014820 1.001233 1.014820 1.008475 
4.276544 0.996116 1.013560 1.003984 1.013560 1.014151 1.017289 1.003984 1.017289 1.010350 
4.298088 0.999387 1.014961 1.007037 1.014961 1.015750 1.018611 1.007037 1.018611 1.013454 
4.319632 1.001635 1.016858 1.008568 1.016858 1.013093 1.018620 1.008568 1.018620 1.016069 
4.341177 1.005552 1.016118 1.012310 1.016118 1.011996 1.020515 1.012310 1.020515 1.019094 
4.362721 1.007517 1.017496 1.013513 1.017496 1.009873 1.016916 1.013513 1.016916 1.018035 
4.384265 1.009726 1.016534 1.015557 1.016534 1.011830 1.014757 1.015557 1.014757 1.018223 
4.405809 1.010454 1.015257 1.016977 1.015257 1.005302 1.012394 1.016977 1.012394 1.018774 
4.427354 1.013265 1.014702 1.017598 1.014702 1.004907 1.011101 1.017598 1.011101 1.020069 
4.448898 1.014580 1.014443 1.017907 1.014443 1.000501 1.009438 1.017907 1.009438 1.017921 
4.470442 1.014461 1.012648 1.017389 1.012648 1.001312 1.009653 1.017389 1.009653 1.016341 
4.491987 1.015002 1.009770 1.015921 1.009770 0.997135 1.006212 1.015921 1.006212 1.014335 
4.513531 1.014940 1.008708 1.016501 1.008708 0.992735 1.001379 1.016501 1.001379 1.014805 
4.535075 1.015679 1.007340 1.014735 1.007340 0.992819 1.002405 1.014735 1.002405 1.010301 
4.556619 1.014249 1.003286 1.012804 1.003286 0.994236 0.997118 1.012804 0.997118 1.008320 
4.578164 1.012697 1.002632 1.010078 1.002632 0.991483 0.997013 1.010078 0.997013 1.007601 
4.599708 1.011844 0.999784 1.009098 0.999784 0.992631 0.993583 1.009098 0.993583 1.004609 
4.621252 1.010048 0.998005 1.005871 0.998005 0.988822 0.991273 1.005871 0.991273 1.002068 
4.642797 1.007886 0.996131 1.004955 0.996131 0.987652 0.992195 1.004955 0.992195 0.997114 
4.664341 1.005449 0.993910 1.001307 0.993910 0.985379 0.988954 1.001307 0.988954 0.996872 
4.685885 1.004279 0.992557 1.000117 0.992557 0.988064 0.990092 1.000117 0.990092 0.994417 
4.707429 1.002029 0.990979 0.997820 0.990979 0.992201 0.988282 0.997820 0.988282 0.992243 
4.728974 1.000877 0.990685 0.995287 0.990685 0.989120 0.988020 0.995287 0.988020 0.990029 
4.750518 0.999363 0.989886 0.993884 0.989886 0.991976 0.989806 0.993884 0.989806 0.988012 
4.772062 0.996991 0.989253 0.992381 0.989253 0.991565 0.988219 0.992381 0.988219 0.990507 
4.793607 0.995379 0.988767 0.991396 0.988767 0.994900 0.987016 0.991396 0.987016 0.985518 
4.815151 0.994071 0.989152 0.989530 0.989152 0.993844 0.989882 0.989530 0.989882 0.987349 
4.836695 0.992775 0.989943 0.989152 0.989943 0.995679 0.990408 0.989152 0.990408 0.987066 
4.858240 0.991733 0.990420 0.988078 0.990420 0.997385 0.993080 0.988078 0.993080 0.987950 
4.879784 0.990870 0.990316 0.989011 0.990316 0.999264 0.993925 0.989011 0.993925 0.988466 
4.901328 0.990440 0.992388 0.988721 0.992388 1.002238 0.995422 0.988721 0.995422 0.987863 
4.922873 0.989774 0.993046 0.987942 0.993046 1.002346 0.996038 0.987942 0.996038 0.989672 
4.944417 0.989538 0.994912 0.989761 0.994912 1.002505 0.997911 0.989761 0.997911 0.992806 
4.965961 0.990921 0.995890 0.991276 0.995890 1.003223 0.998908 0.991276 0.998908 0.992322 
4.987505 0.990920 0.997602 0.991776 0.997602 1.006298 1.001070 0.991776 1.001070 0.995326 
5.009050 0.991312 0.998601 0.993369 0.998601 1.006976 1.002785 0.993369 1.002785 0.996735 
5.030594 0.992520 1.000178 0.993857 1.000178 1.004868 1.003100 0.993857 1.003100 0.999246 
5.052138 0.993793 1.001324 0.995337 1.001324 1.008788 1.005916 0.995337 1.005916 0.999869 
5.073683 0.994371 1.003266 0.996861 1.003266 1.008383 1.007036 0.996861 1.007036 1.000251 
5.095227 0.995885 1.003849 0.999270 1.003849 1.008490 1.007176 0.999270 1.007176 1.004639 
5.116771 0.997679 1.004195 0.999967 1.004195 1.007880 1.007405 0.999967 1.007405 1.004886 
5.138316 0.998578 1.005276 1.001120 1.005276 1.006882 1.008395 1.001120 1.008395 1.006070 
5.159860 0.999905 1.005197 1.003222 1.005197 1.007785 1.007785 1.003222 1.007785 1.006327 
5.181404 1.001607 1.006499 1.003851 1.006499 1.005761 1.009278 1.003851 1.009278 1.005830 
5.202949 1.002740 1.007027 1.005872 1.007027 1.005239 1.006928 1.005872 1.006928 1.008882 
5.224493 1.003853 1.006846 1.006082 1.006846 1.006052 1.008284 1.006082 1.008284 1.007709 
5.246037 1.003500 1.007010 1.006446 1.007010 1.002831 1.005735 1.006446 1.005735 1.011336 
5.267581 1.005199 1.006851 1.007137 1.006851 1.003384 1.007835 1.007137 1.007835 1.008340 
5.289126 1.005688 1.006855 1.007620 1.006855 1.001063 1.005849 1.007620 1.005849 1.009024 
5.310670 1.006523 1.006170 1.008157 1.006170 1.001736 1.005196 1.008157 1.005196 1.007527 
5.332214 1.006677 1.005332 1.006961 1.005332 0.998392 1.003145 1.006961 1.003145 1.010122 
5.353759 1.006944 1.004114 1.007240 1.004114 0.998922 1.002352 1.007240 1.002352 1.005218 
5.375303 1.006397 1.003450 1.006446 1.003450 0.996536 1.002288 1.006446 1.002288 1.008177 
5.396847 1.007134 1.001991 1.006902 1.001991 0.998068 1.001873 1.006902 1.001873 1.004500 
5.418391 1.006096 1.001767 1.005125 1.001767 0.998247 1.001114 1.005125 1.001114 1.003825 
5.439936 1.005732 1.000730 1.003835 1.000730 0.996146 0.999603 1.003835 0.999603 1.004396 
5.461480 1.004696 0.999187 1.003247 0.999187 0.996522 0.995353 1.003247 0.995353 1.003273 
5.483024 1.004505 0.999842 1.003324 0.999842 0.996600 0.996769 1.003324 0.996769 0.999620 
5.504569 1.003632 0.998359 1.001777 0.998359 0.993941 0.997134 1.001777 0.997134 0.999358 
5.526113 1.002601 0.998153 1.001853 0.998153 0.993780 0.996161 1.001853 0.996161 0.997455 
5.547657 1.001838 0.997183 0.999323 0.997183 0.996327 0.995294 0.999323 0.995294 0.998036 
5.569201 1.001284 0.996349 0.998137 0.996349 0.995539 0.995123 0.998137 0.995123 0.996620 
5.590746 1.000486 0.996168 0.998264 0.996168 0.995075 0.994408 0.998264 0.994408 0.999483 
5.612290 0.999012 0.996093 0.997281 0.996093 0.998078 0.993875 0.997281 0.993875 0.996458 
5.633834 0.998761 0.995968 0.997121 0.995968 0.994897 0.993810 0.997121 0.993810 0.992886 
5.655379 0.997612 0.995880 0.995883 0.995880 0.997635 0.993707 0.995883 0.993707 0.994924 
5.676923 0.997181 0.994473 0.995536 0.994473 0.999763 0.994821 0.995536 0.994821 0.995191 
5.698467 0.996542 0.995224 0.995502 0.995224 0.997675 0.994987 0.995502 0.994987 0.994409 
5.720012 0.995991 0.996359 0.995160 0.996359 0.997288 0.997916 0.995160 0.997916 0.993976 
5.741556 0.996335 0.995571 0.994792 0.995571 0.998663 0.997515 0.994792 0.997515 0.994816 
5.763100 0.996554 0.997240 0.994476 0.997240 0.998769 0.997086 0.994476 0.997086 0.996169 
5.784645 0.995689 0.997875 0.995887 0.997875 0.999855 0.998914 0.995887 0.998914 0.996713 
5.806189 0.995733 0.997662 0.995289 0.997662 1.002186 0.998113 0.995289 0.998113 0.995884 
5.827733 0.995940 0.997737 0.995719 0.997737 1.001379 1.001347 0.995719 1.001347 0.997060 
5.849277 0.996341 0.998093 0.996411 0.998093 1.003193 0.998844 0.996411 0.998844 0.998901 
5.870822 0.997001 0.998932 0.996946 0.998932 1.003846 1.001621 0.996946 1.001621 0.999866 
5.892366 0.996543 0.999124 0.997851 0.999124 1.005600 1.002066 0.997851 1.002066 0.999518 
5.913910 0.997380 1.000722 0.998134 1.000722 1.004401 1.003342 0.998134 1.003342 1.000539 
5.935455 0.997134 1.001167 0.999010 1.001167 1.002897 1.001377 0.999010 1.001377 0.998862 
5.956999 0.998063 1.001982 0.998868 1.001982 1.002651 1.003808 0.998868 1.003808 1.003222 
5.978543 0.998707 1.001843 1.000579 1.001843 1.004002 1.002980 1.000579 1.002980 1.001770 
6.000087 0.999123 1.002749 1.000478 1.002749 1.002973 1.004479 1.000478 1.004479 1.003107 
6.021632 0.999952 1.003265 1.001149 1.003265 1.003368 1.002897 1.001149 1.002897 1.002036 
6.043176 1.000749 1.002982 1.002039 1.002982 1.002740 1.003543 1.002039 1.003543 1.004296 
6.064720 1.001060 1.002875 1.002145 1.002875 1.003404 1.002352 1.002145 1.002352 1.001877 
6.086265 1.001880 1.003156 1.002560 1.003156 1.002751 1.002626 1.002560 1.002626 1.006266 
6.107809 1.001524 1.002817 1.002706 1.002817 0.999506 1.004165 1.002706 1.004165 1.004064 
6.129353 1.002371 1.002335 1.003179 1.002335 1.001104 1.003126 1.003179 1.003126 1.003352 
6.150898 1.002737 1.002444 1.003464 1.002444 1.001520 1.002475 1.003464 1.002475 1.004334 
6.172442 1.003293 1.002470 1.003526 1.002470 0.998657 1.001461 1.003526 1.001461 1.002485 
6.193986 1.003142 1.002580 1.003731 1.002580 0.999651 1.001290 1.003731 1.001290 1.002177 
6.215531 1.003199 1.002040 1.003779 1.002040 0.996923 1.001762 1.003779 1.001762 1.002425 
6.237075 1.002752 1.001760 1.003762 1.001760 0.999944 1.000702 1.003762 1.000702 1.003761 
6.258619 1.003241 1.001119 1.002480 1.001119 0.999111 1.000435 1.002480 1.000435 1.001994 
6.280164 1.003126 1.001315 1.002699 1.001315 0.999370 0.999722 1.002699 0.999722 1.001460 
6.301708 1.002526 1.000550 1.002405 1.000550 1.000204 0.998022 1.002405 0.998022 1.002402 
6.323252 1.002343 1.000337 1.001830 1.000337 0.997871 0.999491 1.001830 0.999491 1.000361 
6.344796 1.002081 1.000431 1.001031 1.000431 0.998351 0.999862 1.001031 0.999862 1.000634 
6.366341 1.000885 0.999504 1.000489 0.999504 0.999077 0.999032 1.000489 0.999032 1.000508 
6.387885 1.001604 0.999098 0.999814 0.999098 0.997541 0.999420 0.999814 0.999420 0.998942 
6.409429 1.001015 0.999189 1.000421 0.999189 0.997275 0.998997 1.000421 0.998997 0.998530 
6.430974 1.000289 0.997882 0.999405 0.997882 0.997782 0.998398 0.999405 0.998398 0.999138 
6.452518 1.000129 0.998342 0.998646 0.998342 0.998636 0.997790 0.998646 0.997790 0.997896 
6.474062 0.999820 0.997466 0.997898 0.997466 0.998865 0.997224 0.997898 0.997224 0.998150 
6.495606 0.999833 0.997934 0.998251 0.997934 0.998374 0.997233 0.998251 0.997233 0.997216 
6.517151 0.999277 0.997254 0.998805 0.997254 0.997866 0.997972 0.998805 0.997972 0.995146 
6.538695 0.998776 0.997961 0.998619 0.997961 1.000787 0.999031 0.998619 0.999031 0.998398 
6.560239 0.998747 0.998007 0.998072 0.998007 1.000381 0.997740 0.998072 0.997740 0.996948 
6.581784 0.998411 0.998483 0.997072 0.998483 0.997952 0.999096 0.997072 0.999096 0.997551 
6.603328 0.998231 0.998907 0.998233 0.998907 1.001498 0.998434 0.998233 0.998434 0.997687 
6.624872 0.998190 0.998285 0.998172 0.998285 1.002588 0.999202 0.998172 0.999202 0.998851 
6.646417 0.998079 0.998515 0.998071 0.998515 1.000627 0.999364 0.998071 0.999364 0.998804 
6.667961 0.998339 0.998696 0.997889 0.998696 1.000727 0.999629 0.997889 0.999629 0.998556 
6.689505 0.998282 0.999181 0.998043 0.999181 1.001770 0.999473 0.998043 0.999473 0.998728 
6.711050 0.997804 0.999328 0.998093 0.999328 1.000878 1.001409 0.998093 1.001409 0.999960 
6.732594 0.998634 0.999148 0.998337 0.999148 1.001875 1.001050 0.998337 1.001050 1.000559 
6.754138 0.998842 0.999984 0.998865 0.999984 1.001367 1.000217 0.998865 1.000217 0.999280 
6.775682 0.998486 0.999510 0.998721 0.999510 1.003174 0.999599 0.998721 0.999599 0.997817 
6.797227 0.998916 1.000563 1.000014 1.000563 1.001317 1.001259 1.000014 1.001259 0.999245 
6.818771 0.999212 1.000519 0.999775 1.000519 1.000939 1.002663 0.999775 1.002663 0.999524 
6.840315 0.999333 1.000949 0.999975 1.000949 1.000951 1.000783 0.999975 1.000783 1.000934 
6.861860 1.000021 1.000888 1.000608 1.000888 1.001340 1.002349 1.000608 1.002349 1.002546 
6.883404 1.000259 1.001110 1.000690 1.001110 0.999772 1.001911 1.000690 1.001911 1.002215 
6.904948 1.000271 1.001202 1.000657 1.001202 1.001591 1.000927 1.000657 1.000927 1.001914 
6.926492 1.000424 1.001818 1.001392 1.001818 1.000209 1.000655 1.001392 1.000655 1.002189 
6.948037 1.000881 1.001437 1.000524 1.001437 1.000239 1.002387 1.000524 1.002387 1.002083 
6.969581 1.000513 1.000781 1.001792 1.000781 1.002900 1.001696 1.001792 1.001696 1.002922 
6.991125 1.001399 1.001107 1.001702 1.001107 1.001012 1.001881 1.001702 1.001881 1.001531 
7.012670 1.001211 1.001156 1.001820 1.001156 0.999657 1.001529 1.001820 1.001529 1.002432 
7.034214 1.001938 1.001419 1.001832 1.001419 0.997513 1.001062 1.001832 1.001062 1.000685 
7.055758 1.001768 1.001101 1.001183 1.001101 1.000700 1.001036 1.001183 1.001036 1.001248 
7.077302 1.001278 1.000848 1.001719 1.000848 1.000820 1.000864 1.001719 1.000864 1.001979 
7.098847 1.001183 1.001460 1.001677 1.001460 0.998194 1.000185 1.001677 1.000185 1.000390 
7.120391 1.001859 1.000988 1.001574 1.000988 0.999212 1.001080 1.001574 1.001080 1.002209 
7.141935 1.001686 1.000272 1.001456 1.000272 0.999342 1.001227 1.001456 1.001227 1.000750 
7.163480 1.001105 1.000361 1.001576 1.000361 1.000013 1.000247 1.001576 1.000247 1.000274 
7.185024 1.001452 0.999998 1.000566 0.999998 0.999749 0.999293 1.000566 0.999293 1.000324 
7.206568 1.000850 0.999526 1.000662 0.999526 0.999383 0.999809 1.000662 0.999809 0.998652 
7.228113 1.000628 0.999478 0.999465 0.999478 0.999725 0.999519 0.999465 0.999519 1.000940 
7.249657 1.000835 0.999965 1.000025 0.999965 0.999448 1.000864 1.000025 1.000864 1.000152 
7.271201 1.000557 0.999406 0.999682 0.999406 0.999709 0.999925 0.999682 0.999925 0.999186 
7.292746 0.999860 0.999047 0.999678 0.999047 0.997104 1.000089 0.999678 1.000089 0.999919 
7.314290 1.000096 0.999372 0.999455 0.999372 0.999026 0.998446 0.999455 0.998446 0.999074 
7.335834 0.999695 0.999317 0.999212 0.999317 0.998497 0.998185 0.999212 0.998185 0.998359 
7.357378 0.999802 0.999378 0.999542 0.999378 0.999672 0.998744 0.999542 0.998744 0.999858 
7.378923 0.999373 0.998747 0.999719 0.998747 0.999122 0.999407 0.999719 0.999407 0.996310 
7.400467 0.999143 0.999370 0.999207 0.999370 1.000338 0.999993 0.999207 0.999993 0.998156 
7.422011 0.999199 0.998881 0.999345 0.998881 0.999166 0.998830 0.999345 0.998830 1.000013 
7.443556 0.999243 0.998759 0.998666 0.998759 0.999022 0.998507 0.998666 0.998507 0.996829 
7.465100 0.999638 0.999680 0.998262 0.999680 1.001553 0.999603 0.998262 0.999603 0.998690 
7.486644 0.999345 0.999550 0.999044 0.999550 1.001855 0.999449 0.999044 0.999449 0.999787 
7.508188 0.999096 0.999508 0.998478 0.999508 1.000472 1.000998 0.998478 1.000998 1.001864 
7.529733 0.999440 0.999124 0.998928 0.999124 0.999484 1.000303 0.998928 1.000303 0.999763 
7.551277 0.999030 0.999305 0.999401 0.999305 1.001228 1.000695 0.999401 1.000695 0.999577 
7.572821 0.999529 1.000234 0.999515 1.000234 1.000779 1.000128 0.999515 1.000128 1.000675 
7.594366 0.999720 0.999696 0.999456 0.999696 1.000048 1.001200 0.999456 1.001200 0.998373 
7.615910 0.999542 1.000043 0.999277 1.000043 0.999483 1.000146 0.999277 1.000146 0.999732 
7.637455 0.999294 1.000405 1.000099 1.000405 0.999294 0.999939 1.000099 0.999939 0.999612 
7.658999 0.999490 0.999781 0.999768 0.999781 1.000687 1.001505 0.999768 1.001505 0.998876 
7.680543 0.999782 0.999914 1.000128 0.999914 1.000314 1.000691 1.000128 1.000691 1.000990 
7.702087 1.000106 1.000502 1.000095 1.000502 1.000608 1.001874 1.000095 1.001874 0.999769 
7.723632 1.000151 1.000532 0.999555 1.000532 1.001615 1.000281 0.999555 1.000281 0.999237 
7.745176 1.000188 1.000216 1.000415 1.000216 1.001272 1.001124 1.000415 1.001124 1.002724 
7.766720 1.000335 1.001143 1.000843 1.001143 1.000950 1.000644 1.000843 1.000644 1.001726 
7.788265 1.000172 1.000488 1.000203 1.000488 1.000773 1.001243 1.000203 1.001243 1.002415 
7.809809 1.000635 1.000697 1.000363 1.000697 1.000008 1.000532 1.000363 1.000532 1.001594 
7.831353 1.000332 0.999981 1.000732 0.999981 1.000456 0.999990 1.000732 0.999990 1.002194 
7.852897 1.000796 1.000460 1.000109 1.000460 1.000243 0.999979 1.000109 0.999979 1.001784 
7.874442 1.000880 1.000620 1.000633 1.000620 1.000417 1.001025 1.000633 1.001025 1.002209 
7.895986 1.000660 1.000176 1.000833 1.000176 0.999099 0.999397 1.000833 0.999397 1.001323 
7.917530 1.000848 1.000509 1.001897 1.000509 1.000761 0.999669 1.001897 0.999669 1.002447 
7.939075 1.000427 1.000205 1.000652 1.000205 1.000053 0.999876 1.000652 0.999876 1.001025 
7.960619 1.000522 1.000624 1.000355 1.000624 1.000699 1.000977 1.000355 1.000977 1.001623 
7.982163 1.000799 1.000718 1.000764 1.000718 0.998016 1.000164 1.000764 1.000164 1.001694 
8.003707 1.000786 0.999763 1.000421 0.999763 1.001026 0.999931 1.000421 0.999931 1.001008 
8.025252 1.000421 1.000833 1.000162 1.000833 1.000420 1.000534 1.000162 1.000534 1.002113 
8.046796 1.000566 1.000100 1.000990 1.000100 0.999762 0.999721 1.000990 0.999721 1.000262 
8.068340 1.000247 1.000536 1.000542 1.000536 0.999296 0.999360 1.000542 0.999360 1.000865 
8.089884 1.000224 0.999889 1.000491 0.999889 0.998087 0.998541 1.000491 0.998541 0.998762 
8.111429 1.000658 0.999609 0.999727 0.999609 0.998753 0.998471 0.999727 0.998471 0.998522 
8.132973 1.000176 0.999779 1.000058 0.999779 0.999069 1.000109 1.000058 1.000109 1.000821 
8.154518 1.000279 0.999204 0.999655 0.999204 1.000727 1.000381 0.999655 1.000381 0.998564 
8.176062 1.000276 0.999558 1.000009 0.999558 0.999856 0.999327 1.000009 0.999327 0.999577 
8.197606 0.999973 1.000111 0.999688 1.000111 1.000016 0.999901 0.999688 0.999901 0.999349 
8.219150 0.999665 0.999387 0.999472 0.999387 1.000324 1.000471 0.999472 1.000471 0.999760 
8.240695 1.000120 0.999910 0.999623 0.999910 0.999862 0.999913 0.999623 0.999913 1.000023 
8.262239 0.999836 0.999927 0.999531 0.999927 0.999517 0.999693 0.999531 0.999693 0.998579 
8.283783 0.999640 0.999434 0.999020 0.999434 0.999641 0.998988 0.999020 0.998988 1.000090 
8.305328 0.999823 0.999773 0.999382 0.999773 1.000439 0.999170 0.999382 0.999170 0.999866 
8.326872 0.999246 0.999454 0.999307 0.999454 1.001933 0.999430 0.999307 0.999430 1.000354 
8.348416 0.999836 0.999369 0.999603 0.999369 1.000486 1.001348 0.999603 1.001348 1.000384 
8.369960 0.999709 0.999408 0.999686 0.999408 1.001602 0.999668 0.999686 0.999668 0.999703 
8.391505 0.999587 0.999876 0.999543 0.999876 0.998965 1.000071 0.999543 1.000071 0.999249 
8.413049 1.000138 0.999947 0.999270 0.999947 1.002069 1.000102 0.999270 1.000102 0.999399 
8.434594 0.999827 0.999732 0.999635 0.999732 1.000717 0.999480 0.999635 0.999480 0.999264 
8.456138 0.999661 0.999876 0.999930 0.999876 0.999875 0.999198 0.999930 0.999198 1.000191 
8.477682 0.999641 0.999864 0.999783 0.999864 0.999523 1.000055 0.999783 1.000055 1.000938 
8.499226 0.999965 1.000100 0.999947 1.000100 1.000776 1.000195 0.999947 1.000195 1.000617 
8.520771 1.000033 1.000205 1.000029 1.000205 0.999670 0.999329 1.000029 0.999329 1.000009 
8.542315 0.999696 1.000292 1.000013 1.000292 1.001014 0.999847 1.000013 0.999847 1.000209 
8.563859 1.000324 1.000703 1.000260 1.000703 1.000962 1.001177 1.000260 1.001177 1.000375 
8.585404 0.999996 0.999848 1.000440 0.999848 0.999094 1.000344 1.000440 1.000344 1.002174 
8.606948 1.000338 1.000250 1.000499 1.000250 1.000702 1.000439 1.000499 1.000439 1.001473 
8.628492 1.000291 0.999534 1.000237 0.999534 1.000232 1.001218 1.000237 1.001218 1.000939 
8.650036 1.000442 1.000611 0.999941 1.000611 0.999380 1.000351 0.999941 1.000351 1.000572 
8.671581 1.000598 1.000251 0.999925 1.000251 1.001316 1.000365 0.999925 1.000365 1.000754 
8.693125 1.000286 1.000799 1.000585 1.000799 0.999853 0.999445 1.000585 0.999445 1.000725 
8.714670 1.000266 1.000211 1.000152 1.000211 1.002241 1.000744 1.000152 1.000744 0.999667 
8.736214 1.000075 1.000195 1.000480 1.000195 1.001339 1.000210 1.000480 1.000210 1.000930 
8.757758 1.000358 1.000340 1.000561 1.000340 1.001593 1.000990 1.000561 1.000990 0.999520 
8.779302 1.000702 1.000155 1.000186 1.000155 0.999483 0.999219 1.000186 0.999219 1.001113 
8.800847 1.000267 0.999734 1.000492 0.999734 0.999770 1.000256 1.000492 1.000256 1.000094 
8.822391 1.000148 1.000181 1.000766 1.000181 1.000566 1.000677 1.000766 1.000677 1.000427 
8.843935 1.000166 0.999747 1.000045 0.999747 0.999428 1.001067 1.000045 1.001067 1.000627 
8.865479 1.000645 0.999804 1.000779 0.999804 0.998378 1.000104 1.000779 1.000104 1.000256 
8.887023 1.000374 0.999411 0.999954 0.999411 0.999382 1.000490 0.999954 1.000490 1.000373 
8.908568 1.000237 1.000428 1.000245 1.000428 0.999353 0.999355 1.000245 0.999355 0.999653 
8.930112 1.000037 1.000105 1.000041 1.000105 1.000711 1.000776 1.000041 1.000776 1.000882 
8.951657 1.000167 1.000084 1.000077 1.000084 1.001260 1.000172 1.000077 1.000172 1.000748 
8.973201 1.000122 0.999791 0.999906 0.999791 0.999660 0.999546 0.999906 0.999546 0.998938 
8.994745 1.000169 1.000566 0.999743 1.000566 0.999936 1.000550 0.999743 1.000550 1.000584 
9.016289 1.000325 0.999485 1.000006 0.999485 1.000313 0.999710 1.000006 0.999710 0.999426 
9.037834 1.000035 0.999725 0.999500 0.999725 0.999544 0.999813 0.999500 0.999813 0.999576 
9.059378 1.000358 1.000016 0.999709 1.000016 1.000136 1.000522 0.999709 1.000522 0.998888 
9.080923 1.000173 0.999995 0.999546 0.999995 0.999069 1.000280 0.999546 1.000280 1.001111 
9.102467 0.999888 1.000121 0.999397 1.000121 1.000730 1.000070 0.999397 1.000070 1.000127 
9.124011 0.999679 0.999889 1.000430 0.999889 1.000848 1.000360 1.000430 1.000360 0.999425 
9.145555 0.999772 0.999959 1.000060 0.999959 1.000353 0.999841 1.000060 0.999841 0.999626 
9.167099 1.000059 0.999641 0.999875 0.999641 0.999977 0.999700 0.999875 0.999700 1.000323 
9.188644 0.999624 1.000000 1.000211 1.000000 1.000845 1.000954 1.000211 1.000954 1.001432 
9.210188 1.000168 1.000120 0.999798 1.000120 1.000233 0.999964 0.999798 0.999964 1.001138 
9.231733 0.999857 0.999793 0.999936 0.999793 0.999564 0.999317 0.999936 0.999317 0.999901 
9.253277 0.999701 1.000362 0.999459 1.000362 0.999352 1.000269 0.999459 1.000269 1.000090 
9.274821 1.000235 0.999907 0.999833 0.999907 1.000563 1.001024 0.999833 1.001024 1.000070 
9.296365 1.000039 0.999705 1.000272 0.999705 1.000444 0.998725 1.000272 0.998725 1.000334 
9.317910 1.000094 1.000036 0.999601 1.000036 0.999179 1.000629 0.999601 1.000629 1.001212 
9.339454 1.000153 0.999472 0.999575 0.999472 1.000382 0.999712 0.999575 0.999712 1.000723 
9.360999 1.000031 0.999794 1.000008 0.999794 1.000243 1.000579 1.000008 1.000579 1.000300 
9.382543 1.000066 1.000030 0.999785 1.000030 1.000083 0.999799 0.999785 0.999799 1.000864 
9.404087 0.999987 0.999917 0.999877 0.999917 1.001027 0.999822 0.999877 0.999822 1.000434 
9.425631 1.000126 0.999970 1.000000 0.999970 1.000576 1.000209 1.000000 1.000209 1.000677 
9.447176 1.000177 0.999740 1.000148 0.999740 0.999304 0.999836 1.000148 0.999836 0.999879 
9.468720 1.000213 1.000246 0.999935 1.000246 1.001103 0.999751 0.999935 0.999751 1.000757 
9.490264 0.999980 0.999930 0.999952 0.999930 1.001236 0.998874 0.999952 0.998874 1.002078 
9.511808 1.000172 0.999950 1.000428 0.999950 1.000994 1.000874 1.000428 1.000874 0.999906 
9.533352 1.000419 1.000145 1.000391 1.000145 1.001184 1.000142 1.000391 1.000142 1.001178 
9.554897 1.000261 1.000213 1.000027 1.000213 1.000440 1.000375 1.000027 1.000375 1.000779 
9.576441 1.000193 1.000036 1.000228 1.000036 1.001106 0.999354 1.000228 0.999354 0.999910 
9.597986 1.000510 1.000189 1.000269 1.000189 1.000223 1.000597 1.000269 1.000597 1.002436 
9.619530 1.000463 1.000168 1.000182 1.000168 0.999527 1.000717 1.000182 1.000717 0.999299 
9.641074 1.000286 0.999948 1.000287 0.999948 0.999969 0.999707 1.000287 0.999707 0.999600 
9.662618 0.999966 1.000385 0.999624 1.000385 0.999977 0.999509 0.999624 0.999509 1.000888 
9.684163 1.000062 1.000504 1.000039 1.000504 1.001096 0.999445 1.000039 0.999445 0.999558 
9.705707 1.000213 1.000436 1.000356 1.000436 0.999611 1.001451 1.000356 1.001451 1.001175 
9.727252 1.000147 0.999971 0.999975 0.999971 0.999295 1.000924 0.999975 1.000924 0.999824 
9.748796 1.000232 1.000200 0.999711 1.000200 1.000096 0.999993 0.999711 0.999993 1.000583 
9.770340 1.000178 0.999823 1.000267 0.999823 0.998733 0.999288 1.000267 0.999288 1.000244 
9.791884 1.000181 0.999846 0.999874 0.999846 0.999313 0.999831 0.999874 0.999831 1.000276 
9.813428 1.000013 1.000012 1.000213 1.000012 1.002002 0.999797 1.000213 0.999797 1.000297 
9.834973 1.000072 0.999857 0.999770 0.999857 1.001684 0.999997 0.999770 0.999997 0.999506 
9.856517 0.999925 1.000013 0.999709 1.000013 0.999775 0.998794 0.999709 0.998794 1.001165 
9.878062 1.000551 0.999876 1.000244 0.999876 1.000408 1.000095 1.000244 1.000095 1.000383 
9.899606 1.000031 1.000158 1.000295 1.000158 0.999312 1.000312 1.000295 1.000312 1.000110 
9.921150 1.000036 1.000110 1.000373 1.000110 1.001600 0.999917 1.000373 0.999917 0.999618 
9.942694 1.000329 1.000173 1.000026 1.000173 1.000257 1.001216 1.000026 1.001216 1.000841 
9.964239 0.999896 0.999770 0.999818 0.999770 0.999828 1.000371 0.999818 1.000371 1.000182 
9.985783 1.000182 1.000109 0.999597 1.000109 0.999653 0.999851 0.999597 0.999851 1.001400 
10.007328 0.999900 0.999594 0.999783 0.999594 1.000171 1.000533 0.999783 1.000533 0.999733 
10.028872 1.000186 0.999345 1.000017 0.999345 1.001050 1.000035 1.000017 1.000035 0.999438 
10.050416 1.000137 1.000220 1.000271 1.000220 1.000613 0.998938 1.000271 0.998938 1.000317 
10.071960 0.999979 1.000259 0.999973 1.000259 0.999031 0.999566 0.999973 0.999566 0.999873 
10.093504 0.999846 1.000067 1.000158 1.000067 1.000048 0.999820 1.000158 0.999820 1.000279 
10.115049 1.000068 1.000219 0.999849 1.000219 1.000767 1.000471 0.999849 1.000471 1.001003 
10.136593 0.999957 0.999761 1.000068 0.999761 0.999590 1.000393 1.000068 1.000393 0.999640 
10.158138 0.999908 0.999950 1.000279 0.999950 1.000463 1.000102 1.000279 1.000102 1.000212 
10.179682 1.000001 1.000079 0.999920 1.000079 1.001019 1.000116 0.999920 1.000116 1.001127 
10.201226 1.000391 0.999994 0.999707 0.999994 1.000332 0.999962 0.999707 0.999962 1.000220 
10.222770 1.000258 0.999644 0.999643 0.999644 1.000820 1.001138 0.999643 1.001138 1.000366 
10.244315 1.000020 1.000207 1.000053 1.000207 0.999993 0.999456 1.000053 0.999456 1.000213 
10.265859 0.999969 1.000004 1.000510 1.000004 1.000127 1.000145 1.000510 1.000145 0.999422 
10.287404 0.999964 1.000106 0.999938 1.000106 1.000623 0.999940 0.999938 0.999940 1.000625 
10.308948 1.000187 1.000226 1.000025 1.000226 0.999081 1.000259 1.000025 1.000259 1.001165 
10.330492 0.999984 1.000489 1.000059 1.000489 1.000082 1.000859 1.000059 1.000859 1.000458 
10.352036 0.999786 0.999530 0.999636 0.999530 0.999375 1.000078 0.999636 1.000078 0.999791 
10.373580 1.000180 1.000005 0.999914 1.000005 1.000847 1.001083 0.999914 1.001083 0.999828 
10.395125 1.000156 0.999879 1.000285 0.999879 0.999421 1.000392 1.000285 1.000392 1.000325 
10.416669 0.999835 1.000063 1.000206 1.000063 0.999770 1.000056 1.000206 1.000056 1.000590 
10.438213 0.999917 0.999813 1.000490 0.999813 1.001068 0.999729 1.000490 0.999729 1.000021 
10.459757 1.000071 1.000155 0.999834 1.000155 0.999556 0.999610 0.999834 0.999610 1.000054 
10.481302 1.000421 1.000255 1.000307 1.000255 1.000872 1.000025 1.000307 1.000025 1.000418 
10.502846 1.000459 0.999916 0.999818 0.999916 1.000892 0.999954 0.999818 0.999954 1.000934 
10.524391 1.000358 0.999779 1.000296 0.999779 0.999769 1.000070 1.000296 1.000070 0.999713 
10.545935 1.000403 0.999859 0.999961 0.999859 1.000022 0.999769 0.999961 0.999769 1.000350 
10.567479 1.000362 1.000087 1.000280 1.000087 1.000341 1.000450 1.000280 1.000450 1.001085 
10.589023 1.000231 0.999734 0.999686 0.999734 1.000320 1.000512 0.999686 1.000512 0.999862 
10.610568 1.000308 1.000001 0.999577 1.000001 0.998914 1.000105 0.999577 1.000105 1.000363 
10.632112 1.000363 0.999899 1.000231 0.999899 1.002307 0.999389 1.000231 0.999389 1.000361 
10.653656 1.000231 1.000295 1.000195 1.000295 1.000489 0.999619 1.000195 0.999619 0.999763 
10.675201 1.000169 1.000419 0.999910 1.000419 1.000413 1.000827 0.999910 1.000827 1.000209 
10.696745 1.000257 1.000037 1.000513 1.000037 1.000155 1.000628 1.000513 1.000628 1.000627 
10.718289 1.000160 0.999857 0.999782 0.999857 0.999700 1.000148 0.999782 1.000148 0.999679 
10.739833 0.999863 1.000334 1.000102 1.000334 0.999574 1.000406 1.000102 1.000406 1.000153 
10.761378 1.000155 1.000195 0.999944 1.000195 0.999683 1.000402 0.999944 1.000402 0.999738 
10.782922 0.997018 0.996645 0.997255 0.996645 0.997099 0.996953 0.997255 0.996953 0.998086 
10.804467 0.990761 0.990952 0.990786 0.990952 0.992606 0.990443 0.990786 0.990443 0.991644 
10.826011 0.985188 0.985053 0.985067 0.985053 0.985069 0.984671 0.985067 0.984671 0.984765 
10.847555 0.979436 0.979103 0.979190 0.979103 0.979230 0.979480 0.979190 0.979480 0.978750 
10.869099 0.973284 0.973197 0.972813 0.973197 0.974256 0.973754 0.972813 0.973754 0.973007 
10.890644 0.967440 0.967227 0.967043 0.967227 0.967043 0.968784 0.967043 0.968784 0.967295 
10.912188 0.961563 0.961660 0.961436 0.961660 0.962044 0.961360 0.961436 0.961360 0.962751 
10.933733 0.955685 0.955438 0.955586 0.955438 0.956049 0.955741 0.955586 0.955741 0.957018 
10.955276 0.950134 0.949875 0.949515 0.949875 0.950516 0.949766 0.949515 0.949766 0.949895 
10.976820 0.943936 0.944462 0.944112 0.944462 0.943254 0.943962 0.944112 0.943962 0.943836 
10.998365 0.938407 0.938065 0.938170 0.938065 0.938640 0.938595 0.938170 0.938595 0.938985 
11.019909 0.932535 0.932614 0.932589 0.932614 0.932929 0.932367 0.932589 0.932367 0.933449 
11.041454 0.926669 0.926610 0.927244 0.926610 0.927090 0.926388 0.927244 0.926388 0.926060 
11.062998 0.920870 0.920925 0.921327 0.920925 0.919075 0.921291 0.921327 0.921291 0.920635 
11.084543 0.915304 0.915217 0.915193 0.915217 0.915585 0.915694 0.915193 0.915694 0.916279 
11.106087 0.910301 0.909642 0.910112 0.909642 0.909873 0.909944 0.910112 0.909944 0.910132 
11.127631 0.904478 0.904097 0.904087 0.904097 0.904775 0.903992 0.904087 0.903992 0.904064 
11.149175 0.898782 0.898600 0.898969 0.898600 0.898955 0.899211 0.898969 0.899211 0.898487 
11.170720 0.893161 0.892908 0.893208 0.892908 0.893686 0.893475 0.893208 0.893475 0.892452 
11.192264 0.887604 0.887379 0.887377 0.887379 0.887455 0.887166 0.887377 0.887166 0.888185 
11.213809 0.882227 0.881791 0.882185 0.881791 0.881836 0.882105 0.882185 0.882105 0.882713 
11.235353 0.876214 0.876552 0.876414 0.876552 0.876176 0.876470 0.876414 0.876470 0.876495 
11.256896 0.870513 0.871152 0.870552 0.871152 0.870773 0.871011 0.870552 0.871011 0.871475 
11.278441 0.865270 0.865290 0.865576 0.865290 0.865425 0.865072 0.865576 0.865072 0.866454 
11.299985 0.860156 0.859762 0.859947 0.859762 0.860856 0.860437 0.859947 0.860437 0.858705 
11.321530 0.854439 0.854797 0.854527 0.854797 0.854110 0.854530 0.854527 0.854530 0.853719 
11.343074 0.849013 0.848932 0.849275 0.848932 0.849850 0.850319 0.849275 0.850319 0.849466 
11.364618 0.843612 0.844055 0.843587 0.844055 0.843685 0.844193 0.843587 0.844193 0.843503 
11.386162 0.838388 0.838141 0.837912 0.838141 0.838756 0.838428 0.837912 0.838428 0.838905 
11.407707 0.832894 0.832699 0.832733 0.832699 0.833125 0.833068 0.832733 0.833068 0.832811 
11.429251 0.827786 0.827374 0.827787 0.827374 0.827555 0.827557 0.827787 0.827557 0.827941 
11.450796 0.822294 0.821880 0.822190 0.821880 0.821670 0.822633 0.822190 0.822633 0.823289 
11.472340 0.817327 0.816924 0.816787 0.816924 0.817417 0.816912 0.816787 0.816912 0.817207 
11.493884 0.811721 0.811522 0.811867 0.811522 0.811919 0.811915 0.811867 0.811915 0.810688 
11.515428 0.806342 0.806593 0.806724 0.806593 0.806567 0.806324 0.806724 0.806324 0.805982 
11.536973 0.801366 0.801042 0.801136 0.801042 0.800816 0.801178 0.801136 0.801178 0.800104 
11.558517 0.795931 0.795942 0.795969 0.795942 0.795905 0.795142 0.795969 0.795142 0.796353 
11.580061 0.791037 0.790716 0.790993 0.790716 0.790635 0.790174 0.790993 0.790174 0.790740 
11.601606 0.785569 0.785580 0.785369 0.785580 0.785543 0.785483 0.785369 0.785483 0.786183 
11.623150 0.780583 0.780144 0.780296 0.780144 0.780131 0.780321 0.780296 0.780321 0.779871 
11.644694 0.775658 0.775123 0.775152 0.775123 0.775457 0.775535 0.775152 0.775535 0.776169 
11.666238 0.769989 0.769982 0.769959 0.769982 0.770443 0.770501 0.769959 0.770501 0.769882 
11.687783 0.764945 0.764556 0.764634 0.764556 0.765227 0.764415 0.764634 0.764415 0.764836 
11.709327 0.760029 0.760034 0.759656 0.760034 0.759960 0.760200 0.759656 0.760200 0.758843 
11.730872 0.754661 0.754981 0.754773 0.754981 0.754652 0.754865 0.754773 0.754865 0.755182 
11.752416 0.749962 0.749962 0.749988 0.749962 0.749257 0.750058 0.749988 0.750058 0.750205 
11.773960 0.744677 0.744704 0.744562 0.744704 0.744802 0.744702 0.744562 0.744702 0.744853 
11.795504 0.739676 0.739840 0.740020 0.739840 0.739455 0.740478 0.740020 0.740478 0.739947 
11.817049 0.734658 0.734818 0.734604 0.734818 0.734739 0.734559 0.734604 0.734559 0.735182 
11.838593 0.729921 0.729655 0.729980 0.729655 0.729747 0.730106 0.729980 0.730106 0.730029 
11.860137 0.724889 0.724904 0.724457 0.724904 0.725239 0.724477 0.724457 0.724477 0.725141 
11.881681 0.719868 0.720016 0.719709 0.720016 0.719550 0.719615 0.719709 0.719615 0.720625 
11.903225 0.715003 0.714780 0.714851 0.714780 0.715457 0.715451 0.714851 0.715451 0.715949 
11.924770 0.710062 0.709979 0.709953 0.709979 0.710932 0.709708 0.709953 0.709708 0.709594 
11.946314 0.705481 0.705006 0.705561 0.705006 0.705179 0.705526 0.705561 0.705526 0.706613 
11.967859 0.700485 0.700152 0.700316 0.700152 0.700827 0.700333 0.700316 0.700333 0.700557 
11.989403 0.695392 0.695214 0.695406 0.695214 0.696211 0.695309 0.695406 0.695309 0.695193 
12.010947 0.690611 0.690615 0.690711 0.690615 0.691020 0.690912 0.690711 0.690912 0.691768 
12.032491 0.685906 0.685807 0.686058 0.685807 0.685802 0.686007 0.686058 0.686007 0.686114 
12.054036 0.681027 0.681250 0.680843 0.681250 0.681743 0.681262 0.680843 0.681262 0.681375 
12.075580 0.676281 0.676020 0.676111 0.676020 0.676687 0.676480 0.676111 0.676480 0.675974 
12.097125 0.671381 0.671460 0.671687 0.671460 0.671073 0.671825 0.671687 0.671825 0.672182 
12.118669 0.666868 0.666835 0.666649 0.666835 0.666875 0.666370 0.666649 0.666370 0.666142 
12.140213 0.662025 0.662272 0.662011 0.662272 0.662472 0.662213 0.662011 0.662213 0.662101 
12.161757 0.657411 0.657302 0.656984 0.657302 0.657244 0.657829 0.656984 0.657829 0.657608 
12.183301 0.652505 0.652340 0.652396 0.652340 0.652754 0.652521 0.652396 0.652521 0.653387 
12.204846 0.647906 0.647927 0.647872 0.647927 0.648133 0.648150 0.647872 0.648150 0.647989 
12.226390 0.643113 0.643323 0.642975 0.643323 0.643009 0.643011 0.642975 0.643011 0.643432 
12.247935 0.638539 0.638526 0.638416 0.638526 0.638805 0.638558 0.638416 0.638558 0.639247 
12.269479 0.633940 0.633908 0.633968 0.633908 0.635030 0.633753 0.633968 0.633753 0.634666 
12.291023 0.629456 0.629288 0.629299 0.629288 0.629532 0.629329 0.629299 0.629329 0.629484 
12.312567 0.624749 0.624747 0.624728 0.624747 0.624132 0.624704 0.624728 0.624704 0.624533 
12.334112 0.620342 0.620477 0.620182 0.620477 0.620058 0.620265 0.620182 0.620265 0.620371 
12.355656 0.615492 0.615365 0.615454 0.615365 0.616162 0.615278 0.615454 0.615278 0.615161 
12.377201 0.611070 0.610811 0.611005 0.610811 0.610389 0.610740 0.611005 0.610740 0.611248 
12.398745 0.606632 0.606326 0.606374 0.606326 0.606107 0.606187 0.606374 0.606187 0.606262 
12.420289 0.601800 0.601774 0.601788 0.601774 0.602647 0.602170 0.601788 0.602170 0.602180 
12.441833 0.597318 0.597516 0.597294 0.597516 0.597443 0.597113 0.597294 0.597113 0.596928 
12.463377 0.593022 0.592925 0.592881 0.592925 0.592818 0.593006 0.592881 0.593006 0.593021 
12.484922 0.588412 0.588548 0.588428 0.588548 0.588205 0.588073 0.588428 0.588073 0.588838 
12.506466 0.583864 0.583881 0.583896 0.583881 0.584120 0.583875 0.583896 0.583875 0.584070 
12.528011 0.579589 0.579226 0.579587 0.579226 0.579502 0.579847 0.579587 0.579847 0.578838 
12.549555 0.575189 0.574995 0.575423 0.574995 0.575281 0.575266 0.575423 0.575266 0.574948 
12.571099 0.570806 0.570653 0.570698 0.570653 0.570133 0.570520 0.570698 0.570520 0.570880 
12.592643 0.566457 0.566289 0.566224 0.566289 0.567153 0.566653 0.566224 0.566653 0.566411 
12.614188 0.562054 0.561784 0.562127 0.561784 0.562113 0.561847 0.562127 0.561847 0.562167 
12.635732 0.557625 0.557385 0.557590 0.557385 0.557646 0.557900 0.557590 0.557900 0.557489 
12.657277 0.553250 0.553121 0.553336 0.553121 0.553420 0.552901 0.553336 0.552901 0.552995 
12.678821 0.548977 0.548846 0.549176 0.548846 0.548470 0.549228 0.549176 0.549228 0.548354 
12.700365 0.544720 0.544517 0.544758 0.544517 0.544679 0.544226 0.544758 0.544226 0.545253 
12.721909 0.540318 0.540155 0.540140 0.540155 0.540471 0.539890 0.540140 0.539890 0.541020 
12.743454 0.536023 0.535941 0.535897 0.535941 0.535716 0.536302 0.535897 0.536302 0.535997 
12.764998 0.531762 0.531677 0.531721 0.531677 0.531890 0.532267 0.531721 0.532267 0.531494 
12.786542 0.527335 0.527550 0.527476 0.527550 0.527449 0.527481 0.527476 0.527481 0.527828 
12.808086 0.523157 0.523036 0.523325 0.523036 0.523286 0.522520 0.523325 0.522520 0.522938 
12.829630 0.519035 0.518904 0.518843 0.518904 0.518501 0.519320 0.518843 0.519320 0.519447 
12.851175 0.514768 0.514758 0.514586 0.514758 0.514728 0.514521 0.514586 0.514521 0.514865 
12.872719 0.510366 0.510270 0.510368 0.510270 0.509953 0.510415 0.510368 0.510415 0.511170 
12.894264 0.506162 0.506267 0.506068 0.506267 0.506433 0.506582 0.506068 0.506582 0.506295 
12.915808 0.502143 0.502115 0.502224 0.502115 0.501583 0.502453 0.502224 0.502453 0.501658 
12.937352 0.498188 0.498033 0.498006 0.498033 0.497721 0.498178 0.498006 0.498178 0.497559 
12.958896 0.493910 0.493856 0.493850 0.493856 0.494149 0.493636 0.493850 0.493636 0.494471 
12.980441 0.489693 0.489580 0.489744 0.489580 0.489454 0.489617 0.489744 0.489617 0.489781 
13.001985 0.485502 0.485497 0.485480 0.485497 0.485749 0.485181 0.485480 0.485181 0.485940 
13.023530 0.481474 0.481519 0.481520 0.481519 0.481558 0.481394 0.481520 0.481394 0.481050 
13.045074 0.477306 0.477282 0.477214 0.477282 0.477211 0.477103 0.477214 0.477103 0.477340 
13.066618 0.473321 0.473403 0.473223 0.473403 0.473411 0.473062 0.473223 0.473062 0.473368 
13.088162 0.469082 0.469130 0.469136 0.469130 0.469423 0.469325 0.469136 0.469325 0.469173 
13.109706 0.465115 0.465254 0.464877 0.465254 0.465605 0.464806 0.464877 0.464806 0.464729 
13.131251 0.461136 0.461085 0.461136 0.461085 0.461210 0.461196 0.461136 0.461196 0.461435 
13.152795 0.457196 0.457157 0.456738 0.457157 0.456720 0.456735 0.456738 0.456735 0.456985 
13.174340 0.452933 0.452603 0.453122 0.452603 0.452824 0.453178 0.453122 0.453178 0.452970 
13.195884 0.449062 0.449032 0.449035 0.449032 0.449632 0.449004 0.449035 0.449004 0.449116 
13.217428 0.445107 0.444914 0.445054 0.444914 0.444559 0.445247 0.445054 0.445247 0.445497 
13.238972 0.440944 0.441125 0.440968 0.441125 0.442190 0.440981 0.440968 0.440981 0.441516 
13.260517 0.437053 0.437140 0.436771 0.437140 0.437397 0.437112 0.436771 0.437112 0.437951 
13.282061 0.433076 0.433178 0.432747 0.433178 0.433411 0.433347 0.432747 0.433347 0.433125 
13.303606 0.429117 0.429109 0.429184 0.429109 0.429963 0.429127 0.429184 0.429127 0.429488 
13.325150 0.425312 0.425084 0.425051 0.425084 0.425477 0.425381 0.425051 0.425381 0.425612 
13.346694 0.421183 0.421211 0.421404 0.421211 0.421492 0.421184 0.421404 0.421184 0.421383 
13.368238 0.417549 0.417437 0.417470 0.417437 0.417773 0.417161 0.417470 0.417161 0.417790 
13.389782 0.413517 0.413450 0.413480 0.413450 0.413756 0.413069 0.413480 0.413069 0.413809 
13.411327 0.409602 0.409720 0.409638 0.409720 0.409850 0.410004 0.409638 0.410004 0.410232 
13.432871 0.405819 0.405791 0.405723 0.405791 0.406266 0.405827 0.405723 0.405827 0.406593 
13.454415 0.402011 0.401863 0.401908 0.401863 0.401884 0.402240 0.401908 0.402240 0.402046 
13.475959 0.398034 0.398168 0.398148 0.398168 0.397806 0.398027 0.398148 0.398027 0.398694 
13.497504 0.394198 0.394178 0.394319 0.394178 0.394521 0.394348 0.394319 0.394348 0.394218 
13.519048 0.390540 0.390349 0.390601 0.390349 0.390283 0.390134 0.390601 0.390134 0.390547 
13.540593 0.386789 0.386824 0.386624 0.386824 0.386907 0.386432 0.386624 0.386432 0.386347 
13.562137 0.383018 0.382709 0.383002 0.382709 0.383288 0.383125 0.383002 0.383125 0.383014 
13.583681 0.379128 0.379042 0.378984 0.379042 0.379264 0.379167 0.378984 0.379167 0.379350 
13.605225 0.375296 0.375196 0.375584 0.375196 0.375320 0.375358 0.375584 0.375358 0.375617 
13.626770 0.371462 0.371474 0.371642 0.371474 0.371794 0.371766 0.371642 0.371766 0.371413 
13.648314 0.368029 0.367541 0.367800 0.367541 0.367955 0.367660 0.367800 0.367660 0.367839 
13.669858 0.364159 0.364020 0.364008 0.364020 0.364084 0.364261 0.364008 0.364261 0.363683 
13.691403 0.360403 0.360379 0.360452 0.360379 0.360318 0.360091 0.360452 0.360091 0.360158 
13.712947 0.356764 0.356552 0.356636 0.356552 0.356233 0.356965 0.356636 0.356965 0.357202 
13.734491 0.352888 0.352986 0.352906 0.352986 0.353304 0.353061 0.352906 0.353061 0.353040 
13.756035 0.349270 0.349353 0.349307 0.349353 0.349119 0.349153 0.349307 0.349153 0.348528 
13.777580 0.345677 0.345611 0.345626 0.345611 0.345476 0.345483 0.345626 0.345483 0.345718 
13.799124 0.341968 0.342115 0.341821 0.342115 0.341788 0.342000 0.341821 0.342000 0.341643 
13.820669 0.338395 0.338318 0.338364 0.338318 0.338222 0.337988 0.338364 0.337988 0.338014 
13.842213 0.334616 0.334697 0.334754 0.334697 0.335277 0.334753 0.334754 0.334753 0.334716 
13.863757 0.331145 0.330817 0.330971 0.330817 0.331316 0.331300 0.330971 0.331300 0.331167 
13.885301 0.327428 0.327583 0.327448 0.327583 0.327412 0.327557 0.327448 0.327557 0.327444 
13.906846 0.323793 0.323727 0.323667 0.323727 0.323591 0.323458 0.323667 0.323458 0.323689 
13.928390 0.320228 0.320272 0.320141 0.320272 0.320427 0.320229 0.320141 0.320229 0.320417 
13.949934 0.316761 0.316512 0.316530 0.316512 0.316165 0.316657 0.316530 0.316657 0.316364 
13.971479 0.313031 0.313108 0.313033 0.313108 0.312978 0.313307 0.313033 0.313307 0.312661 
13.993023 0.309479 0.309496 0.309514 0.309496 0.310326 0.309282 0.309514 0.309282 0.309011 
14.014567 0.305857 0.305983 0.305772 0.305983 0.305441 0.305928 0.305772 0.305928 0.305941 
14.036111 0.302501 0.302457 0.302504 0.302457 0.302420 0.302550 0.302504 0.302550 0.302404 
14.057656 0.298758 0.298865 0.298787 0.298865 0.298793 0.298881 0.298787 0.298881 0.299233 
14.079200 0.295381 0.295233 0.295582 0.295233 0.295463 0.295612 0.295582 0.295612 0.295086 
14.100745 0.291816 0.291749 0.291770 0.291749 0.292231 0.291812 0.291770 0.291812 0.291886 
14.122289 0.288383 0.288257 0.288273 0.288257 0.288733 0.288517 0.288273 0.288517 0.288580 
14.143833 0.284948 0.284859 0.284948 0.284859 0.284995 0.285098 0.284948 0.285098 0.285054 
14.165377 0.281434 0.281322 0.281273 0.281322 0.281453 0.281465 0.281273 0.281465 0.281154 
14.186922 0.277924 0.277882 0.277789 0.277882 0.278032 0.278139 0.277789 0.278139 0.277798 
14.208466 0.274494 0.274339 0.274499 0.274339 0.274583 0.274529 0.274499 0.274529 0.274286 
14.230011 0.270958 0.271014 0.271025 0.271014 0.270669 0.270952 0.271025 0.270952 0.271022 
14.251554 0.267721 0.267483 0.267533 0.267483 0.267632 0.267772 0.267533 0.267772 0.267617 
14.273098 0.264010 0.264073 0.264162 0.264073 0.264194 0.264073 0.264162 0.264073 0.264605 
14.294643 0.260746 0.260736 0.261022 0.260736 0.260973 0.260825 0.261022 0.260825 0.261159 
14.316187 0.257319 0.257397 0.257353 0.257397 0.257556 0.257440 0.257353 0.257440 0.257711 
14.337732 0.253948 0.253885 0.253895 0.253885 0.254250 0.254349 0.253895 0.254349 0.254381 
14.359276 0.250634 0.250546 0.250495 0.250546 0.250298 0.250608 0.250495 0.250608 0.250707 
14.380820 0.247121 0.247142 0.247059 0.247142 0.247386 0.247627 0.247059 0.247627 0.247096 
14.402364 0.243909 0.243979 0.243845 0.243979 0.243657 0.243658 0.243845 0.243658 0.244113 
14.423909 0.240516 0.240478 0.240466 0.240478 0.240419 0.240427 0.240466 0.240427 0.240406 
14.445453 0.237188 0.237220 0.237278 0.237220 0.237177 0.236923 0.237278 0.236923 0.236537 
14.466998 0.233836 0.233733 0.233858 0.233733 0.233963 0.233817 0.233858 0.233817 0.233492 
14.488542 0.230582 0.230477 0.230602 0.230477 0.230297 0.230360 0.230602 0.230360 0.230604 
14.510086 0.227103 0.227244 0.227190 0.227244 0.227187 0.227160 0.227190 0.227160 0.227007 
14.531630 0.223903 0.223976 0.223925 0.223976 0.224064 0.223945 0.223925 0.223945 0.223974 
14.553174 0.220525 0.220492 0.220688 0.220492 0.220691 0.220409 0.220688 0.220409 0.220340 
14.574719 0.217433 0.217247 0.217337 0.217247 0.217171 0.217152 0.217337 0.217152 0.217285 
14.596263 0.214047 0.214025 0.213938 0.214025 0.214132 0.213955 0.213938 0.213955 0.214402 
14.617808 0.210857 0.210742 0.210698 0.210742 0.210454 0.210642 0.210698 0.210642 0.211062 
14.639352 0.207601 0.207456 0.207571 0.207456 0.207603 0.207421 0.207571 0.207421 0.207484 
14.660896 0.204288 0.204278 0.204255 0.204278 0.204536 0.204274 0.204255 0.204274 0.204190 
14.682440 0.201044 0.201038 0.201082 0.201038 0.201076 0.201168 0.201082 0.201168 0.200978 
14.703985 0.197852 0.197790 0.197772 0.197790 0.197734 0.197620 0.197772 0.197620 0.197445 
14.725529 0.194625 0.194525 0.194543 0.194525 0.194385 0.194641 0.194543 0.194641 0.194822 
14.747074 0.191455 0.191495 0.191326 0.191495 0.191732 0.191346 0.191326 0.191346 0.191346 
14.768618 0.188084 0.188095 0.188272 0.188095 0.188344 0.188164 0.188272 0.188164 0.188058 
14.790162 0.184917 0.185047 0.184894 0.185047 0.185384 0.185091 0.184894 0.185091 0.184960 
14.811706 0.181841 0.181889 0.181845 0.181889 0.181758 0.182051 0.181845 0.182051 0.181879 
14.833251 0.178617 0.178662 0.178659 0.178662 0.178703 0.178704 0.178659 0.178704 0.178824 
14.854795 0.175580 0.175455 0.175631 0.175455 0.175602 0.175579 0.175631 0.175579 0.175561 
14.876339 0.172313 0.172356 0.172359 0.172356 0.172231 0.172333 0.172359 0.172333 0.172396 
14.897883 0.169252 0.169293 0.169102 0.169293 0.169331 0.169138 0.169102 0.169138 0.169394 
14.919427 0.166089 0.166054 0.166099 0.166054 0.165868 0.165858 0.166099 0.165858 0.166230 
14.940972 0.162975 0.162989 0.162937 0.162989 0.162909 0.163078 0.162937 0.163078 0.162886 
14.962516 0.159818 0.159867 0.159778 0.159867 0.159754 0.159854 0.159778 0.159854 0.159845 
14.984061 0.156672 0.156767 0.156666 0.156767 0.156698 0.156586 0.156666 0.156586 0.156680 
15.005605 0.153649 0.153616 0.153688 0.153616 0.153858 0.153569 0.153688 0.153569 0.153708 
15.027149 0.150540 0.150552 0.150508 0.150552 0.150584 0.150688 0.150508 0.150688 0.150688 
15.048693 0.147476 0.147500 0.147466 0.147500 0.147526 0.147317 0.147466 0.147317 0.147349 
15.070238 0.144410 0.144412 0.144433 0.144412 0.144577 0.144404 0.144433 0.144404 0.144495 
15.091782 0.141291 0.141254 0.141397 0.141254 0.141442 0.141401 0.141397 0.141401 0.141252 
15.113327 0.138297 0.138328 0.138152 0.138328 0.138145 0.138252 0.138152 0.138252 0.138290 
15.134871 0.135184 0.135365 0.135298 0.135365 0.135173 0.135228 0.135298 0.135228 0.135386 
15.156415 0.132254 0.132098 0.132172 0.132098 0.132279 0.132269 0.132172 0.132269 0.132209 
15.177959 0.129238 0.129149 0.129311 0.129149 0.129408 0.129319 0.129311 0.129319 0.129419 
15.199503 0.126119 0.126143 0.126091 0.126143 0.126042 0.126160 0.126091 0.126160 0.126275 
15.221048 0.123191 0.123125 0.123215 0.123125 0.123103 0.123276 0.123215 0.123276 0.123277 
15.242592 0.120231 0.120167 0.120191 0.120167 0.120288 0.120252 0.120191 0.120252 0.120052 
15.264137 0.117499 0.117429 0.117418 0.117429 0.117477 0.117347 0.117418 0.117347 0.117121 
15.285681 0.114929 0.114942 0.114817 0.114942 0.115036 0.114810 0.114817 0.114810 0.114810 
15.307225 0.112414 0.112356 0.112442 0.112356 0.112329 0.112325 0.112442 0.112325 0.112314 
15.328769 0.109981 0.109983 0.109987 0.109983 0.110066 0.110001 0.109987 0.110001 0.109769 
15.350314 0.107647 0.107560 0.107631 0.107560 0.107755 0.107609 0.107631 0.107609 0.107838 
15.371858 0.105400 0.105287 0.105310 0.105287 0.105470 0.105263 0.105310 0.105263 0.105350 
15.393403 0.103123 0.103209 0.103105 0.103209 0.103119 0.102983 0.103105 0.102983 0.103063 
15.414947 0.101008 0.100898 0.101000 0.100898 0.101016 0.101092 0.101000 0.101092 0.101298 
15.436491 0.098885 0.098846 0.098878 0.098846 0.098853 0.098829 0.098878 0.098829 0.098887 
15.458035 0.096813 0.096759 0.096835 0.096759 0.096784 0.096868 0.096835 0.096868 0.097157 
15.479579 0.094834 0.094900 0.094877 0.094900 0.094964 0.094951 0.094877 0.094951 0.094827 
15.501124 0.092921 0.092951 0.092918 0.092951 0.092970 0.092734 0.092918 0.092734 0.092811 
15.522668 0.090948 0.090993 0.090981 0.090993 0.090594 0.090885 0.090981 0.090885 0.090945 
15.544213 0.089128 0.089131 0.089144 0.089131 0.089069 0.089075 0.089144 0.089075 0.089201 
15.565757 0.087235 0.087296 0.087255 0.087296 0.087121 0.087263 0.087255 0.087263 0.087240 
15.587301 0.085468 0.085392 0.085439 0.085392 0.085500 0.085513 0.085439 0.085513 0.085380 
15.608845 0.083722 0.083681 0.083808 0.083681 0.083906 0.083637 0.083808 0.083637 0.083476 
15.630390 0.081941 0.081921 0.081838 0.081921 0.081989 0.082071 0.081838 0.082071 0.081937 
15.651934 0.080258 0.080247 0.080141 0.080247 0.080287 0.080353 0.080141 0.080353 0.080202 
15.673479 0.078596 0.078599 0.078567 0.078599 0.078311 0.078499 0.078567 0.078499 0.078735 
15.695023 0.077023 0.077011 0.076999 0.077011 0.077038 0.076892 0.076999 0.076892 0.077258 
15.716567 0.075376 0.075329 0.075368 0.075329 0.075232 0.075411 0.075368 0.075411 0.075399 
15.738111 0.073790 0.073799 0.073888 0.073799 0.074177 0.073900 0.073888 0.073900 0.073965 
15.759655 0.072225 0.072260 0.072301 0.072260 0.072421 0.072275 0.072301 0.072275 0.072150 
15.781200 0.070767 0.070779 0.070777 0.070779 0.070941 0.070779 0.070777 0.070779 0.070799 
15.802744 0.069332 0.069283 0.069264 0.069283 0.069263 0.069207 0.069264 0.069207 0.069174 
15.824288 0.067819 0.067832 0.067823 0.067832 0.067635 0.067862 0.067823 0.067862 0.067778 
15.845832 0.066378 0.066393 0.066417 0.066393 0.066607 0.066442 0.066417 0.066442 0.066367 
15.867377 0.064996 0.064949 0.064985 0.064949 0.064915 0.065032 0.064985 0.065032 0.065003 
15.888921 0.063592 0.063583 0.063617 0.063583 0.063767 0.063646 0.063617 0.063646 0.063703 
15.910466 0.062261 0.062255 0.062239 0.062255 0.062328 0.062306 0.062239 0.062306 0.062194 
15.932010 0.060959 0.060891 0.060926 0.060891 0.061121 0.060896 0.060926 0.060896 0.061006 
15.953554 0.059668 0.059672 0.059632 0.059672 0.059669 0.059752 0.059632 0.059752 0.059592 
15.975098 0.058354 0.058292 0.058363 0.058292 0.058272 0.058311 0.058363 0.058311 0.058388 
15.996643 0.057065 0.057046 0.056995 0.057046 0.057133 0.057242 0.056995 0.057242 0.056997 
16.018188 0.055817 0.055922 0.055859 0.055922 0.055725 0.055827 0.055859 0.055827 0.055830 
16.039731 0.054656 0.054584 0.054695 0.054584 0.054807 0.054701 0.054695 0.054701 0.054670 
16.061275 0.053470 0.053521 0.053454 0.053521 0.053352 0.053489 0.053454 0.053489 0.053467 
16.082820 0.052250 0.052310 0.052258 0.052310 0.052333 0.052364 0.052258 0.052364 0.052287 
16.104364 0.051123 0.051128 0.051132 0.051128 0.051137 0.051182 0.051132 0.051182 0.051153 
16.125909 0.049997 0.050023 0.049945 0.050023 0.050041 0.049938 0.049945 0.049938 0.050046 
16.147452 0.048888 0.048864 0.048822 0.048864 0.048878 0.048916 0.048822 0.048916 0.048949 
16.168997 0.047796 0.047789 0.047795 0.047789 0.047603 0.047827 0.047795 0.047827 0.047785 
16.190541 0.046718 0.046712 0.046734 0.046712 0.046661 0.046629 0.046734 0.046629 0.046678 
16.212086 0.045676 0.045632 0.045686 0.045632 0.045659 0.045625 0.045686 0.045625 0.045667 
16.233630 0.044684 0.044637 0.044685 0.044637 0.044694 0.044605 0.044685 0.044605 0.044663 
16.255175 0.043604 0.043554 0.043650 0.043554 0.043703 0.043644 0.043650 0.043644 0.043641 
16.276719 0.042557 0.042543 0.042574 0.042543 0.042779 0.042569 0.042574 0.042569 0.042521 
16.298263 0.041662 0.041684 0.041630 0.041684 0.041599 0.041656 0.041630 0.041656 0.041609 
16.319807 0.040655 0.040614 0.040590 0.040614 0.040676 0.040612 0.040590 0.040612 0.040620 
16.341352 0.039702 0.039731 0.039754 0.039731 0.039785 0.039784 0.039754 0.039784 0.039684 
16.362896 0.038790 0.038766 0.038750 0.038766 0.038643 0.038827 0.038750 0.038827 0.038712 
16.384440 0.037855 0.037819 0.037892 0.037819 0.037829 0.037914 0.037892 0.037914 0.037848 
16.405984 0.036947 0.036918 0.036929 0.036918 0.036921 0.036981 0.036929 0.036981 0.036966 
16.427528 0.036085 0.036085 0.036050 0.036085 0.036031 0.036020 0.036050 0.036020 0.036118 
16.449073 0.035200 0.035188 0.035248 0.035188 0.035168 0.035133 0.035248 0.035133 0.035407 
16.470617 0.034377 0.034322 0.034329 0.034322 0.034335 0.034369 0.034329 0.034369 0.034221 
16.492162 0.033493 0.033491 0.033578 0.033491 0.033412 0.033552 0.033578 0.033552 0.033456 
16.513706 0.032702 0.032680 0.032680 0.032680 0.032621 0.032717 0.032680 0.032717 0.032545 
16.535251 0.031882 0.031841 0.031901 0.031841 0.031916 0.031920 0.031901 0.031920 0.031821 
16.556794 0.031090 0.031092 0.031099 0.031092 0.031049 0.031129 0.031099 0.031129 0.031092 
16.578339 0.030329 0.030276 0.030279 0.030276 0.030288 0.030262 0.030279 0.030262 0.030232 
16.599883 0.029550 0.029568 0.029535 0.029568 0.029613 0.029554 0.029535 0.029554 0.029643 
16.621428 0.028760 0.028759 0.028786 0.028759 0.028756 0.028723 0.028786 0.028723 0.028772 
16.642972 0.028039 0.028094 0.028077 0.028094 0.027985 0.028021 0.028077 0.028021 0.027860 
16.664516 0.027305 0.027367 0.027300 0.027367 0.027342 0.027279 0.027300 0.027279 0.027392 
16.686061 0.026608 0.026644 0.026581 0.026644 0.026633 0.026539 0.026581 0.026539 0.026535 
16.707604 0.025911 0.025873 0.025864 0.025873 0.025930 0.025882 0.025864 0.025882 0.025925 
16.729149 0.025181 0.025215 0.025198 0.025215 0.025239 0.025254 0.025198 0.025254 0.025312 
16.750693 0.024550 0.024557 0.024537 0.024557 0.024615 0.024594 0.024537 0.024594 0.024451 
16.772238 0.023870 0.023869 0.023923 0.023869 0.023977 0.023918 0.023923 0.023918 0.023961 
16.793782 0.023221 0.023219 0.023238 0.023219 0.023290 0.023265 0.023238 0.023265 0.023286 
16.815326 0.022587 0.022608 0.022588 0.022608 0.022656 0.022597 0.022588 0.022597 0.022650 
16.836870 0.021976 0.021955 0.021965 0.021955 0.022098 0.021957 0.021965 0.021957 0.021995 
16.858415 0.021374 0.021345 0.021348 0.021345 0.021428 0.021311 0.021348 0.021311 0.021360 
16.879959 0.020749 0.020743 0.020720 0.020743 0.020837 0.020804 0.020720 0.020804 0.020843 
16.901504 0.020175 0.020163 0.020170 0.020163 0.020134 0.020156 0.020170 0.020156 0.020090 
16.923048 0.019560 0.019618 0.019588 0.019618 0.019508 0.019591 0.019588 0.019591 0.019511 
16.944592 0.019015 0.019030 0.019003 0.019030 0.018971 0.019041 0.019003 0.019041 0.018942 
16.966136 0.018473 0.018426 0.018481 0.018426 0.018532 0.018417 0.018481 0.018417 0.018459 
16.987680 0.017896 0.017885 0.017915 0.017885 0.017955 0.017909 0.017915 0.017909 0.017910 
17.009225 0.017349 0.017380 0.017384 0.017380 0.017384 0.017448 0.017384 0.017448 0.017385 
17.030769 0.016833 0.016842 0.016848 0.016842 0.016863 0.016812 0.016848 0.016812 0.016814 
17.052314 0.016362 0.016346 0.016334 0.016346 0.016342 0.016287 0.016334 0.016287 0.016303 
17.073857 0.015860 0.015826 0.015813 0.015826 0.015752 0.015851 0.015813 0.015851 0.015852 
17.095402 0.015340 0.015320 0.015307 0.015320 0.015299 0.015350 0.015307 0.015350 0.015278 
17.116946 0.014847 0.014858 0.014854 0.014858 0.014807 0.014866 0.014854 0.014866 0.014834 
17.138491 0.014355 0.014412 0.014386 0.014412 0.014302 0.014413 0.014386 0.014413 0.014395 
17.160035 0.013919 0.013904 0.013913 0.013904 0.013935 0.013891 0.013913 0.013891 0.013972 
17.181580 0.013475 0.013443 0.013445 0.013443 0.013516 0.013471 0.013445 0.013471 0.013485 
17.203124 0.013026 0.013007 0.013014 0.013007 0.012969 0.012951 0.013014 0.012951 0.013121 
17.224668 0.012586 0.012563 0.012561 0.012563 0.012639 0.012597 0.012561 0.012597 0.012607 
17.246212 0.012145 0.012146 0.012136 0.012146 0.012085 0.012110 0.012136 0.012110 0.012137 
17.267756 0.011749 0.011740 0.011713 0.011740 0.011819 0.011760 0.011713 0.011760 0.011762 
17.289301 0.011335 0.011315 0.011298 0.011315 0.011302 0.011311 0.011298 0.011311 0.011395 
17.310845 0.010930 0.010935 0.010931 0.010935 0.010893 0.010876 0.010931 0.010876 0.010917 
17.332389 0.010532 0.010511 0.010538 0.010511 0.010534 0.010495 0.010538 0.010495 0.010536 
17.353933 0.010148 0.010157 0.010162 0.010157 0.010199 0.010134 0.010162 0.010134 0.010165 
17.375478 0.009761 0.009760 0.009752 0.009760 0.009775 0.009829 0.009752 0.009829 0.009754 
17.397022 0.009414 0.009418 0.009467 0.009418 0.009336 0.009422 0.009467 0.009422 0.009334 
17.418567 0.009072 0.009071 0.009067 0.009071 0.009068 0.009050 0.009067 0.009050 0.009005 
17.440111 0.008702 0.008710 0.008715 0.008710 0.008671 0.008723 0.008715 0.008723 0.008736 
17.461656 0.008379 0.008387 0.008374 0.008387 0.008398 0.008363 0.008374 0.008363 0.008342 
17.483199 0.008031 0.008039 0.008068 0.008039 0.008056 0.008064 0.008068 0.008064 0.008039 
17.504744 0.007717 0.007716 0.007716 0.007716 0.007705 0.007709 0.007716 0.007709 0.007686 
17.526288 0.007400 0.007399 0.007409 0.007399 0.007408 0.007356 0.007409 0.007356 0.007433 
17.547832 0.007087 0.007096 0.007100 0.007096 0.007173 0.007126 0.007100 0.007126 0.007132 
17.569377 0.006801 0.006787 0.006806 0.006787 0.006840 0.006782 0.006806 0.006782 0.006840 
17.590920 0.006496 0.006518 0.006501 0.006518 0.006517 0.006465 0.006501 0.006465 0.006505 
17.612465 0.006220 0.006218 0.006206 0.006218 0.006135 0.006248 0.006206 0.006248 0.006207 
17.634009 0.005942 0.005931 0.005938 0.005931 0.005923 0.005958 0.005938 0.005958 0.005886 
17.655554 0.005668 0.005662 0.005664 0.005662 0.005639 0.005691 0.005664 0.005691 0.005661 
17.677098 0.005407 0.005418 0.005412 0.005418 0.005484 0.005429 0.005412 0.005429 0.005424 
17.698643 0.005146 0.005138 0.005139 0.005138 0.005147 0.005123 0.005139 0.005123 0.005137 
17.720187 0.004896 0.004907 0.004896 0.004907 0.004917 0.004895 0.004896 0.004895 0.004916 
17.741731 0.004659 0.004660 0.004663 0.004660 0.004655 0.004650 0.004663 0.004650 0.004711 
17.763275 0.004424 0.004434 0.004426 0.004434 0.004439 0.004419 0.004426 0.004419 0.004430 
17.784820 0.004188 0.004201 0.004202 0.004201 0.004214 0.004224 0.004202 0.004224 0.004216 
17.806364 0.003986 0.003985 0.003971 0.003985 0.003970 0.004004 0.003971 0.004004 0.003974 
17.827909 0.003761 0.003757 0.003772 0.003757 0.003791 0.003793 0.003772 0.003793 0.003755 
17.849452 0.003573 0.003558 0.003562 0.003558 0.003614 0.003554 0.003562 0.003554 0.003532 
17.870996 0.003361 0.003349 0.003352 0.003349 0.003393 0.003351 0.003352 0.003351 0.003369 
17.892541 0.003172 0.003159 0.003176 0.003159 0.003148 0.003162 0.003176 0.003162 0.003163 
17.914085 0.002982 0.002965 0.002977 0.002965 0.002976 0.002968 0.002977 0.002968 0.002975 
17.935630 0.002797 0.002808 0.002801 0.002808 0.002763 0.002776 0.002801 0.002776 0.002800 
17.957174 0.002627 0.002635 0.002629 0.002635 0.002610 0.002622 0.002629 0.002622 0.002608 
17.978719 0.002458 0.002457 0.002462 0.002457 0.002451 0.002447 0.002462 0.002447 0.002474 
18.000262 0.002299 0.002300 0.002291 0.002300 0.002309 0.002303 0.002291 0.002303 0.002317 
18.021807 0.002142 0.002140 0.002132 0.002140 0.002103 0.002122 0.002132 0.002122 0.002144 
18.043351 0.001986 0.001993 0.001983 0.001993 0.002005 0.001977 0.001983 0.001977 0.001992 
18.064896 0.001847 0.001846 0.001849 0.001846 0.001861 0.001854 0.001849 0.001854 0.001834 
18.086440 0.001707 0.001703 0.001698 0.001703 0.001679 0.001706 0.001698 0.001706 0.001707 
18.107985 0.001578 0.001578 0.001577 0.001578 0.001584 0.001561 0.001577 0.001561 0.001573 
18.129529 0.001453 0.001444 0.001442 0.001444 0.001464 0.001454 0.001442 0.001454 0.001450 
18.151073 0.001323 0.001326 0.001331 0.001326 0.001346 0.001327 0.001331 0.001327 0.001340 
18.172617 0.001211 0.001211 0.001214 0.001211 0.001201 0.001222 0.001214 0.001222 0.001225 
18.194161 0.001101 0.001101 0.001100 0.001101 0.001112 0.001114 0.001100 0.001114 0.001107 
18.215706 0.000998 0.000998 0.000997 0.000998 0.000996 0.001005 0.000997 0.001005 0.001001 
18.237250 0.000899 0.000900 0.000901 0.000900 0.000888 0.000889 0.000901 0.000889 0.000907 
18.258794 0.000808 0.000816 0.000811 0.000816 0.000828 0.000809 0.000811 0.000809 0.000806 
18.280338 0.000724 0.000722 0.000716 0.000722 0.000715 0.000716 0.000716 0.000716 0.000722 
18.301883 0.000638 0.000632 0.000637 0.000632 0.000646 0.000641 0.000637 0.000641 0.000638 
18.323427 0.000564 0.000563 0.000567 0.000563 0.000569 0.000569 0.000567 0.000569 0.000552 
18.344972 0.000490 0.000492 0.000494 0.000492 0.000466 0.000489 0.000494 0.000489 0.000473 
18.366516 0.000425 0.000423 0.000423 0.000423 0.000418 0.000428 0.000423 0.000428 0.000422 
18.388061 0.000365 0.000356 0.000362 0.000356 0.000357 0.000367 0.000362 0.000367 0.000376 
18.409604 0.000305 0.000304 0.000302 0.000304 0.000308 0.000304 0.000302 0.000304 0.000295 
18.431149 0.000251 0.000255 0.000257 0.000255 0.000263 0.000248 0.000257 0.000248 0.000259 
18.452693 0.000208 0.000209 0.000207 0.000209 0.000210 0.000198 0.000207 0.000198 0.000210 
18.474237 0.000162 0.000165 0.000168 0.000165 0.000166 0.000166 0.000168 0.000166 0.000165 
18.495782 0.000130 0.000133 0.000128 0.000133 0.000129 0.000128 0.000128 0.000128 0.000126 
18.517325 0.000096 0.000099 0.000096 0.000099 0.000090 0.000096 0.000096 0.000096 0.000097 
18.538870 0.000068 0.000069 0.000069 0.000069 0.000064 0.000067 0.000069 0.000067 0.000068 
18.560414 0.000047 0.000045 0.000045 0.000045 0.000050 0.000048 0.000045 0.000048 0.000043 
18.581959 0.000028 0.000027 0.000029 0.000027 0.000030 0.000029 0.000029 0.000029 0.000028 
18.603503 0.000014 0.000014 0.000014 0.000014 0.000013 0.000016 0.000014 0.000016 0.000015 
18.625048 0.000005 0.000005 0.000006 0.000005 0.000005 0.000006 0.000006 0.000006 0.000006 
18.646592 0.000001 0.000001 0.000001 0.000001 0.000001 0.000001 0.000001 0.000001 0.000000 
18.668136 0.000000 0.000000 0.000000 0.000000 0.000000 0.000000 0.000000 0.000000 0.000000 
18.689680 0.000000 0.000000 0.000000 0.000000 0.000000 0.000000 0.000000 0.000000 0.000000 
18.711225 0.000000 0.000000 0.000000 0.000000 0.000000 0.000000 0.000000 0.000000 0.000000 
18.732769 0.000000 0.000000 0.000000 0.000000 0.000000 0.000000 0.000000 0.000000 0.000000 
18.754313 0.000000 0.000000 0.000000 0.000000 0.000000 0.000000 0.000000 0.000000 0.000000 
18.775857 0.000000 0.000000 0.000000 0.000000 0.000000 0.000000 0.000000 0.000000 0.000000 
18.797401 0.000000 0.000000 0.000000 0.000000 0.000000 0.000000 0.000000 0.000000 0.000000 
18.818946 0.000000 0.000000 0.000000 0.000000 0.000000 0.000000 0.000000 0.000000 0.000000 
18.840490 0.000000 0.000000 0.000000 0.000000 0.000000 0.000000 0.000000 0.000000 0.000000 
18.862035 0.000000 0.000000 0.000000 0.000000 0.000000 0.000000 0.000000 0.000000 0.000000 
18.883579 0.000000 0.000000 0.000000 0.000000 0.000000 0.000000 0.000000 0.000000 0.000000 
18.905124 0.000000 0.000000 0.000000 0.000000 0.000000 0.000000 0.000000 0.000000 0.000000 
18.926667 0.000000 0.000000 0.000000 0.000000 0.000000 0.000000 0.000000 0.000000 0.000000 
18.948212 0.000000 0.000000 0.000000 0.000000 0.000000 0.000000 0.000000 0.000000 0.000000 
18.969756 0.000000 0.000000 0.000000 0.000000 0.000000 0.000000 0.000000 0.000000 0.000000 
18.991301 0.000000 0.000000 0.000000 0.000000 0.000000 0.000000 0.000000 0.000000 0.000000 
19.012845 0.000000 0.000000 0.000000 0.000000 0.000000 0.000000 0.000000 0.000000 0.000000 
19.034389 0.000000 0.000000 0.000000 0.000000 0.000000 0.000000 0.000000 0.000000 0.000000 
19.055933 0.000000 0.000000 0.000000 0.000000 0.000000 0.000000 0.000000 0.000000 0.000000 
19.077477 0.000000 0.000000 0.000000 0.000000 0.000000 0.000000 0.000000 0.000000 0.000000 
19.099022 0.000000 0.000000 0.000000 0.000000 0.000000 0.000000 0.000000 0.000000 0.000000 
19.120566 0.000000 0.000000 0.000000 0.000000 0.000000 0.000000 0.000000 0.000000 0.000000 
19.142111 0.000000 0.000000 0.000000 0.000000 0.000000 0.000000 0.000000 0.000000 0.000000 
19.163655 0.000000 0.000000 0.000000 0.000000 0.000000 0.000000 0.000000 0.000000 0.000000 
19.185199 0.000000 0.000000 0.000000 0.000000 0.000000 0.000000 0.000000 0.000000 0.000000 
19.206743 0.000000 0.000000 0.000000 0.000000 0.000000 0.000000 0.000000 0.000000 0.000000 
19.228288 0.000000 0.000000 0.000000 0.000000 0.000000 0.000000 0.000000 0.000000 0.000000 
19.249832 0.000000 0.000000 0.000000 0.000000 0.000000 0.000000 0.000000 0.000000 0.000000 
19.271377 0.000000 0.000000 0.000000 0.000000 0.000000 0.000000 0.000000 0.000000 0.000000 
19.292920 0.000000 0.000000 0.000000 0.000000 0.000000 0.000000 0.000000 0.000000 0.000000 
19.314465 0.000000 0.000000 0.000000 0.000000 0.000000 0.000000 0.000000 0.000000 0.000000 
19.336009 0.000000 0.000000 0.000000 0.000000 0.000000 0.000000 0.000000 0.000000 0.000000 
19.357553 0.000000 0.000000 0.000000 0.000000 0.000000 0.000000 0.000000 0.000000 0.000000 
19.379098 0.000000 0.000000 0.000000 0.000000 0.000000 0.000000 0.000000 0.000000 0.000000 
19.400642 0.000000 0.000000 0.000000 0.000000 0.000000 0.000000 0.000000 0.000000 0.000000 
19.422187 0.000000 0.000000 0.000000 0.000000 0.000000 0.000000 0.000000 0.000000 0.000000 
19.443730 0.000000 0.000000 0.000000 0.000000 0.000000 0.000000 0.000000 0.000000 0.000000 
19.465275 0.000000 0.000000 0.000000 0.000000 0.000000 0.000000 0.000000 0.000000 0.000000 
19.486819 0.000000 0.000000 0.000000 0.000000 0.000000 0.000000 0.000000 0.000000 0.000000 
19.508364 0.000000 0.000000 0.000000 0.000000 0.000000 0.000000 0.000000 0.000000 0.000000 
19.529908 0.000000 0.000000 0.000000 0.000000 0.000000 0.000000 0.000000 0.000000 0.000000 
19.551453 0.000000 0.000000 0.000000 0.000000 0.000000 0.000000 0.000000 0.000000 0.000000 
19.572997 0.000000 0.000000 0.000000 0.000000 0.000000 0.000000 0.000000 0.000000 0.000000 
19.594541 0.000000 0.000000 0.000000 0.000000 0.000000 0.000000 0.000000 0.000000 0.000000 
19.616085 0.000000 0.000000 0.000000 0.000000 0.000000 0.000000 0.000000 0.000000 0.000000 
19.637630 0.000000 0.000000 0.000000 0.000000 0.000000 0.000000 0.000000 0.000000 0.000000 
19.659174 0.000000 0.000000 0.000000 0.000000 0.000000 0.000000 0.000000 0.000000 0.000000 
19.680718 0.000000 0.000000 0.000000 0.000000 0.000000 0.000000 0.000000 0.000000 0.000000 
19.702262 0.000000 0.000000 0.000000 0.000000 0.000000 0.000000 0.000000 0.000000 0.000000 
19.723806 0.000000 0.000000 0.000000 0.000000 0.000000 0.000000 0.000000 0.000000 0.000000 
19.745351 0.000000 0.000000 0.000000 0.000000 0.000000 0.000000 0.000000 0.000000 0.000000 
19.766895 0.000000 0.000000 0.000000 0.000000 0.000000 0.000000 0.000000 0.000000 0.000000 
19.788440 0.000000 0.000000 0.000000 0.000000 0.000000 0.000000 0.000000 0.000000 0.000000 
19.809984 0.000000 0.000000 0.000000 0.000000 0.000000 0.000000 0.000000 0.000000 0.000000 
19.831529 0.000000 0.000000 0.000000 0.000000 0.000000 0.000000 0.000000 0.000000 0.000000 
19.853072 0.000000 0.000000 0.000000 0.000000 0.000000 0.000000 0.000000 0.000000 0.000000 
19.874617 0.000000 0.000000 0.000000 0.000000 0.000000 0.000000 0.000000 0.000000 0.000000 
19.896161 0.000000 0.000000 0.000000 0.000000 0.000000 0.000000 0.000000 0.000000 0.000000 
19.917706 0.000000 0.000000 0.000000 0.000000 0.000000 0.000000 0.000000 0.000000 0.000000 
19.939250 0.000000 0.000000 0.000000 0.000000 0.000000 0.000000 0.000000 0.000000 0.000000 
19.960793 0.000000 0.000000 0.000000 0.000000 0.000000 0.000000 0.000000 0.000000 0.000000 
19.982338 0.000000 0.000000 0.000000 0.000000 0.000000 0.000000 0.000000 0.000000 0.000000 
20.003882 0.000000 0.000000 0.000000 0.000000 0.000000 0.000000 0.000000 0.000000 0.000000 
20.025427 0.000000 0.000000 0.000000 0.000000 0.000000 0.000000 0.000000 0.000000 0.000000 
20.046971 0.000000 0.000000 0.000000 0.000000 0.000000 0.000000 0.000000 0.000000 0.000000 
20.068516 0.000000 0.000000 0.000000 0.000000 0.000000 0.000000 0.000000 0.000000 0.000000 
20.090060 0.000000 0.000000 0.000000 0.000000 0.000000 0.000000 0.000000 0.000000 0.000000 
20.111604 0.000000 0.000000 0.000000 0.000000 0.000000 0.000000 0.000000 0.000000 0.000000 
20.133148 0.000000 0.000000 0.000000 0.000000 0.000000 0.000000 0.000000 0.000000 0.000000 
20.154693 0.000000 0.000000 0.000000 0.000000 0.000000 0.000000 0.000000 0.000000 0.000000 
20.176237 0.000000 0.000000 0.000000 0.000000 0.000000 0.000000 0.000000 0.000000 0.000000 
20.197782 0.000000 0.000000 0.000000 0.000000 0.000000 0.000000 0.000000 0.000000 0.000000 
20.219325 0.000000 0.000000 0.000000 0.000000 0.000000 0.000000 0.000000 0.000000 0.000000 
20.240870 0.000000 0.000000 0.000000 0.000000 0.000000 0.000000 0.000000 0.000000 0.000000 
20.262414 0.000000 0.000000 0.000000 0.000000 0.000000 0.000000 0.000000 0.000000 0.000000 
20.283958 0.000000 0.000000 0.000000 0.000000 0.000000 0.000000 0.000000 0.000000 0.000000 
20.305503 0.000000 0.000000 0.000000 0.000000 0.000000 0.000000 0.000000 0.000000 0.000000 
20.327047 0.000000 0.000000 0.000000 0.000000 0.000000 0.000000 0.000000 0.000000 0.000000 
20.348592 0.000000 0.000000 0.000000 0.000000 0.000000 0.000000 0.000000 0.000000 0.000000 
20.370135 0.000000 0.000000 0.000000 0.000000 0.000000 0.000000 0.000000 0.000000 0.000000 
20.391680 0.000000 0.000000 0.000000 0.000000 0.000000 0.000000 0.000000 0.000000 0.000000 
20.413224 0.000000 0.000000 0.000000 0.000000 0.000000 0.000000 0.000000 0.000000 0.000000 
20.434769 0.000000 0.000000 0.000000 0.000000 0.000000 0.000000 0.000000 0.000000 0.000000 
20.456313 0.000000 0.000000 0.000000 0.000000 0.000000 0.000000 0.000000 0.000000 0.000000 
20.477857 0.000000 0.000000 0.000000 0.000000 0.000000 0.000000 0.000000 0.000000 0.000000 
20.499401 0.000000 0.000000 0.000000 0.000000 0.000000 0.000000 0.000000 0.000000 0.000000 
20.520946 0.000000 0.000000 0.000000 0.000000 0.000000 0.000000 0.000000 0.000000 0.000000 
20.542490 0.000000 0.000000 0.000000 0.000000 0.000000 0.000000 0.000000 0.000000 0.000000 
20.564034 0.000000 0.000000 0.000000 0.000000 0.000000 0.000000 0.000000 0.000000 0.000000 
20.585579 0.000000 0.000000 0.000000 0.000000 0.000000 0.000000 0.000000 0.000000 0.000000 
20.607123 0.000000 0.000000 0.000000 0.000000 0.000000 0.000000 0.000000 0.000000 0.000000 
20.628667 0.000000 0.000000 0.000000 0.000000 0.000000 0.000000 0.000000 0.000000 0.000000 
20.650211 0.000000 0.000000 0.000000 0.000000 0.000000 0.000000 0.000000 0.000000 0.000000 
20.671756 0.000000 0.000000 0.000000 0.000000 0.000000 0.000000 0.000000 0.000000 0.000000 
20.693300 0.000000 0.000000 0.000000 0.000000 0.000000 0.000000 0.000000 0.000000 0.000000 
20.714845 0.000000 0.000000 0.000000 0.000000 0.000000 0.000000 0.000000 0.000000 0.000000 
20.736389 0.000000 0.000000 0.000000 0.000000 0.000000 0.000000 0.000000 0.000000 0.000000 
20.757934 0.000000 0.000000 0.000000 0.000000 0.000000 0.000000 0.000000 0.000000 0.000000 
20.779477 0.000000 0.000000 0.000000 0.000000 0.000000 0.000000 0.000000 0.000000 0.000000 
20.801022 0.000000 0.000000 0.000000 0.000000 0.000000 0.000000 0.000000 0.000000 0.000000 
20.822566 0.000000 0.000000 0.000000 0.000000 0.000000 0.000000 0.000000 0.000000 0.000000 
20.844110 0.000000 0.000000 0.000000 0.000000 0.000000 0.000000 0.000000 0.000000 0.000000 
20.865655 0.000000 0.000000 0.000000 0.000000 0.000000 0.000000 0.000000 0.000000 0.000000 
20.887198 0.000000 0.000000 0.000000 0.000000 0.000000 0.000000 0.000000 0.000000 0.000000 
20.908743 0.000000 0.000000 0.000000 0.000000 0.000000 0.000000 0.000000 0.000000 0.000000 
20.930287 0.000000 0.000000 0.000000 0.000000 0.000000 0.000000 0.000000 0.000000 0.000000 
20.951832 0.000000 0.000000 0.000000 0.000000 0.000000 0.000000 0.000000 0.000000 0.000000 
20.973376 0.000000 0.000000 0.000000 0.000000 0.000000 0.000000 0.000000 0.000000 0.000000 
20.994921 0.000000 0.000000 0.000000 0.000000 0.000000 0.000000 0.000000 0.000000 0.000000 
21.016465 0.000000 0.000000 0.000000 0.000000 0.000000 0.000000 0.000000 0.000000 0.000000 
21.038009 0.000000 0.000000 0.000000 0.000000 0.000000 0.000000 0.000000 0.000000 0.000000 
21.059553 0.000000 0.000000 0.000000 0.000000 0.000000 0.000000 0.000000 0.000000 0.000000 
21.081098 0.000000 0.000000 0.000000 0.000000 0.000000 0.000000 0.000000 0.000000 0.000000 
21.102642 0.000000 0.000000 0.000000 0.000000 0.000000 0.000000 0.000000 0.000000 0.000000 
21.124187 0.000000 0.000000 0.000000 0.000000 0.000000 0.000000 0.000000 0.000000 0.000000 
21.145730 0.000000 0.000000 0.000000 0.000000 0.000000 0.000000 0.000000 0.000000 0.000000 
21.167274 0.000000 0.000000 0.000000 0.000000 0.000000 0.000000 0.000000 0.000000 0.000000 
21.188819 0.000000 0.000000 0.000000 0.000000 0.000000 0.000000 0.000000 0.000000 0.000000 
21.210363 0.000000 0.000000 0.000000 0.000000 0.000000 0.000000 0.000000 0.000000 0.000000 
21.231908 0.000000 0.000000 0.000000 0.000000 0.000000 0.000000 0.000000 0.000000 0.000000 
21.253452 0.000000 0.000000 0.000000 0.000000 0.000000 0.000000 0.000000 0.000000 0.000000 
21.274997 0.000000 0.000000 0.000000 0.000000 0.000000 0.000000 0.000000 0.000000 0.000000 
21.296540 0.000000 0.000000 0.000000 0.000000 0.000000 0.000000 0.000000 0.000000 0.000000 
21.318085 0.000000 0.000000 0.000000 0.000000 0.000000 0.000000 0.000000 0.000000 0.000000 
21.339629 0.000000 0.000000 0.000000 0.000000 0.000000 0.000000 0.000000 0.000000 0.000000 
21.361174 0.000000 0.000000 0.000000 0.000000 0.000000 0.000000 0.000000 0.000000 0.000000 
21.382718 0.000000 0.000000 0.000000 0.000000 0.000000 0.000000 0.000000 0.000000 0.000000 
21.404262 0.000000 0.000000 0.000000 0.000000 0.000000 0.000000 0.000000 0.000000 0.000000 
21.425806 0.000000 0.000000 0.000000 0.000000 0.000000 0.000000 0.000000 0.000000 0.000000 
21.447351 0.000000 0.000000 0.000000 0.000000 0.000000 0.000000 0.000000 0.000000 0.000000 
21.468895 0.000000 0.000000 0.000000 0.000000 0.000000 0.000000 0.000000 0.000000 0.000000 
21.490439 0.000000 0.000000 0.000000 0.000000 0.000000 0.000000 0.000000 0.000000 0.000000 
21.511984 0.000000 0.000000 0.000000 0.000000 0.000000 0.000000 0.000000 0.000000 0.000000 
21.533528 0.000000 0.000000 0.000000 0.000000 0.000000 0.000000 0.000000 0.000000 0.000000 
