# concentrations: 0.666667 0.166667 0.166667
0.010357 0.000000 0.000000 0.000000 0.000000 0.000000 0.000000 0.000000 0.000000 0.000000 
0.031072 0.000000 0.000000 0.000000 0.000000 0.000000 0.000000 0.000000 0.000000 0.000000 
0.051787 0.000000 0.000000 0.000000 0.000000 0.000000 0.000000 0.000000 0.000000 0.000000 
0.072502 0.000000 0.000000 0.000000 0.000000 0.000000 0.000000 0.000000 0.000000 0.000000 
0.093217 0.000000 0.000000 0.000000 0.000000 0.000000 0.000000 0.000000 0.000000 0.000000 
0.113932 0.000000 0.000000 0.000000 0.000000 0.000000 0.000000 0.000000 0.000000 0.000000 
0.134647 0.000000 0.000000 0.000000 0.000000 0.000000 0.000000 0.000000 0.000000 0.000000 
0.155362 0.000000 0.000000 0.000000 0.000000 0.000000 0.000000 0.000000 0.000000 0.000000 
0.176077 0.000000 0.000000 0.000000 0.000000 0.000000 0.000000 0.000000 0.000000 0.000000 
0.196792 0.000000 0.000000 0.000000 0.000000 0.000000 0.000000 0.000000 0.000000 0.000000 
0.217506 0.000000 0.000000 0.000000 0.000000 0.000000 0.000000 0.000000 0.000000 0.000000 
0.238221 0.000000 0.000000 0.000000 0.000000 0.000000 0.000000 0.000000 0.000000 0.000000 
0.258936 0.000000 0.000000 0.000000 0.000000 0.000000 0.000000 0.000000 0.000000 0.000000 
0.279651 0.000000 0.000000 0.000000 0.000000 0.000000 0.000000 0.000000 0.000000 0.000000 
0.300366 0.000000 0.000000 0.000000 0.000000 0.000000 0.000000 0.000000 0.000000 0.000000 
0.321081 0.000000 0.000000 0.000000 0.000000 0.000000 0.000000 0.000000 0.000000 0.000000 
0.341796 0.000000 0.000000 0.000000 0.000000 0.000000 0.000000 0.000000 0.000000 0.000000 
0.362511 0.000000 0.000000 0.000000 0.000000 0.000000 0.000000 0.000000 0.000000 0.000000 
0.383226 0.000000 0.000000 0.000000 0.000000 0.000000 0.000000 0.000000 0.000000 0.000000 
0.403941 0.000000 0.000000 0.000000 0.000000 0.000000 0.000000 0.000000 0.000000 0.000000 
0.424655 0.000000 0.000000 0.000000 0.000000 0.000000 0.000000 0.000000 0.000000 0.000000 
0.445370 0.000000 0.000000 0.000000 0.000000 0.000000 0.000000 0.000000 0.000000 0.000000 
0.466085 0.000000 0.000000 0.000000 0.000000 0.000000 0.000000 0.000000 0.000000 0.000000 
0.486800 0.000000 0.000000 0.000000 0.000000 0.000000 0.000000 0.000000 0.000000 0.000000 
0.507515 0.000000 0.000000 0.000000 0.000000 0.000000 0.000000 0.000000 0.000000 0.000000 
0.528230 0.000000 0.000000 0.000000 0.000000 0.000000 0.000000 0.000000 0.000000 0.000000 
0.548945 0.000000 0.000000 0.000000 0.000000 0.000000 0.000000 0.000000 0.000000 0.000000 
0.569660 0.000000 0.000000 0.000000 0.000000 0.000000 0.000000 0.000000 0.000000 0.000000 
0.590375 0.000000 0.000000 0.000000 0.000000 0.000000 0.000000 0.000000 0.000000 0.000000 
0.611090 0.000000 0.000000 0.000000 0.000000 0.000000 0.000000 0.000000 0.000000 0.000000 
0.631804 0.000000 0.000000 0.000000 0.000000 0.000000 0.000000 0.000000 0.000000 0.000000 
0.652519 0.000000 0.000000 0.000000 0.000000 0.000000 0.000000 0.000000 0.000000 0.000000 
0.673234 0.000000 0.000000 0.000000 0.000000 0.000000 0.000000 0.000000 0.000000 0.000000 
0.693949 0.000000 0.000000 0.000000 0.000000 0.000000 0.000000 0.000000 0.000000 0.000000 
0.714664 0.000000 0.000155 0.000000 0.000155 0.000000 0.000000 0.000000 0.000000 0.000000 
0.735379 0.000000 0.011686 0.000000 0.011686 0.000053 0.000053 0.000000 0.000053 0.000000 
0.756094 0.000000 0.162611 0.000000 0.162611 0.000805 0.005329 0.000000 0.005329 0.000000 
0.776809 0.000000 0.825468 0.000000 0.825468 0.010961 0.056347 0.000000 0.056347 0.000000 
0.797524 0.000000 2.178855 0.000525 2.178855 0.056830 0.260376 0.000525 0.260376 0.000000 
0.818239 0.000000 3.656549 0.017719 3.656549 0.160379 0.689576 0.017719 0.689576 0.000644 
0.838953 0.000003 4.589795 0.170429 4.589795 0.319251 1.217399 0.170429 1.217399 0.015035 
0.859668 0.000034 4.719396 0.751242 4.719396 0.495183 1.644983 0.751242 1.644983 0.081480 
0.880383 0.001915 4.302004 1.897190 4.302004 0.635401 1.886376 1.897190 1.886376 0.287611 
0.901098 0.028078 3.657652 3.234931 3.657652 0.728604 1.929694 3.234931 1.929694 0.615805 
0.921813 0.185265 2.953890 4.190640 2.953890 0.797143 1.827438 4.190640 1.827438 0.978365 
0.942528 0.658483 2.349475 4.506082 2.349475 0.813471 1.669387 4.506082 1.669387 1.286178 
0.963243 1.490258 1.863760 4.263971 1.863760 0.817171 1.496324 4.263971 1.496324 1.441005 
0.983958 2.431821 1.482139 3.737792 1.482139 0.811938 1.310457 3.737792 1.310457 1.487959 
1.004673 3.150188 1.190102 3.119864 1.190102 0.789259 1.152941 3.119864 1.152941 1.447833 
1.025388 3.458353 0.970167 2.526661 0.970167 0.777107 1.028982 2.526661 1.028982 1.340881 
1.046102 3.399304 0.809707 2.027181 0.809707 0.771079 0.926143 2.027181 0.926143 1.221644 
1.066817 3.094601 0.684424 1.626518 0.684424 0.765304 0.851406 1.626518 0.851406 1.086783 
1.087532 2.683726 0.594011 1.302974 0.594011 0.767039 0.787957 1.302974 0.787957 0.982195 
1.108247 2.266940 0.524057 1.068505 0.524057 0.781317 0.743425 1.068505 0.743425 0.886140 
1.128962 1.880547 0.473095 0.881556 0.473095 0.799816 0.704724 0.881556 0.704724 0.805885 
1.149677 1.558087 0.438962 0.744027 0.438962 0.835040 0.688828 0.744027 0.688828 0.750733 
1.170392 1.295548 0.407250 0.637705 0.407250 0.871374 0.676028 0.637705 0.676028 0.696121 
1.191107 1.085729 0.389278 0.556365 0.389278 0.909476 0.671742 0.556365 0.671742 0.656410 
1.211822 0.922202 0.378248 0.495242 0.378248 0.953885 0.679439 0.495242 0.679439 0.633064 
1.232536 0.792763 0.376341 0.450658 0.376341 1.015359 0.695816 0.450658 0.695816 0.609011 
1.253251 0.692039 0.375946 0.419345 0.375946 1.064409 0.728097 0.419345 0.728097 0.604224 
1.273966 0.619003 0.384613 0.394599 0.384613 1.121285 0.759296 0.394599 0.759296 0.604487 
1.294681 0.562787 0.397793 0.380129 0.397793 1.166538 0.804139 0.380129 0.804139 0.602047 
1.315396 0.522761 0.415931 0.371360 0.415931 1.206955 0.849961 0.371360 0.849961 0.614979 
1.336111 0.491945 0.441398 0.371982 0.441398 1.248368 0.899774 0.371982 0.899774 0.639648 
1.356826 0.474043 0.474483 0.374803 0.474483 1.273743 0.955056 0.374803 0.955056 0.659568 
1.377541 0.465307 0.511533 0.385756 0.511533 1.278057 1.014667 0.385756 1.014667 0.701859 
1.398256 0.464937 0.555764 0.400723 0.555764 1.289237 1.071107 0.400723 1.071107 0.746954 
1.418971 0.472711 0.607703 0.425941 0.607703 1.288733 1.123987 0.425941 1.123987 0.805030 
1.439686 0.488947 0.672222 0.452157 0.672222 1.273698 1.166455 0.452157 1.166455 0.864750 
1.460400 0.513091 0.738493 0.487918 0.738493 1.257076 1.205889 0.487918 1.205889 0.924543 
1.481115 0.546402 0.810283 0.532984 0.810283 1.237733 1.241261 0.532984 1.241261 0.998335 
1.501830 0.587755 0.883854 0.588981 0.883854 1.227826 1.256152 0.588981 1.256152 1.067509 
1.522545 0.638574 0.955575 0.652829 0.955575 1.214710 1.261312 0.652829 1.261312 1.141282 
1.543260 0.695668 1.029578 0.723398 1.029578 1.214015 1.260928 0.723398 1.260928 1.214643 
1.563975 0.763005 1.094599 0.807063 1.094599 1.229355 1.245779 0.807063 1.245779 1.255984 
1.584690 0.834886 1.149197 0.892422 1.149197 1.251992 1.240916 0.892422 1.240916 1.301211 
1.605405 0.910109 1.193539 0.977210 1.193539 1.297829 1.232073 0.977210 1.232073 1.328737 
1.626120 0.982679 1.225339 1.058438 1.225339 1.312906 1.233133 1.058438 1.233133 1.342509 
1.646835 1.050274 1.245048 1.136557 1.245048 1.330905 1.243763 1.136557 1.243763 1.351741 
1.667549 1.109604 1.260756 1.198747 1.260756 1.334716 1.260132 1.198747 1.260132 1.338708 
1.688264 1.160339 1.270605 1.242554 1.270605 1.295454 1.287390 1.242554 1.287390 1.328276 
1.708979 1.200588 1.280425 1.274730 1.280425 1.259110 1.311910 1.274730 1.311910 1.312488 
1.729694 1.229840 1.295964 1.290851 1.295964 1.197961 1.326569 1.290851 1.326569 1.307096 
1.750409 1.247072 1.314108 1.297037 1.314108 1.122858 1.327972 1.297037 1.327972 1.318430 
1.771124 1.257331 1.328456 1.300172 1.328456 1.050016 1.310458 1.300172 1.310458 1.320148 
1.791839 1.258153 1.345478 1.295380 1.345478 0.978713 1.271431 1.295380 1.271431 1.333072 
1.812554 1.249176 1.351130 1.291877 1.351130 0.914638 1.217597 1.291877 1.217597 1.337273 
1.833269 1.233827 1.342818 1.296019 1.342818 0.847666 1.153256 1.296019 1.153256 1.337034 
1.853983 1.213963 1.319774 1.299752 1.319774 0.796167 1.081119 1.299752 1.081119 1.321404 
1.874698 1.194610 1.282431 1.305890 1.282431 0.756957 1.003301 1.305890 1.003301 1.287905 
1.895413 1.177533 1.229554 1.309683 1.229554 0.725105 0.938785 1.309683 0.938785 1.236405 
1.916128 1.164475 1.170209 1.305105 1.170209 0.698570 0.877203 1.305105 0.877203 1.175134 
1.936843 1.156877 1.105951 1.283920 1.105951 0.680450 0.820670 1.283920 0.820670 1.106966 
1.957558 1.154820 1.041693 1.256099 1.041693 0.669344 0.773552 1.256099 0.773552 1.033712 
1.978273 1.152331 0.978767 1.211510 0.978767 0.671434 0.734536 1.211510 0.734536 0.963576 
1.998988 1.147357 0.926438 1.158587 0.926438 0.677118 0.709551 1.158587 0.709551 0.899070 
2.019703 1.135404 0.878023 1.099681 0.878023 0.690619 0.686003 1.099681 0.686003 0.840802 
2.040418 1.114141 0.837134 1.038024 0.837134 0.712246 0.675986 1.038024 0.675986 0.786604 
2.061133 1.084997 0.806092 0.979983 0.806092 0.734400 0.671138 0.979983 0.671138 0.747505 
2.081847 1.047643 0.783862 0.924496 0.783862 0.762942 0.675686 0.924496 0.675686 0.715885 
2.102562 1.007591 0.769462 0.876091 0.769462 0.799404 0.685885 0.876091 0.685885 0.686105 
2.123277 0.964950 0.761319 0.832858 0.761319 0.831177 0.701409 0.832858 0.701409 0.680120 
2.143992 0.920486 0.760254 0.800389 0.760254 0.874330 0.724243 0.800389 0.724243 0.669661 
2.164707 0.881504 0.766140 0.776002 0.766140 0.912498 0.754640 0.776002 0.754640 0.668130 
2.185422 0.846240 0.775737 0.757554 0.775737 0.948670 0.787617 0.757554 0.787617 0.681520 
2.206137 0.815546 0.794105 0.747531 0.794105 0.993600 0.820552 0.747531 0.820552 0.690500 
2.226852 0.793953 0.814261 0.746752 0.814261 1.031911 0.859298 0.746752 0.859298 0.716495 
2.247567 0.780740 0.837969 0.750392 0.837969 1.062380 0.900678 0.750392 0.900678 0.740065 
2.268281 0.771131 0.866442 0.764810 0.866442 1.088982 0.941066 0.764810 0.941066 0.776989 
2.288996 0.771990 0.896952 0.782311 0.896952 1.113499 0.982256 0.782311 0.982256 0.808701 
2.309711 0.780571 0.927424 0.805705 0.927424 1.142303 1.021116 0.805705 1.021116 0.844614 
2.330426 0.794585 0.958392 0.830953 0.958392 1.158589 1.058403 0.830953 1.058403 0.895044 
2.351141 0.813274 0.988816 0.863072 0.988816 1.169094 1.092074 0.863072 1.092074 0.936609 
2.371856 0.838708 1.018047 0.895258 1.018047 1.171825 1.118731 0.895258 1.118731 0.973439 
2.392571 0.867795 1.043865 0.929210 1.043865 1.173140 1.142000 0.929210 1.142000 1.016195 
2.413286 0.899382 1.066264 0.962987 1.066264 1.174260 1.161204 0.962987 1.161204 1.053867 
2.434001 0.933260 1.088017 0.999290 1.088017 1.164808 1.174834 0.999290 1.174834 1.092374 
2.454716 0.969026 1.105829 1.028951 1.105829 1.158773 1.176477 1.028951 1.176477 1.120487 
2.475430 1.001245 1.114468 1.057031 1.114468 1.154773 1.185883 1.057031 1.185883 1.145753 
2.496145 1.034641 1.124125 1.083932 1.124125 1.137768 1.179951 1.083932 1.179951 1.169204 
2.516860 1.062790 1.127637 1.106247 1.127637 1.125413 1.175423 1.106247 1.175423 1.181897 
2.537575 1.089320 1.126384 1.121736 1.126384 1.113947 1.161817 1.121736 1.161817 1.190360 
2.558290 1.111745 1.122726 1.135951 1.122726 1.095089 1.151342 1.135951 1.151342 1.190459 
2.579005 1.129156 1.116133 1.141758 1.116133 1.078834 1.137916 1.141758 1.137916 1.188041 
2.599720 1.139679 1.106772 1.144406 1.106772 1.062442 1.123914 1.144406 1.123914 1.177119 
2.620435 1.147527 1.095878 1.142842 1.095878 1.048538 1.107307 1.142842 1.107307 1.171737 
2.641150 1.148547 1.080417 1.138366 1.080417 1.030580 1.087905 1.138366 1.087905 1.155733 
2.661865 1.147557 1.071060 1.128691 1.071060 1.018889 1.071251 1.128691 1.071251 1.137640 
2.682580 1.140336 1.057371 1.116761 1.057371 0.996244 1.057607 1.116761 1.057607 1.116391 
2.703294 1.130602 1.043104 1.102197 1.043104 0.980354 1.041008 1.102197 1.041008 1.098256 
2.724009 1.118057 1.029367 1.087896 1.029367 0.960791 1.025375 1.087896 1.025375 1.082214 
2.744724 1.102328 1.019477 1.071572 1.019477 0.946940 1.009784 1.071572 1.009784 1.068100 
2.765439 1.086535 1.007497 1.055619 1.007497 0.930851 0.991964 1.055619 0.991964 1.049895 
2.786154 1.069777 0.997158 1.038563 0.997158 0.918590 0.976667 1.038563 0.976667 1.028907 
2.806869 1.051674 0.984566 1.023825 0.984566 0.910795 0.957576 1.023825 0.957576 1.017328 
2.827584 1.034644 0.975718 1.009670 0.975718 0.900142 0.942761 1.009670 0.942761 1.000880 
2.848299 1.018564 0.966366 0.997308 0.966366 0.895874 0.926205 0.997308 0.926205 0.980274 
2.869014 1.003283 0.954159 0.986289 0.954159 0.894527 0.914782 0.986289 0.914782 0.965237 
2.889728 0.989798 0.944935 0.976471 0.944935 0.895262 0.903717 0.976471 0.903717 0.950080 
2.910443 0.977091 0.935500 0.965462 0.935500 0.893485 0.897074 0.965462 0.897074 0.938699 
2.931158 0.966933 0.928648 0.954744 0.928648 0.904559 0.891700 0.954744 0.891700 0.927122 
2.951873 0.957106 0.921678 0.945699 0.921678 0.912241 0.890680 0.945699 0.890680 0.913940 
2.972588 0.948358 0.917652 0.937662 0.917652 0.925933 0.890163 0.937662 0.890163 0.901075 
2.993303 0.941833 0.916059 0.929214 0.916059 0.935192 0.897325 0.929214 0.897325 0.895775 
3.014018 0.935755 0.916449 0.922253 0.916449 0.951090 0.901441 0.922253 0.901441 0.888091 
3.034733 0.931082 0.920656 0.917238 0.920656 0.965322 0.912540 0.917238 0.912540 0.887594 
3.055448 0.926709 0.925154 0.913536 0.925154 0.979999 0.925604 0.913536 0.925604 0.886318 
3.076163 0.924805 0.932193 0.911078 0.932193 0.997158 0.938920 0.911078 0.938920 0.893189 
3.096877 0.922824 0.942268 0.912725 0.942268 1.010679 0.954170 0.912725 0.954170 0.903755 
3.117592 0.921151 0.953924 0.915560 0.953924 1.022792 0.969089 0.915560 0.969089 0.913194 
3.138307 0.923797 0.966633 0.921556 0.966633 1.034965 0.984319 0.921556 0.984319 0.924463 
3.159022 0.926761 0.979831 0.929232 0.979831 1.043662 1.000200 0.929232 1.000200 0.939057 
3.179737 0.929362 0.993990 0.940349 0.993990 1.047900 1.013762 0.940349 1.013762 0.954917 
3.200452 0.936795 1.005780 0.952005 1.005780 1.053051 1.028424 0.952005 1.028424 0.975018 
3.221167 0.945897 1.020391 0.965867 1.020391 1.061018 1.039047 0.965867 1.039047 0.993682 
3.241882 0.955385 1.031530 0.979376 1.031530 1.057981 1.048708 0.979376 1.048708 1.003231 
3.262597 0.966426 1.040309 0.995020 1.040309 1.062736 1.056034 0.995020 1.056034 1.023019 
3.283312 0.978556 1.049678 1.009402 1.049678 1.059720 1.062818 1.009402 1.062818 1.035738 
3.304026 0.990695 1.056500 1.023296 1.056500 1.057937 1.065924 1.023296 1.065924 1.047687 
3.324741 1.002695 1.059815 1.034576 1.059815 1.052643 1.068843 1.034576 1.068843 1.058538 
3.345456 1.015431 1.063382 1.047040 1.063382 1.047562 1.068867 1.047040 1.068867 1.062319 
3.366171 1.027765 1.064137 1.055190 1.064137 1.041417 1.063045 1.055190 1.063045 1.069334 
3.386886 1.037635 1.063318 1.061429 1.063318 1.034033 1.062916 1.061429 1.062916 1.071666 
3.407601 1.046319 1.062367 1.066777 1.062367 1.025203 1.055491 1.066777 1.055491 1.076352 
3.428316 1.053322 1.057629 1.071237 1.057629 1.017688 1.049528 1.071237 1.049528 1.076423 
3.449031 1.058694 1.052064 1.070336 1.052064 1.011924 1.042158 1.070336 1.042158 1.071331 
3.469746 1.061679 1.045495 1.068505 1.045495 1.008061 1.035335 1.068505 1.035335 1.065316 
3.490461 1.064447 1.038729 1.066002 1.038729 0.999493 1.028456 1.066002 1.028456 1.059095 
3.511176 1.064818 1.031481 1.061891 1.031481 0.993167 1.020285 1.061891 1.020285 1.054200 
3.531890 1.063055 1.022544 1.056293 1.022544 0.986092 1.009994 1.056293 1.009994 1.041269 
3.552605 1.059138 1.015878 1.049212 1.015878 0.978174 1.002410 1.049212 1.002410 1.035559 
3.573320 1.054180 1.005247 1.040899 1.005247 0.975683 0.995099 1.040899 0.995099 1.025104 
3.594035 1.048127 0.998224 1.031227 0.998224 0.971515 0.987431 1.031227 0.987431 1.016709 
3.614750 1.040299 0.989786 1.023463 0.989786 0.970565 0.979058 1.023463 0.979058 1.006028 
3.635465 1.033344 0.983710 1.013295 0.983710 0.967143 0.975765 1.013295 0.975765 0.999083 
3.656180 1.024826 0.977525 1.005069 0.977525 0.965530 0.972925 1.005069 0.972925 0.991498 
3.676895 1.016524 0.972596 0.995970 0.972596 0.963250 0.966436 0.995970 0.966436 0.982589 
3.697610 1.007905 0.967354 0.987915 0.967354 0.964962 0.966534 0.987915 0.966534 0.976721 
3.718324 1.000066 0.963118 0.981238 0.963118 0.965071 0.963281 0.981238 0.963281 0.970539 
3.739039 0.991813 0.961661 0.973972 0.961661 0.964161 0.960238 0.973972 0.960238 0.962735 
3.759754 0.985174 0.959242 0.969430 0.959242 0.966175 0.959887 0.969430 0.959887 0.963075 
3.780469 0.978454 0.960794 0.964180 0.960794 0.971433 0.959821 0.964180 0.959821 0.957500 
3.801184 0.971909 0.960792 0.960733 0.960792 0.975284 0.961996 0.960733 0.961996 0.954645 
3.821899 0.967453 0.962079 0.957695 0.962079 0.979177 0.963993 0.957695 0.963993 0.956296 
3.842614 0.964098 0.962150 0.956757 0.962150 0.984436 0.966595 0.956757 0.966595 0.955569 
3.863329 0.960902 0.965881 0.954835 0.965881 0.992607 0.971227 0.954835 0.971227 0.956349 
3.884044 0.959480 0.968697 0.956406 0.968697 0.996800 0.977564 0.956406 0.977564 0.960700 
3.904759 0.958690 0.973510 0.958375 0.973510 0.999532 0.980110 0.958375 0.980110 0.960952 
3.925473 0.960143 0.977210 0.960633 0.977210 1.007319 0.987412 0.960633 0.987412 0.963921 
3.946188 0.961059 0.982475 0.963530 0.982475 1.009391 0.990778 0.963530 0.990778 0.968066 
3.966903 0.963310 0.986954 0.967570 0.986954 1.017076 0.998657 0.967570 0.998657 0.977176 
3.987618 0.966094 0.991329 0.971202 0.991329 1.019065 1.002676 0.971202 1.002676 0.980514 
4.008333 0.970459 0.997027 0.977579 0.997027 1.025153 1.008828 0.977579 1.008828 0.985906 
4.029048 0.974530 1.002658 0.982410 1.002658 1.029209 1.013495 0.982410 1.013495 0.992689 
4.049763 0.978948 1.008084 0.987604 1.008084 1.027439 1.019586 0.987604 1.019586 0.999231 
4.070478 0.984183 1.013293 0.993291 1.013293 1.027382 1.022537 0.993291 1.022537 1.004433 
4.091193 0.988735 1.016738 0.999366 1.016738 1.031084 1.026162 0.999366 1.026162 1.011938 
4.111907 0.994259 1.020813 1.003791 1.020813 1.028356 1.028985 1.003791 1.028985 1.019192 
4.132622 0.999207 1.023974 1.009890 1.023974 1.026873 1.029116 1.009890 1.029116 1.021760 
4.153337 1.004117 1.026639 1.015473 1.026639 1.024465 1.032290 1.015473 1.032290 1.024574 
4.174052 1.008945 1.027568 1.019749 1.027568 1.022166 1.030009 1.019749 1.030009 1.029681 
4.194767 1.013179 1.029094 1.024287 1.029094 1.020078 1.030185 1.024287 1.030185 1.029804 
4.215482 1.017518 1.029381 1.027656 1.029381 1.017129 1.029367 1.027656 1.029367 1.036696 
4.236197 1.021249 1.029990 1.029136 1.029990 1.008138 1.026281 1.029136 1.026281 1.036124 
4.256912 1.023408 1.027482 1.030542 1.027482 1.010032 1.025565 1.030542 1.025565 1.035790 
4.277627 1.026179 1.026183 1.032097 1.026183 1.005719 1.020383 1.032097 1.020383 1.035474 
4.298342 1.027681 1.023780 1.032042 1.023780 0.999080 1.015430 1.032042 1.015430 1.030434 
4.319057 1.028015 1.019947 1.030943 1.019947 0.997163 1.013523 1.030943 1.013523 1.029447 
4.339772 1.027842 1.017672 1.029341 1.017672 0.989469 1.008827 1.029341 1.008827 1.025769 
4.360487 1.027595 1.013080 1.027847 1.013080 0.992017 1.006106 1.027847 1.006106 1.020559 
4.381201 1.025859 1.009524 1.024450 1.009524 0.985763 1.000154 1.024450 1.000154 1.017336 
4.401916 1.024780 1.005268 1.021400 1.005268 0.983071 0.995755 1.021400 0.995755 1.014097 
4.422631 1.022417 1.001375 1.016741 1.001375 0.981421 0.992072 1.016741 0.992072 1.007350 
4.443346 1.019192 0.997321 1.013407 0.997321 0.979441 0.988453 1.013407 0.988453 1.003190 
4.464061 1.015940 0.994629 1.008256 0.994629 0.980438 0.985071 1.008256 0.985071 1.000139 
4.484776 1.011315 0.990332 1.003963 0.990332 0.980138 0.982321 1.003963 0.982321 0.995437 
4.505491 1.007837 0.987137 0.999820 0.987137 0.980235 0.980506 0.999820 0.980506 0.991226 
4.526206 1.004894 0.984933 0.996803 0.984933 0.979832 0.980508 0.996803 0.980508 0.987359 
4.546920 1.000912 0.983295 0.991958 0.983295 0.982487 0.976840 0.991958 0.976840 0.982003 
4.567635 0.997252 0.980365 0.987990 0.980365 0.983882 0.978311 0.987990 0.978311 0.981223 
4.588350 0.993855 0.980548 0.985244 0.980548 0.984399 0.977095 0.985244 0.977095 0.978376 
4.609065 0.990002 0.979255 0.983002 0.979255 0.986584 0.978550 0.983002 0.978550 0.978032 
4.629780 0.987900 0.979436 0.980584 0.979436 0.989224 0.978716 0.980584 0.978716 0.976218 
4.650495 0.985492 0.980129 0.979372 0.980129 0.993671 0.982763 0.979372 0.982763 0.974701 
4.671210 0.982620 0.981107 0.978126 0.981107 0.994100 0.983907 0.978126 0.983907 0.976483 
4.691925 0.980935 0.982638 0.977264 0.982638 0.995417 0.986825 0.977264 0.986825 0.977892 
4.712640 0.980902 0.983777 0.977650 0.983777 1.001670 0.987403 0.977650 0.987403 0.980531 
4.733355 0.980365 0.986055 0.978333 0.986055 1.002654 0.991364 0.978333 0.991364 0.980845 
4.754069 0.979788 0.989083 0.980077 0.989083 1.005186 0.995609 0.980077 0.995609 0.982335 
4.774784 0.981138 0.991064 0.981412 0.991064 1.007234 0.995632 0.981412 0.995632 0.985801 
4.795499 0.981108 0.993885 0.982918 0.993885 1.010239 1.000325 0.982918 1.000325 0.987781 
4.816214 0.982964 0.996346 0.985577 0.996346 1.011910 1.002617 0.985577 1.002617 0.992506 
4.836929 0.984940 0.999519 0.987320 0.999519 1.010866 1.005393 0.987320 1.005393 0.992281 
4.857644 0.987083 1.001630 0.991241 1.001630 1.012565 1.008056 0.991241 1.008056 0.996943 
4.878359 0.989118 1.004340 0.995061 1.004340 1.014071 1.010425 0.995061 1.010425 0.999763 
4.899074 0.991933 1.005221 0.997582 1.005221 1.014397 1.012714 0.997582 1.012714 1.003077 
4.919789 0.994936 1.008541 1.000256 1.008541 1.015218 1.013414 1.000256 1.013414 1.008719 
4.940504 0.997085 1.010483 1.003105 1.010483 1.014274 1.014994 1.003105 1.014994 1.010164 
4.961218 1.000124 1.012448 1.006349 1.012448 1.013649 1.015647 1.006349 1.015647 1.011346 
4.981933 1.002297 1.013228 1.008292 1.013228 1.011040 1.015142 1.008292 1.015142 1.015262 
5.002648 1.005609 1.013542 1.009723 1.013542 1.012507 1.016197 1.009723 1.016197 1.016673 
5.023363 1.007421 1.014002 1.012051 1.014002 1.007623 1.015657 1.012051 1.015657 1.017295 
5.044078 1.009239 1.013584 1.014114 1.013584 1.008863 1.014602 1.014114 1.014602 1.017835 
5.064793 1.011353 1.013915 1.014982 1.013915 1.006600 1.012803 1.014982 1.012803 1.016898 
5.085508 1.012228 1.013169 1.014893 1.013169 1.005598 1.011553 1.014893 1.011553 1.018091 
5.106223 1.013471 1.011808 1.015305 1.011808 1.004072 1.011356 1.015305 1.011356 1.015293 
5.126938 1.014056 1.010948 1.015663 1.010948 1.001623 1.008963 1.015663 1.008963 1.016868 
5.147653 1.013965 1.009626 1.014632 1.009626 0.999572 1.007806 1.014632 1.007806 1.012846 
5.168367 1.014263 1.008129 1.013570 1.008129 0.997348 1.005766 1.013570 1.005766 1.011715 
5.189082 1.013784 1.006479 1.012723 1.006479 0.996587 1.002329 1.012723 1.002329 1.010294 
5.209797 1.013034 1.004391 1.011447 1.004391 0.993780 1.001175 1.011447 1.001175 1.008580 
5.230512 1.011855 1.003326 1.010149 1.003326 0.990726 0.997419 1.010149 0.997419 1.010497 
5.251227 1.010581 1.000302 1.007735 1.000302 0.993803 0.997102 1.007735 0.997102 1.004346 
5.271942 1.008981 0.998822 1.005829 0.998822 0.991413 0.993814 1.005829 0.993814 1.001839 
5.292657 1.007491 0.996701 1.004347 0.996701 0.991182 0.992306 1.004347 0.992306 0.999948 
5.313372 1.005642 0.995560 1.002420 0.995560 0.991261 0.990661 1.002420 0.990661 0.997408 
5.334087 1.003733 0.995129 0.999829 0.995129 0.990317 0.991563 0.999829 0.991563 0.995364 
5.354802 1.001957 0.992831 0.998586 0.992831 0.989312 0.990468 0.998586 0.990468 0.993012 
5.375516 1.000421 0.991725 0.995801 0.991725 0.990351 0.989672 0.995801 0.989672 0.990652 
5.396231 0.997917 0.991098 0.994248 0.991098 0.988624 0.989168 0.994248 0.989168 0.990557 
5.416946 0.996657 0.990265 0.993226 0.990265 0.991511 0.987742 0.993226 0.987742 0.989681 
5.437661 0.995226 0.989927 0.991711 0.989927 0.992918 0.989123 0.991711 0.989123 0.988962 
5.458376 0.993722 0.989665 0.991167 0.989665 0.994869 0.989026 0.991167 0.989026 0.987063 
5.479091 0.992122 0.990284 0.990004 0.990284 0.996228 0.989630 0.990004 0.989630 0.987944 
5.499806 0.991656 0.989088 0.989558 0.989088 0.996260 0.990503 0.989558 0.990503 0.989408 
5.520521 0.990739 0.990976 0.989025 0.990976 0.998963 0.994476 0.989025 0.994476 0.987859 
5.541236 0.990332 0.991843 0.988330 0.991843 0.999638 0.993380 0.988330 0.993380 0.990365 
5.561951 0.990436 0.993144 0.989022 0.993144 1.002112 0.995356 0.989022 0.995356 0.989578 
5.582665 0.990144 0.994027 0.990380 0.994027 1.000590 0.996842 0.990380 0.996842 0.991109 
5.603380 0.990146 0.996225 0.990781 0.996225 1.002901 0.998789 0.990781 0.998789 0.992497 
5.624095 0.991395 0.996439 0.991611 0.996439 1.005247 1.001287 0.991611 1.001287 0.994217 
5.644810 0.991581 0.998606 0.993039 0.998606 1.004487 1.000954 0.993039 1.000954 0.995274 
5.665525 0.992712 0.998934 0.994320 0.998934 1.005086 1.002463 0.994320 1.002463 0.998103 
5.686240 0.993430 1.001834 0.995207 1.001834 1.007489 1.003206 0.995207 1.003206 0.996819 
5.706955 0.994511 1.002550 0.997117 1.002550 1.007020 1.004312 0.997117 1.004312 0.999409 
5.727670 0.995900 1.003954 0.998179 1.003954 1.007669 1.005838 0.998179 1.005838 1.003021 
5.748384 0.997495 1.004910 1.000157 1.004910 1.007985 1.007769 1.000157 1.007769 1.004172 
5.769099 0.998875 1.005501 1.002143 1.005501 1.008026 1.007675 1.002143 1.007675 1.004120 
5.789814 0.999937 1.005778 1.003216 1.005778 1.007144 1.009241 1.003216 1.009241 1.005334 
5.810529 1.001292 1.006458 1.004208 1.006458 1.005761 1.008685 1.004208 1.008685 1.008120 
5.831244 1.003074 1.006480 1.005239 1.006480 1.005001 1.008818 1.005239 1.008818 1.008063 
5.851959 1.003384 1.007154 1.006118 1.007154 1.007308 1.008077 1.006118 1.008077 1.006694 
5.872674 1.005115 1.007325 1.006942 1.007325 1.003368 1.006711 1.006942 1.006711 1.009536 
5.893389 1.006076 1.006871 1.007129 1.006871 1.001159 1.007607 1.007129 1.007607 1.007985 
5.914104 1.006512 1.007008 1.008208 1.007008 1.003818 1.006431 1.008208 1.006431 1.008278 
5.934819 1.006843 1.006587 1.008282 1.006587 1.000533 1.006367 1.008282 1.006367 1.010325 
5.955534 1.006868 1.005256 1.007337 1.005256 1.000682 1.004330 1.007337 1.004330 1.008753 
5.976249 1.007257 1.004467 1.008131 1.004467 0.998944 1.003038 1.008131 1.003038 1.008144 
5.996964 1.007435 1.003410 1.006660 1.003410 0.998302 1.003719 1.006660 1.003719 1.007913 
6.017678 1.007327 1.003595 1.006878 1.003595 0.998016 1.001877 1.006878 1.001877 1.005184 
6.038393 1.006828 1.002144 1.005801 1.002144 0.996943 1.000715 1.005801 1.000715 1.004936 
6.059108 1.006171 1.001132 1.004835 1.001132 0.996450 0.999201 1.004835 0.999201 1.002578 
6.079823 1.005280 1.000381 1.004182 1.000381 0.996549 0.996977 1.004182 0.996977 1.001057 
6.100538 1.005086 0.998572 1.002740 0.998572 0.997128 0.996555 1.002740 0.996555 1.002425 
6.121253 1.003895 0.998444 1.001643 0.998444 0.995384 0.997289 1.001643 0.997289 0.999707 
6.141968 1.002595 0.997300 1.000213 0.997300 0.995704 0.996419 1.000213 0.996419 1.000589 
6.162683 1.001829 0.996814 0.999926 0.996814 0.993198 0.997335 0.999926 0.997335 0.997868 
6.183398 1.000936 0.996456 0.999323 0.996456 0.995138 0.994567 0.999323 0.994567 0.996934 
6.204113 0.999860 0.995335 0.997816 0.995335 0.994530 0.993518 0.997816 0.993518 0.996151 
6.224827 0.998866 0.995090 0.997183 0.995090 0.997198 0.993643 0.997183 0.993643 0.997079 
6.245542 0.998230 0.994880 0.995856 0.994880 0.997139 0.994345 0.995856 0.994345 0.994770 
6.266257 0.997487 0.995209 0.995771 0.995209 0.995201 0.994533 0.995771 0.994533 0.994261 
6.286972 0.996826 0.994549 0.995521 0.994549 0.998050 0.994754 0.995521 0.994754 0.993429 
6.307687 0.995887 0.995204 0.993987 0.995204 0.996765 0.994947 0.993987 0.994947 0.993637 
6.328402 0.995957 0.995551 0.994017 0.995551 0.998988 0.995470 0.994017 0.995470 0.995039 
6.349117 0.995474 0.995893 0.994052 0.995893 0.998857 0.994875 0.994052 0.994875 0.994492 
6.369832 0.995176 0.995902 0.995119 0.995902 0.999072 0.996617 0.995119 0.996617 0.993336 
6.390547 0.994681 0.995942 0.995111 0.995942 1.001350 0.997397 0.995111 0.997397 0.995777 
6.411262 0.994885 0.997577 0.994220 0.997577 1.001156 0.999286 0.994220 0.999286 0.996150 
6.431976 0.995239 0.998180 0.995237 0.998180 1.001103 0.998821 0.995237 0.998821 0.998869 
6.452691 0.995285 0.998912 0.996968 0.998912 1.002283 1.000173 0.996968 1.000173 0.996053 
6.473406 0.996205 0.999290 0.996676 0.999290 1.002195 1.000128 0.996676 1.000128 0.997640 
6.494121 0.996023 1.000187 0.997039 1.000187 1.003307 1.000736 0.997039 1.000736 0.999513 
6.514836 0.997114 1.000637 0.997606 1.000637 1.003293 1.002021 0.997606 1.002021 1.000577 
6.535551 0.997356 1.000970 0.998798 1.000970 1.003268 1.002360 0.998798 1.002360 1.001846 
6.556266 0.998280 1.001607 0.999056 1.001607 1.004050 1.002903 0.999056 1.002903 1.000882 
6.576981 0.998956 1.002126 0.999697 1.002126 1.005539 1.003491 0.999697 1.003491 1.002944 
6.597695 0.999932 1.002909 1.000975 1.002909 1.005083 1.003870 1.000975 1.003870 1.002288 
6.618410 1.000398 1.003674 1.001475 1.003674 1.003899 1.003189 1.001475 1.003189 1.005669 
6.639125 1.000697 1.003067 1.002076 1.003067 1.004440 1.003779 1.002076 1.003779 1.002939 
6.659840 1.001590 1.004010 1.002556 1.004010 1.003142 1.004552 1.002556 1.004552 1.005255 
6.680555 1.001568 1.003010 1.003120 1.003010 1.001829 1.005334 1.003120 1.005334 1.005595 
6.701270 1.002326 1.003609 1.003374 1.003609 1.003670 1.004457 1.003374 1.004457 1.004722 
6.721985 1.002958 1.003603 1.003921 1.003603 1.002847 1.004880 1.003921 1.004880 1.005297 
6.742700 1.003287 1.003639 1.004088 1.003639 1.000848 1.004496 1.004088 1.004496 1.004808 
6.763415 1.003995 1.003018 1.003950 1.003018 0.999910 1.003181 1.003950 1.003181 1.004980 
6.784130 1.003784 1.002897 1.003648 1.002897 1.000228 1.002893 1.003648 1.002893 1.005262 
6.804844 1.003434 1.002191 1.004421 1.002191 0.997961 1.001329 1.004421 1.001329 1.005759 
6.825559 1.003734 1.002391 1.003932 1.002391 1.000047 1.001021 1.003932 1.001021 1.004005 
6.846274 1.003372 1.001800 1.003454 1.001800 0.998120 1.000470 1.003454 1.000470 1.002742 
6.866989 1.003288 1.000738 1.003078 1.000738 0.998990 0.999699 1.003078 0.999699 1.002708 
6.887704 1.003566 1.000805 1.002348 1.000805 0.997552 0.999509 1.002348 0.999509 1.002317 
6.908419 1.002757 0.999807 1.001305 0.999807 0.998858 0.999682 1.001305 0.999682 1.000551 
6.929134 1.002637 1.000047 1.001774 1.000047 0.997690 0.998929 1.001774 0.998929 1.001218 
6.949849 1.002402 0.998719 1.000494 0.998719 0.996814 0.998942 1.000494 0.998942 1.000731 
6.970564 1.001852 0.998615 1.000650 0.998615 0.998621 0.997050 1.000650 0.997050 0.999845 
6.991279 1.000686 0.997899 0.999944 0.997899 0.997479 0.997626 0.999944 0.997626 0.997591 
7.011993 1.000738 0.997623 0.998878 0.997623 0.997599 0.996850 0.998878 0.996850 0.997424 
7.032708 1.000095 0.997805 0.999224 0.997805 0.997982 0.997066 0.999224 0.997066 0.997734 
7.053423 0.999587 0.997958 0.998167 0.997958 0.999099 0.996505 0.998167 0.996505 0.997119 
7.074138 0.998977 0.997396 0.998400 0.997396 0.997562 0.996655 0.998400 0.996655 0.997114 
7.094853 0.998872 0.997094 0.997555 0.997094 0.998360 0.995830 0.997555 0.995830 0.996717 
7.115568 0.998342 0.997194 0.997348 0.997194 0.999458 0.998059 0.997348 0.998059 0.996850 
7.136283 0.998089 0.997077 0.997246 0.997077 0.998371 0.996589 0.997246 0.996589 0.997116 
7.156998 0.997634 0.997452 0.997272 0.997452 1.000150 0.998190 0.997272 0.998190 0.997258 
7.177713 0.997766 0.997587 0.997348 0.997587 0.999088 0.997896 0.997348 0.997896 0.998805 
7.198428 0.997330 0.997548 0.996954 0.997548 1.000474 0.999262 0.996954 0.999262 0.996454 
7.219142 0.997519 0.998702 0.997261 0.998702 1.001695 0.999599 0.997261 0.999599 0.997492 
7.239857 0.997676 0.998805 0.997408 0.998805 1.000922 0.999344 0.997408 0.999344 0.997497 
7.260572 0.997569 0.999048 0.997547 0.999048 1.002073 0.999864 0.997547 0.999864 0.998644 
7.281287 0.997566 0.999023 0.997991 0.999023 1.003057 1.000956 0.997991 1.000956 0.999077 
7.302002 0.997950 0.999480 0.998497 0.999480 1.000337 1.000441 0.998497 1.000441 0.999128 
7.322717 0.998194 1.000069 0.998370 1.000069 1.001904 1.001342 0.998370 1.001342 0.999193 
7.343432 0.998218 1.000327 0.998893 1.000327 1.001315 1.000980 0.998893 1.000980 1.000174 
7.364147 0.998727 1.000718 0.999079 1.000718 1.001138 1.000382 0.999079 1.000382 1.001008 
7.384862 0.998805 1.000821 0.999991 1.000821 1.002161 1.001691 0.999991 1.001691 1.001090 
7.405577 0.999462 1.001875 1.000436 1.001875 1.003014 1.001564 1.000436 1.001564 1.001924 
7.426291 0.999965 1.001994 1.000271 1.001994 1.001062 1.002419 1.000271 1.002419 1.001421 
7.447006 1.000129 1.001884 1.001381 1.001884 1.004057 1.001460 1.001381 1.001460 1.003037 
7.467721 1.000666 1.001723 1.001023 1.001723 1.001631 1.002216 1.001023 1.002216 1.001910 
7.488436 1.000784 1.001771 1.001743 1.001771 1.002341 1.002785 1.001743 1.002785 1.003002 
7.509151 1.001238 1.001546 1.001474 1.001546 1.001058 1.001297 1.001474 1.001297 1.001510 
7.529866 1.001511 1.001934 1.001698 1.001934 1.001112 1.002312 1.001698 1.002312 1.003052 
7.550581 1.001515 1.001558 1.002224 1.001558 1.001566 1.002765 1.002224 1.002765 1.002831 
7.571296 1.001830 1.002178 1.002118 1.002178 1.001105 1.001905 1.002118 1.001905 1.001868 
7.592011 1.002024 1.001568 1.002356 1.001568 1.000046 1.000955 1.002356 1.000955 1.002281 
7.612726 1.002010 1.001010 1.002482 1.001010 1.000831 1.001789 1.002482 1.001789 1.002334 
7.633440 1.002214 1.001202 1.002325 1.001202 0.998710 1.000875 1.002325 1.000875 1.002285 
7.654155 1.001853 1.001033 1.001840 1.001033 0.999808 1.000558 1.001840 1.000558 1.001861 
7.674870 1.002041 1.000871 1.001139 1.000871 0.999050 0.999685 1.001139 0.999685 1.000540 
7.695585 1.001780 1.000869 1.001201 1.000869 0.997694 1.000658 1.001201 1.000658 1.002050 
7.716300 1.001532 1.000563 1.001354 1.000563 0.999383 0.999875 1.001354 0.999875 1.000925 
7.737015 1.001639 0.999772 1.000676 0.999772 0.998478 0.999317 1.000676 0.999317 1.001698 
7.757730 1.001437 1.000116 1.001213 1.000116 1.000252 0.999612 1.001213 0.999612 1.000320 
7.778445 1.001193 0.999192 0.999904 0.999192 0.997793 0.999585 0.999904 0.999585 1.000138 
7.799160 1.000698 0.999007 1.000551 0.999007 0.998946 0.998893 1.000551 0.998893 1.000320 
7.819875 1.000496 0.999344 1.000583 0.999344 0.998830 0.998818 1.000583 0.998818 0.999765 
7.840590 1.000100 0.999419 0.999548 0.999419 0.998948 0.998432 0.999548 0.998432 0.999361 
7.861304 0.999948 0.999100 0.999598 0.999100 0.999307 0.998322 0.999598 0.998322 0.999958 
7.882019 0.999776 0.998671 0.999075 0.998671 0.999128 0.998171 0.999075 0.998171 0.998751 
7.902734 0.999343 0.998484 0.998798 0.998484 0.999424 0.997321 0.998798 0.997321 0.999369 
7.923449 0.999547 0.998623 0.998397 0.998623 0.999535 0.999228 0.998397 0.999228 0.997864 
7.944164 0.999409 0.998285 0.998615 0.998285 0.999098 1.000159 0.998615 1.000159 0.999804 
7.964879 0.998990 0.998387 0.998479 0.998387 0.999788 0.998984 0.998479 0.998984 0.997571 
7.985594 0.998554 0.999100 0.998695 0.999100 1.001025 0.998177 0.998695 0.998177 0.999783 
8.006309 0.998943 0.998518 0.998310 0.998518 0.999738 0.999584 0.998310 0.999584 0.998750 
8.027024 0.998942 0.998379 0.998709 0.998379 1.000273 0.999140 0.998709 0.999140 0.998776 
8.047739 0.998696 0.999040 0.998412 0.999040 1.000738 1.000194 0.998412 1.000194 0.999445 
8.068453 0.998508 0.999139 0.998313 0.999139 0.999664 0.999194 0.998313 0.999194 0.999454 
8.089168 0.998852 0.998715 0.998689 0.998715 0.999941 1.000361 0.998689 1.000361 0.998994 
8.109883 0.999142 1.000231 0.999192 1.000231 1.001313 1.000215 0.999192 1.000215 0.998526 
8.130598 0.999277 1.000216 0.998944 1.000216 1.002289 1.000801 0.998944 1.000801 0.999619 
8.151313 0.999166 1.000010 0.999246 1.000010 1.002094 1.000211 0.999246 1.000211 0.998735 
8.172028 0.999216 1.000321 0.999906 1.000321 1.000296 1.000035 0.999906 1.000035 0.999439 
8.192743 0.999277 0.999920 0.999433 0.999920 1.001398 1.001238 0.999433 1.001238 1.000872 
8.213458 0.999653 1.000886 1.000636 1.000886 1.001816 1.001024 1.000636 1.001024 1.000627 
8.234172 0.999685 1.000673 0.999861 1.000673 1.001264 1.000988 0.999861 1.000988 1.001678 
8.254887 1.000268 1.000542 1.000497 1.000542 1.002158 1.000809 1.000497 1.000809 1.001159 
8.275602 0.999960 1.000878 1.000307 1.000878 1.000282 1.001143 1.000307 1.001143 1.001066 
8.296318 1.000357 1.000898 1.000618 1.000898 1.000704 1.001024 1.000618 1.001024 1.002103 
8.317032 1.000415 1.001008 1.000734 1.001008 1.000996 1.001563 1.000734 1.001563 1.000385 
8.337747 1.000739 1.000974 1.000955 1.000974 0.999786 1.000994 1.000955 1.000994 1.000109 
8.358462 1.000751 1.001245 1.000802 1.001245 1.000619 1.001316 1.000802 1.001316 1.001216 
8.379177 1.001061 1.000994 1.001154 1.000994 1.000227 1.001128 1.001154 1.001128 1.001288 
8.399891 1.001127 1.000662 1.001232 1.000662 1.000278 1.000548 1.001232 1.000548 1.002831 
8.420607 1.001071 1.000760 1.000652 1.000760 0.999217 1.000887 1.000652 1.000887 1.002096 
8.441322 1.001403 1.000843 1.001277 1.000843 1.001081 1.001871 1.001277 1.001871 1.001267 
8.462037 1.000867 1.000866 1.000618 1.000866 0.998977 1.000466 1.000618 1.000466 1.001751 
8.482751 1.001287 1.000622 1.000731 1.000622 0.999146 0.999429 1.000731 0.999429 1.000875 
8.503466 1.001171 1.000937 1.001377 1.000937 1.000944 0.999993 1.001377 0.999993 1.000393 
8.524181 1.000903 1.000522 1.001290 1.000522 0.999647 1.000138 1.001290 1.000138 1.002084 
8.544896 1.000997 1.000162 1.000391 1.000162 1.001506 0.999891 1.000391 0.999891 1.000570 
8.565611 1.000942 0.999652 1.000463 0.999652 0.998926 1.000664 1.000463 1.000664 1.001057 
8.586326 1.000333 1.000229 1.000401 1.000229 0.999335 0.999709 1.000401 0.999709 1.000584 
8.607041 1.000745 0.999757 0.999813 0.999757 0.999679 1.000489 0.999813 1.000489 0.999430 
8.627756 1.000377 0.999244 1.000403 0.999244 0.998387 0.999361 1.000403 0.999361 1.002298 
8.648470 1.000665 0.999278 0.999960 0.999278 0.998709 0.999850 0.999960 0.999850 0.999738 
8.669185 1.000108 0.999374 0.999649 0.999374 0.999857 0.999053 0.999649 0.999053 0.998794 
8.689900 1.000120 0.998881 0.999980 0.998881 1.000894 0.999264 0.999980 0.999264 0.999127 
8.710616 0.999722 0.999126 0.999450 0.999126 0.998802 0.999268 0.999450 0.999268 0.998693 
8.731330 0.999653 0.999825 0.999390 0.999825 0.999190 0.999755 0.999390 0.999755 0.999960 
8.752045 0.999460 0.999375 1.000080 0.999375 0.999207 0.999188 1.000080 0.999188 0.998248 
8.772760 0.999559 0.999538 0.999122 0.999538 0.999325 0.999208 0.999122 0.999208 1.000157 
8.793475 0.999401 0.999486 0.999265 0.999486 0.999002 0.999200 0.999265 0.999200 0.998198 
8.814189 0.999743 0.999273 0.999207 0.999273 1.000654 0.999103 0.999207 0.999103 0.998970 
8.834905 0.999471 0.999444 0.999148 0.999444 0.999898 0.999594 0.999148 0.999594 1.000110 
8.855620 0.999119 0.999283 0.999347 0.999283 0.999984 0.998844 0.999347 0.998844 0.999704 
8.876335 0.999693 0.999506 0.999460 0.999506 1.000733 0.999878 0.999460 0.999878 1.000293 
8.897049 0.999407 0.999790 0.999613 0.999790 1.000867 1.000105 0.999613 1.000105 0.998974 
8.917764 0.999432 0.999763 0.999191 0.999763 1.001038 1.000541 0.999191 1.000541 0.999893 
8.938479 0.999357 0.999777 0.998982 0.999777 1.000617 0.999533 0.998982 0.999533 0.999434 
8.959194 0.999565 0.999888 0.999484 0.999888 0.999806 0.999706 0.999484 0.999706 1.000607 
8.979909 0.999509 0.999433 0.999622 0.999433 1.000354 1.001017 0.999622 1.001017 0.999659 
9.000624 0.999802 1.000388 0.999748 1.000388 1.000517 1.000600 0.999748 1.000600 0.999268 
9.021339 0.999704 1.000254 0.999874 1.000254 1.000069 1.000850 0.999874 1.000850 0.999514 
9.042054 0.999535 1.000628 1.000103 1.000628 1.001084 1.000248 1.000103 1.000248 1.000698 
9.062768 1.000121 1.000573 1.000129 1.000573 1.001471 1.000128 1.000129 1.000128 1.001173 
9.083483 1.000134 0.999785 1.000213 0.999785 1.001284 1.001437 1.000213 1.001437 1.000802 
9.104198 1.000163 1.000554 1.000584 1.000554 1.000114 1.000881 1.000584 1.000881 1.002102 
9.124913 1.000240 1.000110 1.000411 1.000110 1.000521 1.000897 1.000411 1.000897 1.001623 
9.145628 1.000376 1.000839 1.000278 1.000839 0.999344 1.000263 1.000278 1.000263 1.000714 
9.166343 1.000578 1.001031 1.000679 1.001031 1.000876 1.000768 1.000679 1.000768 1.000957 
9.187058 1.000236 1.000676 1.000262 1.000676 0.999199 1.000461 1.000262 1.000461 1.000927 
9.207773 1.000580 1.000116 1.000538 1.000116 1.001509 1.001715 1.000538 1.001715 1.000283 
9.228487 1.000901 1.000255 1.000438 1.000255 1.001187 1.000174 1.000438 1.000174 1.002147 
9.249202 1.000934 1.000622 1.000528 1.000622 1.000155 1.000614 1.000528 1.000614 1.000944 
9.269917 1.000640 1.000182 1.000968 1.000182 1.000273 1.000317 1.000968 1.000317 1.001750 
9.290633 1.000725 1.000292 1.000274 1.000292 1.000106 1.000905 1.000274 1.000905 1.000680 
9.311347 1.000639 1.000012 1.000284 1.000012 1.000966 1.000873 1.000284 1.000873 1.000094 
9.332062 1.000734 1.000175 1.000212 1.000175 1.000196 1.000242 1.000212 1.000242 1.000750 
9.352777 1.000466 1.000162 1.000860 1.000162 1.000284 0.999533 1.000860 0.999533 1.001477 
9.373492 1.000530 1.000202 1.000366 1.000202 0.999605 0.999826 1.000366 0.999826 1.001395 
9.394207 1.000444 0.999370 1.000461 0.999370 0.999292 1.000265 1.000461 1.000265 1.000960 
9.414922 1.000320 0.999993 1.000169 0.999993 0.999859 1.000021 1.000169 1.000021 1.000369 
9.435637 1.000601 0.999875 1.000131 0.999875 0.999517 1.000078 1.000131 1.000078 0.999721 
9.456352 1.000150 0.999693 0.999691 0.999693 0.999884 0.999821 0.999691 0.999821 1.000828 
9.477067 1.000328 1.000017 0.999843 1.000017 1.000156 0.999574 0.999843 0.999574 0.999672 
9.497781 1.000136 0.999683 0.999947 0.999683 1.000333 0.999293 0.999947 0.999293 1.000505 
9.518496 1.000421 0.999844 0.999177 0.999844 0.999797 0.998555 0.999177 0.998555 0.999355 
9.539211 0.999621 0.999933 0.999999 0.999933 0.999495 0.999536 0.999999 0.999536 1.000907 
9.559927 0.999659 0.999569 0.999661 0.999569 1.000007 0.999516 0.999661 0.999516 0.999096 
9.580641 0.999918 0.999915 0.999843 0.999915 0.999850 1.000205 0.999843 1.000205 1.000024 
9.601356 0.999965 0.999256 0.999699 0.999256 0.999366 0.999502 0.999699 0.999502 0.999648 
9.622071 0.999605 0.999731 0.999682 0.999731 1.000327 1.000529 0.999682 1.000529 0.999146 
9.642786 0.999916 0.999696 0.999593 0.999696 1.000049 0.999673 0.999593 0.999673 0.999515 
9.663500 0.999791 0.999763 0.999658 0.999763 1.001572 0.999915 0.999658 0.999915 1.000963 
9.684216 0.999814 0.999627 0.999379 0.999627 1.000834 0.999909 0.999379 0.999909 0.999421 
9.704931 0.999767 1.000139 0.999682 1.000139 1.000962 1.000013 0.999682 1.000013 0.999302 
9.725646 0.999639 0.999809 0.999452 0.999809 0.999738 1.000010 0.999452 1.000010 1.000442 
9.746360 0.999982 0.999978 0.999389 0.999978 1.000026 1.000147 0.999389 1.000147 1.000137 
9.767075 0.999786 1.000186 1.000052 1.000186 0.999606 1.000082 1.000052 1.000082 1.000265 
9.787790 0.999708 1.000134 0.999703 1.000134 1.001002 0.999541 0.999703 0.999541 1.000675 
9.808505 0.999781 1.000176 1.000431 1.000176 1.001008 0.999317 1.000431 0.999317 1.000279 
9.829220 0.999806 0.999711 0.999699 0.999711 1.000941 1.000066 0.999699 1.000066 0.999648 
9.849935 0.999899 0.999980 1.000238 0.999980 1.002122 0.999673 1.000238 0.999673 0.999987 
9.870650 0.999838 1.000024 0.999884 1.000024 1.000059 1.000023 0.999884 1.000023 1.000665 
9.891365 1.000286 0.999713 1.000215 0.999713 1.001526 0.999842 1.000215 0.999842 1.001295 
9.912079 0.999879 1.000503 1.000109 1.000503 1.000323 1.000563 1.000109 1.000563 1.001098 
9.932794 1.000329 1.000260 1.000390 1.000260 1.000225 1.000841 1.000390 1.000841 1.000777 
9.953509 1.000158 0.999955 1.000060 0.999955 0.999734 1.000805 1.000060 1.000805 0.999703 
9.974224 1.000044 1.000244 1.000331 1.000244 0.999052 1.000421 1.000331 1.000421 0.999612 
9.994939 1.000198 1.000626 1.000155 1.000626 1.001642 1.000548 1.000155 1.000548 1.000365 
10.015654 1.000140 1.000291 1.000342 1.000291 1.000142 1.000370 1.000342 1.000370 1.000250 
10.036369 1.000414 1.000191 1.000093 1.000191 1.001028 1.001006 1.000093 1.001006 1.000508 
10.057084 1.000492 1.000315 1.000206 1.000315 0.999697 1.000284 1.000206 1.000284 1.000175 
10.077798 1.000445 0.999925 1.000455 0.999925 0.999074 1.001199 1.000455 1.001199 1.000033 
10.098513 1.000537 1.000206 1.000340 1.000206 0.999462 1.000222 1.000340 1.000222 1.001206 
10.119228 1.000205 1.000112 1.000568 1.000112 1.000337 1.000310 1.000568 1.000310 1.000137 
10.139944 1.000483 0.999976 1.000146 0.999976 1.000042 1.000593 1.000146 1.000593 1.000555 
10.160658 1.000452 0.999952 1.000438 0.999952 1.000338 0.999892 1.000438 0.999892 1.001111 
10.181373 1.000468 1.000027 1.000305 1.000027 1.000415 1.000198 1.000305 1.000198 1.000373 
10.202088 1.000326 1.000320 1.000290 1.000320 0.998748 1.000050 1.000290 1.000050 1.000115 
10.222803 1.000582 1.000301 1.000113 1.000301 0.999380 0.999912 1.000113 0.999912 0.999817 
10.243518 1.000324 0.999642 1.000021 0.999642 1.000492 1.000250 1.000021 1.000250 1.000935 
10.264233 1.000259 0.999866 1.000074 0.999866 0.999232 0.999782 1.000074 0.999782 1.001077 
10.284948 1.000019 0.999870 1.000109 0.999870 1.000128 0.999390 1.000109 0.999390 1.000000 
10.305663 1.000217 0.999934 1.000341 0.999934 1.001491 0.999835 1.000341 0.999835 1.001013 
10.326377 1.000280 0.999843 0.999767 0.999843 1.001084 1.000361 0.999767 1.000361 0.999539 
10.347092 1.000169 0.999841 0.999858 0.999841 1.000272 1.000521 0.999858 1.000521 1.000562 
10.367807 0.997180 0.996930 0.997057 0.996930 0.996517 0.997094 0.997057 0.997094 0.997925 
10.388522 0.990774 0.990323 0.991032 0.990323 0.993133 0.991022 0.991032 0.991022 0.991044 
10.409237 0.985269 0.985208 0.984424 0.985208 0.984732 0.984058 0.984424 0.984058 0.985293 
10.429952 0.979231 0.978601 0.978832 0.978601 0.979180 0.979152 0.978832 0.979152 0.980273 
10.450667 0.973056 0.973377 0.973002 0.973377 0.973079 0.973364 0.973002 0.973364 0.972617 
10.471382 0.967154 0.967312 0.966769 0.967312 0.967172 0.967716 0.966769 0.967716 0.967518 
10.492096 0.961516 0.961510 0.961106 0.961510 0.961844 0.961152 0.961106 0.961152 0.961856 
10.512811 0.955616 0.955361 0.955098 0.955361 0.955629 0.956070 0.955098 0.956070 0.955714 
10.533526 0.949552 0.950025 0.949701 0.950025 0.949231 0.949764 0.949701 0.949764 0.950964 
10.554242 0.943955 0.944192 0.943960 0.944192 0.942808 0.944343 0.943960 0.944343 0.944020 
10.574956 0.937963 0.938507 0.938277 0.938507 0.939084 0.938522 0.938277 0.938522 0.937659 
10.595671 0.932475 0.932552 0.932142 0.932552 0.932968 0.932960 0.932142 0.932960 0.931142 
10.616386 0.926970 0.926661 0.926787 0.926661 0.927256 0.926337 0.926787 0.926337 0.926608 
10.637101 0.921067 0.921104 0.921519 0.921104 0.920135 0.921580 0.921519 0.921580 0.921743 
10.657815 0.915593 0.915531 0.915846 0.915531 0.915165 0.915986 0.915846 0.915986 0.915354 
10.678531 0.909942 0.909984 0.909581 0.909984 0.909825 0.909957 0.909581 0.909957 0.909769 
10.699246 0.904159 0.904337 0.904129 0.904337 0.903837 0.903838 0.904129 0.903838 0.905225 
10.719961 0.898777 0.898557 0.898529 0.898557 0.899875 0.897947 0.898529 0.897947 0.899344 
10.740675 0.893024 0.893180 0.892803 0.893180 0.893312 0.893386 0.892803 0.893386 0.893683 
10.761390 0.887304 0.887411 0.887484 0.887411 0.887230 0.887369 0.887484 0.887369 0.888297 
10.782105 0.882083 0.881988 0.882121 0.881988 0.882168 0.882427 0.882121 0.882427 0.881402 
10.802820 0.876380 0.876291 0.876517 0.876291 0.877534 0.876016 0.876517 0.876016 0.876960 
10.823535 0.871007 0.870693 0.870835 0.870693 0.871612 0.870735 0.870835 0.870735 0.871893 
10.844250 0.865331 0.865142 0.865810 0.865142 0.865670 0.866294 0.865810 0.866294 0.865735 
10.864965 0.860204 0.859866 0.859977 0.859866 0.861500 0.860201 0.859977 0.860201 0.860585 
10.885680 0.854688 0.854604 0.854718 0.854604 0.854182 0.854016 0.854718 0.854016 0.854165 
10.906394 0.849114 0.848967 0.849478 0.848967 0.849257 0.849544 0.849478 0.849544 0.848794 
10.927109 0.843591 0.844203 0.843771 0.844203 0.843241 0.844252 0.843771 0.844252 0.842985 
10.947824 0.838457 0.838529 0.838546 0.838529 0.837523 0.838501 0.838546 0.838501 0.837761 
10.968539 0.833153 0.832756 0.832864 0.832756 0.832607 0.832939 0.832864 0.832939 0.833426 
10.989254 0.827827 0.827528 0.827542 0.827528 0.828165 0.828132 0.827542 0.828132 0.826873 
11.009969 0.822303 0.821925 0.822093 0.821925 0.822899 0.821968 0.822093 0.821968 0.821695 
11.030684 0.816858 0.817014 0.817056 0.817014 0.816677 0.817041 0.817056 0.817041 0.816557 
11.051399 0.811844 0.811689 0.811887 0.811689 0.812298 0.811462 0.811887 0.811462 0.812611 
11.072114 0.806717 0.806251 0.806588 0.806251 0.807221 0.806307 0.806588 0.806307 0.806887 
11.092829 0.801345 0.801451 0.801275 0.801451 0.802017 0.801774 0.801275 0.801774 0.800827 
11.113544 0.795841 0.795583 0.795954 0.795583 0.795437 0.796042 0.795954 0.796042 0.796194 
11.134259 0.790808 0.790779 0.790766 0.790779 0.791189 0.790870 0.790766 0.790870 0.790732 
11.154974 0.785739 0.785371 0.785409 0.785371 0.785895 0.785517 0.785409 0.785517 0.785173 
11.175688 0.780409 0.780421 0.780350 0.780421 0.780797 0.780183 0.780350 0.780183 0.781007 
11.196403 0.775401 0.774575 0.775083 0.774575 0.774619 0.775163 0.775083 0.775163 0.774755 
11.217118 0.770171 0.769905 0.770234 0.769905 0.770438 0.770135 0.770234 0.770135 0.770019 
11.237833 0.765255 0.764835 0.764788 0.764835 0.766570 0.764378 0.764788 0.764378 0.765290 
11.258548 0.760112 0.759664 0.760015 0.759664 0.759461 0.760146 0.760015 0.760146 0.760156 
11.279263 0.754786 0.754821 0.754632 0.754821 0.755299 0.754809 0.754632 0.754809 0.754811 
11.299978 0.749824 0.749638 0.749812 0.749638 0.750265 0.750333 0.749812 0.750333 0.749099 
11.320693 0.744711 0.744624 0.744503 0.744624 0.744253 0.744431 0.744503 0.744431 0.744562 
11.341407 0.739693 0.739556 0.739342 0.739556 0.739760 0.739618 0.739342 0.739618 0.739546 
11.362122 0.734895 0.734798 0.734764 0.734798 0.735037 0.735156 0.734764 0.735156 0.735268 
11.382837 0.729882 0.729726 0.729550 0.729726 0.730040 0.730132 0.729550 0.730132 0.729150 
11.403553 0.724729 0.724908 0.724494 0.724908 0.725636 0.724767 0.724494 0.724767 0.726012 
11.424267 0.719757 0.719696 0.719713 0.719696 0.719570 0.720510 0.719713 0.720510 0.719981 
11.444982 0.714880 0.715086 0.715195 0.715086 0.715064 0.715289 0.715195 0.715289 0.715408 
11.465697 0.710096 0.710111 0.710068 0.710111 0.710432 0.710377 0.710068 0.710377 0.710480 
11.486412 0.705011 0.705170 0.705333 0.705170 0.705187 0.705368 0.705333 0.705368 0.705671 
11.507126 0.700179 0.700378 0.700281 0.700378 0.700003 0.700402 0.700281 0.700402 0.700415 
11.527842 0.695565 0.695166 0.695426 0.695166 0.696327 0.695266 0.695426 0.695266 0.696359 
11.548557 0.690680 0.690666 0.690295 0.690666 0.690166 0.690851 0.690295 0.690851 0.690901 
11.569272 0.685637 0.685792 0.685800 0.685792 0.686108 0.686007 0.685800 0.686007 0.686102 
11.589986 0.680864 0.681221 0.681076 0.681221 0.681032 0.680700 0.681076 0.680700 0.680701 
11.610701 0.676267 0.676380 0.676204 0.676380 0.676259 0.676192 0.676204 0.676192 0.676488 
11.631416 0.671450 0.671411 0.671336 0.671411 0.672768 0.671454 0.671336 0.671454 0.671999 
11.652131 0.666862 0.666731 0.666750 0.666731 0.667636 0.665972 0.666750 0.665972 0.666596 
11.672846 0.662109 0.661955 0.662019 0.661955 0.661738 0.661978 0.662019 0.661978 0.662366 
11.693561 0.657465 0.657135 0.657219 0.657135 0.657279 0.657259 0.657219 0.657259 0.657400 
11.714276 0.652576 0.652315 0.652269 0.652315 0.652529 0.652690 0.652269 0.652690 0.652715 
11.734991 0.648065 0.647870 0.647905 0.647870 0.647922 0.647947 0.647905 0.647947 0.648291 
11.755705 0.643504 0.643288 0.643627 0.643288 0.643928 0.643274 0.643627 0.643274 0.643415 
11.776420 0.638605 0.638436 0.638615 0.638436 0.638900 0.638676 0.638615 0.638676 0.638842 
11.797135 0.633967 0.633892 0.634011 0.633892 0.633864 0.633940 0.634011 0.633940 0.634302 
11.817850 0.629351 0.629500 0.629284 0.629500 0.628827 0.629077 0.629284 0.629077 0.629267 
11.838565 0.624720 0.624597 0.624874 0.624597 0.624763 0.624465 0.624874 0.624465 0.625781 
11.859280 0.620099 0.620209 0.620238 0.620209 0.619932 0.620106 0.620238 0.620106 0.620388 
11.879995 0.615869 0.615647 0.615544 0.615647 0.615167 0.615677 0.615544 0.615677 0.615709 
11.900710 0.611142 0.610930 0.611235 0.610930 0.610643 0.610765 0.611235 0.610765 0.611456 
11.921424 0.606423 0.606647 0.606365 0.606647 0.606598 0.606429 0.606365 0.606429 0.606704 
11.942140 0.601988 0.601933 0.601849 0.601933 0.602285 0.602101 0.601849 0.602101 0.601055 
11.962855 0.597591 0.597382 0.597302 0.597382 0.597270 0.596928 0.597302 0.596928 0.597057 
11.983570 0.592890 0.592822 0.592891 0.592822 0.592667 0.592791 0.592891 0.592791 0.592947 
12.004284 0.588526 0.588376 0.588493 0.588376 0.589244 0.589055 0.588493 0.589055 0.588709 
12.024999 0.584041 0.584014 0.583997 0.584014 0.583836 0.584198 0.583997 0.584198 0.583592 
12.045714 0.579718 0.579679 0.579444 0.579679 0.579604 0.580027 0.579444 0.580027 0.579582 
12.066429 0.575252 0.575048 0.575297 0.575048 0.575660 0.575339 0.575297 0.575339 0.575300 
12.087144 0.570805 0.570395 0.570601 0.570395 0.570397 0.570385 0.570601 0.570385 0.570256 
12.107859 0.566228 0.566238 0.566367 0.566238 0.565955 0.566372 0.566367 0.566372 0.566430 
12.128574 0.561878 0.561787 0.561960 0.561787 0.562055 0.561632 0.561960 0.561632 0.562539 
12.149289 0.557657 0.557447 0.557662 0.557447 0.558280 0.557306 0.557662 0.557306 0.557813 
12.170003 0.553202 0.553215 0.552989 0.553215 0.553138 0.553123 0.552989 0.553123 0.553412 
12.190718 0.548827 0.548833 0.548908 0.548833 0.548811 0.548991 0.548908 0.548991 0.549051 
12.211433 0.544503 0.544452 0.544569 0.544452 0.544744 0.545024 0.544569 0.545024 0.544095 
12.232148 0.540008 0.540327 0.540268 0.540327 0.540421 0.540445 0.540268 0.540445 0.540042 
12.252863 0.536044 0.536082 0.535980 0.536082 0.536061 0.535901 0.535980 0.535901 0.535991 
12.273578 0.531705 0.531581 0.531460 0.531581 0.531389 0.531909 0.531460 0.531909 0.532040 
12.294293 0.527494 0.527332 0.527226 0.527332 0.527204 0.527075 0.527226 0.527075 0.527438 
12.315008 0.523095 0.523146 0.523001 0.523146 0.522837 0.523136 0.523001 0.523136 0.523708 
12.335722 0.519102 0.518971 0.519092 0.518971 0.519174 0.519119 0.519092 0.519119 0.519465 
12.356437 0.514638 0.514737 0.514597 0.514737 0.514735 0.514899 0.514597 0.514899 0.514474 
12.377152 0.510373 0.510423 0.510507 0.510423 0.510954 0.510633 0.510507 0.510633 0.510416 
12.397868 0.506279 0.506379 0.506243 0.506379 0.506498 0.506129 0.506243 0.506129 0.506444 
12.418582 0.502137 0.501903 0.501940 0.501903 0.501927 0.502238 0.501940 0.502238 0.502680 
12.439297 0.498062 0.497975 0.497788 0.497975 0.498510 0.498116 0.497788 0.498116 0.497911 
12.460012 0.493820 0.493926 0.493964 0.493926 0.493560 0.494084 0.493964 0.494084 0.494346 
12.480727 0.489572 0.489493 0.489516 0.489493 0.489934 0.489726 0.489516 0.489726 0.490061 
12.501441 0.485749 0.485827 0.485292 0.485827 0.486041 0.485384 0.485292 0.485384 0.484905 
12.522157 0.481459 0.481381 0.481564 0.481381 0.481407 0.481610 0.481564 0.481610 0.481392 
12.542872 0.477240 0.477221 0.477337 0.477221 0.477046 0.477528 0.477337 0.477528 0.477474 
12.563587 0.473382 0.473085 0.473258 0.473085 0.473072 0.473506 0.473258 0.473506 0.473254 
12.584301 0.469240 0.469244 0.469270 0.469244 0.469202 0.469576 0.469270 0.469576 0.469188 
12.605016 0.464999 0.465117 0.465243 0.465117 0.465289 0.464810 0.465243 0.464810 0.465294 
12.625731 0.461331 0.461058 0.460939 0.461058 0.461019 0.461011 0.460939 0.461011 0.460786 
12.646446 0.457007 0.456918 0.456975 0.456918 0.457208 0.457254 0.456975 0.457254 0.457208 
12.667161 0.452964 0.452893 0.453112 0.452893 0.453256 0.452721 0.453112 0.452721 0.453364 
12.687876 0.449057 0.448967 0.449096 0.448967 0.449110 0.449137 0.449096 0.449137 0.449275 
12.708591 0.445093 0.444931 0.445109 0.444931 0.445073 0.445428 0.445109 0.445428 0.445198 
12.729306 0.441133 0.441182 0.440823 0.441182 0.440911 0.440950 0.440823 0.440950 0.441256 
12.750021 0.437038 0.437097 0.437208 0.437097 0.437569 0.437151 0.437208 0.437151 0.437072 
12.770735 0.433123 0.433128 0.433123 0.433128 0.433351 0.433152 0.433123 0.433152 0.433503 
12.791451 0.429219 0.429130 0.429102 0.429130 0.429438 0.428895 0.429102 0.428895 0.428913 
12.812166 0.425352 0.425056 0.425220 0.425056 0.425452 0.425731 0.425220 0.425731 0.424803 
12.832880 0.421491 0.421340 0.421305 0.421340 0.421623 0.421264 0.421305 0.421264 0.420962 
12.853595 0.417374 0.417459 0.417613 0.417459 0.417289 0.417470 0.417613 0.417470 0.417893 
12.874310 0.413625 0.413364 0.413620 0.413364 0.413906 0.413605 0.413620 0.413605 0.413844 
12.895025 0.409693 0.409581 0.409537 0.409581 0.409748 0.409377 0.409537 0.409377 0.409802 
12.915740 0.405791 0.405844 0.405763 0.405844 0.405803 0.405743 0.405763 0.405743 0.406032 
12.936455 0.401996 0.401968 0.401864 0.401968 0.401908 0.402015 0.401864 0.402015 0.401963 
12.957170 0.398071 0.397893 0.397926 0.397893 0.398205 0.398083 0.397926 0.398083 0.398346 
12.977885 0.394282 0.394277 0.394293 0.394277 0.393959 0.394069 0.394293 0.394069 0.394516 
12.998600 0.390487 0.390320 0.390467 0.390320 0.390619 0.390432 0.390467 0.390432 0.391103 
13.019314 0.386669 0.386591 0.386523 0.386591 0.386599 0.386964 0.386523 0.386964 0.387555 
13.040029 0.382879 0.382676 0.382804 0.382676 0.383102 0.382373 0.382804 0.382373 0.382897 
13.060744 0.378969 0.378921 0.379085 0.378921 0.379298 0.379432 0.379085 0.379432 0.378676 
13.081459 0.375270 0.375372 0.375205 0.375372 0.375810 0.375765 0.375205 0.375765 0.375106 
13.102174 0.371578 0.371483 0.371616 0.371483 0.371350 0.371566 0.371616 0.371566 0.371769 
13.122889 0.367809 0.367827 0.367692 0.367827 0.368081 0.367909 0.367692 0.367909 0.367838 
13.143604 0.364176 0.364049 0.364179 0.364049 0.364372 0.364210 0.364179 0.364210 0.363609 
13.164319 0.360337 0.360494 0.360391 0.360494 0.360006 0.360556 0.360391 0.360556 0.360510 
13.185033 0.356631 0.356575 0.356779 0.356575 0.356929 0.356572 0.356779 0.356572 0.356206 
13.205748 0.352995 0.353006 0.352904 0.353006 0.352900 0.353152 0.352904 0.353152 0.352482 
13.226463 0.349298 0.349295 0.349203 0.349295 0.349526 0.349299 0.349203 0.349299 0.349152 
13.247179 0.345667 0.345500 0.345509 0.345500 0.345649 0.345636 0.345509 0.345636 0.345694 
13.267893 0.341967 0.341824 0.342011 0.341824 0.342055 0.341857 0.342011 0.341857 0.342077 
13.288608 0.338389 0.338577 0.338088 0.338577 0.338574 0.338439 0.338088 0.338439 0.337893 
13.309323 0.334724 0.334717 0.334526 0.334717 0.334761 0.334906 0.334526 0.334906 0.334683 
13.330038 0.331021 0.330950 0.331187 0.330950 0.330837 0.330661 0.331187 0.330661 0.330774 
13.350752 0.327526 0.327444 0.327546 0.327444 0.327012 0.327380 0.327546 0.327380 0.328007 
13.371468 0.323902 0.323862 0.323744 0.323862 0.323272 0.323878 0.323744 0.323878 0.324151 
13.392183 0.320195 0.320108 0.320184 0.320108 0.320273 0.320257 0.320184 0.320257 0.320431 
13.412898 0.316584 0.316700 0.316596 0.316700 0.316562 0.316603 0.316596 0.316603 0.317019 
13.433612 0.313119 0.313052 0.313014 0.313052 0.313186 0.313227 0.313014 0.313227 0.313287 
13.454327 0.309521 0.309568 0.309429 0.309568 0.309513 0.309385 0.309429 0.309385 0.309329 
13.475042 0.305979 0.305890 0.305774 0.305890 0.305581 0.305832 0.305774 0.305832 0.305912 
13.495757 0.302357 0.302315 0.302442 0.302315 0.302283 0.302611 0.302442 0.302611 0.302729 
13.516472 0.298794 0.298779 0.298943 0.298779 0.298963 0.298711 0.298943 0.298711 0.299131 
13.537187 0.295391 0.295234 0.295402 0.295234 0.295295 0.295730 0.295402 0.295730 0.295358 
13.557902 0.291831 0.291865 0.291818 0.291865 0.291836 0.291641 0.291818 0.291641 0.291817 
13.578617 0.288415 0.288280 0.288434 0.288280 0.288790 0.288396 0.288434 0.288396 0.287868 
13.599331 0.284794 0.284882 0.284922 0.284882 0.284996 0.284664 0.284922 0.284664 0.284899 
13.620046 0.281409 0.281320 0.281406 0.281320 0.281514 0.281437 0.281406 0.281437 0.281530 
13.640761 0.277872 0.277904 0.277755 0.277904 0.277855 0.277898 0.277755 0.277898 0.278023 
13.661477 0.274467 0.274492 0.274467 0.274492 0.274851 0.274761 0.274467 0.274761 0.274374 
13.682191 0.271113 0.271037 0.271105 0.271037 0.270621 0.270967 0.271105 0.270967 0.271033 
13.702906 0.267630 0.267428 0.267658 0.267428 0.268263 0.267203 0.267658 0.267203 0.267705 
13.723621 0.264143 0.264243 0.264327 0.264243 0.264410 0.264270 0.264327 0.264270 0.264156 
13.744336 0.260745 0.260719 0.260644 0.260719 0.260622 0.260778 0.260644 0.260778 0.260505 
13.765050 0.257316 0.257224 0.257363 0.257224 0.257323 0.257588 0.257363 0.257588 0.257153 
13.785766 0.254095 0.253970 0.254045 0.253970 0.254455 0.253883 0.254045 0.253883 0.253827 
13.806481 0.250634 0.250732 0.250616 0.250732 0.250716 0.250644 0.250616 0.250644 0.250355 
13.827196 0.247155 0.247140 0.247214 0.247140 0.247801 0.247545 0.247214 0.247545 0.247163 
13.847910 0.243824 0.243812 0.243938 0.243812 0.243701 0.243918 0.243938 0.243918 0.243954 
13.868625 0.240477 0.240493 0.240580 0.240493 0.240507 0.240550 0.240580 0.240550 0.240761 
13.889340 0.237151 0.237066 0.237114 0.237066 0.237097 0.237045 0.237114 0.237045 0.237244 
13.910055 0.233749 0.233859 0.233841 0.233859 0.234049 0.234083 0.233841 0.234083 0.234285 
13.930770 0.230461 0.230464 0.230563 0.230464 0.230259 0.230167 0.230563 0.230167 0.230358 
13.951485 0.227282 0.227167 0.227032 0.227167 0.227021 0.227238 0.227032 0.227238 0.227218 
13.972200 0.223904 0.223817 0.223767 0.223817 0.224026 0.223766 0.223767 0.223766 0.223984 
13.992915 0.220681 0.220635 0.220552 0.220635 0.220647 0.220379 0.220552 0.220379 0.220548 
14.013629 0.217282 0.217249 0.217193 0.217249 0.217246 0.217277 0.217193 0.217277 0.217715 
14.034344 0.213936 0.214019 0.214072 0.214019 0.214082 0.213935 0.214072 0.213935 0.213812 
14.055059 0.210854 0.210810 0.210673 0.210810 0.210936 0.210765 0.210673 0.210765 0.210698 
14.075774 0.207578 0.207506 0.207440 0.207506 0.207396 0.207541 0.207440 0.207541 0.207524 
14.096489 0.204188 0.204211 0.204211 0.204211 0.204280 0.204082 0.204211 0.204082 0.204121 
14.117204 0.201073 0.201092 0.200980 0.201092 0.201312 0.201025 0.200980 0.201025 0.201082 
14.137919 0.197929 0.197842 0.197878 0.197842 0.197968 0.197536 0.197878 0.197536 0.197920 
14.158634 0.194688 0.194567 0.194468 0.194567 0.194467 0.194612 0.194468 0.194612 0.194750 
14.179348 0.191421 0.191283 0.191316 0.191283 0.191539 0.191546 0.191316 0.191546 0.191413 
14.200063 0.188189 0.188118 0.188155 0.188118 0.188022 0.188240 0.188155 0.188240 0.188427 
14.220778 0.185044 0.184907 0.185043 0.184907 0.185395 0.184976 0.185043 0.184976 0.185003 
14.241494 0.181863 0.181918 0.181988 0.181918 0.181704 0.181989 0.181988 0.181989 0.181621 
14.262208 0.178709 0.178689 0.178657 0.178689 0.178925 0.178693 0.178657 0.178693 0.179050 
14.282923 0.175468 0.175617 0.175534 0.175617 0.175603 0.175363 0.175534 0.175363 0.175518 
14.303638 0.172302 0.172356 0.172312 0.172356 0.172217 0.172535 0.172312 0.172535 0.172551 
14.324353 0.169173 0.169249 0.169182 0.169249 0.169166 0.169233 0.169182 0.169233 0.169372 
14.345068 0.166029 0.166008 0.165973 0.166008 0.166033 0.165939 0.165973 0.165939 0.166203 
14.365783 0.162942 0.162940 0.162993 0.162940 0.162663 0.163020 0.162993 0.163020 0.162605 
14.386498 0.159940 0.159832 0.159845 0.159832 0.160032 0.159809 0.159845 0.159809 0.160042 
14.407213 0.156708 0.156764 0.156755 0.156764 0.156702 0.156860 0.156755 0.156860 0.156765 
14.427927 0.153655 0.153617 0.153638 0.153617 0.153718 0.153726 0.153638 0.153726 0.153718 
14.448642 0.150620 0.150526 0.150589 0.150526 0.150962 0.150510 0.150589 0.150510 0.150583 
14.469357 0.147406 0.147455 0.147432 0.147455 0.147549 0.147530 0.147432 0.147530 0.147536 
14.490072 0.144360 0.144342 0.144307 0.144342 0.144535 0.144412 0.144307 0.144412 0.144607 
14.510787 0.141293 0.141325 0.141359 0.141325 0.141365 0.141320 0.141359 0.141320 0.141422 
14.531502 0.138323 0.138217 0.138261 0.138217 0.138168 0.138381 0.138261 0.138381 0.138263 
14.552217 0.135235 0.135228 0.135286 0.135228 0.135317 0.135285 0.135286 0.135285 0.135175 
14.572932 0.132266 0.132222 0.132245 0.132222 0.132209 0.131891 0.132245 0.131891 0.132478 
14.593647 0.129168 0.129214 0.129238 0.129214 0.129361 0.129233 0.129238 0.129233 0.129269 
14.614361 0.126173 0.126072 0.126214 0.126072 0.126274 0.126183 0.126214 0.126183 0.126501 
14.635077 0.123202 0.123151 0.123119 0.123151 0.123181 0.123083 0.123119 0.123083 0.122992 
14.655792 0.120285 0.120140 0.120167 0.120140 0.120306 0.120153 0.120167 0.120153 0.120022 
14.676507 0.117469 0.117520 0.117515 0.117520 0.117308 0.117479 0.117515 0.117479 0.117662 
14.697221 0.114915 0.114794 0.114802 0.114794 0.114866 0.114825 0.114802 0.114825 0.115146 
14.717936 0.112327 0.112384 0.112375 0.112384 0.112435 0.112226 0.112375 0.112226 0.112601 
14.738651 0.109976 0.110024 0.110076 0.110024 0.110299 0.110059 0.110076 0.110059 0.109970 
14.759366 0.107648 0.107649 0.107521 0.107649 0.107659 0.107779 0.107521 0.107779 0.107290 
14.780081 0.105376 0.105359 0.105372 0.105359 0.105456 0.105297 0.105372 0.105297 0.105230 
14.800796 0.103093 0.103195 0.103171 0.103195 0.103114 0.103283 0.103171 0.103283 0.103066 
14.821511 0.101028 0.100998 0.100969 0.100998 0.100982 0.101132 0.100969 0.101132 0.100914 
14.842226 0.098907 0.098850 0.098828 0.098850 0.098934 0.098823 0.098828 0.098823 0.098957 
14.862940 0.096837 0.096879 0.096882 0.096879 0.096896 0.096820 0.096882 0.096820 0.096790 
14.883655 0.094885 0.094840 0.094847 0.094840 0.095002 0.094822 0.094847 0.094822 0.094622 
14.904370 0.092913 0.092896 0.092834 0.092896 0.092886 0.092885 0.092834 0.092885 0.092962 
14.925085 0.090931 0.090931 0.091001 0.090931 0.090970 0.091105 0.091001 0.091105 0.091046 
14.945800 0.089076 0.089094 0.089078 0.089094 0.089095 0.089054 0.089078 0.089054 0.089055 
14.966515 0.087258 0.087251 0.087208 0.087251 0.087518 0.087109 0.087208 0.087109 0.087235 
14.987230 0.085427 0.085430 0.085457 0.085430 0.085678 0.085672 0.085457 0.085672 0.085557 
15.007945 0.083729 0.083587 0.083635 0.083587 0.083540 0.083712 0.083635 0.083712 0.083676 
15.028659 0.081955 0.081958 0.081959 0.081958 0.081950 0.081757 0.081959 0.081757 0.081921 
15.049374 0.080269 0.080247 0.080255 0.080247 0.080560 0.080284 0.080255 0.080284 0.080415 
15.070089 0.078603 0.078641 0.078653 0.078641 0.078538 0.078566 0.078653 0.078566 0.078514 
15.090805 0.077000 0.077002 0.076946 0.077002 0.076829 0.077067 0.076946 0.077067 0.077079 
15.111519 0.075400 0.075392 0.075329 0.075392 0.075445 0.075381 0.075329 0.075381 0.075372 
15.132234 0.073822 0.073757 0.073807 0.073757 0.073936 0.073948 0.073807 0.073948 0.073748 
15.152949 0.072238 0.072260 0.072315 0.072260 0.072127 0.072217 0.072315 0.072217 0.072383 
15.173664 0.070719 0.070705 0.070778 0.070705 0.070660 0.070805 0.070778 0.070805 0.070825 
15.194379 0.069329 0.069214 0.069261 0.069214 0.069329 0.069405 0.069261 0.069405 0.069230 
15.215094 0.067814 0.067906 0.067853 0.067906 0.067758 0.067905 0.067853 0.067905 0.067861 
15.235809 0.066385 0.066374 0.066383 0.066374 0.066330 0.066290 0.066383 0.066290 0.066502 
15.256524 0.065014 0.065017 0.064972 0.065017 0.064934 0.065010 0.064972 0.065010 0.064885 
15.277238 0.063633 0.063629 0.063620 0.063629 0.063556 0.063507 0.063620 0.063507 0.063641 
15.297953 0.062251 0.062178 0.062265 0.062178 0.062137 0.062266 0.062265 0.062266 0.062272 
15.318668 0.060966 0.060989 0.060942 0.060989 0.061087 0.060878 0.060942 0.060878 0.060838 
15.339383 0.059614 0.059685 0.059647 0.059685 0.059699 0.059664 0.059647 0.059664 0.059624 
15.360098 0.058349 0.058366 0.058364 0.058366 0.058343 0.058362 0.058364 0.058362 0.058352 
15.380813 0.057085 0.057032 0.057073 0.057032 0.056991 0.057067 0.057073 0.057067 0.057141 
15.401528 0.055867 0.055930 0.055892 0.055930 0.055986 0.055866 0.055892 0.055866 0.055996 
15.422243 0.054648 0.054675 0.054612 0.054675 0.054701 0.054709 0.054612 0.054709 0.054618 
15.442957 0.053451 0.053475 0.053451 0.053475 0.053526 0.053466 0.053451 0.053466 0.053369 
15.463672 0.052310 0.052288 0.052328 0.052288 0.052234 0.052209 0.052328 0.052209 0.052319 
15.484387 0.051098 0.051118 0.051076 0.051118 0.051122 0.051022 0.051076 0.051022 0.051258 
15.505103 0.049984 0.049984 0.050022 0.049984 0.050027 0.050057 0.050022 0.050057 0.050131 
15.525817 0.048945 0.048874 0.048885 0.048874 0.048995 0.048795 0.048885 0.048795 0.048826 
15.546532 0.047760 0.047751 0.047747 0.047751 0.047783 0.047787 0.047747 0.047787 0.047718 
15.567247 0.046706 0.046660 0.046707 0.046660 0.046909 0.046740 0.046707 0.046740 0.046617 
15.587962 0.045641 0.045643 0.045656 0.045643 0.045735 0.045692 0.045656 0.045692 0.045543 
15.608676 0.044605 0.044589 0.044649 0.044589 0.044533 0.044532 0.044649 0.044532 0.044710 
15.629392 0.043594 0.043600 0.043645 0.043600 0.043697 0.043574 0.043645 0.043574 0.043647 
15.650107 0.042625 0.042598 0.042640 0.042598 0.042619 0.042584 0.042640 0.042584 0.042554 
15.670822 0.041657 0.041592 0.041610 0.041592 0.041757 0.041628 0.041610 0.041628 0.041561 
15.691536 0.040676 0.040656 0.040679 0.040656 0.040605 0.040664 0.040679 0.040664 0.040717 
15.712251 0.039687 0.039678 0.039707 0.039678 0.039855 0.039727 0.039707 0.039727 0.039708 
15.732966 0.038786 0.038782 0.038825 0.038782 0.038891 0.038748 0.038825 0.038748 0.038828 
15.753681 0.037850 0.037861 0.037781 0.037861 0.037771 0.037814 0.037781 0.037814 0.037925 
15.774396 0.036933 0.036931 0.036951 0.036931 0.037027 0.037004 0.036951 0.037004 0.036804 
15.795111 0.036057 0.036052 0.036069 0.036052 0.036012 0.036136 0.036069 0.036136 0.035957 
15.815826 0.035208 0.035178 0.035177 0.035178 0.035300 0.035159 0.035177 0.035159 0.035198 
15.836541 0.034352 0.034359 0.034337 0.034359 0.034428 0.034317 0.034337 0.034317 0.034329 
15.857255 0.033507 0.033497 0.033488 0.033497 0.033505 0.033459 0.033488 0.033459 0.033533 
15.877970 0.032692 0.032699 0.032690 0.032699 0.032624 0.032735 0.032690 0.032735 0.032687 
15.898685 0.031858 0.031888 0.031908 0.031888 0.031869 0.031903 0.031908 0.031903 0.031896 
15.919400 0.031094 0.031129 0.031081 0.031129 0.031182 0.031041 0.031081 0.031041 0.031014 
15.940115 0.030343 0.030323 0.030307 0.030323 0.030356 0.030286 0.030307 0.030286 0.030180 
15.960830 0.029554 0.029517 0.029555 0.029517 0.029498 0.029516 0.029555 0.029516 0.029444 
15.981545 0.028809 0.028766 0.028790 0.028766 0.028769 0.028822 0.028790 0.028822 0.028873 
16.002260 0.028032 0.028056 0.028041 0.028056 0.028184 0.028046 0.028041 0.028046 0.028176 
16.022975 0.027314 0.027345 0.027265 0.027345 0.027324 0.027257 0.027265 0.027257 0.027357 
16.043690 0.026606 0.026601 0.026637 0.026601 0.026578 0.026632 0.026637 0.026632 0.026639 
16.064404 0.025890 0.025898 0.025870 0.025898 0.025870 0.025898 0.025870 0.025898 0.025956 
16.085119 0.025233 0.025208 0.025214 0.025208 0.025186 0.025276 0.025214 0.025276 0.025288 
16.105834 0.024519 0.024570 0.024567 0.024570 0.024425 0.024504 0.024567 0.024504 0.024594 
16.126550 0.023887 0.023893 0.023875 0.023893 0.023905 0.023897 0.023875 0.023897 0.023915 
16.147264 0.023224 0.023234 0.023261 0.023234 0.023189 0.023185 0.023261 0.023185 0.023174 
16.167979 0.022587 0.022578 0.022551 0.022578 0.022634 0.022688 0.022551 0.022688 0.022626 
16.188694 0.021980 0.021956 0.021938 0.021956 0.021884 0.021967 0.021938 0.021967 0.022066 
16.209409 0.021353 0.021321 0.021347 0.021321 0.021510 0.021387 0.021347 0.021387 0.021320 
16.230124 0.020748 0.020749 0.020755 0.020749 0.020750 0.020714 0.020755 0.020714 0.020791 
16.250838 0.020159 0.020137 0.020157 0.020137 0.020062 0.020146 0.020157 0.020146 0.020282 
16.271554 0.019591 0.019586 0.019562 0.019586 0.019585 0.019582 0.019562 0.019582 0.019691 
16.292269 0.019018 0.019015 0.019021 0.019015 0.018955 0.019045 0.019021 0.019045 0.018931 
16.312984 0.018473 0.018477 0.018468 0.018477 0.018424 0.018474 0.018468 0.018474 0.018455 
16.333698 0.017933 0.017918 0.017915 0.017918 0.017919 0.017906 0.017915 0.017906 0.017914 
16.354413 0.017350 0.017386 0.017367 0.017386 0.017427 0.017379 0.017367 0.017379 0.017450 
16.375128 0.016843 0.016840 0.016853 0.016840 0.016811 0.016817 0.016853 0.016817 0.017013 
16.395843 0.016351 0.016304 0.016342 0.016304 0.016343 0.016321 0.016342 0.016321 0.016387 
16.416558 0.015846 0.015835 0.015822 0.015835 0.015794 0.015841 0.015822 0.015841 0.015816 
16.437273 0.015324 0.015331 0.015335 0.015331 0.015378 0.015355 0.015335 0.015355 0.015404 
16.457988 0.014864 0.014867 0.014828 0.014867 0.014848 0.014890 0.014828 0.014890 0.014833 
16.478703 0.014370 0.014385 0.014364 0.014385 0.014405 0.014387 0.014364 0.014387 0.014364 
16.499417 0.013910 0.013916 0.013910 0.013916 0.013927 0.013944 0.013910 0.013944 0.013918 
16.520132 0.013464 0.013471 0.013471 0.013471 0.013500 0.013419 0.013471 0.013419 0.013446 
16.540847 0.013017 0.013025 0.012981 0.013025 0.012963 0.013008 0.012981 0.013008 0.012966 
16.561563 0.012594 0.012590 0.012578 0.012590 0.012591 0.012577 0.012578 0.012577 0.012513 
16.582277 0.012149 0.012142 0.012144 0.012142 0.012145 0.012138 0.012144 0.012138 0.012164 
16.602992 0.011729 0.011739 0.011734 0.011739 0.011668 0.011751 0.011734 0.011751 0.011791 
16.623707 0.011309 0.011297 0.011323 0.011297 0.011237 0.011314 0.011323 0.011314 0.011368 
16.644422 0.010913 0.010924 0.010928 0.010924 0.010983 0.010926 0.010928 0.010926 0.010796 
16.665136 0.010532 0.010532 0.010539 0.010532 0.010515 0.010564 0.010539 0.010564 0.010539 
16.685851 0.010152 0.010158 0.010136 0.010158 0.010154 0.010160 0.010136 0.010160 0.010193 
16.706567 0.009780 0.009777 0.009773 0.009777 0.009771 0.009832 0.009773 0.009832 0.009792 
16.727282 0.009432 0.009421 0.009419 0.009421 0.009355 0.009416 0.009419 0.009416 0.009349 
16.747996 0.009063 0.009048 0.009071 0.009048 0.009096 0.009052 0.009071 0.009052 0.009106 
16.768711 0.008704 0.008717 0.008712 0.008717 0.008767 0.008668 0.008712 0.008668 0.008673 
16.789426 0.008363 0.008354 0.008363 0.008354 0.008412 0.008387 0.008363 0.008387 0.008362 
16.810141 0.008023 0.008035 0.008030 0.008035 0.008113 0.008077 0.008030 0.008077 0.008032 
16.830855 0.007725 0.007710 0.007718 0.007710 0.007712 0.007700 0.007718 0.007700 0.007667 
16.851571 0.007393 0.007385 0.007393 0.007385 0.007403 0.007418 0.007393 0.007418 0.007415 
16.872286 0.007090 0.007119 0.007108 0.007119 0.007082 0.007111 0.007108 0.007111 0.007108 
16.893001 0.006785 0.006789 0.006809 0.006789 0.006784 0.006814 0.006809 0.006814 0.006751 
16.913715 0.006511 0.006517 0.006508 0.006517 0.006465 0.006504 0.006508 0.006504 0.006456 
16.934430 0.006228 0.006212 0.006243 0.006212 0.006212 0.006213 0.006243 0.006213 0.006220 
16.955145 0.005930 0.005926 0.005928 0.005926 0.005962 0.005954 0.005928 0.005954 0.005888 
16.975860 0.005662 0.005669 0.005673 0.005669 0.005611 0.005664 0.005673 0.005664 0.005660 
16.996575 0.005415 0.005398 0.005413 0.005398 0.005390 0.005418 0.005413 0.005418 0.005408 
17.017290 0.005162 0.005142 0.005157 0.005142 0.005110 0.005142 0.005157 0.005142 0.005100 
17.038005 0.004904 0.004909 0.004910 0.004909 0.004919 0.004891 0.004910 0.004891 0.004890 
17.058720 0.004656 0.004657 0.004667 0.004657 0.004687 0.004636 0.004667 0.004636 0.004636 
17.079434 0.004432 0.004427 0.004429 0.004427 0.004412 0.004462 0.004429 0.004462 0.004445 
17.100149 0.004200 0.004203 0.004189 0.004203 0.004214 0.004198 0.004189 0.004198 0.004192 
17.120864 0.003983 0.003980 0.003989 0.003980 0.003939 0.003983 0.003989 0.003983 0.003999 
17.141580 0.003768 0.003765 0.003765 0.003765 0.003798 0.003760 0.003765 0.003760 0.003752 
17.162294 0.003564 0.003564 0.003565 0.003564 0.003539 0.003556 0.003565 0.003556 0.003555 
17.183009 0.003353 0.003360 0.003366 0.003360 0.003365 0.003366 0.003366 0.003366 0.003370 
17.203724 0.003172 0.003168 0.003173 0.003168 0.003165 0.003159 0.003173 0.003159 0.003151 
17.224439 0.002980 0.002992 0.002983 0.002992 0.002956 0.002979 0.002983 0.002979 0.002956 
17.245154 0.002787 0.002791 0.002807 0.002791 0.002782 0.002802 0.002807 0.002802 0.002805 
17.265869 0.002626 0.002623 0.002625 0.002623 0.002630 0.002619 0.002625 0.002619 0.002637 
17.286584 0.002458 0.002453 0.002456 0.002453 0.002459 0.002461 0.002456 0.002461 0.002458 
17.307299 0.002308 0.002284 0.002278 0.002284 0.002318 0.002283 0.002278 0.002283 0.002297 
17.328013 0.002139 0.002142 0.002133 0.002142 0.002143 0.002140 0.002133 0.002140 0.002135 
17.348728 0.001990 0.001989 0.001982 0.001989 0.001993 0.001988 0.001982 0.001988 0.001988 
17.369443 0.001848 0.001844 0.001842 0.001844 0.001854 0.001833 0.001842 0.001833 0.001868 
17.390159 0.001701 0.001710 0.001702 0.001710 0.001712 0.001702 0.001702 0.001702 0.001721 
17.410873 0.001577 0.001580 0.001575 0.001580 0.001584 0.001571 0.001575 0.001571 0.001579 
17.431588 0.001452 0.001449 0.001450 0.001449 0.001431 0.001432 0.001450 0.001432 0.001440 
17.452303 0.001326 0.001328 0.001324 0.001328 0.001349 0.001337 0.001324 0.001337 0.001324 
17.473018 0.001210 0.001215 0.001218 0.001215 0.001206 0.001199 0.001218 0.001199 0.001202 
17.493732 0.001098 0.001098 0.001103 0.001098 0.001100 0.001109 0.001103 0.001109 0.001109 
17.514447 0.001000 0.000998 0.000998 0.000998 0.001008 0.001001 0.000998 0.001001 0.001007 
17.535163 0.000902 0.000906 0.000894 0.000906 0.000913 0.000907 0.000894 0.000907 0.000902 
17.555878 0.000809 0.000810 0.000801 0.000810 0.000804 0.000809 0.000801 0.000809 0.000809 
17.576592 0.000719 0.000720 0.000726 0.000720 0.000719 0.000724 0.000726 0.000724 0.000726 
17.597307 0.000639 0.000638 0.000635 0.000638 0.000643 0.000642 0.000635 0.000642 0.000641 
17.618022 0.000564 0.000557 0.000562 0.000557 0.000553 0.000548 0.000562 0.000548 0.000570 
17.638737 0.000486 0.000494 0.000489 0.000494 0.000503 0.000493 0.000489 0.000493 0.000507 
17.659451 0.000424 0.000423 0.000427 0.000423 0.000418 0.000428 0.000427 0.000428 0.000433 
17.680167 0.000361 0.000363 0.000365 0.000363 0.000367 0.000362 0.000365 0.000362 0.000364 
17.700882 0.000303 0.000304 0.000306 0.000304 0.000319 0.000307 0.000306 0.000307 0.000305 
17.721597 0.000255 0.000252 0.000253 0.000252 0.000259 0.000261 0.000253 0.000261 0.000254 
17.742311 0.000206 0.000208 0.000207 0.000208 0.000214 0.000205 0.000207 0.000205 0.000215 
17.763026 0.000166 0.000165 0.000166 0.000165 0.000164 0.000171 0.000166 0.000171 0.000165 
17.783741 0.000129 0.000129 0.000132 0.000129 0.000131 0.000124 0.000132 0.000124 0.000129 
17.804456 0.000097 0.000098 0.000095 0.000098 0.000099 0.000092 0.000095 0.000092 0.000092 
17.825171 0.000070 0.000070 0.000071 0.000070 0.000070 0.000067 0.000071 0.000067 0.000074 
17.845886 0.000046 0.000045 0.000047 0.000045 0.000046 0.000046 0.000047 0.000046 0.000043 
17.866601 0.000028 0.000028 0.000027 0.000028 0.000027 0.000028 0.000027 0.000028 0.000028 
17.887316 0.000015 0.000014 0.000015 0.000014 0.000016 0.000014 0.000015 0.000014 0.000014 
17.908031 0.000005 0.000006 0.000005 0.000006 0.000007 0.000006 0.000005 0.000006 0.000005 
17.928745 0.000001 0.000001 0.000001 0.000001 0.000001 0.000001 0.000001 0.000001 0.000001 
17.949460 0.000000 0.000000 0.000000 0.000000 0.000000 0.000000 0.000000 0.000000 0.000000 
17.970176 0.000000 0.000000 0.000000 0.000000 0.000000 0.000000 0.000000 0.000000 0.000000 
17.990891 0.000000 0.000000 0.000000 0.000000 0.000000 0.000000 0.000000 0.000000 0.000000 
18.011605 0.000000 0.000000 0.000000 0.000000 0.000000 0.000000 0.000000 0.000000 0.000000 
18.032320 0.000000 0.000000 0.000000 0.000000 0.000000 0.000000 0.000000 0.000000 0.000000 
18.053035 0.000000 0.000000 0.000000 0.000000 0.000000 0.000000 0.000000 0.000000 0.000000 
18.073750 0.000000 0.000000 0.000000 0.000000 0.000000 0.000000 0.000000 0.000000 0.000000 
18.094464 0.000000 0.000000 0.000000 0.000000 0.000000 0.000000 0.000000 0.000000 0.000000 
18.115180 0.000000 0.000000 0.000000 0.000000 0.000000 0.000000 0.000000 0.000000 0.000000 
18.135895 0.000000 0.000000 0.000000 0.000000 0.000000 0.000000 0.000000 0.000000 0.000000 
18.156610 0.000000 0.000000 0.000000 0.000000 0.000000 0.000000 0.000000 0.000000 0.000000 
18.177324 0.000000 0.000000 0.000000 0.000000 0.000000 0.000000 0.000000 0.000000 0.000000 
18.198039 0.000000 0.000000 0.000000 0.000000 0.000000 0.000000 0.000000 0.000000 0.000000 
18.218754 0.000000 0.000000 0.000000 0.000000 0.000000 0.000000 0.000000 0.000000 0.000000 
18.239469 0.000000 0.000000 0.000000 0.000000 0.000000 0.000000 0.000000 0.000000 0.000000 
18.260184 0.000000 0.000000 0.000000 0.000000 0.000000 0.000000 0.000000 0.000000 0.000000 
18.280899 0.000000 0.000000 0.000000 0.000000 0.000000 0.000000 0.000000 0.000000 0.000000 
18.301614 0.000000 0.000000 0.000000 0.000000 0.000000 0.000000 0.000000 0.000000 0.000000 
18.322329 0.000000 0.000000 0.000000 0.000000 0.000000 0.000000 0.000000 0.000000 0.000000 
18.343043 0.000000 0.000000 0.000000 0.000000 0.000000 0.000000 0.000000 0.000000 0.000000 
18.363758 0.000000 0.000000 0.000000 0.000000 0.000000 0.000000 0.000000 0.000000 0.000000 
18.384473 0.000000 0.000000 0.000000 0.000000 0.000000 0.000000 0.000000 0.000000 0.000000 
18.405189 0.000000 0.000000 0.000000 0.000000 0.000000 0.000000 0.000000 0.000000 0.000000 
18.425903 0.000000 0.000000 0.000000 0.000000 0.000000 0.000000 0.000000 0.000000 0.000000 
18.446618 0.000000 0.000000 0.000000 0.000000 0.000000 0.000000 0.000000 0.000000 0.000000 
18.467333 0.000000 0.000000 0.000000 0.000000 0.000000 0.000000 0.000000 0.000000 0.000000 
18.488048 0.000000 0.000000 0.000000 0.000000 0.000000 0.000000 0.000000 0.000000 0.000000 
18.508762 0.000000 0.000000 0.000000 0.000000 0.000000 0.000000 0.000000 0.000000 0.000000 
18.529477 0.000000 0.000000 0.000000 0.000000 0.000000 0.000000 0.000000 0.000000 0.000000 
18.550193 0.000000 0.000000 0.000000 0.000000 0.000000 0.000000 0.000000 0.000000 0.000000 
18.570908 0.000000 0.000000 0.000000 0.000000 0.000000 0.000000 0.000000 0.000000 0.000000 
18.591622 0.000000 0.000000 0.000000 0.000000 0.000000 0.000000 0.000000 0.000000 0.000000 
18.612337 0.000000 0.000000 0.000000 0.000000 0.000000 0.000000 0.000000 0.000000 0.000000 
18.633052 0.000000 0.000000 0.000000 0.000000 0.000000 0.000000 0.000000 0.000000 0.000000 
18.653767 0.000000 0.000000 0.000000 0.000000 0.000000 0.000000 0.000000 0.000000 0.000000 
18.674481 0.000000 0.000000 0.000000 0.000000 0.000000 0.000000 0.000000 0.000000 0.000000 
18.695197 0.000000 0.000000 0.000000 0.000000 0.000000 0.000000 0.000000 0.000000 0.000000 
18.715912 0.000000 0.000000 0.000000 0.000000 0.000000 0.000000 0.000000 0.000000 0.000000 
18.736627 0.000000 0.000000 0.000000 0.000000 0.000000 0.000000 0.000000 0.000000 0.000000 
18.757341 0.000000 0.000000 0.000000 0.000000 0.000000 0.000000 0.000000 0.000000 0.000000 
18.778056 0.000000 0.000000 0.000000 0.000000 0.000000 0.000000 0.000000 0.000000 0.000000 
18.798772 0.000000 0.000000 0.000000 0.000000 0.000000 0.000000 0.000000 0.000000 0.000000 
18.819487 0.000000 0.000000 0.000000 0.000000 0.000000 0.000000 0.000000 0.000000 0.000000 
18.840201 0.000000 0.000000 0.000000 0.000000 0.000000 0.000000 0.000000 0.000000 0.000000 
18.860916 0.000000 0.000000 0.000000 0.000000 0.000000 0.000000 0.000000 0.000000 0.000000 
18.881631 0.000000 0.000000 0.000000 0.000000 0.000000 0.000000 0.000000 0.000000 0.000000 
18.902346 0.000000 0.000000 0.000000 0.000000 0.000000 0.000000 0.000000 0.000000 0.000000 
18.923060 0.000000 0.000000 0.000000 0.000000 0.000000 0.000000 0.000000 0.000000 0.000000 
18.943776 0.000000 0.000000 0.000000 0.000000 0.000000 0.000000 0.000000 0.000000 0.000000 
18.964491 0.000000 0.000000 0.000000 0.000000 0.000000 0.000000 0.000000 0.000000 0.000000 
18.985206 0.000000 0.000000 0.000000 0.000000 0.000000 0.000000 0.000000 0.000000 0.000000 
19.005920 0.000000 0.000000 0.000000 0.000000 0.000000 0.000000 0.000000 0.000000 0.000000 
19.026635 0.000000 0.000000 0.000000 0.000000 0.000000 0.000000 0.000000 0.000000 0.000000 
19.047350 0.000000 0.000000 0.000000 0.000000 0.000000 0.000000 0.000000 0.000000 0.000000 
19.068065 0.000000 0.000000 0.000000 0.000000 0.000000 0.000000 0.000000 0.000000 0.000000 
19.088780 0.000000 0.000000 0.000000 0.000000 0.000000 0.000000 0.000000 0.000000 0.000000 
19.109495 0.000000 0.000000 0.000000 0.000000 0.000000 0.000000 0.000000 0.000000 0.000000 
19.130210 0.000000 0.000000 0.000000 0.000000 0.000000 0.000000 0.000000 0.000000 0.000000 
19.150925 0.000000 0.000000 0.000000 0.000000 0.000000 0.000000 0.000000 0.000000 0.000000 
19.171639 0.000000 0.000000 0.000000 0.000000 0.000000 0.000000 0.000000 0.000000 0.000000 
19.192354 0.000000 0.000000 0.000000 0.000000 0.000000 0.000000 0.000000 0.000000 0.000000 
19.213069 0.000000 0.000000 0.000000 0.000000 0.000000 0.000000 0.000000 0.000000 0.000000 
19.233785 0.000000 0.000000 0.000000 0.000000 0.000000 0.000000 0.000000 0.000000 0.000000 
19.254499 0.000000 0.000000 0.000000 0.000000 0.000000 0.000000 0.000000 0.000000 0.000000 
19.275214 0.000000 0.000000 0.000000 0.000000 0.000000 0.000000 0.000000 0.000000 0.000000 
19.295929 0.000000 0.000000 0.000000 0.000000 0.000000 0.000000 0.000000 0.000000 0.000000 
19.316644 0.000000 0.000000 0.000000 0.000000 0.000000 0.000000 0.000000 0.000000 0.000000 
19.337358 0.000000 0.000000 0.000000 0.000000 0.000000 0.000000 0.000000 0.000000 0.000000 
19.358073 0.000000 0.000000 0.000000 0.000000 0.000000 0.000000 0.000000 0.000000 0.000000 
19.378789 0.000000 0.000000 0.000000 0.000000 0.000000 0.000000 0.000000 0.000000 0.000000 
19.399504 0.000000 0.000000 0.000000 0.000000 0.000000 0.000000 0.000000 0.000000 0.000000 
19.420218 0.000000 0.000000 0.000000 0.000000 0.000000 0.000000 0.000000 0.000000 0.000000 
19.440933 0.000000 0.000000 0.000000 0.000000 0.000000 0.000000 0.000000 0.000000 0.000000 
19.461648 0.000000 0.000000 0.000000 0.000000 0.000000 0.000000 0.000000 0.000000 0.000000 
19.482363 0.000000 0.000000 0.000000 0.000000 0.000000 0.000000 0.000000 0.000000 0.000000 
19.503078 0.000000 0.000000 0.000000 0.000000 0.000000 0.000000 0.000000 0.000000 0.000000 
19.523793 0.000000 0.000000 0.000000 0.000000 0.000000 0.000000 0.000000 0.000000 0.000000 
19.544508 0.000000 0.000000 0.000000 0.000000 0.000000 0.000000 0.000000 0.000000 0.000000 
19.565223 0.000000 0.000000 0.000000 0.000000 0.000000 0.000000 0.000000 0.000000 0.000000 
19.585938 0.000000 0.000000 0.000000 0.000000 0.000000 0.000000 0.000000 0.000000 0.000000 
19.606652 0.000000 0.000000 0.000000 0.000000 0.000000 0.000000 0.000000 0.000000 0.000000 
19.627367 0.000000 0.000000 0.000000 0.000000 0.000000 0.000000 0.000000 0.000000 0.000000 
19.648082 0.000000 0.000000 0.000000 0.000000 0.000000 0.000000 0.000000 0.000000 0.000000 
19.668797 0.000000 0.000000 0.000000 0.000000 0.000000 0.000000 0.000000 0.000000 0.000000 
19.689512 0.000000 0.000000 0.000000 0.000000 0.000000 0.000000 0.000000 0.000000 0.000000 
19.710227 0.000000 0.000000 0.000000 0.000000 0.000000 0.000000 0.000000 0.000000 0.000000 
19.730942 0.000000 0.000000 0.000000 0.000000 0.000000 0.000000 0.000000 0.000000 0.000000 
19.751657 0.000000 0.000000 0.000000 0.000000 0.000000 0.000000 0.000000 0.000000 0.000000 
19.772371 0.000000 0.000000 0.000000 0.000000 0.000000 0.000000 0.000000 0.000000 0.000000 
19.793086 0.000000 0.000000 0.000000 0.000000 0.000000 0.000000 0.000000 0.000000 0.000000 
19.813802 0.000000 0.000000 0.000000 0.000000 0.000000 0.000000 0.000000 0.000000 0.000000 
19.834517 0.000000 0.000000 0.000000 0.000000 0.000000 0.000000 0.000000 0.000000 0.000000 
19.855231 0.000000 0.000000 0.000000 0.000000 0.000000 0.000000 0.000000 0.000000 0.000000 
19.875946 0.000000 0.000000 0.000000 0.000000 0.000000 0.000000 0.000000 0.000000 0.000000 
19.896661 0.000000 0.000000 0.000000 0.000000 0.000000 0.000000 0.000000 0.000000 0.000000 
19.917376 0.000000 0.000000 0.000000 0.000000 0.000000 0.000000 0.000000 0.000000 0.000000 
19.938090 0.000000 0.000000 0.000000 0.000000 0.000000 0.000000 0.000000 0.000000 0.000000 
19.958806 0.000000 0.000000 0.000000 0.000000 0.000000 0.000000 0.000000 0.000000 0.000000 
19.979521 0.000000 0.000000 0.000000 0.000000 0.000000 0.000000 0.000000 0.000000 0.000000 
20.000236 0.000000 0.000000 0.000000 0.000000 0.000000 0.000000 0.000000 0.000000 0.000000 
20.020950 0.000000 0.000000 0.000000 0.000000 0.000000 0.000000 0.000000 0.000000 0.000000 
20.041665 0.000000 0.000000 0.000000 0.000000 0.000000 0.000000 0.000000 0.000000 0.000000 
20.062380 0.000000 0.000000 0.000000 0.000000 0.000000 0.000000 0.000000 0.000000 0.000000 
20.083095 0.000000 0.000000 0.000000 0.000000 0.000000 0.000000 0.000000 0.000000 0.000000 
20.103810 0.000000 0.000000 0.000000 0.000000 0.000000 0.000000 0.000000 0.000000 0.000000 
20.124525 0.000000 0.000000 0.000000 0.000000 0.000000 0.000000 0.000000 0.000000 0.000000 
20.145240 0.000000 0.000000 0.000000 0.000000 0.000000 0.000000 0.000000 0.000000 0.000000 
20.165955 0.000000 0.000000 0.000000 0.000000 0.000000 0.000000 0.000000 0.000000 0.000000 
20.186669 0.000000 0.000000 0.000000 0.000000 0.000000 0.000000 0.000000 0.000000 0.000000 
20.207384 0.000000 0.000000 0.000000 0.000000 0.000000 0.000000 0.000000 0.000000 0.000000 
20.228099 0.000000 0.000000 0.000000 0.000000 0.000000 0.000000 0.000000 0.000000 0.000000 
20.248815 0.000000 0.000000 0.000000 0.000000 0.000000 0.000000 0.000000 0.000000 0.000000 
20.269529 0.000000 0.000000 0.000000 0.000000 0.000000 0.000000 0.000000 0.000000 0.000000 
20.290244 0.000000 0.000000 0.000000 0.000000 0.000000 0.000000 0.000000 0.000000 0.000000 
20.310959 0.000000 0.000000 0.000000 0.000000 0.000000 0.000000 0.000000 0.000000 0.000000 
20.331674 0.000000 0.000000 0.000000 0.000000 0.000000 0.000000 0.000000 0.000000 0.000000 
20.352388 0.000000 0.000000 0.000000 0.000000 0.000000 0.000000 0.000000 0.000000 0.000000 
20.373103 0.000000 0.000000 0.000000 0.000000 0.000000 0.000000 0.000000 0.000000 0.000000 
20.393819 0.000000 0.000000 0.000000 0.000000 0.000000 0.000000 0.000000 0.000000 0.000000 
20.414534 0.000000 0.000000 0.000000 0.000000 0.000000 0.000000 0.000000 0.000000 0.000000 
20.435248 0.000000 0.000000 0.000000 0.000000 0.000000 0.000000 0.000000 0.000000 0.000000 
20.455963 0.000000 0.000000 0.000000 0.000000 0.000000 0.000000 0.000000 0.000000 0.000000 
20.476678 0.000000 0.000000 0.000000 0.000000 0.000000 0.000000 0.000000 0.000000 0.000000 
20.497394 0.000000 0.000000 0.000000 0.000000 0.000000 0.000000 0.000000 0.000000 0.000000 
20.518108 0.000000 0.000000 0.000000 0.000000 0.000000 0.000000 0.000000 0.000000 0.000000 
20.538823 0.000000 0.000000 0.000000 0.000000 0.000000 0.000000 0.000000 0.000000 0.000000 
20.559538 0.000000 0.000000 0.000000 0.000000 0.000000 0.000000 0.000000 0.000000 0.000000 
20.580253 0.000000 0.000000 0.000000 0.000000 0.000000 0.000000 0.000000 0.000000 0.000000 
20.600967 0.000000 0.000000 0.000000 0.000000 0.000000 0.000000 0.000000 0.000000 0.000000 
20.621682 0.000000 0.000000 0.000000 0.000000 0.000000 0.000000 0.000000 0.000000 0.000000 
20.642398 0.000000 0.000000 0.000000 0.000000 0.000000 0.000000 0.000000 0.000000 0.000000 
20.663113 0.000000 0.000000 0.000000 0.000000 0.000000 0.000000 0.000000 0.000000 0.000000 
20.683827 0.000000 0.000000 0.000000 0.000000 0.000000 0.000000 0.000000 0.000000 0.000000 
20.704542 0.000000 0.000000 0.000000 0.000000 0.000000 0.000000 0.000000 0.000000 0.000000 
