# concentrations: 0.666667 0.166667 0.166667
0.010772 0.000000 0.000000 0.000000 0.000000 0.000000 0.000000 0.000000 0.000000 0.000000 
0.032316 0.000000 0.000000 0.000000 0.000000 0.000000 0.000000 0.000000 0.000000 0.000000 
0.053861 0.000000 0.000000 0.000000 0.000000 0.000000 0.000000 0.000000 0.000000 0.000000 
0.075405 0.000000 0.000000 0.000000 0.000000 0.000000 0.000000 0.000000 0.000000 0.000000 
0.096949 0.000000 0.000000 0.000000 0.000000 0.000000 0.000000 0.000000 0.000000 0.000000 
0.118494 0.000000 0.000000 0.000000 0.000000 0.000000 0.000000 0.000000 0.000000 0.000000 
0.140038 0.000000 0.000000 0.000000 0.000000 0.000000 0.000000 0.000000 0.000000 0.000000 
0.161582 0.000000 0.000000 0.000000 0.000000 0.000000 0.000000 0.000000 0.000000 0.000000 
0.183127 0.000000 0.000000 0.000000 0.000000 0.000000 0.000000 0.000000 0.000000 0.000000 
0.204671 0.000000 0.000000 0.000000 0.000000 0.000000 0.000000 0.000000 0.000000 0.000000 
0.226215 0.000000 0.000000 0.000000 0.000000 0.000000 0.000000 0.000000 0.000000 0.000000 
0.247759 0.000000 0.000000 0.000000 0.000000 0.000000 0.000000 0.000000 0.000000 0.000000 
0.269304 0.000000 0.000000 0.000000 0.000000 0.000000 0.000000 0.000000 0.000000 0.000000 
0.290848 0.000000 0.000000 0.000000 0.000000 0.000000 0.000000 0.000000 0.000000 0.000000 
0.312392 0.000000 0.000000 0.000000 0.000000 0.000000 0.000000 0.000000 0.000000 0.000000 
0.333937 0.000000 0.000000 0.000000 0.000000 0.000000 0.000000 0.000000 0.000000 0.000000 
0.355481 0.000000 0.000000 0.000000 0.000000 0.000000 0.000000 0.000000 0.000000 0.000000 
0.377025 0.000000 0.000000 0.000000 0.000000 0.000000 0.000000 0.000000 0.000000 0.000000 
0.398570 0.000000 0.000000 0.000000 0.000000 0.000000 0.000000 0.000000 0.000000 0.000000 
0.420114 0.000000 0.000000 0.000000 0.000000 0.000000 0.000000 0.000000 0.000000 0.000000 
0.441658 0.000000 0.000000 0.000000 0.000000 0.000000 0.000000 0.000000 0.000000 0.000000 
0.463202 0.000000 0.000000 0.000000 0.000000 0.000000 0.000000 0.000000 0.000000 0.000000 
0.484747 0.000000 0.000000 0.000000 0.000000 0.000000 0.000000 0.000000 0.000000 0.000000 
0.506291 0.000000 0.000000 0.000000 0.000000 0.000000 0.000000 0.000000 0.000000 0.000000 
0.527835 0.000000 0.000000 0.000000 0.000000 0.000000 0.000000 0.000000 0.000000 0.000000 
0.549380 0.000000 0.000000 0.000000 0.000000 0.000000 0.000000 0.000000 0.000000 0.000000 
0.570924 0.000000 0.000000 0.000000 0.000000 0.000000 0.000000 0.000000 0.000000 0.000000 
0.592468 0.000000 0.000000 0.000000 0.000000 0.000000 0.000000 0.000000 0.000000 0.000000 
0.614013 0.000000 0.000000 0.000000 0.000000 0.000000 0.000000 0.000000 0.000000 0.000000 
0.635557 0.000000 0.000000 0.000000 0.000000 0.000000 0.000000 0.000000 0.000000 0.000000 
0.657101 0.000000 0.000252 0.000000 0.000252 0.000000 0.000000 0.000000 0.000000 0.000000 
0.678645 0.000000 0.008708 0.000000 0.008708 0.000540 0.000608 0.000000 0.000608 0.000000 
0.700190 0.000000 0.088016 0.000000 0.088016 0.011420 0.012746 0.000000 0.012746 0.000000 
0.721734 0.000000 0.387850 0.000045 0.387850 0.052189 0.082721 0.000045 0.082721 0.000000 
0.743278 0.000000 0.982637 0.002363 0.982637 0.175099 0.298870 0.002363 0.298870 0.000563 
0.764823 0.000000 1.697111 0.032978 1.697111 0.374031 0.661906 0.032978 0.661906 0.008721 
0.786367 0.000044 2.266960 0.176808 2.266960 0.618705 1.068417 0.176808 1.068417 0.063983 
0.807911 0.001060 2.606310 0.553610 2.606310 0.851012 1.409246 0.553610 1.409246 0.223785 
0.829456 0.014824 2.707825 1.123892 2.707825 0.986052 1.631528 1.123892 1.631528 0.486109 
0.851000 0.091500 2.645246 1.745335 2.645246 1.084171 1.746805 1.745335 1.746805 0.862715 
0.872544 0.308983 2.471735 2.227731 2.471735 1.137031 1.738670 2.227731 1.738670 1.173965 
0.894088 0.699820 2.278999 2.523355 2.278999 1.158148 1.667127 2.523355 1.667127 1.393405 
0.915633 1.186748 2.055499 2.585797 2.055499 1.119506 1.575699 2.585797 1.575699 1.543578 
0.937177 1.651032 1.838660 2.540227 1.838660 1.092498 1.485788 2.540227 1.485788 1.602482 
0.958721 1.986556 1.651045 2.396636 1.651045 1.064321 1.371831 2.396636 1.371831 1.575736 
0.980266 2.174425 1.491564 2.219434 1.491564 1.013395 1.291266 2.219434 1.291266 1.520124 
1.001810 2.230379 1.346275 2.011230 1.346275 0.995507 1.183138 2.011230 1.183138 1.444849 
1.023354 2.186426 1.220116 1.820614 1.220116 0.930091 1.108432 1.820614 1.108432 1.342534 
1.044899 2.088479 1.116446 1.624103 1.116446 0.917205 1.038707 1.624103 1.038707 1.257317 
1.066443 1.934820 1.035572 1.469320 1.035572 0.906838 0.986017 1.469320 0.986017 1.167161 
1.087987 1.784031 0.957448 1.333877 0.957448 0.863339 0.937237 1.333877 0.937237 1.110405 
1.109531 1.634506 0.894287 1.211968 0.894287 0.866675 0.899401 1.211968 0.899401 1.043345 
1.131076 1.492642 0.846600 1.110198 0.846600 0.838793 0.882044 1.110198 0.882044 0.963476 
1.152620 1.360952 0.805695 1.025101 0.805695 0.847342 0.835264 1.025101 0.835264 0.923249 
1.174164 1.252270 0.768130 0.949255 0.768130 0.843427 0.823273 0.949255 0.823273 0.872307 
1.195709 1.149760 0.741965 0.889756 0.741965 0.840204 0.790812 0.889756 0.790812 0.854781 
1.217253 1.063004 0.725010 0.837159 0.725010 0.862953 0.785305 0.837159 0.785305 0.805179 
1.238797 0.988883 0.708223 0.796604 0.708223 0.867657 0.779500 0.796604 0.779500 0.786984 
1.260342 0.931449 0.695824 0.764138 0.695824 0.875572 0.780676 0.764138 0.780676 0.774056 
1.281886 0.877065 0.688614 0.733011 0.688614 0.882209 0.781206 0.733011 0.781206 0.752009 
1.303430 0.837547 0.697182 0.714763 0.697182 0.908796 0.813199 0.714763 0.813199 0.743427 
1.324974 0.806520 0.691049 0.700214 0.691049 0.920412 0.815447 0.700214 0.815447 0.747230 
1.346519 0.775739 0.703562 0.694165 0.703562 0.947507 0.826965 0.694165 0.826965 0.762185 
1.368063 0.761748 0.713589 0.690100 0.713589 0.970049 0.846271 0.690100 0.846271 0.757544 
1.389607 0.746822 0.730074 0.690523 0.730074 0.979187 0.864704 0.690523 0.864704 0.775572 
1.411152 0.739513 0.750236 0.691668 0.750236 1.025001 0.896307 0.691668 0.896307 0.780756 
1.432696 0.736318 0.775067 0.708231 0.775067 1.035045 0.918715 0.708231 0.918715 0.807244 
1.454240 0.743892 0.805263 0.721050 0.805263 1.053967 0.944356 0.721050 0.944356 0.824335 
1.475785 0.749324 0.834651 0.740733 0.834651 1.095381 0.980959 0.740733 0.980959 0.867147 
1.497329 0.763291 0.866624 0.767708 0.866624 1.107230 0.991826 0.767708 0.991826 0.902333 
1.518873 0.781209 0.898227 0.790958 0.898227 1.122291 1.029036 0.790958 1.029036 0.929071 
1.540417 0.801648 0.929985 0.821690 0.929985 1.145809 1.063201 0.821690 1.063201 0.944271 
1.561962 0.824304 0.962187 0.854134 0.962187 1.161906 1.089477 0.854134 1.089477 0.988175 
1.583506 0.848821 0.993751 0.888857 0.993751 1.180542 1.111099 0.888857 1.111099 1.015278 
1.605050 0.872966 1.029547 0.919087 1.029547 1.167561 1.134030 0.919087 1.134030 1.044207 
1.626595 0.901064 1.062423 0.954311 1.062423 1.171691 1.152339 0.954311 1.152339 1.076578 
1.648139 0.929012 1.089798 0.985535 1.089798 1.166332 1.171403 0.985535 1.171403 1.105066 
1.669683 0.954952 1.115445 1.019739 1.115445 1.152852 1.171513 1.019739 1.171513 1.130916 
1.691228 0.981828 1.136851 1.048889 1.136851 1.124979 1.170255 1.048889 1.170255 1.157126 
1.712772 1.006457 1.157379 1.076387 1.157379 1.120453 1.177187 1.076387 1.177187 1.166748 
1.734316 1.027509 1.163800 1.100044 1.163800 1.105054 1.164784 1.100044 1.164784 1.177260 
1.755860 1.051272 1.168472 1.126059 1.168472 1.081237 1.152417 1.126059 1.152417 1.183989 
1.777405 1.071575 1.167040 1.142614 1.167040 1.056202 1.135390 1.142614 1.135390 1.179322 
1.798949 1.088859 1.158524 1.158517 1.158524 1.030883 1.118407 1.158517 1.118407 1.185770 
1.820493 1.105925 1.149552 1.161909 1.149552 1.019229 1.092474 1.161909 1.092474 1.158459 
1.842038 1.115738 1.134920 1.167854 1.134920 0.985566 1.069757 1.167854 1.069757 1.157806 
1.863582 1.124110 1.120281 1.166703 1.120281 0.976113 1.047503 1.166703 1.047503 1.129578 
1.885126 1.131681 1.101106 1.156634 1.101106 0.957838 1.028374 1.156634 1.028374 1.101235 
1.906671 1.131089 1.087627 1.144013 1.087627 0.942179 1.004226 1.144013 1.004226 1.090362 
1.928215 1.129456 1.059777 1.130756 1.059777 0.936570 0.988642 1.130756 0.988642 1.070734 
1.949759 1.122745 1.040126 1.114632 1.040126 0.933940 0.973024 1.114632 0.973024 1.047693 
1.971303 1.112581 1.024136 1.092156 1.024136 0.916956 0.964318 1.092156 0.964318 1.014646 
1.992848 1.100755 1.006788 1.071744 1.006788 0.918083 0.949987 1.071744 0.949987 1.008517 
2.014392 1.086943 0.986963 1.052214 0.986963 0.919406 0.934416 1.052214 0.934416 0.981608 
2.035936 1.070762 0.970670 1.031471 0.970670 0.919012 0.930997 1.031471 0.930997 0.967386 
2.057481 1.053679 0.960607 1.010746 0.960607 0.916557 0.916129 1.010746 0.916129 0.960823 
2.079025 1.036198 0.953289 0.995471 0.953289 0.911852 0.913043 0.995471 0.913043 0.944381 
2.100569 1.020686 0.942317 0.977056 0.942317 0.912494 0.907795 0.977056 0.907795 0.923900 
2.122114 1.004510 0.933531 0.964280 0.933531 0.924352 0.920258 0.964280 0.920258 0.922321 
2.143658 0.989268 0.932336 0.952830 0.932336 0.932658 0.919317 0.952830 0.919317 0.914300 
2.165202 0.975623 0.932365 0.941731 0.932365 0.944198 0.926238 0.941731 0.926238 0.913451 
2.186746 0.964603 0.926375 0.937495 0.926375 0.944885 0.923353 0.937495 0.923353 0.911904 
2.208291 0.955667 0.930317 0.929834 0.930317 0.964008 0.934816 0.929834 0.934816 0.910387 
2.229835 0.946395 0.932060 0.929904 0.932060 0.974337 0.934788 0.929904 0.934788 0.916006 
2.251379 0.940108 0.934294 0.925262 0.934294 0.976570 0.944590 0.925262 0.944590 0.916047 
2.272924 0.935754 0.943119 0.925646 0.943119 0.995115 0.957786 0.925646 0.957786 0.927677 
2.294468 0.934925 0.949001 0.926488 0.949001 0.997610 0.966709 0.926488 0.966709 0.932060 
2.316012 0.934025 0.953940 0.936011 0.953940 1.012017 0.971916 0.936011 0.971916 0.941950 
2.337556 0.936647 0.965075 0.936006 0.965075 1.012804 0.990448 0.936006 0.990448 0.948008 
2.359101 0.937950 0.970103 0.943538 0.970103 1.021990 0.988379 0.943538 0.988379 0.957881 
2.380645 0.943530 0.977299 0.950612 0.977299 1.032205 1.001056 0.950612 1.001056 0.973093 
2.402189 0.948587 0.989445 0.959475 0.989445 1.038527 1.016693 0.959475 1.016693 0.973311 
2.423734 0.954503 0.996268 0.967088 0.996268 1.037197 1.018223 0.967088 1.018223 0.993342 
2.445278 0.960177 1.005569 0.977235 1.005569 1.042152 1.025465 0.977235 1.025465 0.993739 
2.466822 0.967964 1.011481 0.985319 1.011481 1.041151 1.035159 0.985319 1.035159 1.008702 
2.488367 0.975388 1.014629 0.993584 1.014629 1.038153 1.033657 0.993584 1.033657 1.017586 
2.509911 0.982235 1.021344 1.002257 1.021344 1.043832 1.040428 1.002257 1.040428 1.025078 
2.531455 0.990170 1.028118 1.010599 1.028118 1.047293 1.042253 1.010599 1.042253 1.027935 
2.553000 0.998672 1.034147 1.018962 1.034147 1.033025 1.045045 1.018962 1.045045 1.036003 
2.574544 1.005300 1.032539 1.022045 1.032539 1.036129 1.045565 1.022045 1.045565 1.039339 
2.596088 1.011428 1.035028 1.024251 1.035028 1.027900 1.042397 1.024251 1.042397 1.034786 
2.617633 1.019350 1.035589 1.029116 1.035589 1.027903 1.036147 1.029116 1.036147 1.043502 
2.639177 1.022132 1.035686 1.034184 1.035686 1.020283 1.036552 1.034184 1.036552 1.044890 
2.660721 1.026764 1.034496 1.037470 1.034496 1.015310 1.034293 1.037470 1.034293 1.042579 
2.682265 1.031098 1.032116 1.036613 1.032116 1.013760 1.027566 1.036613 1.027566 1.046775 
2.703810 1.031879 1.029226 1.037081 1.029226 1.001422 1.023882 1.037081 1.023882 1.040628 
2.725354 1.031964 1.026213 1.037064 1.026213 1.004905 1.016052 1.037064 1.016052 1.042287 
2.746898 1.032584 1.022396 1.033439 1.022396 0.999563 1.011882 1.033439 1.011882 1.035759 
2.768443 1.032248 1.018523 1.033211 1.018523 0.990446 1.008806 1.033211 1.008806 1.026268 
2.789987 1.031614 1.013912 1.028400 1.013912 0.987474 1.002830 1.028400 1.002830 1.023624 
2.811531 1.029937 1.012056 1.023294 1.012056 0.980972 0.997548 1.023294 0.997548 1.019608 
2.833075 1.024921 1.004696 1.023497 1.004696 0.985751 0.994133 1.023497 0.994133 1.011152 
2.854620 1.024055 1.002433 1.017127 1.002433 0.980774 0.992340 1.017127 0.992340 1.008563 
2.876164 1.019618 0.997657 1.010229 0.997657 0.978217 0.983967 1.010229 0.983967 0.997485 
2.897708 1.017233 0.993030 1.005238 0.993030 0.979581 0.988418 1.005238 0.988418 0.993710 
2.919253 1.012304 0.991887 1.003672 0.991887 0.980386 0.980961 1.003672 0.980961 0.996271 
2.940797 1.008948 0.987792 0.998885 0.987792 0.983357 0.983149 0.998885 0.983149 0.987903 
2.962341 1.004440 0.984914 0.994279 0.984914 0.975103 0.979416 0.994279 0.979416 0.986000 
2.983886 1.001316 0.983945 0.992413 0.983945 0.987398 0.979138 0.992413 0.979138 0.983380 
3.005430 0.999279 0.983767 0.987607 0.983767 0.983594 0.978286 0.987607 0.978286 0.980501 
3.026974 0.995556 0.979707 0.985805 0.979707 0.980920 0.977349 0.985805 0.977349 0.980547 
3.048518 0.991829 0.984689 0.983006 0.984689 0.988301 0.980595 0.983006 0.980595 0.976948 
3.070063 0.988160 0.982843 0.982306 0.982843 0.985896 0.978717 0.982306 0.978717 0.977955 
3.091607 0.987618 0.980820 0.981340 0.980820 0.987547 0.983290 0.981340 0.983290 0.979294 
3.113151 0.983693 0.984632 0.978594 0.984632 0.993272 0.983918 0.978594 0.983918 0.980253 
3.134696 0.983930 0.984538 0.983316 0.984538 0.995937 0.987817 0.983316 0.987817 0.980558 
3.156240 0.982530 0.984821 0.981974 0.984821 1.003279 0.992643 0.981974 0.992643 0.980428 
3.177784 0.982081 0.988961 0.980499 0.988961 1.002207 0.994320 0.980499 0.994320 0.983066 
3.199329 0.982328 0.989708 0.982442 0.989708 1.007834 0.999093 0.982442 0.999093 0.989831 
3.220873 0.984041 0.990390 0.984589 0.990390 1.010374 0.998747 0.984589 0.998747 0.993534 
3.242417 0.984878 0.995709 0.989342 0.995709 1.004719 0.999657 0.989342 0.999657 0.991109 
3.263961 0.986189 0.996155 0.989695 0.996155 1.012931 1.002742 0.989695 1.002742 0.995178 
3.285506 0.988297 0.999442 0.989904 0.999442 1.010538 1.004436 0.989904 1.004436 0.998371 
3.307050 0.988434 1.001805 0.993095 1.001805 1.010554 1.002243 0.993095 1.002243 1.000929 
3.328594 0.991301 1.001848 0.995184 1.001848 1.013243 1.009041 0.995184 1.009041 1.004736 
3.350139 0.994062 1.003958 0.997792 1.003958 1.011107 1.011319 0.997792 1.011319 1.005303 
3.371683 0.995699 1.004504 1.001153 1.004504 1.009002 1.010784 1.001153 1.010784 1.009002 
3.393227 0.997007 1.009408 1.002516 1.009408 1.012791 1.008280 1.002516 1.008280 1.008252 
3.414772 0.999446 1.009537 1.006159 1.009537 1.008359 1.008545 1.006159 1.008545 1.007137 
3.436316 1.000267 1.009120 1.006168 1.009120 1.011081 1.013114 1.006168 1.013114 1.017140 
3.457860 1.004098 1.010130 1.007429 1.010130 1.006930 1.008860 1.007429 1.008860 1.010286 
3.479404 1.004904 1.011062 1.006559 1.011062 1.006651 1.012563 1.006559 1.012563 1.016210 
3.500949 1.007073 1.011249 1.009791 1.011249 1.005407 1.007215 1.009791 1.007215 1.013564 
3.522493 1.008194 1.011759 1.010047 1.011759 0.997714 1.005101 1.010047 1.005101 1.013222 
3.544037 1.008951 1.009936 1.010133 1.009936 0.999875 1.006863 1.010133 1.006863 1.011881 
3.565582 1.009314 1.006396 1.009217 1.006396 1.002094 1.006492 1.009217 1.006492 1.012757 
3.587126 1.007442 1.005508 1.010960 1.005508 1.000087 1.005920 1.010960 1.005920 1.008959 
3.608670 1.009443 1.004608 1.009244 1.004608 0.997252 1.002519 1.009244 1.002519 1.007256 
3.630215 1.008768 1.005101 1.009664 1.005101 1.003934 1.003111 1.009664 1.003111 1.009420 
3.651759 1.007899 1.005867 1.008125 1.005867 0.997722 0.999785 1.008125 0.999785 1.008900 
3.673303 1.008898 1.001700 1.005571 1.001700 0.996250 0.999033 1.005571 0.999033 1.003899 
3.694847 1.007107 1.001675 1.005931 1.001675 0.994957 0.998414 1.005931 0.998414 1.003119 
3.716392 1.007303 1.001106 1.006854 1.001106 0.995054 0.998575 1.006854 0.998575 1.003815 
3.737936 1.006579 0.999401 1.003492 0.999401 0.996964 0.993944 1.003492 0.993944 0.998277 
3.759480 1.006120 0.996643 1.001165 0.996643 0.994768 0.994539 1.001165 0.994539 0.998540 
3.781025 1.003820 0.996165 1.001037 0.996165 0.997568 0.998467 1.001037 0.998467 0.999644 
3.802569 1.001643 0.998047 0.999487 0.998047 0.987090 0.995812 0.999487 0.995812 0.995901 
3.824113 1.000427 0.997107 0.997968 0.997107 0.996051 0.995528 0.997968 0.995528 0.996302 
3.845658 1.000709 0.993320 0.997512 0.993320 0.995386 0.993467 0.997512 0.993467 0.994478 
3.867202 0.999056 0.995616 0.995744 0.995616 0.998144 0.994824 0.995744 0.994824 0.992462 
3.888746 0.998168 0.995209 0.994962 0.995209 0.997380 0.993598 0.994962 0.993598 0.990703 
3.910290 0.997835 0.995438 0.996285 0.995438 1.001219 0.991534 0.996285 0.991534 0.995511 
3.931835 0.998153 0.993470 0.994316 0.993470 0.995037 0.995585 0.994316 0.995585 0.991841 
3.953379 0.995857 0.996078 0.995334 0.996078 1.000470 0.995744 0.995334 0.995744 0.989169 
3.974923 0.995883 0.993809 0.994554 0.993809 0.998062 0.998867 0.994554 0.998867 0.992584 
3.996468 0.996240 0.997506 0.994119 0.997506 0.993803 0.995264 0.994119 0.995264 0.997305 
4.018012 0.993758 0.994881 0.995149 0.994881 1.002231 0.998282 0.995149 0.998282 0.996620 
4.039556 0.996031 0.996274 0.995617 0.996274 0.999258 0.997038 0.995617 0.997038 0.996311 
4.061100 0.995455 0.997547 0.995443 0.997547 1.000073 1.000244 0.995443 1.000244 0.993554 
4.082645 0.995221 0.998444 0.995942 0.998444 1.002035 0.997644 0.995942 0.997644 0.996955 
4.104189 0.995827 0.998136 0.996337 0.998136 1.001204 0.997944 0.996337 0.997944 0.998272 
4.125733 0.995106 0.999485 0.997352 0.999485 1.000888 1.002260 0.997352 1.002260 0.999339 
4.147278 0.995781 0.998058 0.998288 0.998058 1.004359 1.003567 0.998288 1.003567 0.999696 
4.168822 0.996231 1.002145 1.000030 1.002145 1.005733 1.000133 1.000030 1.000133 1.003882 
4.190366 0.999386 1.001496 0.998422 1.001496 1.004144 1.000208 0.998422 1.000208 0.997826 
4.211911 0.997707 1.001058 0.999353 1.001058 1.006547 1.000304 0.999353 1.000304 1.005859 
4.233455 0.999463 1.001336 1.001166 1.001336 1.004900 1.006655 1.001166 1.006655 0.997166 
4.254999 0.999425 1.002757 1.002119 1.002757 1.006765 1.002549 1.002119 1.002549 1.003380 
4.276544 0.999746 1.004641 1.001328 1.004641 1.003532 1.003553 1.001328 1.003553 0.999300 
4.298088 1.000437 1.003284 1.002054 1.003284 1.002113 1.002837 1.002054 1.002837 1.007427 
4.319632 1.000742 1.002817 1.002767 1.002817 1.004390 1.001963 1.002767 1.001963 1.000459 
4.341177 1.000447 1.004298 1.003149 1.004298 1.004276 1.003670 1.003149 1.003670 1.006725 
4.362721 1.002046 1.002626 1.003176 1.002626 1.003870 1.004742 1.003176 1.004742 0.999173 
4.384265 1.000251 1.003680 1.002253 1.003680 0.998007 1.002760 1.002253 1.002760 1.005017 
4.405809 1.001404 0.999624 1.001593 0.999624 1.001712 1.005258 1.001593 1.005258 1.004471 
4.427354 1.002914 1.002436 1.003436 1.002436 0.996830 1.000536 1.003436 1.000536 1.001172 
4.448898 1.002353 1.000924 1.002419 1.000924 0.998502 1.000021 1.002419 1.000021 1.000036 
4.470442 1.002277 1.003333 1.002417 1.003333 0.998492 1.003768 1.002417 1.003768 0.999800 
4.491987 1.003562 1.001440 1.001881 1.001440 0.997324 0.999423 1.001881 0.999423 1.001915 
4.513531 1.002881 1.000983 1.001156 1.000983 0.999390 1.001093 1.001156 1.001093 0.997427 
4.535075 1.002916 1.000731 1.002981 1.000731 0.998139 1.003209 1.002981 1.003209 1.000949 
4.556619 1.002838 0.999681 1.000948 0.999681 1.001240 1.001883 1.000948 1.001883 1.000728 
4.578164 1.003643 1.000465 1.001293 1.000465 0.999303 0.996879 1.001293 0.996879 0.998323 
4.599708 1.002601 0.999984 1.001227 0.999984 0.999397 0.996904 1.001227 0.996904 1.000340 
4.621252 1.002019 0.999874 0.999958 0.999874 0.996531 0.999627 0.999958 0.999627 0.995808 
4.642797 1.001701 0.998459 1.001918 0.998459 0.999213 0.998251 1.001918 0.998251 0.999239 
4.664341 1.001547 0.997930 1.001027 0.997930 1.000187 0.997859 1.001027 0.997859 1.000722 
4.685885 1.000064 0.999640 0.999121 0.999640 0.997235 0.997643 0.999121 0.997643 0.998913 
4.707429 1.000006 0.997952 0.999153 0.997952 0.995788 1.000134 0.999153 1.000134 1.000602 
4.728974 0.999335 0.998400 0.998689 0.998400 1.000837 0.999174 0.998689 0.999174 0.998400 
4.750518 0.999860 0.999131 0.998335 0.999131 0.996471 1.000524 0.998335 1.000524 0.997343 
4.772062 0.999219 0.999544 0.998987 0.999544 0.997313 1.000113 0.998987 1.000113 0.997231 
4.793607 0.999154 0.997783 0.997832 0.997783 0.999756 0.999306 0.997832 0.999306 0.995803 
4.815151 0.998300 0.997531 0.996991 0.997531 0.996586 0.995438 0.996991 0.995438 1.001083 
4.836695 0.998881 0.998365 0.999042 0.998365 0.997707 0.997053 0.999042 0.997053 1.002470 
4.858240 0.999323 0.998450 0.999394 0.998450 0.998773 1.001073 0.999394 1.001073 0.998578 
4.879784 0.998661 0.999159 0.998727 0.999159 1.003251 0.999416 0.998727 0.999416 0.999570 
4.901328 0.998732 0.998235 0.998826 0.998235 1.000647 0.999410 0.998826 0.999410 1.001677 
4.922873 0.998313 0.998827 0.997806 0.998827 1.001715 1.000655 0.997806 1.000655 1.001558 
4.944417 0.998954 1.000044 0.998728 1.000044 1.002947 1.000662 0.998728 1.000662 0.996743 
4.965961 0.998398 1.000937 0.998149 1.000937 1.000994 1.001320 0.998149 1.001320 1.002182 
4.987505 0.999245 0.999879 0.998082 0.999879 0.999038 1.000884 0.998082 1.000884 0.999325 
5.009050 0.999320 0.999878 0.999911 0.999878 1.001642 1.001572 0.999911 1.001572 1.002233 
5.030594 0.998827 0.999946 0.997719 0.999946 0.999731 1.000834 0.997719 1.000834 0.998635 
5.052138 0.999920 1.000633 0.999503 1.000633 1.004244 0.999108 0.999503 0.999108 1.002891 
5.073683 1.000322 0.999752 1.000360 0.999752 1.005229 0.998510 1.000360 0.998510 1.000245 
5.095227 0.999864 1.000841 1.000029 1.000841 0.998529 1.001496 1.000029 1.001496 0.999476 
5.116771 1.000178 1.000493 1.000888 1.000493 0.997951 1.003312 1.000888 1.003312 1.002140 
5.138316 0.999103 1.000781 1.000798 1.000781 1.002482 1.002574 1.000798 1.002574 1.001346 
5.159860 0.999771 1.001308 1.001673 1.001308 1.004738 1.003760 1.001673 1.003760 1.001948 
5.181404 0.999413 1.000431 1.001202 1.000431 1.001337 1.001031 1.001202 1.001031 1.002788 
5.202949 1.000481 1.001400 1.000106 1.001400 0.997623 0.999425 1.000106 0.999425 0.999678 
5.224493 0.999669 1.001211 1.001872 1.001211 1.002611 1.001956 1.001872 1.001956 1.000785 
5.246037 1.001001 1.000322 1.001160 1.000322 1.003463 0.999942 1.001160 0.999942 1.002674 
5.267581 1.000152 1.000294 1.000000 1.000294 1.000807 1.002114 1.000000 1.002114 1.002280 
5.289126 1.000696 1.000792 1.000977 1.000792 1.000979 1.000928 1.000977 1.000928 1.003199 
5.310670 1.001028 1.000732 1.000097 1.000732 1.000606 1.002448 1.000097 1.002448 0.997912 
5.332214 1.000096 0.999899 1.000743 0.999899 0.996013 0.999673 1.000743 0.999673 0.997738 
5.353759 1.001099 1.000845 1.001270 1.000845 0.998250 1.001249 1.001270 1.001249 0.999528 
5.375303 1.000273 0.999856 1.002054 0.999856 0.999081 0.999470 1.002054 0.999470 1.000498 
5.396847 1.000867 1.000423 1.000618 1.000423 1.003912 1.000243 1.000618 1.000243 0.999717 
5.418391 1.001475 1.000303 1.001062 1.000303 0.997775 0.997671 1.001062 0.997671 1.000411 
5.439936 1.001192 0.998967 0.999509 0.998967 0.999143 0.997484 0.999509 0.997484 0.998012 
5.461480 1.000593 0.999809 0.999878 0.999809 0.999668 1.000466 0.999878 1.000466 0.998323 
5.483024 1.001059 1.000520 1.000229 1.000520 1.000486 1.000312 1.000229 1.000312 1.000595 
5.504569 1.000602 0.999832 0.999193 0.999832 1.001269 1.001270 0.999193 1.001270 0.997384 
5.526113 1.000461 0.998847 1.000032 0.998847 0.996694 1.001378 1.000032 1.001378 1.001840 
5.547657 1.001009 1.000761 0.999879 1.000761 0.998032 0.999066 0.999879 0.999066 1.001468 
5.569201 1.000618 1.000031 0.999982 1.000031 0.998262 0.999971 0.999982 0.999971 0.997153 
5.590746 0.999971 0.999214 0.999581 0.999214 0.997776 0.999991 0.999581 0.999991 1.001164 
5.612290 0.999244 0.999449 0.999340 0.999449 1.000204 0.997511 0.999340 0.997511 1.000343 
5.633834 1.000114 1.000197 0.999760 1.000197 1.003463 1.000379 0.999760 1.000379 0.998577 
5.655379 1.000018 0.999539 0.999227 0.999539 1.000374 0.998454 0.999227 0.998454 0.999565 
5.676923 1.000095 0.998883 1.000694 0.998883 1.000150 0.998375 1.000694 0.998375 1.003256 
5.698467 0.999972 0.999839 1.001241 0.999839 1.000465 1.000759 1.001241 1.000759 1.001938 
5.720012 0.999700 1.000076 0.999650 1.000076 1.000235 1.001902 0.999650 1.001902 1.000630 
5.741556 0.999671 0.998409 0.999463 0.998409 0.999832 1.000376 0.999463 1.000376 1.000495 
5.763100 0.999513 0.999041 0.999899 0.999041 0.996170 0.997544 0.999899 0.997544 0.996550 
5.784645 1.000299 0.999446 0.998935 0.999446 0.995457 1.001173 0.998935 1.001173 0.998543 
5.806189 0.999832 1.000024 0.999718 1.000024 0.998126 1.002350 0.999718 1.002350 0.998286 
5.827733 1.000388 0.999669 1.000227 0.999669 1.003515 0.999368 1.000227 0.999368 0.998585 
5.849277 0.999262 0.999896 1.000487 0.999896 1.000882 0.999020 1.000487 0.999020 1.002902 
5.870822 0.999665 0.999136 0.999857 0.999136 1.001487 1.000399 0.999857 1.000399 0.999763 
5.892366 0.999630 1.001161 1.000554 1.001161 0.999711 0.999793 1.000554 0.999793 1.001295 
5.913910 0.999838 1.000507 0.999334 1.000507 1.003572 0.999807 0.999334 0.999807 0.999059 
5.935455 0.999431 1.000134 0.999245 1.000134 1.001860 0.998838 0.999245 0.998838 0.998154 
5.956999 0.999459 0.999859 0.999555 0.999859 0.999536 1.000120 0.999555 1.000120 1.000702 
5.978543 1.000099 1.001123 0.999539 1.001123 1.001470 1.000512 0.999539 1.000512 1.001008 
6.000087 1.000181 0.999942 0.999754 0.999942 0.998640 0.999347 0.999754 0.999347 1.002257 
6.021632 1.000204 1.001234 1.000264 1.001234 0.997150 1.001175 1.000264 1.001175 1.002328 
6.043176 0.999769 1.000820 0.999681 1.000820 0.999068 1.001348 0.999681 1.001348 1.001525 
6.064720 1.000369 1.000223 0.999508 1.000223 1.000976 1.000729 0.999508 1.000729 1.001697 
6.086265 1.000968 1.000120 1.000018 1.000120 1.001075 0.999841 1.000018 0.999841 0.999715 
6.107809 1.000188 1.000838 0.999517 1.000838 1.001482 1.000981 0.999517 1.000981 1.002696 
6.129353 1.000089 1.000573 1.000869 1.000573 0.999497 1.001049 1.000869 1.001049 1.002850 
6.150898 0.999778 0.999222 1.001205 0.999222 0.999410 0.999972 1.001205 0.999972 1.000813 
6.172442 0.999631 0.999417 1.000110 0.999417 1.001226 1.000501 1.000110 1.000501 1.001265 
6.193986 1.000301 1.000609 1.000612 1.000609 0.999911 1.000646 1.000612 1.000646 0.998508 
6.215531 1.000072 1.000060 0.998520 1.000060 0.999484 0.998930 0.998520 0.998930 1.000133 
6.237075 0.999760 1.000747 1.000696 1.000747 0.998422 0.999835 1.000696 0.999835 0.996877 
6.258619 1.000053 1.000627 1.000040 1.000627 0.998070 0.999687 1.000040 0.999687 0.998531 
6.280164 1.000714 0.999697 1.001202 0.999697 0.999296 1.001301 1.001202 1.001301 0.999077 
6.301708 0.999982 0.999811 1.001160 0.999811 0.998869 1.002607 1.001160 1.002607 0.998969 
6.323252 1.000346 1.000616 1.000895 1.000616 1.001658 1.000980 1.000895 1.000980 0.998257 
6.344796 1.000318 0.999916 0.999951 0.999916 0.999812 1.000062 0.999951 1.000062 0.999271 
6.366341 0.999798 1.000188 1.000515 1.000188 1.001500 0.999761 1.000515 0.999761 1.000491 
6.387885 0.999796 1.000258 0.999614 1.000258 1.000135 1.001598 0.999614 1.001598 0.997622 
6.409429 1.000904 0.999147 0.999328 0.999147 1.001931 1.000596 0.999328 1.000596 0.998441 
6.430974 1.000294 0.999661 1.000381 0.999661 1.000233 0.999621 1.000381 0.999621 1.003111 
6.452518 0.999878 1.000662 0.999745 1.000662 0.997967 1.000772 0.999745 1.000772 1.000383 
6.474062 1.000217 0.999495 1.000384 0.999495 1.001133 1.001376 1.000384 1.001376 0.998400 
6.495606 1.000887 0.999805 1.000454 0.999805 0.998246 0.999052 1.000454 0.999052 0.998737 
6.517151 1.000666 0.999416 0.999898 0.999416 1.001276 1.001362 0.999898 1.001362 0.998764 
6.538695 1.000272 1.000233 1.000436 1.000233 1.001353 0.999908 1.000436 0.999908 0.999531 
6.560239 1.000266 0.998586 0.999456 0.998586 0.998978 1.001168 0.999456 1.001168 1.000344 
6.581784 1.000458 0.999493 1.000482 0.999493 1.002423 0.999796 1.000482 0.999796 0.997480 
6.603328 0.999871 0.998455 0.999548 0.998455 1.002999 1.000212 0.999548 1.000212 1.000905 
6.624872 1.000310 0.999840 0.999962 0.999840 0.996913 1.000850 0.999962 1.000850 0.997381 
6.646417 1.000321 1.000250 1.000426 1.000250 1.002540 0.999679 1.000426 0.999679 1.002576 
6.667961 1.000025 0.998756 0.999496 0.998756 1.000117 1.000636 0.999496 1.000636 1.002553 
6.689505 0.999951 1.000403 1.000040 1.000403 1.000787 0.997616 1.000040 0.997616 1.002572 
6.711050 1.000218 0.999940 0.999532 0.999940 1.001193 1.002205 0.999532 1.002205 0.998869 
6.732594 0.999369 0.999816 1.000141 0.999816 1.001589 0.999495 1.000141 0.999495 1.000962 
6.754138 1.000153 0.999982 0.999934 0.999982 0.998668 1.000583 0.999934 1.000583 0.998659 
6.775682 0.999375 1.000623 1.000788 1.000623 1.000401 0.999669 1.000788 0.999669 1.002059 
6.797227 0.999863 1.000385 1.000541 1.000385 1.000272 0.999764 1.000541 0.999764 0.999924 
6.818771 0.999445 1.000173 0.999641 1.000173 0.999376 0.997824 0.999641 0.997824 1.000797 
6.840315 1.000030 1.000128 1.000319 1.000128 0.999458 1.000218 1.000319 1.000218 1.000401 
6.861860 0.999760 0.999602 0.999534 0.999602 1.001310 0.999480 0.999534 0.999480 1.002347 
6.883404 1.000766 0.999711 1.000642 0.999711 1.000231 1.000496 1.000642 1.000496 0.998084 
6.904948 1.000695 1.000149 0.999403 1.000149 1.000060 1.001572 0.999403 1.001572 0.999540 
6.926492 0.999906 1.000008 0.999449 1.000008 0.997970 1.000558 0.999449 1.000558 0.999095 
6.948037 1.000053 1.000599 1.000448 1.000599 1.004785 1.000315 1.000448 1.000315 0.999739 
6.969581 1.000418 1.000725 1.000404 1.000725 0.997061 1.000689 1.000404 1.000689 1.000882 
6.991125 0.999615 1.000279 0.999895 1.000279 1.002001 0.999709 0.999895 0.999709 0.999885 
7.012670 0.999885 1.000076 1.000586 1.000076 0.998517 1.002238 1.000586 1.002238 0.999077 
7.034214 0.999818 1.000092 0.999262 1.000092 1.001464 1.000471 0.999262 1.000471 0.999414 
7.055758 1.000336 1.000698 0.999721 1.000698 0.999729 1.000713 0.999721 1.000713 1.000523 
7.077302 0.999938 1.000099 1.000388 1.000099 1.001725 1.002048 1.000388 1.002048 1.002013 
7.098847 1.000379 0.999869 0.999634 0.999869 1.000263 0.999333 0.999634 0.999333 0.998795 
7.120391 0.999999 1.000247 0.999498 1.000247 0.998709 0.999722 0.999498 0.999722 0.998481 
7.141935 0.999890 1.000372 1.000604 1.000372 0.998122 0.998895 1.000604 0.998895 1.000828 
7.163480 0.999893 1.000221 1.000725 1.000221 1.001391 0.998702 1.000725 0.998702 1.001170 
7.185024 1.000575 1.000230 1.000019 1.000230 0.998437 0.999079 1.000019 0.999079 1.003127 
7.206568 1.000829 0.999254 0.999880 0.999254 1.000266 1.001048 0.999880 1.001048 0.999646 
7.228113 1.000540 0.999751 0.999278 0.999751 0.999949 0.999012 0.999278 0.999012 1.001008 
7.249657 1.000017 0.999382 1.000139 0.999382 0.997992 0.999343 1.000139 0.999343 0.999079 
7.271201 1.000272 1.000399 1.000522 1.000399 0.998805 1.000123 1.000522 1.000123 1.000072 
7.292746 1.000748 0.998733 1.000670 0.998733 0.999498 1.000274 1.000670 1.000274 0.999748 
7.314290 1.000453 0.999695 0.999465 0.999695 0.999179 1.000533 0.999465 1.000533 1.003170 
7.335834 0.999867 0.999427 0.999698 0.999427 1.001434 1.000737 0.999698 1.000737 1.000448 
7.357378 0.999844 1.000084 0.999832 1.000084 0.999302 1.000866 0.999832 1.000866 1.002836 
7.378923 1.000162 0.999302 0.999554 0.999302 0.997706 1.000086 0.999554 1.000086 1.000963 
7.400467 0.999412 1.000153 0.999746 1.000153 1.000405 1.000233 0.999746 1.000233 0.998489 
7.422011 1.000155 1.000384 1.000022 1.000384 1.000374 0.998696 1.000022 0.998696 1.000071 
7.443556 1.000238 1.000129 1.000667 1.000129 1.003928 0.999979 1.000667 0.999979 0.999176 
7.465100 1.000347 0.999742 0.999720 0.999742 1.001018 0.999789 0.999720 0.999789 0.999143 
7.486644 1.000175 0.999353 0.999376 0.999353 1.002467 0.998539 0.999376 0.998539 0.997236 
7.508188 1.000538 1.000654 1.000206 1.000654 1.000908 1.000952 1.000206 1.000952 1.000485 
7.529733 0.999855 1.000269 1.000097 1.000269 1.000463 1.000583 1.000097 1.000583 0.997101 
7.551277 1.000303 1.000466 1.000478 1.000466 0.999867 1.001155 1.000478 1.001155 0.999576 
7.572821 1.000010 0.999818 1.000279 0.999818 1.001054 1.000952 1.000279 1.000952 0.998250 
7.594366 0.999790 1.000423 1.000407 1.000423 1.001490 1.000415 1.000407 1.000415 0.999555 
7.615910 0.999787 1.000131 1.000106 1.000131 1.000039 0.998750 1.000106 0.998750 1.002043 
7.637455 1.000349 0.999908 0.999675 0.999908 1.001296 0.999971 0.999675 0.999971 1.000804 
7.658999 0.999852 1.000116 0.999903 1.000116 1.000906 1.000212 0.999903 1.000212 0.999736 
7.680543 1.000632 1.000463 1.000576 1.000463 0.999903 0.999340 1.000576 0.999340 0.997939 
7.702087 1.000093 1.000694 0.999880 1.000694 0.999631 1.000630 0.999880 1.000630 0.998244 
7.723632 0.999996 1.000053 1.000258 1.000053 1.001479 0.998929 1.000258 0.998929 0.998689 
7.745176 1.000192 1.000096 1.000395 1.000096 1.000578 1.000231 1.000395 1.000231 1.002085 
7.766720 1.000021 0.999872 1.000379 0.999872 1.002335 1.000829 1.000379 1.000829 1.000499 
7.788265 0.999835 1.000645 1.000868 1.000645 0.998097 1.001559 1.000868 1.001559 1.002084 
7.809809 1.000270 1.000328 0.999782 1.000328 0.999203 0.998048 0.999782 0.998048 0.999500 
7.831353 0.999803 0.999721 1.000719 0.999721 1.003869 1.000461 1.000719 1.000461 1.000233 
7.852897 1.000141 1.000649 0.999690 1.000649 1.000743 1.001632 0.999690 1.001632 1.000505 
7.874442 0.999995 0.999487 0.999877 0.999487 1.000552 0.999203 0.999877 0.999203 1.001497 
7.895986 1.000165 0.999873 1.000048 0.999873 1.000259 0.999510 1.000048 0.999510 0.998049 
7.917530 0.999731 0.999246 0.999409 0.999246 1.002978 0.999361 0.999409 0.999361 0.999845 
7.939075 1.000136 0.999491 1.000140 0.999491 1.000293 0.999670 1.000140 0.999670 1.000032 
7.960619 0.999655 0.999499 1.000372 0.999499 0.999502 0.998559 1.000372 0.998559 1.000649 
7.982163 1.000265 0.999828 0.999679 0.999828 0.999049 1.000799 0.999679 1.000799 0.999877 
8.003707 1.000553 0.999697 0.999967 0.999697 1.001719 0.999418 0.999967 0.999418 1.002021 
8.025252 0.999929 1.000526 0.999073 1.000526 0.999538 1.000546 0.999073 1.000546 1.001238 
8.046796 0.999579 0.999998 1.000490 0.999998 1.000335 0.998999 1.000490 0.998999 0.999094 
8.068340 1.000015 1.000417 1.000428 1.000417 0.999899 0.999960 1.000428 0.999960 0.999921 
8.089884 0.999760 1.000074 1.000209 1.000074 0.999709 1.000088 1.000209 1.000088 0.998583 
8.111429 0.999864 0.999831 1.000466 0.999831 0.999358 1.000535 1.000466 1.000535 1.000585 
8.132973 1.000334 1.000118 1.000268 1.000118 0.999946 1.000659 1.000268 1.000659 0.998525 
8.154518 0.999866 0.999939 1.000229 0.999939 0.998483 1.000129 1.000229 1.000129 1.000446 
8.176062 1.000512 0.999809 0.999635 0.999809 0.999469 1.000219 0.999635 1.000219 1.000385 
8.197606 1.000674 0.999586 0.999731 0.999586 0.999077 1.001275 0.999731 1.001275 0.999863 
8.219150 1.000071 0.999371 0.999779 0.999371 1.001100 1.000302 0.999779 1.000302 1.000926 
8.240695 1.000248 1.000163 0.999924 1.000163 1.001563 0.999361 0.999924 0.999361 0.999467 
8.262239 1.000007 1.000397 0.999338 1.000397 0.998941 0.999839 0.999338 0.999839 0.999632 
8.283783 1.000062 1.000397 1.000556 1.000397 0.999681 1.000827 1.000556 1.000827 1.001858 
8.305328 1.000104 1.001019 1.000546 1.001019 1.000657 0.999538 1.000546 0.999538 0.999662 
8.326872 1.000378 0.999891 0.999943 0.999891 0.999701 1.000072 0.999943 1.000072 0.999788 
8.348416 1.000265 1.000442 1.000682 1.000442 1.000088 1.002035 1.000682 1.002035 1.001273 
8.369960 1.000461 0.999604 1.000079 0.999604 0.998716 0.999456 1.000079 0.999456 1.001721 
8.391505 1.000649 0.999628 0.999884 0.999628 0.999380 0.999874 0.999884 0.999874 1.000250 
8.413049 1.000318 1.000808 0.999520 1.000808 0.999771 1.000670 0.999520 1.000670 1.001999 
8.434594 1.000121 1.000557 0.999708 1.000557 1.001104 1.000019 0.999708 1.000019 1.000309 
8.456138 0.999956 1.000378 1.000234 1.000378 1.002873 1.000127 1.000234 1.000127 1.001952 
8.477682 0.999741 0.999568 1.000884 0.999568 1.000296 1.000026 1.000884 1.000026 1.000109 
8.499226 1.000386 0.999733 1.000607 0.999733 1.001429 1.000649 1.000607 1.000649 1.000433 
8.520771 1.000347 1.000259 0.999340 1.000259 0.998739 0.999017 0.999340 0.999017 1.000347 
8.542315 1.000091 1.000239 0.999401 1.000239 1.000374 1.000787 0.999401 1.000787 1.000638 
8.563859 1.000216 0.999816 0.999001 0.999816 0.998496 1.001020 0.999001 1.001020 0.998858 
8.585404 1.000018 0.999858 1.000025 0.999858 0.999916 0.998737 1.000025 0.998737 1.001130 
8.606948 0.999792 1.000423 1.000372 1.000423 0.999061 0.999566 1.000372 0.999566 0.999152 
8.628492 1.000082 1.000410 0.999930 1.000410 0.999600 1.001149 0.999930 1.001149 1.000295 
8.650036 0.999844 0.999819 0.999569 0.999819 1.000188 1.001887 0.999569 1.001887 0.998929 
8.671581 0.999707 0.999671 1.000990 0.999671 1.000572 0.998914 1.000990 0.998914 1.000944 
8.693125 0.999992 1.000038 0.999094 1.000038 0.999515 0.999320 0.999094 0.999320 0.998677 
8.714670 1.000255 0.999778 0.999614 0.999778 1.000458 0.998845 0.999614 0.998845 0.999244 
8.736214 1.000048 0.999914 1.000045 0.999914 1.000199 1.001141 1.000045 1.001141 0.999747 
8.757758 1.000202 1.000353 0.999881 1.000353 1.000832 1.001054 0.999881 1.001054 1.002035 
8.779302 1.000342 0.999139 1.000124 0.999139 0.998940 0.999976 1.000124 0.999976 1.000284 
8.800847 1.000007 0.999735 1.000278 0.999735 1.002228 1.001294 1.000278 1.001294 1.000014 
8.822391 0.999882 1.000033 0.999974 1.000033 0.999967 1.000260 0.999974 1.000260 1.001539 
8.843935 1.000115 0.999193 0.999885 0.999193 1.001211 0.999149 0.999885 0.999149 0.999509 
8.865479 1.000166 1.000645 1.000100 1.000645 1.000055 1.001448 1.000100 1.001448 0.998462 
8.887023 1.000528 0.999928 1.000351 0.999928 0.999117 1.001151 1.000351 1.001151 0.998977 
8.908568 0.999975 0.999486 1.000338 0.999486 0.998976 1.001653 1.000338 1.001653 1.000555 
8.930112 0.999876 0.999598 1.000797 0.999598 0.999311 0.998490 1.000797 0.998490 1.000106 
8.951657 1.000396 0.999250 1.001108 0.999250 1.000714 1.000749 1.001108 1.000749 0.999834 
8.973201 0.999944 1.000268 0.999952 1.000268 0.999912 1.001127 0.999952 1.001127 0.999319 
8.994745 0.999734 1.000244 1.000088 1.000244 1.000552 0.998393 1.000088 0.998393 0.998959 
9.016289 1.000074 0.999555 1.000004 0.999555 1.000604 1.000360 1.000004 1.000360 1.000300 
9.037834 0.999740 1.000231 0.999909 1.000231 1.000012 1.000459 0.999909 1.000459 0.998972 
9.059378 0.999917 1.000104 1.000300 1.000104 1.000821 0.999709 1.000300 0.999709 1.001456 
9.080923 1.000564 1.000190 0.999968 1.000190 0.999095 1.000927 0.999968 1.000927 1.001123 
9.102467 0.999808 1.000053 0.999701 1.000053 1.002491 1.000089 0.999701 1.000089 1.000374 
9.124011 1.000650 0.999936 1.000442 0.999936 1.000538 1.000017 1.000442 1.000017 0.999081 
9.145555 1.000481 0.999977 1.000308 0.999977 0.999287 1.001275 1.000308 1.001275 0.998672 
9.167099 0.999706 0.999870 0.999276 0.999870 1.000168 1.000503 0.999276 1.000503 0.998631 
9.188644 1.000404 1.000208 1.000924 1.000208 0.998447 1.000230 1.000924 1.000230 0.998858 
9.210188 1.000070 1.000728 1.000234 1.000728 1.000280 1.000133 1.000234 1.000133 1.000362 
9.231733 1.000755 1.000250 0.999639 1.000250 0.999946 1.000794 0.999639 1.000794 0.999696 
9.253277 1.000021 1.000213 1.000103 1.000213 0.999731 0.999844 1.000103 0.999844 0.999838 
9.274821 1.000168 1.000021 0.999969 1.000021 1.000184 0.998880 0.999969 0.998880 1.000048 
9.296365 1.000119 1.000134 1.000156 1.000134 0.998945 0.999449 1.000156 0.999449 1.000147 
9.317910 1.000112 0.999776 1.000053 0.999776 1.000481 1.001042 1.000053 1.001042 1.001069 
9.339454 0.999892 1.000728 1.000517 1.000728 0.999479 0.998926 1.000517 0.998926 0.998301 
9.360999 1.000241 0.999769 0.999536 0.999769 1.001149 0.998341 0.999536 0.998341 0.999350 
9.382543 0.999982 1.000316 1.000206 1.000316 1.003031 1.000536 1.000206 1.000536 0.999978 
9.404087 1.000221 0.999815 1.000012 0.999815 0.999585 0.999627 1.000012 0.999627 1.001181 
9.425631 0.999671 0.999852 0.999867 0.999852 1.001435 0.999958 0.999867 0.999958 1.001947 
9.447176 0.999971 0.999930 0.999447 0.999930 1.000240 1.000408 0.999447 1.000408 1.000828 
9.468720 1.000439 0.999242 1.000494 0.999242 0.999895 0.999815 1.000494 0.999815 0.999795 
9.490264 0.999737 0.999835 0.999432 0.999835 1.002217 0.999699 0.999432 0.999699 1.000531 
9.511808 1.000207 1.000720 1.000191 1.000720 1.000990 0.999133 1.000191 0.999133 1.001135 
9.533352 1.000051 1.000276 1.000234 1.000276 0.999784 0.999688 1.000234 0.999688 1.001700 
9.554897 0.999863 0.999683 0.999380 0.999683 0.999815 0.999059 0.999380 0.999059 0.999853 
9.576441 0.999485 1.000291 0.999978 1.000291 1.000522 0.999529 0.999978 0.999529 0.999227 
9.597986 1.000052 1.000468 0.999499 1.000468 0.999974 0.999817 0.999499 0.999817 1.000213 
9.619530 1.000384 1.000335 1.000397 1.000335 1.000578 0.999203 1.000397 0.999203 1.000426 
9.641074 0.999967 0.999659 0.999955 0.999659 0.998925 1.001210 0.999955 1.001210 0.998139 
9.662618 1.000428 1.000021 1.000134 1.000021 0.998844 1.000479 1.000134 1.000479 1.001908 
9.684163 1.000537 1.000489 0.999913 1.000489 0.999013 0.999847 0.999913 0.999847 0.999679 
9.705707 1.000129 0.999011 0.999897 0.999011 0.999391 1.000520 0.999897 1.000520 1.000326 
9.727252 1.000399 0.999855 1.000385 0.999855 0.997784 0.999590 1.000385 0.999590 0.999725 
9.748796 1.000453 0.999845 1.000238 0.999845 1.000727 0.999718 1.000238 0.999718 1.000870 
9.770340 1.000436 1.000236 1.000063 1.000236 1.000841 1.000191 1.000063 1.000191 0.999459 
9.791884 1.000325 1.000531 1.000172 1.000531 0.999110 1.000503 1.000172 1.000503 1.002077 
9.813428 0.999600 1.000079 0.999714 1.000079 0.999163 1.000973 0.999714 1.000973 1.000079 
9.834973 1.000107 1.000122 0.999862 1.000122 1.000963 1.001639 0.999862 1.001639 0.999786 
9.856517 0.999874 0.999630 1.000166 0.999630 1.000574 1.001094 1.000166 1.001094 1.002186 
9.878062 1.000323 0.999942 1.000223 0.999942 1.000001 0.999220 1.000223 0.999220 1.000551 
9.899606 1.000121 1.000123 1.000323 1.000123 0.998753 0.999725 1.000323 0.999725 0.998463 
9.921150 1.000353 0.999341 0.999796 0.999341 1.000131 1.001604 0.999796 1.001604 1.001095 
9.942694 0.999890 1.000103 0.999574 1.000103 0.999422 0.999894 0.999574 0.999894 0.999640 
9.964239 0.999812 0.999846 1.000064 0.999846 1.000429 0.999221 1.000064 0.999221 1.000214 
9.985783 1.000054 1.000699 0.999518 1.000699 1.000240 1.000883 0.999518 1.000883 1.000506 
10.007328 1.000149 1.000321 1.000568 1.000321 1.000952 1.000256 1.000568 1.000256 1.001344 
10.028872 0.999969 1.000141 1.000130 1.000141 1.000596 0.999959 1.000130 0.999959 1.000105 
10.050416 1.000539 0.999978 0.999456 0.999978 1.000737 1.000331 0.999456 1.000331 0.999221 
10.071960 1.000296 1.000262 1.000596 1.000262 1.000384 0.999610 1.000596 0.999610 0.999933 
10.093504 1.000284 0.999931 0.999932 0.999931 1.000393 1.000381 0.999932 1.000381 1.000857 
10.115049 0.999883 1.000219 0.999980 1.000219 1.001045 1.000622 0.999980 1.000622 1.000450 
10.136593 1.000180 0.999933 1.000011 0.999933 1.000969 0.998640 1.000011 0.998640 0.999794 
10.158138 1.000114 0.999717 0.999925 0.999717 0.999957 1.000228 0.999925 1.000228 0.999849 
10.179682 1.000495 1.000754 0.999677 1.000754 1.000695 0.999012 0.999677 0.999012 0.999063 
10.201226 0.999585 0.999493 1.000199 0.999493 1.000877 0.999489 1.000199 0.999489 0.998015 
10.222770 1.000069 1.000129 1.000536 1.000129 1.000409 1.000074 1.000536 1.000074 0.997717 
10.244315 0.999764 0.999894 0.999725 0.999894 1.000873 1.000219 0.999725 1.000219 0.999389 
10.265859 0.999908 1.000202 0.999880 1.000202 1.000450 0.998810 0.999880 0.998810 0.999519 
10.287404 1.000228 1.000078 0.999955 1.000078 0.998950 1.000243 0.999955 1.000243 1.002031 
10.308948 1.000309 1.000130 0.999855 1.000130 1.001322 0.999997 0.999855 0.999997 1.000978 
10.330492 1.000154 0.999913 0.999955 0.999913 1.001320 1.000408 0.999955 1.000408 1.000190 
10.352036 0.999941 0.999778 0.999709 0.999778 0.999584 0.999193 0.999709 0.999193 1.002652 
10.373580 0.999665 0.999627 1.000791 0.999627 1.001259 1.000301 1.000791 1.000301 1.000994 
10.395125 1.000484 1.000206 0.999815 1.000206 1.000063 1.000889 0.999815 1.000889 1.001006 
10.416669 0.999961 0.999997 1.000077 0.999997 0.999594 1.000264 1.000077 1.000264 1.000270 
10.438213 1.000484 1.000174 0.999779 1.000174 1.000138 1.000438 0.999779 1.000438 1.000909 
10.459757 0.999962 0.999630 1.000340 0.999630 1.000872 0.999707 1.000340 0.999707 1.000386 
10.481302 0.999874 1.000136 1.000321 1.000136 0.999966 1.000687 1.000321 1.000687 0.999775 
10.502846 1.000148 1.000453 1.000532 1.000453 1.003288 1.000332 1.000532 1.000332 1.000386 
10.524391 1.000077 0.999660 0.999826 0.999660 0.997805 0.998802 0.999826 0.998802 1.000540 
10.545935 0.999862 0.999766 1.000687 0.999766 0.999169 1.000150 1.000687 1.000150 1.001754 
10.567479 1.000255 0.999441 1.000588 0.999441 0.999990 1.001166 1.000588 1.001166 1.000972 
10.589023 1.000028 1.000425 1.000272 1.000425 0.998757 0.999803 1.000272 0.999803 0.998789 
10.610568 0.999851 1.000235 0.999909 1.000235 0.999927 0.999974 0.999909 0.999974 0.999512 
10.632112 1.000338 0.999661 1.000194 0.999661 0.999357 1.000561 1.000194 1.000561 1.001531 
10.653656 1.000087 1.000216 1.000344 1.000216 1.000784 0.999481 1.000344 0.999481 1.000575 
10.675201 1.000481 0.999692 1.000041 0.999692 1.000504 1.000356 1.000041 1.000356 1.000224 
10.696745 0.999843 0.999813 1.000148 0.999813 1.000823 1.000247 1.000148 1.000247 1.000213 
10.718289 1.000213 1.000143 0.999843 1.000143 1.000212 1.000482 0.999843 1.000482 1.000070 
10.739833 1.000150 0.999727 1.000071 0.999727 0.999925 1.000910 1.000071 1.000910 1.000235 
10.761378 1.000331 0.999867 0.999361 0.999867 1.000975 0.999851 0.999361 0.999851 0.999433 
10.782922 0.997207 0.996541 0.996556 0.996541 0.997724 0.996011 0.996556 0.996011 0.997681 
10.804467 0.991101 0.991606 0.990990 0.991606 0.992227 0.990736 0.990990 0.990736 0.990158 
10.826011 0.985573 0.985645 0.985253 0.985645 0.984200 0.985770 0.985253 0.985770 0.983916 
10.847555 0.979661 0.978949 0.979501 0.978949 0.979317 0.979244 0.979501 0.979244 0.978829 
10.869099 0.973403 0.973466 0.972493 0.973466 0.974050 0.973429 0.972493 0.973429 0.973734 
10.890644 0.967059 0.967386 0.967758 0.967386 0.966937 0.967892 0.967758 0.967892 0.967685 
10.912188 0.961476 0.961565 0.961047 0.961565 0.961685 0.961625 0.961047 0.961625 0.960966 
10.933733 0.955411 0.955377 0.956072 0.955377 0.955541 0.956071 0.956072 0.956071 0.957837 
10.955276 0.950199 0.950218 0.949719 0.950218 0.949467 0.949148 0.949719 0.949148 0.949226 
10.976820 0.944354 0.944017 0.944080 0.944017 0.943152 0.943808 0.944080 0.943808 0.944747 
10.998365 0.938628 0.938415 0.938244 0.938415 0.938731 0.938177 0.938244 0.938177 0.938659 
11.019909 0.932318 0.932561 0.932718 0.932561 0.933629 0.932903 0.932718 0.932903 0.933099 
11.041454 0.926773 0.926742 0.926684 0.926742 0.927653 0.928333 0.926684 0.928333 0.926895 
11.062998 0.921133 0.920856 0.920922 0.920856 0.921212 0.920801 0.920922 0.920801 0.920512 
11.084543 0.915936 0.914817 0.915662 0.914817 0.915527 0.915937 0.915662 0.915937 0.914634 
11.106087 0.909710 0.909673 0.909173 0.909673 0.912205 0.910981 0.909173 0.910981 0.909820 
11.127631 0.904463 0.904505 0.904095 0.904505 0.903460 0.905464 0.904095 0.905464 0.903560 
11.149175 0.898633 0.898257 0.898733 0.898257 0.898541 0.898908 0.898733 0.898908 0.898267 
11.170720 0.893004 0.893320 0.893089 0.893320 0.893733 0.891835 0.893089 0.891835 0.892835 
11.192264 0.887466 0.887490 0.887522 0.887490 0.887686 0.887559 0.887522 0.887559 0.888775 
11.213809 0.882076 0.881723 0.882108 0.881723 0.881481 0.881711 0.882108 0.881711 0.881994 
11.235353 0.876092 0.876758 0.876559 0.876758 0.877244 0.876775 0.876559 0.876775 0.875601 
11.256896 0.870734 0.870783 0.871004 0.870783 0.870413 0.870504 0.871004 0.870504 0.871435 
11.278441 0.865303 0.865753 0.865735 0.865753 0.864509 0.865892 0.865735 0.865892 0.862876 
11.299985 0.859762 0.859593 0.859888 0.859593 0.858587 0.859801 0.859888 0.859801 0.858591 
11.321530 0.854739 0.854696 0.853996 0.854696 0.854643 0.854584 0.853996 0.854584 0.856412 
11.343074 0.848717 0.849335 0.848897 0.849335 0.849086 0.849661 0.848897 0.849661 0.849450 
11.364618 0.843939 0.843431 0.843844 0.843431 0.844264 0.843670 0.843844 0.843670 0.845024 
11.386162 0.838147 0.837919 0.838190 0.837919 0.838244 0.837920 0.838190 0.837920 0.837727 
11.407707 0.833225 0.833093 0.833036 0.833093 0.832811 0.833049 0.833036 0.833049 0.833981 
11.429251 0.827438 0.827343 0.827264 0.827343 0.827597 0.828087 0.827264 0.828087 0.826720 
11.450796 0.822290 0.822462 0.822135 0.822462 0.821724 0.821629 0.822135 0.821629 0.823684 
11.472340 0.816853 0.817063 0.816808 0.817063 0.818531 0.816685 0.816808 0.816685 0.817124 
11.493884 0.812077 0.811795 0.812051 0.811795 0.811072 0.812142 0.812051 0.812142 0.813995 
11.515428 0.806672 0.806467 0.806915 0.806467 0.807145 0.806803 0.806915 0.806803 0.806926 
11.536973 0.800975 0.801100 0.800981 0.801100 0.800157 0.801001 0.800981 0.801001 0.801480 
11.558517 0.796178 0.795795 0.795695 0.795795 0.795922 0.796079 0.795695 0.796079 0.796130 
11.580061 0.791034 0.790428 0.790472 0.790428 0.790271 0.790203 0.790472 0.790203 0.791914 
11.601606 0.785726 0.785789 0.785666 0.785789 0.785653 0.785961 0.785666 0.785961 0.784893 
11.623150 0.780314 0.780086 0.780498 0.780086 0.780052 0.780822 0.780498 0.780822 0.780020 
11.644694 0.775354 0.775197 0.775139 0.775197 0.775409 0.775079 0.775139 0.775079 0.775742 
11.666238 0.770069 0.769816 0.770827 0.769816 0.770743 0.771258 0.770827 0.771258 0.770411 
11.687783 0.764904 0.764621 0.765318 0.764621 0.765622 0.765069 0.765318 0.765069 0.765150 
11.709327 0.759769 0.759936 0.759569 0.759936 0.759848 0.760918 0.759569 0.760918 0.759640 
11.730872 0.755048 0.754883 0.754836 0.754883 0.755084 0.755095 0.754836 0.755095 0.756541 
11.752416 0.750089 0.749640 0.749677 0.749640 0.749642 0.748912 0.749677 0.748912 0.749510 
11.773960 0.744574 0.744924 0.744558 0.744924 0.746027 0.744605 0.744558 0.744605 0.746264 
11.795504 0.739669 0.739521 0.739544 0.739521 0.738193 0.740552 0.739544 0.740552 0.740243 
11.817049 0.734630 0.734746 0.735220 0.734746 0.734627 0.734789 0.735220 0.734789 0.734078 
11.838593 0.730128 0.729852 0.729573 0.729852 0.730167 0.728787 0.729573 0.728787 0.729133 
11.860137 0.724875 0.724642 0.724589 0.724642 0.725274 0.725522 0.724589 0.725522 0.725143 
11.881681 0.720042 0.719516 0.719993 0.719516 0.719009 0.719488 0.719993 0.719488 0.718711 
11.903225 0.714955 0.715293 0.714644 0.715293 0.714569 0.714918 0.714644 0.714918 0.715783 
11.924770 0.709995 0.710342 0.710249 0.710342 0.710661 0.709952 0.710249 0.709952 0.709284 
11.946314 0.704963 0.705456 0.705028 0.705456 0.705973 0.704528 0.705028 0.704528 0.706073 
11.967859 0.700343 0.700461 0.700167 0.700461 0.700987 0.700464 0.700167 0.700464 0.700261 
11.989403 0.695432 0.695225 0.695205 0.695225 0.695599 0.695491 0.695205 0.695491 0.694688 
12.010947 0.690690 0.690524 0.690447 0.690524 0.690820 0.690915 0.690447 0.690915 0.690631 
12.032491 0.685887 0.685686 0.685800 0.685686 0.684995 0.686105 0.685800 0.686105 0.685162 
12.054036 0.681209 0.681182 0.680957 0.681182 0.680945 0.681356 0.680957 0.681356 0.680933 
12.075580 0.676220 0.676140 0.676677 0.676140 0.676447 0.675722 0.676677 0.675722 0.676554 
12.097125 0.671287 0.671583 0.671055 0.671583 0.671715 0.672947 0.671055 0.672947 0.672507 
12.118669 0.666864 0.666761 0.666654 0.666761 0.667080 0.667063 0.666654 0.667063 0.667054 
12.140213 0.662195 0.662027 0.662070 0.662027 0.660682 0.661106 0.662070 0.661106 0.662392 
12.161757 0.657371 0.656923 0.657125 0.656923 0.657531 0.656930 0.657125 0.656930 0.656801 
12.183301 0.652515 0.652506 0.652445 0.652506 0.652681 0.652299 0.652445 0.652299 0.652891 
12.204846 0.647912 0.648174 0.647386 0.648174 0.648481 0.646981 0.647386 0.646981 0.648146 
12.226390 0.643335 0.643184 0.643318 0.643184 0.643975 0.643085 0.643318 0.643085 0.644575 
12.247935 0.638548 0.638799 0.638843 0.638799 0.638254 0.638618 0.638843 0.638618 0.638836 
12.269479 0.634132 0.633663 0.634429 0.633663 0.633399 0.634385 0.634429 0.634385 0.634971 
12.291023 0.629430 0.628804 0.629135 0.628804 0.628987 0.629074 0.629135 0.629074 0.627919 
12.312567 0.624754 0.624500 0.624689 0.624500 0.623852 0.624333 0.624689 0.624333 0.625340 
12.334112 0.620149 0.620185 0.620005 0.620185 0.620055 0.619949 0.620005 0.619949 0.620608 
12.355656 0.615800 0.615651 0.615335 0.615651 0.615519 0.615543 0.615335 0.615543 0.617101 
12.377201 0.611051 0.610889 0.610883 0.610889 0.611471 0.611737 0.610883 0.611737 0.611550 
12.398745 0.606221 0.606721 0.606643 0.606721 0.606857 0.606354 0.606643 0.606354 0.607872 
12.420289 0.601906 0.601909 0.602101 0.601909 0.602184 0.602703 0.602101 0.602703 0.602240 
12.441833 0.597481 0.597145 0.597456 0.597145 0.596557 0.598095 0.597456 0.598095 0.597346 
12.463377 0.592697 0.592837 0.593073 0.592837 0.593208 0.592668 0.593073 0.592668 0.593203 
12.484922 0.588523 0.588866 0.588915 0.588866 0.587919 0.587550 0.588915 0.587550 0.589265 
12.506466 0.583940 0.584063 0.584018 0.584063 0.584842 0.583703 0.584018 0.583703 0.584098 
12.528011 0.579458 0.578959 0.579563 0.578959 0.580058 0.579819 0.579563 0.579819 0.579911 
12.549555 0.575539 0.575190 0.574949 0.575190 0.575909 0.576235 0.574949 0.576235 0.574741 
12.571099 0.570876 0.570766 0.570275 0.570766 0.571014 0.570732 0.570275 0.570732 0.569808 
12.592643 0.566439 0.566440 0.566146 0.566440 0.566897 0.567011 0.566146 0.567011 0.565665 
12.614188 0.561896 0.562038 0.561775 0.562038 0.562801 0.561400 0.561775 0.561400 0.561629 
12.635732 0.557897 0.557518 0.557393 0.557518 0.558345 0.557796 0.557393 0.557796 0.557421 
12.657277 0.553081 0.552964 0.553395 0.552964 0.552891 0.553222 0.553395 0.553222 0.553488 
12.678821 0.548908 0.548502 0.548798 0.548502 0.549353 0.549799 0.548798 0.549799 0.548918 
12.700365 0.544567 0.544359 0.544754 0.544359 0.545088 0.545150 0.544754 0.545150 0.544820 
12.721909 0.540260 0.540753 0.540090 0.540753 0.540610 0.539626 0.540090 0.539626 0.540183 
12.743454 0.535924 0.535972 0.535858 0.535972 0.536602 0.535929 0.535858 0.535929 0.535897 
12.764998 0.531684 0.531522 0.531495 0.531522 0.531120 0.531574 0.531495 0.531574 0.532328 
12.786542 0.527454 0.527105 0.527727 0.527105 0.527411 0.526831 0.527727 0.526831 0.526955 
12.808086 0.523202 0.523428 0.523080 0.523428 0.523711 0.522774 0.523080 0.522774 0.523542 
12.829630 0.518726 0.518600 0.519074 0.518600 0.518752 0.518827 0.519074 0.518827 0.518893 
12.851175 0.514820 0.514660 0.514370 0.514660 0.514618 0.514458 0.514370 0.514458 0.513808 
12.872719 0.510600 0.510185 0.510525 0.510185 0.511140 0.510465 0.510525 0.510465 0.510691 
12.894264 0.506414 0.506401 0.506193 0.506401 0.505045 0.506825 0.506193 0.506825 0.507115 
12.915808 0.502148 0.502058 0.501497 0.502058 0.501614 0.501753 0.501497 0.501753 0.502444 
12.937352 0.498237 0.497909 0.497829 0.497909 0.497751 0.497754 0.497829 0.497754 0.497275 
12.958896 0.493833 0.493743 0.494086 0.493743 0.493493 0.493616 0.494086 0.493616 0.494676 
12.980441 0.489721 0.489691 0.489671 0.489691 0.490462 0.489088 0.489671 0.489088 0.489362 
13.001985 0.485182 0.485426 0.485716 0.485426 0.485697 0.485888 0.485716 0.485888 0.485378 
13.023530 0.481371 0.481336 0.481988 0.481336 0.481441 0.481400 0.481988 0.481400 0.482147 
13.045074 0.477334 0.477684 0.477468 0.477684 0.477440 0.477270 0.477468 0.477270 0.477598 
13.066618 0.473364 0.473281 0.473276 0.473281 0.473488 0.472759 0.473276 0.472759 0.473675 
13.088162 0.469094 0.469032 0.469285 0.469032 0.468364 0.469824 0.469285 0.469824 0.469006 
13.109706 0.465337 0.464889 0.465397 0.464889 0.465648 0.464809 0.465397 0.464809 0.465107 
13.131251 0.461065 0.460932 0.460790 0.460932 0.460756 0.461384 0.460790 0.461384 0.461313 
13.152795 0.457214 0.457050 0.457388 0.457050 0.456802 0.457069 0.457388 0.457069 0.456263 
13.174340 0.452962 0.453139 0.452835 0.453139 0.452811 0.452956 0.452835 0.452956 0.453769 
13.195884 0.449016 0.449012 0.448906 0.449012 0.449078 0.449056 0.448906 0.449056 0.449053 
13.217428 0.444971 0.445393 0.444895 0.445393 0.446183 0.444967 0.444895 0.444967 0.444672 
13.238972 0.440822 0.441271 0.440919 0.441271 0.441838 0.440974 0.440919 0.440974 0.440787 
13.260517 0.437129 0.436934 0.437070 0.436934 0.437125 0.436365 0.437070 0.436365 0.436699 
13.282061 0.433077 0.432917 0.433316 0.432917 0.433730 0.433157 0.433316 0.433157 0.433047 
13.303606 0.429090 0.428999 0.429125 0.428999 0.428312 0.428427 0.429125 0.428427 0.429776 
13.325150 0.425274 0.425415 0.425422 0.425415 0.425516 0.425135 0.425422 0.425135 0.426129 
13.346694 0.421470 0.421291 0.421269 0.421291 0.420927 0.421019 0.421269 0.421019 0.421793 
13.368238 0.417343 0.417492 0.417047 0.417492 0.417693 0.417892 0.417047 0.417892 0.417422 
13.389782 0.413552 0.413424 0.413956 0.413424 0.412969 0.413055 0.413956 0.413055 0.413216 
13.411327 0.409747 0.410021 0.409329 0.410021 0.409625 0.409702 0.409329 0.409702 0.409867 
13.432871 0.405724 0.405931 0.405791 0.405931 0.405965 0.405635 0.405791 0.405635 0.405861 
13.454415 0.401978 0.401792 0.401876 0.401792 0.401544 0.401885 0.401876 0.401885 0.402176 
13.475959 0.398023 0.397996 0.397998 0.397996 0.398095 0.398263 0.397998 0.398263 0.398491 
13.497504 0.394573 0.394350 0.394285 0.394350 0.394232 0.394502 0.394285 0.394502 0.393447 
13.519048 0.390464 0.390209 0.390163 0.390209 0.391385 0.390355 0.390163 0.390355 0.390813 
13.540593 0.386555 0.386431 0.386396 0.386431 0.387767 0.386260 0.386396 0.386260 0.385760 
13.562137 0.383058 0.382802 0.382984 0.382802 0.383206 0.383095 0.382984 0.383095 0.383685 
13.583681 0.379123 0.379060 0.379521 0.379060 0.379467 0.379493 0.379521 0.379493 0.378851 
13.605225 0.375265 0.375434 0.375239 0.375434 0.375396 0.375580 0.375239 0.375580 0.375558 
13.626770 0.371518 0.371402 0.371543 0.371402 0.371885 0.371287 0.371543 0.371287 0.371131 
13.648314 0.367943 0.367736 0.367536 0.367736 0.367485 0.367740 0.367536 0.367740 0.368513 
13.669858 0.364044 0.364442 0.364356 0.364442 0.363927 0.364544 0.364356 0.364544 0.364230 
13.691403 0.360237 0.360259 0.360522 0.360259 0.360500 0.359985 0.360522 0.359985 0.361189 
13.712947 0.356562 0.356443 0.356849 0.356443 0.357013 0.356650 0.356849 0.356650 0.356233 
13.734491 0.353021 0.353071 0.352939 0.353071 0.352634 0.352984 0.352939 0.352984 0.352422 
13.756035 0.349298 0.349472 0.349401 0.349472 0.349118 0.349201 0.349401 0.349201 0.348937 
13.777580 0.345593 0.345737 0.345865 0.345737 0.345359 0.345598 0.345865 0.345598 0.344842 
13.799124 0.341911 0.341603 0.342049 0.341603 0.341180 0.341350 0.342049 0.341350 0.341945 
13.820669 0.338440 0.338277 0.338445 0.338277 0.338761 0.338623 0.338445 0.338623 0.338109 
13.842213 0.334762 0.334651 0.334470 0.334651 0.334165 0.334865 0.334470 0.334865 0.334655 
13.863757 0.330905 0.331060 0.330843 0.331060 0.330807 0.330976 0.330843 0.330976 0.331088 
13.885301 0.327520 0.327407 0.327524 0.327407 0.326888 0.327459 0.327524 0.327459 0.328394 
13.906846 0.323937 0.323757 0.323696 0.323757 0.323930 0.324017 0.323696 0.324017 0.323933 
13.928390 0.319984 0.320172 0.320394 0.320172 0.320523 0.321041 0.320394 0.321041 0.320278 
13.949934 0.316679 0.316346 0.316617 0.316346 0.316400 0.316439 0.316617 0.316439 0.316175 
13.971479 0.313186 0.313382 0.312757 0.313382 0.313395 0.312554 0.312757 0.312554 0.313290 
13.993023 0.309504 0.309501 0.309302 0.309501 0.309728 0.309189 0.309302 0.309189 0.309362 
14.014567 0.305968 0.305864 0.305940 0.305864 0.306400 0.305906 0.305940 0.305906 0.306033 
14.036111 0.302567 0.302477 0.302284 0.302477 0.302311 0.301937 0.302284 0.301937 0.302194 
14.057656 0.298881 0.298875 0.298814 0.298875 0.298637 0.299017 0.298814 0.299017 0.298656 
14.079200 0.295130 0.295265 0.295327 0.295265 0.296009 0.295252 0.295327 0.295252 0.295125 
14.100745 0.291714 0.291935 0.291941 0.291935 0.292186 0.291897 0.291941 0.291897 0.292312 
14.122289 0.288453 0.288369 0.288393 0.288369 0.288019 0.288404 0.288393 0.288404 0.288590 
14.143833 0.284914 0.284798 0.284892 0.284798 0.284020 0.284540 0.284892 0.284540 0.284634 
14.165377 0.281391 0.281377 0.281191 0.281377 0.281585 0.281343 0.281191 0.281343 0.281687 
14.186922 0.278102 0.277913 0.278035 0.277913 0.277743 0.277877 0.278035 0.277877 0.278340 
14.208466 0.274451 0.274514 0.274572 0.274514 0.274738 0.274254 0.274572 0.274254 0.274436 
14.230011 0.270821 0.271059 0.270979 0.271059 0.270737 0.271094 0.270979 0.271094 0.270585 
14.251554 0.267683 0.267500 0.267670 0.267500 0.267496 0.267510 0.267670 0.267510 0.267735 
14.273098 0.264225 0.264016 0.263883 0.264016 0.264256 0.264317 0.263883 0.264317 0.264877 
14.294643 0.260668 0.260635 0.260756 0.260635 0.261088 0.260863 0.260756 0.260863 0.261011 
14.316187 0.257324 0.257405 0.257389 0.257405 0.257864 0.257565 0.257389 0.257565 0.257429 
14.337732 0.254028 0.254021 0.254156 0.254021 0.254421 0.253529 0.254156 0.253529 0.253683 
14.359276 0.250581 0.250548 0.250579 0.250548 0.250395 0.250552 0.250579 0.250552 0.250751 
14.380820 0.247327 0.247454 0.247150 0.247454 0.246981 0.246988 0.247150 0.246988 0.247438 
14.402364 0.243865 0.243594 0.243885 0.243594 0.243309 0.243967 0.243885 0.243967 0.243835 
14.423909 0.240396 0.240444 0.240460 0.240444 0.240354 0.240883 0.240460 0.240883 0.240250 
14.445453 0.237255 0.237262 0.237106 0.237262 0.237492 0.237201 0.237106 0.237201 0.237146 
14.466998 0.233793 0.233629 0.234031 0.233629 0.234046 0.234348 0.234031 0.234348 0.233721 
14.488542 0.230471 0.230430 0.230437 0.230430 0.230352 0.230625 0.230437 0.230625 0.231192 
14.510086 0.227146 0.227104 0.227060 0.227104 0.227447 0.227443 0.227060 0.227443 0.227486 
14.531630 0.223985 0.223829 0.223914 0.223829 0.223721 0.223724 0.223914 0.223724 0.223747 
14.553174 0.220652 0.220540 0.220546 0.220540 0.220371 0.220854 0.220546 0.220854 0.220645 
14.574719 0.217352 0.217309 0.217301 0.217309 0.217443 0.217154 0.217301 0.217154 0.218551 
14.596263 0.214144 0.214041 0.213908 0.214041 0.214610 0.214010 0.213908 0.214010 0.213885 
14.617808 0.210804 0.210898 0.210703 0.210898 0.210526 0.211267 0.210703 0.211267 0.210943 
14.639352 0.207444 0.207541 0.207473 0.207541 0.207821 0.207661 0.207473 0.207661 0.207549 
14.660896 0.204324 0.204098 0.204156 0.204098 0.204501 0.203746 0.204156 0.203746 0.204082 
14.682440 0.201187 0.200940 0.200962 0.200940 0.201267 0.200665 0.200962 0.200665 0.200905 
14.703985 0.197831 0.197963 0.197945 0.197963 0.198106 0.197791 0.197945 0.197791 0.197502 
14.725529 0.194624 0.194663 0.194712 0.194663 0.194857 0.194759 0.194712 0.194759 0.194431 
14.747074 0.191490 0.191255 0.191402 0.191255 0.191473 0.191445 0.191402 0.191445 0.191563 
14.768618 0.188115 0.188300 0.188132 0.188300 0.187769 0.188038 0.188132 0.188038 0.188222 
14.790162 0.185013 0.185053 0.184946 0.185053 0.184415 0.185003 0.184946 0.185003 0.184943 
14.811706 0.181757 0.181782 0.181597 0.181782 0.181927 0.181846 0.181597 0.181846 0.182227 
14.833251 0.178689 0.178780 0.178630 0.178780 0.178598 0.178471 0.178630 0.178471 0.178457 
14.854795 0.175526 0.175374 0.175573 0.175374 0.175206 0.175264 0.175573 0.175264 0.175560 
14.876339 0.172404 0.172310 0.172354 0.172310 0.172342 0.172749 0.172354 0.172749 0.172344 
14.897883 0.169092 0.169157 0.168959 0.169157 0.169152 0.169299 0.168959 0.169299 0.169384 
14.919427 0.165989 0.166098 0.166094 0.166098 0.166114 0.165887 0.166094 0.165887 0.166203 
14.940972 0.162910 0.162891 0.163096 0.162891 0.162618 0.162906 0.163096 0.162906 0.163488 
14.962516 0.159940 0.159774 0.159826 0.159774 0.159802 0.159929 0.159826 0.159929 0.159492 
14.984061 0.156669 0.156612 0.156588 0.156612 0.156945 0.157209 0.156588 0.157209 0.156563 
15.005605 0.153603 0.153866 0.153708 0.153866 0.153806 0.153547 0.153708 0.153547 0.153735 
15.027149 0.150561 0.150552 0.150450 0.150552 0.150296 0.150721 0.150450 0.150721 0.150460 
15.048693 0.147479 0.147397 0.147617 0.147397 0.147354 0.147106 0.147617 0.147106 0.147105 
15.070238 0.144408 0.144600 0.144361 0.144600 0.144112 0.144731 0.144361 0.144731 0.144201 
15.091782 0.141362 0.141288 0.141396 0.141288 0.141351 0.141212 0.141396 0.141212 0.141667 
15.113327 0.138323 0.138394 0.138374 0.138394 0.137989 0.138163 0.138374 0.138163 0.138575 
15.134871 0.135261 0.135403 0.135259 0.135403 0.135280 0.135139 0.135259 0.135139 0.135184 
15.156415 0.132180 0.132107 0.132294 0.132107 0.132321 0.132160 0.132294 0.132160 0.132209 
15.177959 0.129212 0.129259 0.129280 0.129259 0.129044 0.129010 0.129280 0.129010 0.128959 
15.199503 0.126131 0.126101 0.126115 0.126101 0.125811 0.126139 0.126115 0.126139 0.126435 
15.221048 0.123125 0.123116 0.123122 0.123116 0.123351 0.123349 0.123122 0.123349 0.123337 
15.242592 0.120143 0.120222 0.120190 0.120222 0.120081 0.120316 0.120190 0.120316 0.120227 
15.264137 0.117605 0.117485 0.117501 0.117485 0.117257 0.117760 0.117501 0.117760 0.116861 
15.285681 0.114788 0.114777 0.114743 0.114777 0.115313 0.114806 0.114743 0.114806 0.114745 
15.307225 0.112465 0.112487 0.112501 0.112487 0.112470 0.112463 0.112501 0.112463 0.112470 
15.328769 0.109994 0.109875 0.109933 0.109875 0.110404 0.110184 0.109933 0.110184 0.109869 
15.350314 0.107660 0.107744 0.107698 0.107744 0.107602 0.107957 0.107698 0.107957 0.107666 
15.371858 0.105359 0.105423 0.105334 0.105423 0.105390 0.105400 0.105334 0.105400 0.105227 
15.393403 0.103154 0.103254 0.103129 0.103254 0.103447 0.103283 0.103129 0.103283 0.103326 
15.414947 0.100972 0.100790 0.100947 0.100790 0.101016 0.100789 0.100947 0.100789 0.100892 
15.436491 0.098975 0.098807 0.098850 0.098807 0.098899 0.098888 0.098850 0.098888 0.099202 
15.458035 0.096858 0.096681 0.096981 0.096681 0.097055 0.096752 0.096981 0.096752 0.096490 
15.479579 0.094816 0.094879 0.094829 0.094879 0.094932 0.094792 0.094829 0.094792 0.094990 
15.501124 0.092916 0.092886 0.092866 0.092886 0.093053 0.092916 0.092866 0.092916 0.092997 
15.522668 0.090971 0.090980 0.091031 0.090980 0.090636 0.090956 0.091031 0.090956 0.091311 
15.544213 0.089069 0.089125 0.089038 0.089125 0.089071 0.089095 0.089038 0.089095 0.088857 
15.565757 0.087275 0.087292 0.087212 0.087292 0.087081 0.087058 0.087212 0.087058 0.087524 
15.587301 0.085426 0.085495 0.085378 0.085495 0.085425 0.085402 0.085378 0.085402 0.085421 
15.608845 0.083651 0.083603 0.083667 0.083603 0.083731 0.083637 0.083667 0.083637 0.083554 
15.630390 0.082002 0.081949 0.081874 0.081949 0.082178 0.081909 0.081874 0.081909 0.081769 
15.651934 0.080302 0.080289 0.080167 0.080289 0.080413 0.080308 0.080167 0.080308 0.080196 
15.673479 0.078572 0.078558 0.078578 0.078558 0.078237 0.078805 0.078578 0.078805 0.078705 
15.695023 0.077016 0.076880 0.077023 0.076880 0.077059 0.076923 0.077023 0.076923 0.076918 
15.716567 0.075411 0.075277 0.075439 0.075277 0.075424 0.075423 0.075439 0.075423 0.075597 
15.738111 0.073806 0.073722 0.073859 0.073722 0.073956 0.073704 0.073859 0.073704 0.074068 
15.759655 0.072298 0.072256 0.072215 0.072256 0.072441 0.072189 0.072215 0.072189 0.072411 
15.781200 0.070846 0.070726 0.070682 0.070726 0.070897 0.070738 0.070682 0.070738 0.070735 
15.802744 0.069288 0.069159 0.069246 0.069159 0.069274 0.069359 0.069246 0.069359 0.069224 
15.824288 0.067793 0.067876 0.067826 0.067876 0.067785 0.067958 0.067826 0.067958 0.068025 
15.845832 0.066404 0.066421 0.066472 0.066421 0.066437 0.066333 0.066472 0.066333 0.066438 
15.867377 0.064960 0.065101 0.065061 0.065101 0.064997 0.064783 0.065061 0.064783 0.064974 
15.888921 0.063645 0.063574 0.063583 0.063574 0.063579 0.063679 0.063583 0.063679 0.063606 
15.910466 0.062309 0.062284 0.062234 0.062284 0.062365 0.062207 0.062234 0.062207 0.062067 
15.932010 0.060887 0.060941 0.060904 0.060941 0.061060 0.061132 0.060904 0.061132 0.061205 
15.953554 0.059580 0.059621 0.059673 0.059621 0.059613 0.059691 0.059673 0.059691 0.059448 
15.975098 0.058376 0.058313 0.058362 0.058313 0.058339 0.058387 0.058362 0.058387 0.058085 
15.996643 0.057086 0.057128 0.057103 0.057128 0.056902 0.057113 0.057103 0.057113 0.057113 
16.018188 0.055864 0.055879 0.055950 0.055879 0.055669 0.055724 0.055950 0.055724 0.055859 
16.039731 0.054657 0.054688 0.054641 0.054688 0.054458 0.054692 0.054641 0.054692 0.054535 
16.061275 0.053435 0.053494 0.053415 0.053494 0.053586 0.053213 0.053415 0.053213 0.053552 
16.082820 0.052320 0.052287 0.052306 0.052287 0.052368 0.052084 0.052306 0.052084 0.052217 
16.104364 0.051087 0.051125 0.051106 0.051125 0.051119 0.051229 0.051106 0.051229 0.051066 
16.125909 0.049959 0.050014 0.050019 0.050014 0.050042 0.050049 0.050019 0.050049 0.049890 
16.147452 0.048826 0.048900 0.048923 0.048900 0.049040 0.048982 0.048923 0.048982 0.048771 
16.168997 0.047787 0.047860 0.047943 0.047860 0.047626 0.047850 0.047943 0.047850 0.047729 
16.190541 0.046758 0.046702 0.046671 0.046702 0.046813 0.046616 0.046671 0.046616 0.046759 
16.212086 0.045682 0.045613 0.045581 0.045613 0.045484 0.045599 0.045581 0.045599 0.045670 
16.233630 0.044573 0.044690 0.044617 0.044690 0.044702 0.044507 0.044617 0.044507 0.044571 
16.255175 0.043546 0.043552 0.043535 0.043552 0.043551 0.043687 0.043535 0.043687 0.043427 
16.276719 0.042612 0.042619 0.042646 0.042619 0.042578 0.042582 0.042646 0.042582 0.042717 
16.298263 0.041609 0.041652 0.041562 0.041652 0.041546 0.041728 0.041562 0.041728 0.041697 
16.319807 0.040684 0.040691 0.040641 0.040691 0.040640 0.040599 0.040641 0.040599 0.040701 
16.341352 0.039748 0.039650 0.039701 0.039650 0.039687 0.039861 0.039701 0.039861 0.039753 
16.362896 0.038712 0.038738 0.038769 0.038738 0.038962 0.038830 0.038769 0.038830 0.038845 
16.384440 0.037833 0.037842 0.037763 0.037842 0.037702 0.037885 0.037763 0.037885 0.037698 
16.405984 0.036984 0.036942 0.036977 0.036942 0.036956 0.036895 0.036977 0.036895 0.037239 
16.427528 0.036084 0.036063 0.036105 0.036063 0.036154 0.036216 0.036105 0.036216 0.036202 
16.449073 0.035197 0.035260 0.035187 0.035260 0.035213 0.035133 0.035187 0.035133 0.035238 
16.470617 0.034340 0.034361 0.034313 0.034361 0.034266 0.034387 0.034313 0.034387 0.034261 
16.492162 0.033510 0.033505 0.033514 0.033505 0.033624 0.033544 0.033514 0.033544 0.033473 
16.513706 0.032678 0.032663 0.032788 0.032663 0.032757 0.032631 0.032788 0.032631 0.032731 
16.535251 0.031909 0.031816 0.031860 0.031816 0.031915 0.031822 0.031860 0.031822 0.031952 
16.556794 0.031117 0.031131 0.031072 0.031131 0.031021 0.030998 0.031072 0.030998 0.031067 
16.578339 0.030301 0.030314 0.030268 0.030314 0.030362 0.030353 0.030268 0.030353 0.030204 
16.599883 0.029469 0.029506 0.029460 0.029506 0.029427 0.029569 0.029460 0.029569 0.029568 
16.621428 0.028831 0.028801 0.028772 0.028801 0.028844 0.028808 0.028772 0.028808 0.028813 
16.642972 0.028018 0.028027 0.028114 0.028027 0.028144 0.027992 0.028114 0.027992 0.028147 
16.664516 0.027344 0.027320 0.027316 0.027320 0.027356 0.027251 0.027316 0.027251 0.027214 
16.686061 0.026647 0.026621 0.026632 0.026621 0.026555 0.026713 0.026632 0.026713 0.026636 
16.707604 0.025906 0.025863 0.025867 0.025863 0.026063 0.025947 0.025867 0.025947 0.025865 
16.729149 0.025207 0.025140 0.025177 0.025140 0.025300 0.025190 0.025177 0.025190 0.025227 
16.750693 0.024565 0.024524 0.024553 0.024524 0.024462 0.024601 0.024553 0.024601 0.024672 
16.772238 0.023912 0.023866 0.023912 0.023866 0.023906 0.023814 0.023912 0.023814 0.023721 
16.793782 0.023237 0.023264 0.023243 0.023264 0.023340 0.023278 0.023243 0.023278 0.023080 
16.815326 0.022589 0.022569 0.022634 0.022569 0.022659 0.022522 0.022634 0.022522 0.022619 
16.836870 0.022004 0.021968 0.021972 0.021968 0.021991 0.021912 0.021972 0.021912 0.021971 
16.858415 0.021397 0.021271 0.021305 0.021271 0.021347 0.021295 0.021305 0.021295 0.021413 
16.879959 0.020750 0.020735 0.020777 0.020735 0.020736 0.020653 0.020777 0.020653 0.020705 
16.901504 0.020164 0.020208 0.020177 0.020208 0.020150 0.020224 0.020177 0.020224 0.020123 
16.923048 0.019595 0.019588 0.019577 0.019588 0.019548 0.019569 0.019577 0.019569 0.019640 
16.944592 0.019013 0.019048 0.019063 0.019048 0.018854 0.019109 0.019063 0.019109 0.019131 
16.966136 0.018470 0.018438 0.018437 0.018438 0.018525 0.018463 0.018437 0.018463 0.018689 
16.987680 0.017919 0.017868 0.017896 0.017868 0.017818 0.018001 0.017896 0.018001 0.017881 
17.009225 0.017353 0.017422 0.017369 0.017422 0.017352 0.017330 0.017369 0.017330 0.017263 
17.030769 0.016833 0.016835 0.016845 0.016835 0.016868 0.016918 0.016845 0.016918 0.016885 
17.052314 0.016310 0.016333 0.016289 0.016333 0.016410 0.016264 0.016289 0.016264 0.016473 
17.073857 0.015823 0.015841 0.015869 0.015841 0.015999 0.015866 0.015869 0.015866 0.015905 
17.095402 0.015329 0.015356 0.015279 0.015356 0.015352 0.015284 0.015279 0.015284 0.015413 
17.116946 0.014844 0.014830 0.014854 0.014830 0.014751 0.014765 0.014854 0.014765 0.014872 
17.138491 0.014386 0.014371 0.014370 0.014371 0.014313 0.014374 0.014370 0.014374 0.014427 
17.160035 0.013904 0.013931 0.013934 0.013931 0.013861 0.013852 0.013934 0.013852 0.013975 
17.181580 0.013455 0.013463 0.013458 0.013463 0.013423 0.013441 0.013458 0.013441 0.013473 
17.203124 0.013013 0.013041 0.013026 0.013041 0.012973 0.013063 0.013026 0.013063 0.013050 
17.224668 0.012584 0.012549 0.012553 0.012549 0.012504 0.012559 0.012553 0.012559 0.012677 
17.246212 0.012125 0.012113 0.012154 0.012113 0.012234 0.012111 0.012154 0.012111 0.012126 
17.267756 0.011743 0.011714 0.011703 0.011714 0.011811 0.011734 0.011703 0.011734 0.011730 
17.289301 0.011306 0.011318 0.011326 0.011318 0.011343 0.011247 0.011326 0.011247 0.011291 
17.310845 0.010935 0.010941 0.010917 0.010941 0.010925 0.010954 0.010917 0.010954 0.010887 
17.332389 0.010500 0.010534 0.010532 0.010534 0.010501 0.010502 0.010532 0.010502 0.010464 
17.353933 0.010178 0.010124 0.010185 0.010124 0.010219 0.010171 0.010185 0.010171 0.010095 
17.375478 0.009776 0.009790 0.009805 0.009790 0.009827 0.009808 0.009805 0.009808 0.009754 
17.397022 0.009429 0.009439 0.009389 0.009439 0.009405 0.009387 0.009389 0.009387 0.009457 
17.418567 0.009071 0.009098 0.009022 0.009098 0.009113 0.009094 0.009022 0.009094 0.008988 
17.440111 0.008717 0.008726 0.008720 0.008726 0.008707 0.008715 0.008720 0.008715 0.008723 
17.461656 0.008326 0.008361 0.008370 0.008361 0.008439 0.008395 0.008370 0.008395 0.008284 
17.483199 0.008058 0.008074 0.008046 0.008074 0.008043 0.008106 0.008046 0.008106 0.008003 
17.504744 0.007721 0.007721 0.007711 0.007721 0.007728 0.007734 0.007711 0.007734 0.007803 
17.526288 0.007416 0.007414 0.007447 0.007414 0.007414 0.007418 0.007447 0.007418 0.007412 
17.547832 0.007101 0.007103 0.007124 0.007103 0.007052 0.007056 0.007124 0.007056 0.007039 
17.569377 0.006781 0.006784 0.006767 0.006784 0.006758 0.006758 0.006767 0.006758 0.006784 
17.590920 0.006500 0.006508 0.006502 0.006508 0.006509 0.006529 0.006502 0.006529 0.006468 
17.612465 0.006185 0.006180 0.006204 0.006180 0.006258 0.006185 0.006204 0.006185 0.006166 
17.634009 0.005949 0.005929 0.005947 0.005929 0.005961 0.005948 0.005947 0.005948 0.005943 
17.655554 0.005684 0.005672 0.005700 0.005672 0.005660 0.005706 0.005700 0.005706 0.005691 
17.677098 0.005434 0.005390 0.005402 0.005390 0.005395 0.005383 0.005402 0.005383 0.005452 
17.698643 0.005159 0.005141 0.005139 0.005141 0.005158 0.005100 0.005139 0.005100 0.005124 
17.720187 0.004925 0.004894 0.004888 0.004894 0.004898 0.004868 0.004888 0.004868 0.004893 
17.741731 0.004654 0.004667 0.004612 0.004667 0.004711 0.004660 0.004612 0.004660 0.004675 
17.763275 0.004411 0.004423 0.004439 0.004423 0.004405 0.004405 0.004439 0.004405 0.004475 
17.784820 0.004196 0.004214 0.004186 0.004214 0.004225 0.004206 0.004186 0.004206 0.004307 
17.806364 0.003985 0.003975 0.003967 0.003975 0.004027 0.003999 0.003967 0.003999 0.004013 
17.827909 0.003771 0.003770 0.003768 0.003770 0.003754 0.003735 0.003768 0.003735 0.003746 
17.849452 0.003569 0.003558 0.003550 0.003558 0.003522 0.003547 0.003550 0.003547 0.003523 
17.870996 0.003353 0.003363 0.003363 0.003363 0.003338 0.003338 0.003363 0.003338 0.003353 
17.892541 0.003165 0.003175 0.003160 0.003175 0.003140 0.003188 0.003160 0.003188 0.003179 
17.914085 0.002975 0.002982 0.002982 0.002982 0.002946 0.002954 0.002982 0.002954 0.002954 
17.935630 0.002781 0.002786 0.002802 0.002786 0.002817 0.002772 0.002802 0.002772 0.002849 
17.957174 0.002619 0.002620 0.002632 0.002620 0.002631 0.002627 0.002632 0.002627 0.002629 
17.978719 0.002466 0.002457 0.002469 0.002457 0.002476 0.002461 0.002469 0.002461 0.002444 
18.000262 0.002293 0.002303 0.002307 0.002303 0.002333 0.002328 0.002307 0.002328 0.002278 
18.021807 0.002133 0.002143 0.002138 0.002143 0.002139 0.002127 0.002138 0.002127 0.002156 
18.043351 0.001997 0.001991 0.001980 0.001991 0.001986 0.001979 0.001980 0.001979 0.001968 
18.064896 0.001842 0.001860 0.001849 0.001860 0.001869 0.001839 0.001849 0.001839 0.001884 
18.086440 0.001714 0.001714 0.001708 0.001714 0.001688 0.001725 0.001708 0.001725 0.001741 
18.107985 0.001577 0.001567 0.001575 0.001567 0.001552 0.001566 0.001575 0.001566 0.001583 
18.129529 0.001448 0.001460 0.001445 0.001460 0.001439 0.001457 0.001445 0.001457 0.001441 
18.151073 0.001329 0.001323 0.001323 0.001323 0.001319 0.001333 0.001323 0.001333 0.001289 
18.172617 0.001219 0.001215 0.001214 0.001215 0.001187 0.001208 0.001214 0.001208 0.001213 
18.194161 0.001109 0.001092 0.001105 0.001092 0.001150 0.001100 0.001105 0.001100 0.001128 
18.215706 0.001003 0.001016 0.001002 0.001016 0.000977 0.000999 0.001002 0.000999 0.000999 
18.237250 0.000905 0.000894 0.000905 0.000894 0.000934 0.000903 0.000905 0.000903 0.000889 
18.258794 0.000809 0.000801 0.000812 0.000801 0.000842 0.000825 0.000812 0.000825 0.000803 
18.280338 0.000717 0.000721 0.000721 0.000721 0.000739 0.000717 0.000721 0.000717 0.000729 
18.301883 0.000634 0.000635 0.000645 0.000635 0.000636 0.000652 0.000645 0.000652 0.000657 
18.323427 0.000563 0.000559 0.000559 0.000559 0.000570 0.000569 0.000559 0.000569 0.000562 
18.344972 0.000495 0.000489 0.000487 0.000489 0.000476 0.000486 0.000487 0.000486 0.000497 
18.366516 0.000420 0.000418 0.000424 0.000418 0.000426 0.000420 0.000424 0.000420 0.000431 
18.388061 0.000359 0.000359 0.000360 0.000359 0.000363 0.000365 0.000360 0.000365 0.000368 
18.409604 0.000304 0.000309 0.000299 0.000309 0.000319 0.000305 0.000299 0.000305 0.000289 
18.431149 0.000253 0.000254 0.000253 0.000254 0.000258 0.000250 0.000253 0.000250 0.000238 
18.452693 0.000206 0.000209 0.000206 0.000209 0.000198 0.000225 0.000206 0.000225 0.000214 
18.474237 0.000165 0.000165 0.000163 0.000165 0.000162 0.000170 0.000163 0.000170 0.000169 
18.495782 0.000127 0.000126 0.000130 0.000126 0.000134 0.000133 0.000130 0.000133 0.000126 
18.517325 0.000097 0.000098 0.000098 0.000098 0.000094 0.000099 0.000098 0.000099 0.000112 
18.538870 0.000068 0.000069 0.000068 0.000069 0.000069 0.000069 0.000068 0.000069 0.000068 
18.560414 0.000046 0.000045 0.000048 0.000045 0.000050 0.000044 0.000048 0.000044 0.000040 
18.581959 0.000028 0.000028 0.000027 0.000028 0.000031 0.000027 0.000027 0.000027 0.000023 
18.603503 0.000015 0.000014 0.000015 0.000014 0.000016 0.000015 0.000015 0.000015 0.000014 
18.625048 0.000005 0.000006 0.000006 0.000006 0.000004 0.000007 0.000006 0.000007 0.000006 
18.646592 0.000001 0.000001 0.000001 0.000001 0.000001 0.000000 0.000001 0.000000 0.000000 
18.668136 0.000000 0.000000 0.000000 0.000000 0.000000 0.000000 0.000000 0.000000 0.000000 
18.689680 0.000000 0.000000 0.000000 0.000000 0.000000 0.000000 0.000000 0.000000 0.000000 
18.711225 0.000000 0.000000 0.000000 0.000000 0.000000 0.000000 0.000000 0.000000 0.000000 
18.732769 0.000000 0.000000 0.000000 0.000000 0.000000 0.000000 0.000000 0.000000 0.000000 
18.754313 0.000000 0.000000 0.000000 0.000000 0.000000 0.000000 0.000000 0.000000 0.000000 
18.775857 0.000000 0.000000 0.000000 0.000000 0.000000 0.000000 0.000000 0.000000 0.000000 
18.797401 0.000000 0.000000 0.000000 0.000000 0.000000 0.000000 0.000000 0.000000 0.000000 
18.818946 0.000000 0.000000 0.000000 0.000000 0.000000 0.000000 0.000000 0.000000 0.000000 
18.840490 0.000000 0.000000 0.000000 0.000000 0.000000 0.000000 0.000000 0.000000 0.000000 
18.862035 0.000000 0.000000 0.000000 0.000000 0.000000 0.000000 0.000000 0.000000 0.000000 
18.883579 0.000000 0.000000 0.000000 0.000000 0.000000 0.000000 0.000000 0.000000 0.000000 
18.905124 0.000000 0.000000 0.000000 0.000000 0.000000 0.000000 0.000000 0.000000 0.000000 
18.926667 0.000000 0.000000 0.000000 0.000000 0.000000 0.000000 0.000000 0.000000 0.000000 
18.948212 0.000000 0.000000 0.000000 0.000000 0.000000 0.000000 0.000000 0.000000 0.000000 
18.969756 0.000000 0.000000 0.000000 0.000000 0.000000 0.000000 0.000000 0.000000 0.000000 
18.991301 0.000000 0.000000 0.000000 0.000000 0.000000 0.000000 0.000000 0.000000 0.000000 
19.012845 0.000000 0.000000 0.000000 0.000000 0.000000 0.000000 0.000000 0.000000 0.000000 
19.034389 0.000000 0.000000 0.000000 0.000000 0.000000 0.000000 0.000000 0.000000 0.000000 
19.055933 0.000000 0.000000 0.000000 0.000000 0.000000 0.000000 0.000000 0.000000 0.000000 
19.077477 0.000000 0.000000 0.000000 0.000000 0.000000 0.000000 0.000000 0.000000 0.000000 
19.099022 0.000000 0.000000 0.000000 0.000000 0.000000 0.000000 0.000000 0.000000 0.000000 
19.120566 0.000000 0.000000 0.000000 0.000000 0.000000 0.000000 0.000000 0.000000 0.000000 
19.142111 0.000000 0.000000 0.000000 0.000000 0.000000 0.000000 0.000000 0.000000 0.000000 
19.163655 0.000000 0.000000 0.000000 0.000000 0.000000 0.000000 0.000000 0.000000 0.000000 
19.185199 0.000000 0.000000 0.000000 0.000000 0.000000 0.000000 0.000000 0.000000 0.000000 
19.206743 0.000000 0.000000 0.000000 0.000000 0.000000 0.000000 0.000000 0.000000 0.000000 
19.228288 0.000000 0.000000 0.000000 0.000000 0.000000 0.000000 0.000000 0.000000 0.000000 
19.249832 0.000000 0.000000 0.000000 0.000000 0.000000 0.000000 0.000000 0.000000 0.000000 
19.271377 0.000000 0.000000 0.000000 0.000000 0.000000 0.000000 0.000000 0.000000 0.000000 
19.292920 0.000000 0.000000 0.000000 0.000000 0.000000 0.000000 0.000000 0.000000 0.000000 
19.314465 0.000000 0.000000 0.000000 0.000000 0.000000 0.000000 0.000000 0.000000 0.000000 
19.336009 0.000000 0.000000 0.000000 0.000000 0.000000 0.000000 0.000000 0.000000 0.000000 
19.357553 0.000000 0.000000 0.000000 0.000000 0.000000 0.000000 0.000000 0.000000 0.000000 
19.379098 0.000000 0.000000 0.000000 0.000000 0.000000 0.000000 0.000000 0.000000 0.000000 
19.400642 0.000000 0.000000 0.000000 0.000000 0.000000 0.000000 0.000000 0.000000 0.000000 
19.422187 0.000000 0.000000 0.000000 0.000000 0.000000 0.000000 0.000000 0.000000 0.000000 
19.443730 0.000000 0.000000 0.000000 0.000000 0.000000 0.000000 0.000000 0.000000 0.000000 
19.465275 0.000000 0.000000 0.000000 0.000000 0.000000 0.000000 0.000000 0.000000 0.000000 
19.486819 0.000000 0.000000 0.000000 0.000000 0.000000 0.000000 0.000000 0.000000 0.000000 
19.508364 0.000000 0.000000 0.000000 0.000000 0.000000 0.000000 0.000000 0.000000 0.000000 
19.529908 0.000000 0.000000 0.000000 0.000000 0.000000 0.000000 0.000000 0.000000 0.000000 
19.551453 0.000000 0.000000 0.000000 0.000000 0.000000 0.000000 0.000000 0.000000 0.000000 
19.572997 0.000000 0.000000 0.000000 0.000000 0.000000 0.000000 0.000000 0.000000 0.000000 
19.594541 0.000000 0.000000 0.000000 0.000000 0.000000 0.000000 0.000000 0.000000 0.000000 
19.616085 0.000000 0.000000 0.000000 0.000000 0.000000 0.000000 0.000000 0.000000 0.000000 
19.637630 0.000000 0.000000 0.000000 0.000000 0.000000 0.000000 0.000000 0.000000 0.000000 
19.659174 0.000000 0.000000 0.000000 0.000000 0.000000 0.000000 0.000000 0.000000 0.000000 
19.680718 0.000000 0.000000 0.000000 0.000000 0.000000 0.000000 0.000000 0.000000 0.000000 
19.702262 0.000000 0.000000 0.000000 0.000000 0.000000 0.000000 0.000000 0.000000 0.000000 
19.723806 0.000000 0.000000 0.000000 0.000000 0.000000 0.000000 0.000000 0.000000 0.000000 
19.745351 0.000000 0.000000 0.000000 0.000000 0.000000 0.000000 0.000000 0.000000 0.000000 
19.766895 0.000000 0.000000 0.000000 0.000000 0.000000 0.000000 0.000000 0.000000 0.000000 
19.788440 0.000000 0.000000 0.000000 0.000000 0.000000 0.000000 0.000000 0.000000 0.000000 
19.809984 0.000000 0.000000 0.000000 0.000000 0.000000 0.000000 0.000000 0.000000 0.000000 
19.831529 0.000000 0.000000 0.000000 0.000000 0.000000 0.000000 0.000000 0.000000 0.000000 
19.853072 0.000000 0.000000 0.000000 0.000000 0.000000 0.000000 0.000000 0.000000 0.000000 
19.874617 0.000000 0.000000 0.000000 0.000000 0.000000 0.000000 0.000000 0.000000 0.000000 
19.896161 0.000000 0.000000 0.000000 0.000000 0.000000 0.000000 0.000000 0.000000 0.000000 
19.917706 0.000000 0.000000 0.000000 0.000000 0.000000 0.000000 0.000000 0.000000 0.000000 
19.939250 0.000000 0.000000 0.000000 0.000000 0.000000 0.000000 0.000000 0.000000 0.000000 
19.960793 0.000000 0.000000 0.000000 0.000000 0.000000 0.000000 0.000000 0.000000 0.000000 
19.982338 0.000000 0.000000 0.000000 0.000000 0.000000 0.000000 0.000000 0.000000 0.000000 
20.003882 0.000000 0.000000 0.000000 0.000000 0.000000 0.000000 0.000000 0.000000 0.000000 
20.025427 0.000000 0.000000 0.000000 0.000000 0.000000 0.000000 0.000000 0.000000 0.000000 
20.046971 0.000000 0.000000 0.000000 0.000000 0.000000 0.000000 0.000000 0.000000 0.000000 
20.068516 0.000000 0.000000 0.000000 0.000000 0.000000 0.000000 0.000000 0.000000 0.000000 
20.090060 0.000000 0.000000 0.000000 0.000000 0.000000 0.000000 0.000000 0.000000 0.000000 
20.111604 0.000000 0.000000 0.000000 0.000000 0.000000 0.000000 0.000000 0.000000 0.000000 
20.133148 0.000000 0.000000 0.000000 0.000000 0.000000 0.000000 0.000000 0.000000 0.000000 
20.154693 0.000000 0.000000 0.000000 0.000000 0.000000 0.000000 0.000000 0.000000 0.000000 
20.176237 0.000000 0.000000 0.000000 0.000000 0.000000 0.000000 0.000000 0.000000 0.000000 
20.197782 0.000000 0.000000 0.000000 0.000000 0.000000 0.000000 0.000000 0.000000 0.000000 
20.219325 0.000000 0.000000 0.000000 0.000000 0.000000 0.000000 0.000000 0.000000 0.000000 
20.240870 0.000000 0.000000 0.000000 0.000000 0.000000 0.000000 0.000000 0.000000 0.000000 
20.262414 0.000000 0.000000 0.000000 0.000000 0.000000 0.000000 0.000000 0.000000 0.000000 
20.283958 0.000000 0.000000 0.000000 0.000000 0.000000 0.000000 0.000000 0.000000 0.000000 
20.305503 0.000000 0.000000 0.000000 0.000000 0.000000 0.000000 0.000000 0.000000 0.000000 
20.327047 0.000000 0.000000 0.000000 0.000000 0.000000 0.000000 0.000000 0.000000 0.000000 
20.348592 0.000000 0.000000 0.000000 0.000000 0.000000 0.000000 0.000000 0.000000 0.000000 
20.370135 0.000000 0.000000 0.000000 0.000000 0.000000 0.000000 0.000000 0.000000 0.000000 
20.391680 0.000000 0.000000 0.000000 0.000000 0.000000 0.000000 0.000000 0.000000 0.000000 
20.413224 0.000000 0.000000 0.000000 0.000000 0.000000 0.000000 0.000000 0.000000 0.000000 
20.434769 0.000000 0.000000 0.000000 0.000000 0.000000 0.000000 0.000000 0.000000 0.000000 
20.456313 0.000000 0.000000 0.000000 0.000000 0.000000 0.000000 0.000000 0.000000 0.000000 
20.477857 0.000000 0.000000 0.000000 0.000000 0.000000 0.000000 0.000000 0.000000 0.000000 
20.499401 0.000000 0.000000 0.000000 0.000000 0.000000 0.000000 0.000000 0.000000 0.000000 
20.520946 0.000000 0.000000 0.000000 0.000000 0.000000 0.000000 0.000000 0.000000 0.000000 
20.542490 0.000000 0.000000 0.000000 0.000000 0.000000 0.000000 0.000000 0.000000 0.000000 
20.564034 0.000000 0.000000 0.000000 0.000000 0.000000 0.000000 0.000000 0.000000 0.000000 
20.585579 0.000000 0.000000 0.000000 0.000000 0.000000 0.000000 0.000000 0.000000 0.000000 
20.607123 0.000000 0.000000 0.000000 0.000000 0.000000 0.000000 0.000000 0.000000 0.000000 
20.628667 0.000000 0.000000 0.000000 0.000000 0.000000 0.000000 0.000000 0.000000 0.000000 
20.650211 0.000000 0.000000 0.000000 0.000000 0.000000 0.000000 0.000000 0.000000 0.000000 
20.671756 0.000000 0.000000 0.000000 0.000000 0.000000 0.000000 0.000000 0.000000 0.000000 
20.693300 0.000000 0.000000 0.000000 0.000000 0.000000 0.000000 0.000000 0.000000 0.000000 
20.714845 0.000000 0.000000 0.000000 0.000000 0.000000 0.000000 0.000000 0.000000 0.000000 
20.736389 0.000000 0.000000 0.000000 0.000000 0.000000 0.000000 0.000000 0.000000 0.000000 
20.757934 0.000000 0.000000 0.000000 0.000000 0.000000 0.000000 0.000000 0.000000 0.000000 
20.779477 0.000000 0.000000 0.000000 0.000000 0.000000 0.000000 0.000000 0.000000 0.000000 
20.801022 0.000000 0.000000 0.000000 0.000000 0.000000 0.000000 0.000000 0.000000 0.000000 
20.822566 0.000000 0.000000 0.000000 0.000000 0.000000 0.000000 0.000000 0.000000 0.000000 
20.844110 0.000000 0.000000 0.000000 0.000000 0.000000 0.000000 0.000000 0.000000 0.000000 
20.865655 0.000000 0.000000 0.000000 0.000000 0.000000 0.000000 0.000000 0.000000 0.000000 
20.887198 0.000000 0.000000 0.000000 0.000000 0.000000 0.000000 0.000000 0.000000 0.000000 
20.908743 0.000000 0.000000 0.000000 0.000000 0.000000 0.000000 0.000000 0.000000 0.000000 
20.930287 0.000000 0.000000 0.000000 0.000000 0.000000 0.000000 0.000000 0.000000 0.000000 
20.951832 0.000000 0.000000 0.000000 0.000000 0.000000 0.000000 0.000000 0.000000 0.000000 
20.973376 0.000000 0.000000 0.000000 0.000000 0.000000 0.000000 0.000000 0.000000 0.000000 
20.994921 0.000000 0.000000 0.000000 0.000000 0.000000 0.000000 0.000000 0.000000 0.000000 
21.016465 0.000000 0.000000 0.000000 0.000000 0.000000 0.000000 0.000000 0.000000 0.000000 
21.038009 0.000000 0.000000 0.000000 0.000000 0.000000 0.000000 0.000000 0.000000 0.000000 
21.059553 0.000000 0.000000 0.000000 0.000000 0.000000 0.000000 0.000000 0.000000 0.000000 
21.081098 0.000000 0.000000 0.000000 0.000000 0.000000 0.000000 0.000000 0.000000 0.000000 
21.102642 0.000000 0.000000 0.000000 0.000000 0.000000 0.000000 0.000000 0.000000 0.000000 
21.124187 0.000000 0.000000 0.000000 0.000000 0.000000 0.000000 0.000000 0.000000 0.000000 
21.145730 0.000000 0.000000 0.000000 0.000000 0.000000 0.000000 0.000000 0.000000 0.000000 
21.167274 0.000000 0.000000 0.000000 0.000000 0.000000 0.000000 0.000000 0.000000 0.000000 
21.188819 0.000000 0.000000 0.000000 0.000000 0.000000 0.000000 0.000000 0.000000 0.000000 
21.210363 0.000000 0.000000 0.000000 0.000000 0.000000 0.000000 0.000000 0.000000 0.000000 
21.231908 0.000000 0.000000 0.000000 0.000000 0.000000 0.000000 0.000000 0.000000 0.000000 
21.253452 0.000000 0.000000 0.000000 0.000000 0.000000 0.000000 0.000000 0.000000 0.000000 
21.274997 0.000000 0.000000 0.000000 0.000000 0.000000 0.000000 0.000000 0.000000 0.000000 
21.296540 0.000000 0.000000 0.000000 0.000000 0.000000 0.000000 0.000000 0.000000 0.000000 
21.318085 0.000000 0.000000 0.000000 0.000000 0.000000 0.000000 0.000000 0.000000 0.000000 
21.339629 0.000000 0.000000 0.000000 0.000000 0.000000 0.000000 0.000000 0.000000 0.000000 
21.361174 0.000000 0.000000 0.000000 0.000000 0.000000 0.000000 0.000000 0.000000 0.000000 
21.382718 0.000000 0.000000 0.000000 0.000000 0.000000 0.000000 0.000000 0.000000 0.000000 
21.404262 0.000000 0.000000 0.000000 0.000000 0.000000 0.000000 0.000000 0.000000 0.000000 
21.425806 0.000000 0.000000 0.000000 0.000000 0.000000 0.000000 0.000000 0.000000 0.000000 
21.447351 0.000000 0.000000 0.000000 0.000000 0.000000 0.000000 0.000000 0.000000 0.000000 
21.468895 0.000000 0.000000 0.000000 0.000000 0.000000 0.000000 0.000000 0.000000 0.000000 
21.490439 0.000000 0.000000 0.000000 0.000000 0.000000 0.000000 0.000000 0.000000 0.000000 
21.511984 0.000000 0.000000 0.000000 0.000000 0.000000 0.000000 0.000000 0.000000 0.000000 
21.533528 0.000000 0.000000 0.000000 0.000000 0.000000 0.000000 0.000000 0.000000 0.000000 
