# concentrations: 0.666667 0.166667 0.166667
0.010357 0.000000 0.000000 0.000000 0.000000 0.000000 0.000000 0.000000 0.000000 0.000000 
0.031072 0.000000 0.000000 0.000000 0.000000 0.000000 0.000000 0.000000 0.000000 0.000000 
0.051787 0.000000 0.000000 0.000000 0.000000 0.000000 0.000000 0.000000 0.000000 0.000000 
0.072502 0.000000 0.000000 0.000000 0.000000 0.000000 0.000000 0.000000 0.000000 0.000000 
0.093217 0.000000 0.000000 0.000000 0.000000 0.000000 0.000000 0.000000 0.000000 0.000000 
0.113932 0.000000 0.000000 0.000000 0.000000 0.000000 0.000000 0.000000 0.000000 0.000000 
0.134647 0.000000 0.000000 0.000000 0.000000 0.000000 0.000000 0.000000 0.000000 0.000000 
0.155362 0.000000 0.000000 0.000000 0.000000 0.000000 0.000000 0.000000 0.000000 0.000000 
0.176077 0.000000 0.000000 0.000000 0.000000 0.000000 0.000000 0.000000 0.000000 0.000000 
0.196792 0.000000 0.000000 0.000000 0.000000 0.000000 0.000000 0.000000 0.000000 0.000000 
0.217506 0.000000 0.000000 0.000000 0.000000 0.000000 0.000000 0.000000 0.000000 0.000000 
0.238221 0.000000 0.000000 0.000000 0.000000 0.000000 0.000000 0.000000 0.000000 0.000000 
0.258936 0.000000 0.000000 0.000000 0.000000 0.000000 0.000000 0.000000 0.000000 0.000000 
0.279651 0.000000 0.000000 0.000000 0.000000 0.000000 0.000000 0.000000 0.000000 0.000000 
0.300366 0.000000 0.000000 0.000000 0.000000 0.000000 0.000000 0.000000 0.000000 0.000000 
0.321081 0.000000 0.000000 0.000000 0.000000 0.000000 0.000000 0.000000 0.000000 0.000000 
0.341796 0.000000 0.000000 0.000000 0.000000 0.000000 0.000000 0.000000 0.000000 0.000000 
0.362511 0.000000 0.000000 0.000000 0.000000 0.000000 0.000000 0.000000 0.000000 0.000000 
0.383226 0.000000 0.000000 0.000000 0.000000 0.000000 0.000000 0.000000 0.000000 0.000000 
0.403941 0.000000 0.000000 0.000000 0.000000 0.000000 0.000000 0.000000 0.000000 0.000000 
0.424655 0.000000 0.000000 0.000000 0.000000 0.000000 0.000000 0.000000 0.000000 0.000000 
0.445370 0.000000 0.000000 0.000000 0.000000 0.000000 0.000000 0.000000 0.000000 0.000000 
0.466085 0.000000 0.000000 0.000000 0.000000 0.000000 0.000000 0.000000 0.000000 0.000000 
0.486800 0.000000 0.000000 0.000000 0.000000 0.000000 0.000000 0.000000 0.000000 0.000000 
0.507515 0.000000 0.000000 0.000000 0.000000 0.000000 0.000000 0.000000 0.000000 0.000000 
0.528230 0.000000 0.000000 0.000000 0.000000 0.000000 0.000000 0.000000 0.000000 0.000000 
0.548945 0.000000 0.000000 0.000000 0.000000 0.000000 0.000000 0.000000 0.000000 0.000000 
0.569660 0.000000 0.000000 0.000000 0.000000 0.000000 0.000000 0.000000 0.000000 0.000000 
0.590375 0.000000 0.000000 0.000000 0.000000 0.000000 0.000000 0.000000 0.000000 0.000000 
0.611090 0.000000 0.000000 0.000000 0.000000 0.000000 0.000000 0.000000 0.000000 0.000000 
0.631804 0.000000 0.000000 0.000000 0.000000 0.000000 0.000000 0.000000 0.000000 0.000000 
0.652519 0.000000 0.000000 0.000000 0.000000 0.000000 0.000000 0.000000 0.000000 0.000000 
0.673234 0.000000 0.000000 0.000000 0.000000 0.000000 0.000000 0.000000 0.000000 0.000000 
0.693949 0.000000 0.000000 0.000000 0.000000 0.000000 0.000000 0.000000 0.000000 0.000000 
0.714664 0.000000 0.000000 0.000000 0.000000 0.000000 0.000000 0.000000 0.000000 0.000000 
0.735379 0.000000 0.000000 0.000000 0.000000 0.000000 0.000000 0.000000 0.000000 0.000000 
0.756094 0.000000 0.000113 0.000000 0.000113 0.000000 0.000000 0.000000 0.000000 0.000000 
0.776809 0.000000 0.013580 0.000000 0.013580 0.000000 0.000020 0.000000 0.000020 0.000000 
0.797524 0.000000 0.305507 0.000000 0.305507 0.000233 0.002401 0.000000 0.002401 0.000000 
0.818239 0.000000 1.889501 0.000000 1.889501 0.004786 0.049326 0.000000 0.049326 0.000000 
0.838953 0.000000 4.840991 0.000109 4.840991 0.038382 0.326360 0.000109 0.326360 0.000000 
0.859668 0.000000 6.939510 0.011001 6.939510 0.140247 0.983204 0.011001 0.983204 0.000033 
0.880383 0.000000 6.881761 0.212486 6.881761 0.311367 1.770941 0.212486 1.770941 0.004420 
0.901098 0.000000 5.475527 1.317872 5.475527 0.511714 2.241986 1.317872 2.241986 0.049572 
0.921813 0.000221 3.875729 3.655363 3.875729 0.672475 2.280104 3.655363 2.280104 0.240615 
0.942528 0.012252 2.611339 5.847427 2.611339 0.754723 2.050706 5.847427 2.050706 0.649066 
0.963243 0.170969 1.753355 6.489546 1.753355 0.777526 1.727848 6.489546 1.727848 1.129549 
0.983958 0.903656 1.203424 5.718921 1.203424 0.774488 1.428833 5.718921 1.428833 1.453480 
1.004673 2.418463 0.856469 4.411714 0.856469 0.744395 1.194798 4.411714 1.194798 1.538533 
1.025388 3.986194 0.640514 3.178245 0.640514 0.722168 1.007530 3.178245 1.007530 1.448461 
1.046102 4.722351 0.504783 2.237889 0.504783 0.702279 0.869176 2.237889 0.869176 1.258444 
1.066817 4.506067 0.416460 1.583018 0.416460 0.695305 0.764726 1.583018 0.764726 1.073431 
1.087532 3.775529 0.360390 1.142112 0.360390 0.691308 0.689431 1.142112 0.689431 0.918492 
1.108247 2.943871 0.319746 0.854662 0.319746 0.713992 0.639277 0.854662 0.639277 0.792261 
1.128962 2.226488 0.295510 0.666747 0.295510 0.740577 0.608562 0.666747 0.608562 0.707159 
1.149677 1.677676 0.279367 0.536483 0.279367 0.791835 0.589148 0.536483 0.589148 0.643691 
1.170392 1.279176 0.271408 0.447350 0.271408 0.852554 0.581134 0.447350 0.581134 0.593490 
1.191107 0.997435 0.267759 0.385660 0.267759 0.929557 0.592363 0.385660 0.592363 0.575129 
1.211822 0.804951 0.269200 0.341023 0.269200 1.034663 0.607340 0.341023 0.607340 0.552563 
1.232536 0.668168 0.270432 0.309934 0.270432 1.137057 0.633463 0.309934 0.633463 0.546186 
1.253251 0.570220 0.278752 0.288968 0.278752 1.243800 0.676968 0.288968 0.676968 0.546594 
1.273966 0.500320 0.288913 0.276799 0.288913 1.351295 0.730640 0.276799 0.730640 0.553260 
1.294681 0.451953 0.300734 0.269888 0.300734 1.442565 0.801871 0.269888 0.801871 0.568817 
1.315396 0.416640 0.320576 0.269966 0.320576 1.529533 0.896641 0.269966 0.896641 0.597642 
1.336111 0.392638 0.343941 0.276494 0.343941 1.590311 0.988209 0.276494 0.988209 0.621146 
1.356826 0.377100 0.377678 0.285246 0.377678 1.615081 1.092772 0.285246 1.092772 0.658292 
1.377541 0.372451 0.416167 0.300987 0.416167 1.616276 1.185122 0.300987 1.185122 0.703521 
1.398256 0.374429 0.464820 0.319499 0.464820 1.576038 1.263472 0.319499 1.263472 0.761997 
1.418971 0.381744 0.526251 0.340642 0.526251 1.514506 1.317404 0.340642 1.317404 0.834984 
1.439686 0.401240 0.594248 0.369236 0.594248 1.415367 1.366115 0.369236 1.366115 0.908337 
1.460400 0.428737 0.680096 0.399857 0.680096 1.329641 1.397021 0.399857 1.397021 1.007375 
1.481115 0.464831 0.773734 0.435138 0.773734 1.218897 1.411866 0.435138 1.411866 1.104253 
1.501830 0.511356 0.872233 0.478619 0.872233 1.134517 1.422786 0.478619 1.422786 1.203410 
1.522545 0.563859 0.978863 0.532773 0.978863 1.064030 1.406922 0.532773 1.406922 1.286221 
1.543260 0.625532 1.078950 0.605404 1.078950 1.030659 1.360562 0.605404 1.360562 1.370521 
1.563975 0.693862 1.174184 0.696341 1.174184 1.028822 1.308694 0.696341 1.308694 1.434695 
1.584690 0.776491 1.251561 0.806160 1.251561 1.064862 1.239616 0.806160 1.239616 1.481964 
1.605405 0.871476 1.308925 0.929612 1.308925 1.124944 1.178501 0.929612 1.178501 1.491433 
1.626120 0.975516 1.338469 1.058273 1.338469 1.228335 1.124124 1.058273 1.124124 1.485568 
1.646835 1.077764 1.344892 1.180894 1.344892 1.353879 1.096292 1.180894 1.096292 1.460763 
1.667549 1.169931 1.331057 1.279758 1.331057 1.463567 1.095193 1.279758 1.095193 1.400001 
1.688264 1.241291 1.303598 1.355883 1.303598 1.539010 1.124996 1.355883 1.124996 1.334801 
1.708979 1.292584 1.272273 1.404412 1.272273 1.534910 1.183813 1.404412 1.183813 1.273200 
1.729694 1.322661 1.249774 1.423097 1.249774 1.472727 1.275596 1.423097 1.275596 1.212363 
1.750409 1.338583 1.244741 1.412642 1.244741 1.333716 1.370508 1.412642 1.370508 1.174362 
1.771124 1.339507 1.265539 1.380278 1.265539 1.183206 1.452559 1.380278 1.452559 1.163254 
1.791839 1.332291 1.303579 1.335921 1.303579 1.019658 1.482877 1.335921 1.482877 1.188612 
1.812554 1.311954 1.365962 1.289607 1.365962 0.877266 1.452964 1.289607 1.452964 1.245196 
1.833269 1.285250 1.427899 1.253970 1.427899 0.756362 1.365959 1.253970 1.365959 1.316857 
1.853983 1.247398 1.476368 1.234128 1.476368 0.670396 1.236907 1.234128 1.236907 1.409420 
1.874698 1.205428 1.481926 1.243787 1.481926 0.593750 1.091694 1.243787 1.091694 1.462579 
1.895413 1.161829 1.442030 1.276321 1.442030 0.551446 0.959294 1.276321 0.959294 1.466698 
1.916128 1.116998 1.355399 1.327710 1.355399 0.522622 0.833895 1.327710 0.833895 1.412962 
1.936843 1.084652 1.243291 1.375439 1.243291 0.510708 0.730670 1.375439 0.730670 1.308072 
1.957558 1.069335 1.122096 1.402793 1.122096 0.504317 0.648341 1.402793 0.648341 1.173550 
1.978273 1.075151 1.004588 1.393903 1.004588 0.515169 0.591544 1.393903 0.591544 1.044749 
1.998988 1.102952 0.900696 1.345963 0.900696 0.537454 0.551461 1.345963 0.551461 0.916592 
2.019703 1.139447 0.819495 1.261218 0.819495 0.560621 0.525646 1.261218 0.525646 0.806960 
2.040418 1.171591 0.756382 1.161751 0.756382 0.594020 0.517075 1.161751 0.517075 0.714871 
2.061133 1.182250 0.711237 1.057157 0.711237 0.638067 0.517361 1.057157 0.517361 0.641485 
2.081847 1.164104 0.680647 0.957470 0.680647 0.680459 0.529218 0.957470 0.529218 0.588261 
2.102562 1.118217 0.665094 0.869858 0.665094 0.728388 0.552881 0.869858 0.552881 0.552884 
2.123277 1.052239 0.659603 0.797124 0.659603 0.783374 0.580736 0.797124 0.580736 0.531991 
2.143992 0.977452 0.664047 0.739269 0.664047 0.834205 0.619105 0.739269 0.619105 0.523969 
2.164707 0.903164 0.676938 0.698597 0.676938 0.896425 0.664274 0.698597 0.664274 0.526761 
2.185422 0.835108 0.696679 0.669839 0.696679 0.959178 0.707859 0.669839 0.707859 0.539196 
2.206137 0.779186 0.719778 0.655920 0.719778 1.008967 0.759121 0.655920 0.759121 0.563642 
2.226852 0.734953 0.751165 0.653965 0.751165 1.065473 0.818782 0.653965 0.818782 0.596472 
2.247567 0.704776 0.787273 0.659038 0.787273 1.108774 0.877548 0.659038 0.877548 0.636498 
2.268281 0.687101 0.828988 0.675768 0.828988 1.148567 0.934129 0.675768 0.934129 0.678777 
2.288996 0.682998 0.868826 0.698409 0.868826 1.189620 0.992116 0.698409 0.992116 0.730455 
2.309711 0.689590 0.909943 0.729476 0.909943 1.214763 1.044652 0.729476 1.044652 0.785416 
2.330426 0.706753 0.953071 0.764251 0.953071 1.237144 1.097139 0.764251 1.097139 0.841394 
2.351141 0.733667 0.991232 0.805128 0.991232 1.249267 1.142372 0.805128 1.142372 0.905002 
2.371856 0.767161 1.030497 0.847985 1.030497 1.256259 1.188676 0.847985 1.188676 0.957504 
2.392571 0.807803 1.067419 0.895602 1.067419 1.249446 1.222339 0.895602 1.222339 1.016486 
2.413286 0.853657 1.100593 0.941107 1.100593 1.241606 1.253833 0.941107 1.253833 1.074968 
2.434001 0.903176 1.130235 0.988173 1.130235 1.229934 1.276256 0.988173 1.276256 1.132157 
2.454716 0.951064 1.153582 1.030374 1.153582 1.209188 1.284380 1.030374 1.284380 1.176990 
2.475430 0.999181 1.172168 1.068104 1.172168 1.188490 1.284907 1.068104 1.284907 1.219851 
2.496145 1.045445 1.183550 1.102967 1.183550 1.166685 1.274495 1.102967 1.274495 1.252449 
2.516860 1.087657 1.187249 1.130120 1.187249 1.145409 1.256637 1.130120 1.256637 1.279444 
2.537575 1.126638 1.182455 1.153629 1.182455 1.118350 1.231373 1.153629 1.231373 1.289441 
2.558290 1.159104 1.172772 1.171470 1.172772 1.104060 1.207797 1.171470 1.207797 1.295290 
2.579005 1.184557 1.156150 1.182610 1.156150 1.090555 1.176533 1.182610 1.176533 1.287199 
2.599720 1.203130 1.135560 1.187871 1.135560 1.074367 1.149734 1.187871 1.149734 1.273369 
2.620435 1.210759 1.114609 1.187400 1.114609 1.065099 1.124392 1.187400 1.124392 1.252994 
2.641150 1.214623 1.091679 1.179602 1.091679 1.051360 1.096318 1.179602 1.096318 1.225094 
2.661865 1.207884 1.068994 1.168314 1.068994 1.048917 1.076955 1.168314 1.076955 1.194346 
2.682580 1.194972 1.050671 1.152990 1.050671 1.035395 1.055397 1.152990 1.055397 1.162472 
2.703294 1.177341 1.030372 1.133953 1.030372 1.016220 1.038259 1.133953 1.038259 1.130096 
2.724009 1.155246 1.014813 1.112683 1.014813 0.989703 1.026724 1.112683 1.026724 1.105047 
2.744724 1.132708 1.000182 1.089549 1.000182 0.959133 1.014377 1.089549 1.014377 1.079207 
2.765439 1.106818 0.988763 1.065892 0.988763 0.927990 1.003019 1.065892 1.003019 1.060808 
2.786154 1.083330 0.979713 1.042837 0.979713 0.897864 0.989360 1.042837 0.989360 1.044191 
2.806869 1.058246 0.973976 1.021847 0.973976 0.866626 0.971935 1.021847 0.971935 1.030225 
2.827584 1.032981 0.969620 1.001355 0.969620 0.844227 0.948789 1.001355 0.948789 1.012894 
2.848299 1.012412 0.964623 0.985757 0.964623 0.827088 0.924119 0.985757 0.924119 1.005456 
2.869014 0.991400 0.956420 0.973626 0.956420 0.817883 0.897328 0.973626 0.897328 0.987086 
2.889728 0.972825 0.946816 0.962587 0.946816 0.818449 0.874126 0.962587 0.874126 0.968653 
2.910443 0.959400 0.936198 0.956295 0.936198 0.823982 0.853281 0.956295 0.853281 0.946864 
2.931158 0.947333 0.922642 0.951433 0.922642 0.839223 0.836332 0.951433 0.836332 0.926872 
2.951873 0.936623 0.907864 0.948158 0.907864 0.857875 0.824469 0.948158 0.824469 0.909086 
2.972588 0.929750 0.896267 0.940613 0.896267 0.878472 0.820967 0.940613 0.820967 0.885965 
2.993303 0.925226 0.886017 0.933555 0.886017 0.907945 0.823021 0.933555 0.823021 0.867179 
3.014018 0.921520 0.879311 0.923878 0.879311 0.933031 0.831207 0.923878 0.831207 0.850709 
3.034733 0.919657 0.878831 0.912081 0.878831 0.956989 0.846356 0.912081 0.846356 0.837421 
3.055448 0.916820 0.885825 0.901994 0.885825 0.981396 0.864474 0.901994 0.864474 0.827669 
3.076163 0.914260 0.896625 0.891678 0.896625 1.003129 0.889217 0.891678 0.889217 0.825344 
3.096877 0.912248 0.911953 0.885454 0.911953 1.022268 0.916741 0.885454 0.916741 0.828633 
3.117592 0.908814 0.929689 0.882983 0.929689 1.042664 0.941377 0.882983 0.941377 0.843245 
3.138307 0.906501 0.950777 0.885229 0.950777 1.061483 0.969437 0.885229 0.969437 0.859785 
3.159022 0.905485 0.971039 0.894647 0.971039 1.077102 0.992513 0.894647 0.992513 0.879980 
3.179737 0.906551 0.992453 0.905095 0.992453 1.088001 1.011962 0.905095 1.011962 0.910707 
3.200452 0.909201 1.012442 0.921277 1.012442 1.089332 1.030380 0.921277 1.030380 0.932420 
3.221167 0.915493 1.032361 0.941447 1.032361 1.094126 1.046822 0.941447 1.046822 0.964631 
3.241882 0.926224 1.051214 0.962633 1.051214 1.087137 1.063616 0.962633 1.063616 0.990688 
3.262597 0.938847 1.069577 0.984735 1.069577 1.082251 1.076474 0.984735 1.076474 1.019304 
3.283312 0.955360 1.082499 1.006407 1.082499 1.076962 1.085794 1.006407 1.085794 1.040905 
3.304026 0.973168 1.095657 1.029159 1.095657 1.065254 1.094784 1.029159 1.094784 1.061526 
3.324741 0.992998 1.103193 1.049176 1.103193 1.060918 1.097386 1.049176 1.097386 1.081988 
3.345456 1.012340 1.107209 1.067103 1.107209 1.055670 1.097130 1.067103 1.097130 1.092340 
3.366171 1.030463 1.108251 1.079423 1.108251 1.047134 1.096235 1.079423 1.096235 1.100500 
3.386886 1.048240 1.103200 1.089728 1.103200 1.041841 1.091019 1.089728 1.091019 1.105628 
3.407601 1.064103 1.095678 1.097584 1.095678 1.029670 1.090167 1.097584 1.090167 1.112525 
3.428316 1.076205 1.086535 1.101591 1.086535 1.018369 1.082411 1.101591 1.082411 1.110920 
3.449031 1.085738 1.074892 1.101877 1.074892 1.008551 1.074153 1.101877 1.074153 1.110469 
3.469746 1.092362 1.062017 1.099630 1.062017 0.998546 1.062923 1.099630 1.062923 1.105290 
3.490461 1.094973 1.048864 1.094798 1.048864 0.989416 1.048569 1.094798 1.048569 1.097970 
3.511176 1.095140 1.035804 1.087090 1.035804 0.985868 1.036093 1.087090 1.036093 1.086342 
3.531890 1.091515 1.021989 1.077676 1.021989 0.980953 1.023358 1.077676 1.023358 1.075882 
3.552605 1.087062 1.011270 1.065893 1.011270 0.973816 1.011888 1.065893 1.011888 1.060834 
3.573320 1.079449 0.999530 1.054208 0.999530 0.966828 0.998901 1.054208 0.998901 1.038662 
3.594035 1.069602 0.989418 1.042694 0.989418 0.961610 0.990385 1.042694 0.990385 1.021880 
3.614750 1.058860 0.977450 1.031105 0.977450 0.954278 0.979485 1.031105 0.979485 1.006487 
3.635465 1.046940 0.967137 1.017129 0.967137 0.954796 0.968056 1.017129 0.968056 0.993041 
3.656180 1.035627 0.957288 1.005312 0.957288 0.947460 0.964275 1.005312 0.964275 0.978042 
3.676895 1.023120 0.948878 0.993529 0.948878 0.946093 0.955616 0.993529 0.955616 0.970027 
3.697610 1.011523 0.941921 0.981142 0.941921 0.939683 0.950793 0.981142 0.950793 0.958817 
3.718324 1.000323 0.936472 0.970837 0.936472 0.937128 0.944952 0.970837 0.944952 0.956049 
3.739039 0.988714 0.933456 0.962403 0.933456 0.936588 0.941956 0.962403 0.941956 0.947569 
3.759754 0.979819 0.932705 0.951709 0.932705 0.937896 0.941659 0.951709 0.941659 0.949424 
3.780469 0.969593 0.934547 0.945542 0.934547 0.943513 0.938486 0.945542 0.938486 0.953010 
3.801184 0.961251 0.938001 0.941139 0.938001 0.953744 0.940018 0.941139 0.940018 0.954021 
3.821899 0.953737 0.943602 0.936562 0.943602 0.966380 0.941708 0.936562 0.941708 0.957775 
3.842614 0.948769 0.948703 0.934894 0.948703 0.982272 0.945145 0.934894 0.945145 0.966007 
3.863329 0.945278 0.955332 0.935204 0.955332 0.998686 0.949376 0.935204 0.949376 0.966683 
3.884044 0.943689 0.962045 0.936605 0.962045 1.009483 0.956572 0.936605 0.956572 0.967310 
3.904759 0.943214 0.967852 0.939598 0.967852 1.021832 0.965174 0.939598 0.965174 0.968726 
3.925473 0.944150 0.975575 0.943373 0.975575 1.029813 0.974240 0.943373 0.974240 0.968544 
3.946188 0.946883 0.980970 0.949027 0.980970 1.037623 0.984974 0.949027 0.984974 0.970882 
3.966903 0.951066 0.987493 0.954914 0.987493 1.038171 0.995378 0.954914 0.995378 0.967951 
3.987618 0.954103 0.993027 0.961496 0.993027 1.041881 1.009021 0.961496 1.009021 0.975492 
4.008333 0.959206 0.998935 0.967086 0.998935 1.042720 1.018466 0.967086 1.018466 0.979233 
4.029048 0.964545 1.005503 0.972648 1.005503 1.042465 1.028321 0.972648 1.028321 0.988750 
4.049763 0.969724 1.011367 0.979139 1.011367 1.046896 1.035818 0.979139 1.035818 0.999366 
4.070478 0.976220 1.016961 0.986769 1.016961 1.048702 1.042136 0.986769 1.042136 1.007480 
4.091193 0.983449 1.024013 0.993260 1.024013 1.050286 1.044637 0.993260 1.044637 1.020549 
4.111907 0.990903 1.028241 1.001285 1.028241 1.051626 1.044672 1.001285 1.044672 1.024438 
4.132622 0.998410 1.035011 1.010570 1.035011 1.048922 1.043192 1.010570 1.043192 1.030595 
4.153337 1.004622 1.039645 1.018569 1.039645 1.050996 1.037300 1.018569 1.037300 1.034833 
4.174052 1.010883 1.045749 1.026802 1.045749 1.046373 1.033258 1.026802 1.033258 1.037411 
4.194767 1.017864 1.046632 1.033911 1.046632 1.041663 1.030272 1.033911 1.030272 1.039490 
4.215482 1.023016 1.047612 1.039385 1.047612 1.033112 1.028988 1.039385 1.028988 1.040495 
4.236197 1.028229 1.049137 1.042937 1.049137 1.026992 1.026138 1.042937 1.026138 1.043514 
4.256912 1.032519 1.046038 1.046875 1.046038 1.018779 1.021554 1.046875 1.021554 1.038756 
4.277627 1.035363 1.044331 1.048437 1.044331 1.013276 1.021458 1.048437 1.021458 1.038596 
4.298342 1.037515 1.039172 1.049173 1.039172 1.007604 1.017577 1.049173 1.017577 1.030008 
4.319057 1.038431 1.035370 1.048582 1.035370 1.006919 1.012879 1.048582 1.012879 1.025050 
4.339772 1.038235 1.030185 1.047713 1.030185 1.002990 1.007087 1.047713 1.007087 1.020071 
4.360487 1.037779 1.025835 1.044965 1.025835 0.999855 1.002415 1.044965 1.002415 1.016347 
4.381201 1.036187 1.017797 1.040836 1.017797 0.993540 0.996931 1.040836 0.996931 1.011243 
4.401916 1.033345 1.011129 1.036694 1.011129 0.989318 0.990520 1.036694 0.990520 1.011320 
4.422631 1.030351 1.002840 1.031088 1.002840 0.985745 0.985495 1.031088 0.985495 1.007073 
4.443346 1.026677 0.994196 1.024722 0.994196 0.979270 0.981794 1.024722 0.981794 1.001386 
4.464061 1.022055 0.985746 1.018499 0.985746 0.974398 0.976847 1.018499 0.976847 0.997788 
4.484776 1.017984 0.978627 1.012356 0.978627 0.969003 0.971279 1.012356 0.971279 0.993892 
4.505491 1.013781 0.973278 1.005966 0.973278 0.965915 0.968577 1.005966 0.968577 0.991152 
4.526206 1.007931 0.967650 0.999128 0.967650 0.962089 0.966741 0.999128 0.966741 0.987469 
4.546920 1.002875 0.964979 0.992632 0.964979 0.961897 0.965025 0.992632 0.965025 0.982794 
4.567635 0.997015 0.962246 0.987470 0.962246 0.956507 0.962409 0.987470 0.962409 0.978497 
4.588350 0.992336 0.962065 0.981651 0.962065 0.959915 0.965875 0.981651 0.965875 0.974596 
4.609065 0.987161 0.962312 0.975651 0.962312 0.965486 0.967630 0.975651 0.967630 0.972329 
4.629780 0.982961 0.963094 0.970783 0.963094 0.973835 0.971193 0.970783 0.971193 0.969501 
4.650495 0.978844 0.965390 0.967045 0.965390 0.978182 0.975875 0.967045 0.975875 0.968571 
4.671210 0.976460 0.968513 0.963489 0.968513 0.986550 0.982021 0.963489 0.982021 0.969370 
4.691925 0.974027 0.970875 0.961955 0.970875 0.993112 0.985796 0.961955 0.985796 0.968666 
4.712640 0.972584 0.975691 0.961030 0.975691 1.000427 0.990801 0.961030 0.990801 0.968667 
4.733355 0.972137 0.978054 0.960717 0.978054 1.004224 0.996053 0.960717 0.996053 0.969483 
4.754069 0.972121 0.981713 0.962851 0.981713 1.011374 1.003195 0.962851 1.003195 0.971049 
4.774784 0.972444 0.985162 0.965816 0.985162 1.016146 1.004563 0.965816 1.004563 0.976409 
4.795499 0.973532 0.989674 0.970528 0.989674 1.018755 1.008889 0.970528 1.008889 0.981257 
4.816214 0.975349 0.994728 0.975783 0.994728 1.024360 1.010681 0.975783 1.010681 0.987897 
4.836929 0.977798 0.999873 0.979560 0.999873 1.027062 1.012145 0.979560 1.012145 0.993639 
4.857644 0.980653 1.006126 0.985827 1.006126 1.030025 1.010556 0.985827 1.010556 0.999188 
4.878359 0.983597 1.009969 0.990909 1.009969 1.031347 1.015025 0.990909 1.015025 1.000161 
4.899074 0.986837 1.015545 0.995736 1.015545 1.028292 1.015417 0.995736 1.015417 1.005672 
4.919789 0.991301 1.019632 1.000360 1.019632 1.027534 1.016340 1.000360 1.016340 1.007775 
4.940504 0.995005 1.022321 1.004905 1.022321 1.022199 1.019405 1.004905 1.019405 1.009805 
4.961218 0.999706 1.024531 1.007735 1.024531 1.018654 1.021525 1.007735 1.021525 1.012353 
4.981933 1.003977 1.025843 1.011754 1.025843 1.015237 1.020998 1.011754 1.020998 1.014988 
5.002648 1.008387 1.026160 1.015443 1.026160 1.012808 1.020624 1.015443 1.020624 1.017417 
5.023363 1.012083 1.025527 1.017140 1.025527 1.010883 1.019648 1.017140 1.019648 1.019819 
5.044078 1.015554 1.024220 1.019924 1.024220 1.007851 1.017330 1.019924 1.017330 1.021423 
5.064793 1.017238 1.022526 1.021184 1.022526 1.005096 1.015067 1.021184 1.015067 1.024436 
5.085508 1.018725 1.020690 1.022532 1.020690 1.005342 1.012439 1.022532 1.012439 1.021924 
5.106223 1.019649 1.017883 1.023009 1.017883 1.004389 1.010958 1.023009 1.010958 1.022166 
5.126938 1.019974 1.015423 1.023471 1.015423 1.006214 1.008012 1.023471 1.008012 1.021535 
5.147653 1.019466 1.013426 1.022660 1.013426 1.003668 1.005529 1.022660 1.005529 1.018934 
5.168367 1.019189 1.010394 1.022200 1.010394 1.005560 1.002831 1.022200 1.002831 1.019248 
5.189082 1.019038 1.008173 1.021214 1.008173 1.001969 0.999094 1.021214 0.999094 1.016449 
5.209797 1.018341 1.006668 1.018961 1.006668 0.999159 0.996219 1.018961 0.996219 1.014403 
5.230512 1.017367 1.004274 1.015333 1.004274 0.997339 0.993542 1.015333 0.993542 1.012697 
5.251227 1.015770 1.001110 1.012975 1.001110 0.996006 0.991300 1.012975 0.991300 1.013038 
5.271942 1.013838 0.998358 1.011100 0.998358 0.994072 0.988336 1.011100 0.988336 1.010826 
5.292657 1.010984 0.994942 1.008467 0.994942 0.991513 0.988175 1.008467 0.988175 1.011130 
5.313372 1.008822 0.993860 1.006114 0.993860 0.989428 0.985900 1.006114 0.985900 1.009409 
5.334087 1.005483 0.991460 1.004008 0.991460 0.989769 0.984628 1.004008 0.984628 1.007387 
5.354802 1.002556 0.989956 1.002072 0.989956 0.984926 0.982774 1.002072 0.982774 1.005837 
5.375516 0.999777 0.987787 1.000111 0.987787 0.983941 0.980403 1.000111 0.980403 1.003213 
5.396231 0.996668 0.986291 0.997497 0.986291 0.985036 0.978319 0.997497 0.978319 1.000087 
5.416946 0.993848 0.984682 0.994713 0.984682 0.985540 0.975718 0.994713 0.975718 0.998839 
5.437661 0.991443 0.984177 0.990842 0.984177 0.988356 0.974990 0.990842 0.974990 0.996553 
5.458376 0.988945 0.983688 0.988124 0.983688 0.988410 0.975356 0.988124 0.975356 0.992395 
5.479091 0.987131 0.984128 0.984742 0.984128 0.994376 0.975836 0.984742 0.975836 0.990815 
5.499806 0.985371 0.984474 0.982843 0.984474 0.996617 0.977627 0.982843 0.977627 0.987025 
5.520521 0.985234 0.984609 0.979689 0.984609 0.999189 0.982420 0.979689 0.982420 0.985057 
5.541236 0.984685 0.986062 0.978997 0.986062 1.003716 0.985187 0.978997 0.985187 0.984322 
5.561951 0.984865 0.987700 0.978958 0.987700 1.007583 0.992301 0.978958 0.992301 0.980754 
5.582665 0.985714 0.988803 0.979497 0.988803 1.012054 0.995613 0.979497 0.995613 0.980761 
5.603380 0.986947 0.990076 0.980971 0.990076 1.013199 1.001556 0.980971 1.001556 0.982330 
5.624095 0.988416 0.991319 0.983547 0.991319 1.013855 1.005098 0.983547 1.005098 0.985064 
5.644810 0.988859 0.993674 0.985316 0.993674 1.017351 1.008865 0.985316 1.008865 0.987536 
5.665525 0.989682 0.995911 0.987313 0.995911 1.017386 1.012264 0.987313 1.012264 0.993128 
5.686240 0.990814 0.997958 0.989441 0.997958 1.016183 1.014970 0.989441 1.014970 0.995770 
5.706955 0.992242 1.000055 0.991760 1.000055 1.019020 1.017263 0.991760 1.017263 1.002269 
5.727670 0.994047 1.003191 0.994121 1.003191 1.015917 1.019350 0.994121 1.019350 1.003047 
5.748384 0.996072 1.004919 0.996309 1.004919 1.016673 1.019542 0.996309 1.019542 1.006444 
5.769099 0.998261 1.007556 0.999116 1.007556 1.015503 1.021635 0.999116 1.021635 1.005332 
5.789814 1.000577 1.009649 1.001218 1.009649 1.015762 1.023216 1.001218 1.023216 1.008632 
5.810529 1.002781 1.010846 1.002864 1.010846 1.013440 1.022744 1.002864 1.022744 1.009049 
5.831244 1.004835 1.011942 1.005231 1.011942 1.011794 1.020998 1.005231 1.020998 1.009357 
5.851959 1.006658 1.012307 1.007291 1.012307 1.007952 1.021029 1.007291 1.021029 1.006979 
5.872674 1.008896 1.013089 1.009274 1.013089 1.004742 1.019268 1.009274 1.019268 1.009357 
5.893389 1.010525 1.011953 1.010527 1.011953 1.001330 1.017339 1.010527 1.017339 1.010459 
5.914104 1.011993 1.011650 1.012384 1.011650 0.997314 1.014371 1.012384 1.014371 1.009899 
5.934819 1.012772 1.010264 1.013444 1.010264 0.994331 1.011994 1.013444 1.011994 1.010490 
5.955534 1.013412 1.008881 1.013835 1.008881 0.992049 1.012222 1.013835 1.012222 1.011127 
5.976249 1.013336 1.008004 1.013551 1.008004 0.992408 1.009106 1.013551 1.009106 1.011682 
5.996964 1.013101 1.005774 1.013236 1.005774 0.990484 1.005962 1.013236 1.005962 1.008804 
6.017678 1.011483 1.004148 1.011824 1.004148 0.992095 1.002441 1.011824 1.002441 1.009356 
6.038393 1.010367 1.002933 1.010565 1.002933 0.990126 0.999733 1.010565 0.999733 1.006754 
6.059108 1.008647 1.001621 1.009420 1.001621 0.991897 0.997645 1.009420 0.997645 1.007109 
6.079823 1.008141 1.000364 1.007479 1.000364 0.992729 0.994170 1.007479 0.994170 1.005479 
6.100538 1.006140 0.999792 1.006175 0.999792 0.991014 0.994063 1.006175 0.994063 1.002638 
6.121253 1.005155 0.999053 1.006014 0.999053 0.992357 0.991334 1.006014 0.991334 1.002037 
6.141968 1.004083 0.998060 1.004029 0.998060 0.991618 0.991679 1.004029 0.991679 0.995829 
6.162683 1.002528 0.996501 1.002879 0.996501 0.990265 0.990055 1.002879 0.990055 0.994157 
6.183398 1.000907 0.995571 1.001971 0.995571 0.990537 0.988966 1.001971 0.988966 0.989926 
6.204113 0.999827 0.993613 1.001142 0.993613 0.990009 0.988203 1.001142 0.988203 0.987600 
6.224827 0.997869 0.993492 0.999873 0.993492 0.989865 0.986686 0.999873 0.986686 0.987607 
6.245542 0.997061 0.992900 0.998736 0.992900 0.989937 0.986704 0.998736 0.986704 0.983448 
6.266257 0.994641 0.991432 0.996755 0.991432 0.991670 0.985418 0.996755 0.985418 0.982773 
6.286972 0.993439 0.991800 0.996090 0.991800 0.991400 0.985766 0.996090 0.985766 0.983854 
6.307687 0.991796 0.992602 0.994758 0.992602 0.991826 0.989003 0.994758 0.989003 0.986292 
6.328402 0.990767 0.992542 0.993486 0.992542 0.990711 0.990216 0.993486 0.990216 0.984966 
6.349117 0.990090 0.993312 0.992766 0.993312 0.991672 0.993747 0.992766 0.993747 0.985975 
6.369832 0.989927 0.994562 0.992536 0.994562 0.990767 0.995195 0.992536 0.995195 0.987803 
6.390547 0.989819 0.995600 0.992342 0.995600 0.994363 0.998297 0.992342 0.998297 0.988206 
6.411262 0.989717 0.996386 0.992127 0.996386 0.995319 0.998641 0.992127 0.998641 0.987389 
6.431976 0.989821 0.997433 0.992404 0.997433 0.997991 1.000884 0.992404 1.000884 0.988027 
6.452691 0.990546 0.998214 0.992500 0.998214 0.999395 1.000622 0.992500 1.000622 0.985530 
6.473406 0.991008 0.998514 0.993029 0.998514 1.002864 1.003315 0.993029 1.003315 0.988481 
6.494121 0.991768 0.999068 0.993628 0.999068 1.004287 1.003415 0.993628 1.003415 0.990473 
6.514836 0.992889 0.999628 0.994408 0.999628 1.006958 1.003204 0.994408 1.003204 0.991690 
6.535551 0.994618 1.000328 0.994914 1.000328 1.006458 1.003976 0.994914 1.003976 0.993274 
6.556266 0.995920 1.001660 0.995914 1.001660 1.005374 1.005107 0.995914 1.005107 0.995524 
6.576981 0.997489 1.002262 0.997156 1.002262 1.005334 1.005506 0.997156 1.005506 0.995860 
6.597695 0.999977 1.003935 0.998710 1.003935 1.002093 1.006576 0.998710 1.006576 0.998550 
6.618410 1.001545 1.004738 0.999935 1.004738 1.000877 1.007124 0.999935 1.007124 1.001300 
6.639125 1.003267 1.005088 1.000934 1.005088 0.999718 1.008518 1.000934 1.008518 1.001850 
6.659840 1.004612 1.006541 1.002288 1.006541 0.999931 1.009946 1.002288 1.009946 1.004457 
6.680555 1.005573 1.007087 1.003631 1.007087 0.998850 1.008065 1.003631 1.008065 1.006900 
6.701270 1.007174 1.008080 1.005214 1.008080 0.998166 1.007561 1.005214 1.007561 1.011625 
6.721985 1.007295 1.008948 1.007053 1.008948 0.998598 1.007946 1.007053 1.007946 1.013107 
6.742700 1.007617 1.009143 1.008282 1.009143 1.001011 1.007978 1.008282 1.007978 1.015618 
6.763415 1.008369 1.009141 1.008528 1.009141 1.000703 1.005838 1.008528 1.005838 1.015989 
6.784130 1.008135 1.007757 1.008546 1.007757 1.000021 1.006479 1.008546 1.006479 1.016820 
6.804844 1.007759 1.006231 1.008125 1.006231 1.001062 1.006645 1.008125 1.006645 1.015175 
6.825559 1.007888 1.005266 1.007125 1.005266 1.003261 1.005524 1.007125 1.005524 1.014418 
6.846274 1.007936 1.002767 1.005845 1.002767 1.003065 1.004953 1.005845 1.004953 1.011505 
6.866989 1.007307 1.000814 1.004240 1.000814 1.003948 1.004253 1.004240 1.004253 1.012385 
6.887704 1.006806 0.999082 1.002019 0.999082 1.004404 1.003113 1.002019 1.003113 1.009128 
6.908419 1.006097 0.997465 1.000415 0.997465 1.004198 1.002142 1.000415 1.002142 1.006637 
6.929134 1.004960 0.996232 0.999594 0.996232 1.003074 1.000258 0.999594 1.000258 1.008070 
6.949849 1.004111 0.995296 0.998774 0.995296 1.003413 0.999412 0.998774 0.999412 1.006065 
6.970564 1.002373 0.994535 0.998256 0.994535 1.003076 0.998071 0.998256 0.998071 1.005221 
6.991279 1.001310 0.993946 0.998363 0.993946 1.004962 0.996455 0.998363 0.996455 1.003367 
7.011993 1.000314 0.993808 0.998296 0.993808 1.003964 0.994939 0.998296 0.994939 1.003411 
7.032708 0.999590 0.993027 0.997599 0.993027 1.003446 0.997227 0.997599 0.997227 1.001303 
7.053423 0.998555 0.993306 0.997497 0.993306 1.003131 0.998319 0.997497 0.998319 1.001160 
7.074138 0.998021 0.993324 0.996587 0.993324 1.000390 0.999785 0.996587 0.999785 0.999149 
7.094853 0.997218 0.993410 0.996654 0.993410 0.999814 0.998521 0.996654 0.998521 0.997528 
7.115568 0.996485 0.993834 0.997238 0.993834 0.998063 0.999343 0.997238 0.999343 0.994529 
7.136283 0.995418 0.994540 0.997356 0.994540 0.995700 0.999018 0.997356 0.999018 0.994039 
7.156998 0.995692 0.994025 0.996970 0.994025 0.996053 0.997594 0.996970 0.997594 0.990406 
7.177713 0.994806 0.994519 0.996416 0.994519 0.996068 0.995001 0.996416 0.995001 0.990024 
7.198428 0.995014 0.994414 0.995974 0.994414 0.995283 0.994411 0.995974 0.994411 0.990692 
7.219142 0.994669 0.995111 0.995872 0.995111 0.994773 0.994064 0.995872 0.994064 0.990138 
7.239857 0.994550 0.996584 0.995606 0.996584 0.995046 0.993907 0.995606 0.993907 0.991392 
7.260572 0.995192 0.997322 0.995838 0.997322 0.995782 0.995047 0.995838 0.995047 0.993812 
7.281287 0.995093 0.999088 0.996539 0.999088 0.996682 0.994557 0.996539 0.994557 0.997032 
7.302002 0.995260 1.000188 0.997192 1.000188 0.997073 0.996094 0.997192 0.996094 0.996611 
7.322717 0.995229 1.001488 0.998251 1.001488 0.996648 0.998431 0.998251 0.998431 0.997414 
7.343432 0.995449 1.002857 0.998404 1.002857 0.996728 1.001450 0.998404 1.001450 0.997555 
7.364147 0.995559 1.003782 0.999625 1.003782 0.999380 1.002348 0.999625 1.002348 0.998573 
7.384862 0.996403 1.004640 0.999589 1.004640 0.999718 1.005585 0.999589 1.005585 0.998591 
7.405577 0.997447 1.005254 0.999951 1.005254 1.000461 1.006123 0.999951 1.006123 0.998893 
7.426291 0.998337 1.005595 0.999410 1.005595 1.003566 1.006892 0.999410 1.006892 0.999091 
7.447006 0.999412 1.005569 1.000332 1.005569 1.006470 1.005810 1.000332 1.005810 1.000302 
7.467721 1.000328 1.005188 1.000218 1.005188 1.009343 1.004795 1.000218 1.004795 0.999551 
7.488436 1.001061 1.004845 1.001193 1.004845 1.010102 1.003086 1.001193 1.003086 1.003100 
7.509151 1.002282 1.004312 1.001516 1.004312 1.010600 1.002123 1.001516 1.002123 1.003821 
7.529866 1.003283 1.004111 1.001999 1.004111 1.009809 1.000662 1.001999 1.000662 1.004599 
7.550581 1.004305 1.003271 1.003600 1.003271 1.008732 1.000539 1.003600 1.000539 1.006043 
7.571296 1.004997 1.003562 1.003338 1.003562 1.007952 1.000085 1.003338 1.000085 1.007084 
7.592011 1.005787 1.003958 1.003912 1.003958 1.006957 0.999520 1.003912 0.999520 1.008804 
7.612726 1.005659 1.003152 1.003759 1.003152 1.006143 1.000436 1.003759 1.000436 1.009607 
7.633440 1.005847 1.002699 1.003544 1.002699 1.005260 1.001217 1.003544 1.001217 1.008913 
7.654155 1.005264 1.002315 1.003459 1.002315 1.003282 1.000962 1.003459 1.000962 1.008047 
7.674870 1.004773 1.001899 1.003207 1.001899 1.003085 1.001303 1.003207 1.001303 1.006212 
7.695585 1.003785 1.001607 1.003241 1.001607 1.002449 1.000595 1.003241 1.000595 1.005601 
7.716300 1.003351 1.000898 1.003404 1.000898 0.999542 1.000859 1.003404 1.000859 1.002117 
7.737015 1.003229 1.000060 1.003680 1.000060 0.996723 0.999744 1.003680 0.999744 0.998082 
7.757730 1.002398 0.999543 1.003692 0.999543 0.993297 0.999019 1.003692 0.999019 0.996497 
7.778445 1.001893 0.999264 1.003440 0.999264 0.991202 0.997493 1.003440 0.997493 0.995555 
7.799160 1.000988 0.998676 1.002589 0.998676 0.989081 0.997405 1.002589 0.997405 0.995357 
7.819875 1.001058 0.998444 1.001196 0.998444 0.988595 0.996882 1.001196 0.996882 0.996043 
7.840590 1.000554 0.997698 1.000041 0.997698 0.988689 0.997403 1.000041 0.997403 0.997319 
7.861304 1.000403 0.997248 0.998541 0.997248 0.988310 0.997079 0.998541 0.997079 0.998578 
7.882019 1.000009 0.996622 0.997323 0.996622 0.989747 0.997002 0.997323 0.997002 1.000645 
7.902734 0.998689 0.995944 0.996345 0.995944 0.990448 0.997491 0.996345 0.997491 1.000943 
7.923449 0.998255 0.996039 0.996441 0.996039 0.993290 0.996612 0.996441 0.996612 1.003397 
7.944164 0.998273 0.995552 0.996134 0.995552 0.995900 0.996243 0.996134 0.996243 1.004530 
7.964879 0.997774 0.996021 0.996816 0.996021 0.997370 0.995259 0.996816 0.995259 1.003179 
7.985594 0.997428 0.996873 0.997062 0.996873 1.000548 0.996117 0.997062 0.996117 1.002980 
8.006309 0.997237 0.996718 0.997368 0.996718 1.002879 0.995691 0.997368 0.995691 1.002258 
8.027024 0.997297 0.996810 0.997446 0.996810 1.003099 0.998231 0.997446 0.998231 0.998930 
8.047739 0.997070 0.996726 0.997300 0.996726 1.004745 0.998237 0.997300 0.998237 0.997087 
8.068453 0.997130 0.997303 0.996902 0.997303 1.005491 0.999341 0.996902 0.999341 0.994968 
8.089168 0.997435 0.997325 0.996850 0.997325 1.006994 0.999745 0.996850 0.999745 0.994201 
8.109883 0.997173 0.997225 0.997111 0.997225 1.007121 1.000933 0.997111 1.000933 0.992539 
8.130598 0.997446 0.997786 0.997681 0.997786 1.008202 1.000432 0.997681 1.000432 0.992269 
8.151313 0.997727 0.998212 0.998570 0.998212 1.008535 1.000126 0.998570 1.000126 0.992437 
8.172028 0.998303 0.999173 0.999206 0.999173 1.007577 0.999854 0.999206 0.999854 0.992927 
8.192743 0.998244 1.000830 0.999725 1.000830 1.007790 1.000782 0.999725 1.000782 0.996499 
8.213458 0.998760 1.001022 1.000524 1.001022 1.007025 1.001164 1.000524 1.001164 0.997072 
8.234172 0.999197 1.002755 1.001209 1.002755 1.006092 1.002155 1.001209 1.002155 0.996468 
8.254887 0.999711 1.003119 1.001213 1.003119 1.002894 1.001434 1.001213 1.001434 0.998286 
8.275602 1.000206 1.003492 1.001585 1.003492 0.999546 1.001989 1.001585 1.001989 0.997688 
8.296318 1.000204 1.003983 1.001799 1.003983 0.998040 1.001834 1.001799 1.001834 0.997705 
8.317032 1.000823 1.004293 1.001926 1.004293 0.997027 1.002079 1.001926 1.002079 1.000590 
8.337747 1.001054 1.004610 1.002620 1.004610 0.997305 1.001638 1.002620 1.001638 1.000110 
8.358462 1.001173 1.004630 1.002737 1.004630 0.997439 1.002304 1.002737 1.002304 1.001488 
8.379177 1.001406 1.004739 1.002996 1.004739 0.997036 1.001609 1.002996 1.001609 1.001949 
8.399891 1.001473 1.004463 1.003494 1.004463 0.997100 1.001940 1.003494 1.001940 1.002132 
8.420607 1.001367 1.004583 1.003420 1.004583 0.996402 1.001809 1.003420 1.001809 1.001410 
8.441322 1.000897 1.004293 1.003425 1.004293 0.995343 1.001458 1.003425 1.001458 1.004497 
8.462037 1.001560 1.002905 1.003090 1.002905 0.995561 1.000521 1.003090 1.000521 1.004607 
8.482751 1.001466 1.002511 1.002358 1.002511 0.995837 0.998708 1.002358 0.998708 1.005702 
8.503466 1.001245 1.001892 1.001945 1.001892 0.996614 0.999386 1.001945 0.999386 1.005344 
8.524181 1.001744 1.001167 1.001267 1.001167 0.997842 0.997684 1.001267 0.997684 1.006795 
8.544896 1.001744 1.001003 1.001954 1.001003 0.998594 0.995389 1.001954 0.995389 1.005542 
8.565611 1.001769 1.000303 1.001354 1.000303 0.997727 0.995847 1.001354 0.995847 1.004981 
8.586326 1.002406 0.999786 1.001060 0.999786 1.000097 0.994489 1.001060 0.994489 1.005669 
8.607041 1.002408 0.999010 1.000961 0.999010 1.001625 0.994440 1.000961 0.994440 1.004625 
8.627756 1.002432 0.998086 1.000386 0.998086 1.001238 0.993340 1.000386 0.993340 1.005903 
8.648470 1.002144 0.997727 0.999389 0.997727 1.001207 0.992575 0.999389 0.992575 1.005316 
8.669185 1.001590 0.997473 0.998148 0.997473 1.001413 0.993182 0.998148 0.993182 1.002759 
8.689900 1.000988 0.997236 0.997740 0.997236 1.001083 0.993069 0.997740 0.993069 1.003549 
8.710616 1.000476 0.997596 0.996840 0.997596 1.002244 0.993366 0.996840 0.993366 1.002351 
8.731330 0.999748 0.997628 0.996601 0.997628 1.001550 0.994966 0.996601 0.994966 1.003424 
8.752045 0.999399 0.997977 0.996222 0.997977 1.002695 0.995206 0.996222 0.995206 1.003293 
8.772760 0.999166 0.998194 0.996032 0.998194 1.002012 0.995730 0.996032 0.995730 1.001851 
8.793475 0.998356 0.997925 0.997178 0.997925 1.003069 0.996538 0.997178 0.996538 1.001566 
8.814189 0.998164 0.998093 0.997160 0.998093 1.002277 0.998196 0.997160 0.998196 1.001349 
8.834905 0.997905 0.998218 0.997463 0.998218 0.999005 0.997656 0.997463 0.997656 1.000108 
8.855620 0.997899 0.998301 0.998237 0.998301 1.000360 0.998941 0.998237 0.998941 0.998144 
8.876335 0.998074 0.998455 0.998748 0.998455 0.999529 1.000046 0.998748 1.000046 0.997106 
8.897049 0.998525 0.998693 0.998464 0.998693 0.998856 1.000806 0.998464 1.000806 0.996293 
8.917764 0.998637 0.998900 0.999385 0.998900 0.998983 1.001038 0.999385 1.001038 0.995852 
8.938479 0.998769 0.999383 0.999767 0.999383 0.998398 1.002034 0.999767 1.002034 0.994824 
8.959194 0.999341 1.000317 0.999020 1.000317 1.000266 1.002431 0.999020 1.002431 0.995144 
8.979909 0.999746 1.000276 0.999615 1.000276 1.000438 1.002575 0.999615 1.002575 0.995743 
9.000624 0.999971 1.001099 0.999735 1.001099 1.001588 1.002324 0.999735 1.002324 0.996376 
9.021339 1.000017 1.000736 0.999307 1.000736 1.002722 1.003064 0.999307 1.003064 0.997743 
9.042054 1.000359 1.000761 0.999614 1.000761 1.003013 1.003938 0.999614 1.003938 1.000285 
9.062768 1.000567 1.000549 0.999458 1.000549 1.002679 1.002963 0.999458 1.002963 1.001383 
9.083483 1.000778 0.999730 0.999335 0.999730 1.004728 1.003259 0.999335 1.003259 1.001007 
9.104198 1.000826 0.999362 0.999724 0.999362 1.007196 1.004435 0.999724 1.004435 1.002507 
9.124913 1.001093 0.998882 1.000652 0.998882 1.007570 1.003130 1.000652 1.003130 1.002547 
9.145628 1.000901 0.998995 1.001552 0.998995 1.008666 1.002527 1.001552 1.002527 1.002277 
9.166343 1.000942 0.999227 1.001777 0.999227 1.009650 1.002085 1.001777 1.002085 1.001602 
9.187058 1.000635 0.999624 1.002415 0.999624 1.010105 1.000989 1.002415 1.000989 1.002278 
9.207773 1.000552 1.000159 1.003805 1.000159 1.010259 1.000260 1.003805 1.000260 1.002771 
9.228487 1.000279 1.000888 1.003543 1.000888 1.010337 1.000795 1.003543 1.000795 1.002257 
9.249202 1.000017 1.002055 1.003522 1.002055 1.010588 1.001471 1.003522 1.001471 1.002072 
9.269917 0.999846 1.002262 1.003658 1.002262 1.008128 1.001778 1.003658 1.001778 1.002899 
9.290633 0.999893 1.002503 1.002686 1.002503 1.008791 1.001274 1.002686 1.001274 1.002352 
9.311347 0.999788 1.002372 1.002441 1.002372 1.005855 1.000686 1.002441 1.000686 1.002826 
9.332062 1.000077 1.001932 1.001781 1.001932 1.004698 0.999783 1.001781 0.999783 1.002639 
9.352777 1.000201 1.002376 1.000875 1.002376 1.002404 0.998581 1.000875 0.998581 1.002604 
9.373492 1.000573 1.001801 1.000953 1.001801 1.000982 0.997221 1.000953 0.997221 1.001517 
9.394207 1.000463 1.001051 1.000220 1.001051 1.000101 0.996935 1.000220 0.996935 0.999086 
9.414922 1.000523 1.001174 0.999993 1.001174 0.997788 0.996777 0.999993 0.996777 0.999140 
9.435637 1.000291 1.000748 0.999858 1.000748 0.997946 0.995528 0.999858 0.995528 0.997435 
9.456352 1.000197 0.999751 0.999852 0.999751 0.995997 0.996374 0.999852 0.996374 0.995695 
9.477067 1.000226 0.998647 0.999180 0.998647 0.994854 0.996009 0.999180 0.996009 0.995165 
9.497781 1.000043 0.998881 0.999212 0.998881 0.992816 0.996872 0.999212 0.996872 0.994892 
9.518496 1.000028 0.998685 0.999322 0.998685 0.992545 0.997938 0.999322 0.997938 0.993037 
9.539211 1.000049 0.998270 0.998858 0.998270 0.995309 0.998252 0.998858 0.998252 0.994572 
9.559927 1.000227 0.997639 0.998901 0.997639 0.995940 0.998908 0.998901 0.998908 0.993667 
9.580641 0.999843 0.998129 0.998905 0.998129 0.995184 0.999466 0.998905 0.999466 0.996022 
9.601356 0.999824 0.997734 0.999180 0.997734 0.996266 0.998827 0.999180 0.998827 0.996871 
9.622071 0.999893 0.997632 0.998794 0.997632 0.997284 0.998978 0.998794 0.998978 0.999986 
9.642786 0.999843 0.998006 0.999886 0.998006 0.997285 0.999328 0.999886 0.999328 0.999906 
9.663500 0.999992 0.997657 0.999534 0.997657 0.996191 0.999768 0.999534 0.999768 1.001445 
9.684216 0.999715 0.998361 0.999445 0.998361 0.996601 0.999670 0.999445 0.999670 1.003212 
9.704931 0.999792 0.998844 0.999596 0.998844 0.997794 0.998665 0.999596 0.998665 1.004150 
9.725646 0.999647 0.999388 0.999162 0.999388 0.997101 0.998436 0.999162 0.998436 1.004100 
9.746360 0.999655 0.999556 0.999269 0.999556 0.997943 0.999574 0.999269 0.999574 1.004369 
9.767075 0.999812 1.000032 0.999470 1.000032 0.997757 1.000504 0.999470 1.000504 1.004630 
9.787790 0.999538 1.000835 1.000430 1.000835 0.999551 1.001525 1.000430 1.001525 1.003356 
9.808505 0.999245 1.001026 0.999858 1.001026 0.999255 1.002767 0.999858 1.002767 1.000745 
9.829220 0.999246 1.001517 1.000488 1.001517 0.999916 1.003789 1.000488 1.003789 0.998674 
9.849935 0.999605 1.001239 1.000412 1.001239 0.999563 1.004368 1.000412 1.004368 0.996883 
9.870650 1.000311 1.001759 1.000000 1.001759 0.998492 1.005053 1.000000 1.005053 0.995980 
9.891365 1.000428 1.001749 0.999701 1.001749 0.996564 1.006455 0.999701 1.006455 0.993374 
9.912079 1.000671 1.001254 0.998987 1.001254 0.996611 1.006442 0.998987 1.006442 0.994426 
9.932794 1.001023 1.001338 0.998915 1.001338 0.995706 1.006811 0.998915 1.006811 0.993255 
9.953509 1.000949 1.001126 0.998961 1.001126 0.994811 1.007371 0.998961 1.007371 0.994166 
9.974224 1.001246 1.000810 0.999147 1.000810 0.994483 1.007246 0.999147 1.007246 0.994599 
9.994939 1.000978 1.000414 0.999974 1.000414 0.994952 1.007966 0.999974 1.007966 0.994617 
10.015654 1.001112 1.000098 1.000691 1.000098 0.994065 1.007745 1.000691 1.007745 0.994845 
10.036369 1.001109 1.000172 1.001312 1.000172 0.994807 1.006810 1.001312 1.006810 0.996252 
10.057084 1.000949 1.000109 1.001502 1.000109 0.996172 1.005966 1.001502 1.005966 0.997217 
10.077798 1.001148 1.000077 1.001698 1.000077 0.997861 1.005226 1.001698 1.005226 0.999270 
10.098513 1.001037 0.999907 1.001689 0.999907 0.999181 1.004824 1.001689 1.004824 1.000486 
10.119228 1.000776 1.000337 1.001505 1.000337 0.998827 1.002292 1.001505 1.002292 1.000942 
10.139944 1.000949 1.000107 1.001104 1.000107 0.999731 1.002059 1.001104 1.002059 1.001148 
10.160658 1.000191 1.000238 1.001395 1.000238 1.001343 1.000844 1.001395 1.000844 1.003265 
10.181373 0.999791 1.000270 1.001240 1.000270 1.000611 1.000722 1.001240 1.000722 1.002667 
10.202088 0.999150 1.000314 1.000865 1.000314 1.001535 1.000544 1.000865 1.000544 1.002565 
10.222803 0.999008 1.000087 1.000806 1.000087 1.003217 1.001107 1.000806 1.001107 1.002580 
10.243518 0.998844 0.999835 1.000505 0.999835 1.004077 1.000506 1.000505 1.000506 1.002476 
10.264233 0.998631 0.999545 0.999777 0.999545 1.002792 0.999451 0.999777 0.999451 1.002331 
10.284948 0.998649 0.999487 0.998886 0.999487 1.002979 0.999190 0.998886 0.999190 1.000681 
10.305663 0.998704 0.999300 0.998730 0.999300 1.002965 0.998569 0.998730 0.998569 1.000331 
10.326377 0.998844 0.998904 0.998163 0.998904 1.003682 0.997300 0.998163 0.997300 0.999975 
10.347092 0.999054 0.999395 0.998372 0.999395 1.003241 0.996862 0.998372 0.996862 0.998632 
10.367807 0.996181 0.996203 0.995409 0.996203 0.998784 0.993807 0.995409 0.993807 0.996137 
10.388522 0.990133 0.990239 0.989563 0.990239 0.991816 0.987735 0.989563 0.987735 0.988722 
10.409237 0.984699 0.984375 0.984439 0.984375 0.985270 0.981282 0.984439 0.981282 0.982452 
10.429952 0.979374 0.978321 0.978676 0.978321 0.978215 0.976310 0.978676 0.976310 0.976660 
10.450667 0.973925 0.972304 0.972953 0.972304 0.969908 0.971327 0.972953 0.971327 0.971382 
10.471382 0.968061 0.966546 0.967552 0.966546 0.964402 0.965406 0.967552 0.965406 0.966950 
10.492096 0.962328 0.960615 0.961945 0.960615 0.958535 0.959270 0.961945 0.959270 0.961688 
10.512811 0.956245 0.954788 0.955787 0.954788 0.950945 0.954726 0.955787 0.954726 0.956526 
10.533526 0.950533 0.948889 0.950043 0.948889 0.944958 0.949414 0.950043 0.949414 0.950880 
10.554242 0.944687 0.943583 0.944172 0.943583 0.940832 0.943958 0.944172 0.943958 0.946169 
10.574956 0.938991 0.937652 0.938536 0.937652 0.934405 0.937789 0.938536 0.937789 0.939665 
10.595671 0.933270 0.932236 0.933351 0.932236 0.929826 0.931634 0.933351 0.931634 0.934277 
10.616386 0.927329 0.926778 0.928361 0.926778 0.926429 0.926796 0.928361 0.926796 0.928611 
10.637101 0.921404 0.921553 0.922379 0.921553 0.920897 0.920713 0.922379 0.920713 0.921649 
10.657815 0.915761 0.916327 0.916967 0.916327 0.916249 0.915153 0.916967 0.915153 0.915155 
10.678531 0.910073 0.910724 0.911561 0.910724 0.912280 0.909248 0.911561 0.909248 0.909276 
10.699246 0.904070 0.905482 0.905405 0.905482 0.908617 0.902559 0.905405 0.902559 0.904456 
10.719961 0.898303 0.899675 0.899744 0.899675 0.904203 0.896453 0.899744 0.896453 0.898044 
10.740675 0.893146 0.894418 0.893339 0.894418 0.898364 0.890810 0.893339 0.890810 0.892789 
10.761390 0.887658 0.888935 0.887155 0.888935 0.893351 0.883763 0.887155 0.883763 0.887463 
10.782105 0.882071 0.883252 0.881740 0.883252 0.888130 0.878432 0.881740 0.878432 0.881305 
10.802820 0.876544 0.877158 0.876344 0.877158 0.881749 0.873236 0.876344 0.873236 0.876531 
10.823535 0.871012 0.871684 0.870483 0.871684 0.875331 0.866689 0.870483 0.866689 0.870489 
10.844250 0.865756 0.866207 0.865221 0.866207 0.867212 0.862405 0.865221 0.862405 0.865373 
10.864965 0.860460 0.860778 0.859978 0.860778 0.859859 0.857747 0.859978 0.857747 0.860675 
10.885680 0.854863 0.855154 0.854614 0.855154 0.854148 0.853475 0.854614 0.853475 0.855687 
10.906394 0.849580 0.850210 0.849157 0.850210 0.848030 0.849505 0.849157 0.849505 0.850064 
10.927109 0.844059 0.844734 0.843665 0.844734 0.841346 0.845831 0.843665 0.845831 0.845941 
10.947824 0.838893 0.839175 0.838283 0.839175 0.835321 0.840733 0.838283 0.840733 0.840534 
10.968539 0.833292 0.833702 0.832117 0.833702 0.830569 0.836124 0.832117 0.836124 0.835945 
10.989254 0.828118 0.827987 0.826914 0.827987 0.826412 0.830793 0.826914 0.830793 0.828909 
11.009969 0.822424 0.822126 0.821566 0.822126 0.820494 0.825226 0.821566 0.825226 0.822771 
11.030684 0.816919 0.816544 0.816467 0.816544 0.815792 0.820133 0.816467 0.820133 0.817547 
11.051399 0.811787 0.810578 0.811257 0.810578 0.811369 0.814631 0.811257 0.814631 0.811425 
11.072114 0.806647 0.804839 0.806160 0.804839 0.806044 0.809212 0.806160 0.809212 0.805030 
11.092829 0.800904 0.799506 0.800697 0.799506 0.801100 0.803438 0.800697 0.803438 0.798577 
11.113544 0.795697 0.793845 0.795806 0.793845 0.796303 0.797932 0.795806 0.797932 0.793732 
11.134259 0.790635 0.789046 0.790339 0.789046 0.790461 0.792300 0.790339 0.792300 0.787869 
11.154974 0.785066 0.783920 0.785555 0.783920 0.784288 0.786964 0.785555 0.786964 0.783093 
11.175688 0.779663 0.778693 0.780251 0.778693 0.779278 0.780770 0.780251 0.780770 0.778339 
11.196403 0.774458 0.773652 0.774731 0.773652 0.773318 0.776356 0.774731 0.776356 0.773553 
11.217118 0.769211 0.768441 0.769752 0.768441 0.768104 0.771416 0.769752 0.771416 0.768823 
11.237833 0.763722 0.763153 0.764840 0.763153 0.762774 0.766804 0.764840 0.766804 0.762534 
11.258548 0.758749 0.758368 0.760045 0.758368 0.758732 0.761614 0.760045 0.761614 0.757737 
11.279263 0.753667 0.753770 0.755106 0.753770 0.754505 0.756407 0.755106 0.756407 0.752764 
11.299978 0.748869 0.749026 0.750583 0.749026 0.749626 0.751909 0.750583 0.751909 0.748008 
11.320693 0.744024 0.744053 0.745436 0.744053 0.744388 0.746604 0.745436 0.746604 0.743875 
11.341407 0.739132 0.738933 0.740703 0.738933 0.740380 0.741617 0.740703 0.741617 0.738227 
11.362122 0.734388 0.733772 0.735762 0.733772 0.735951 0.736012 0.735762 0.736012 0.732696 
11.382837 0.729780 0.729029 0.730657 0.729029 0.731996 0.730856 0.730657 0.730856 0.729252 
11.403553 0.725274 0.724575 0.725634 0.724575 0.727743 0.725590 0.725634 0.725590 0.723788 
11.424267 0.720372 0.719827 0.720230 0.719827 0.724067 0.721158 0.720230 0.721158 0.720638 
11.444982 0.715696 0.715354 0.714995 0.715354 0.719010 0.715251 0.714995 0.715251 0.717044 
11.465697 0.711222 0.710347 0.709430 0.710347 0.714359 0.709501 0.709430 0.709501 0.711595 
11.486412 0.706487 0.705983 0.704431 0.705983 0.710011 0.705029 0.704431 0.705029 0.707565 
11.507126 0.701779 0.701537 0.699199 0.701537 0.705214 0.699483 0.699199 0.699483 0.703336 
11.527842 0.696746 0.696797 0.693967 0.696797 0.699937 0.695061 0.693967 0.695061 0.699272 
11.548557 0.691944 0.691590 0.689310 0.691590 0.694785 0.690175 0.689310 0.690175 0.695340 
11.569272 0.687106 0.686758 0.684480 0.686758 0.690288 0.685048 0.684480 0.685048 0.689567 
11.589986 0.682302 0.681962 0.679863 0.681962 0.685853 0.680438 0.679863 0.680438 0.683903 
11.610701 0.677149 0.676813 0.675045 0.676813 0.680102 0.675865 0.675045 0.675865 0.678630 
11.631416 0.671942 0.672085 0.670435 0.672085 0.674927 0.670809 0.670435 0.670809 0.672873 
11.652131 0.667087 0.667283 0.665870 0.667283 0.669537 0.666162 0.665870 0.666162 0.668240 
11.672846 0.661934 0.662280 0.661547 0.662280 0.663140 0.661506 0.661547 0.661506 0.662705 
11.693561 0.657192 0.657589 0.657042 0.657589 0.657565 0.656085 0.657042 0.656085 0.658060 
11.714276 0.652288 0.653269 0.652596 0.653269 0.651546 0.650894 0.652596 0.650894 0.652978 
11.734991 0.647748 0.648550 0.648387 0.648550 0.647168 0.646654 0.648387 0.646654 0.649205 
11.755705 0.643292 0.643941 0.643802 0.643941 0.641295 0.641970 0.643802 0.641970 0.644054 
11.776420 0.638574 0.639245 0.639356 0.639245 0.636450 0.637058 0.639356 0.637058 0.639069 
11.797135 0.633924 0.634559 0.635096 0.634559 0.631050 0.632078 0.635096 0.632078 0.634550 
11.817850 0.629385 0.629763 0.630600 0.629763 0.626294 0.627159 0.630600 0.627159 0.629359 
11.838565 0.624565 0.624531 0.626010 0.624531 0.620877 0.623040 0.626010 0.623040 0.623945 
11.859280 0.619857 0.619838 0.621224 0.619838 0.615954 0.617871 0.621224 0.617871 0.619893 
11.879995 0.615197 0.615137 0.616519 0.615137 0.611764 0.613243 0.616519 0.613243 0.615053 
11.900710 0.610499 0.610768 0.611473 0.610768 0.607325 0.608920 0.611473 0.608920 0.609707 
11.921424 0.605757 0.606214 0.606785 0.606214 0.602280 0.603724 0.606785 0.603724 0.606631 
11.942140 0.600881 0.601755 0.601909 0.601755 0.598571 0.599479 0.601909 0.599479 0.601265 
11.962855 0.596459 0.597298 0.597450 0.597298 0.594132 0.595512 0.597450 0.595512 0.597327 
11.983570 0.591847 0.592889 0.592819 0.592889 0.591084 0.591145 0.592819 0.591145 0.592550 
12.004284 0.587418 0.588009 0.588078 0.588009 0.586640 0.587218 0.588078 0.587218 0.588661 
12.024999 0.583064 0.583550 0.583568 0.583550 0.583148 0.583461 0.583568 0.583461 0.584708 
12.045714 0.578703 0.579005 0.578992 0.579005 0.578425 0.578956 0.578992 0.578956 0.580147 
12.066429 0.574602 0.574566 0.574440 0.574566 0.574507 0.574406 0.574440 0.574406 0.575073 
12.087144 0.570249 0.570437 0.570342 0.570437 0.569838 0.570497 0.570342 0.570497 0.571511 
12.107859 0.566168 0.566175 0.566208 0.566175 0.565373 0.566543 0.566208 0.566543 0.567157 
12.128574 0.562106 0.561989 0.561806 0.561989 0.561465 0.562104 0.561806 0.562104 0.562199 
12.149289 0.557864 0.558018 0.557750 0.558018 0.557754 0.557450 0.557750 0.557450 0.557912 
12.170003 0.553647 0.553856 0.553431 0.553856 0.553283 0.553070 0.553431 0.553070 0.553567 
12.190718 0.549391 0.549550 0.549315 0.549550 0.550052 0.548967 0.549315 0.548967 0.549620 
12.211433 0.545070 0.545501 0.545036 0.545501 0.545547 0.544974 0.545036 0.544974 0.544537 
12.232148 0.540684 0.540908 0.540695 0.540908 0.540182 0.540399 0.540695 0.540399 0.540579 
12.252863 0.536216 0.537075 0.536446 0.537075 0.536841 0.536700 0.536446 0.536700 0.536135 
12.273578 0.531670 0.532501 0.531853 0.532501 0.532691 0.532623 0.531853 0.532623 0.531406 
12.294293 0.527414 0.528029 0.527392 0.528029 0.529485 0.529000 0.527392 0.529000 0.527569 
12.315008 0.522853 0.523646 0.522979 0.523646 0.524986 0.524226 0.522979 0.524226 0.524168 
12.335722 0.518843 0.519069 0.518445 0.519069 0.521995 0.520479 0.518445 0.520479 0.519846 
12.356437 0.514782 0.514756 0.514443 0.514756 0.517905 0.516398 0.514443 0.516398 0.516593 
12.377152 0.510805 0.510202 0.509866 0.510202 0.513091 0.510982 0.509866 0.510982 0.513549 
12.397868 0.506966 0.506316 0.505497 0.506316 0.509292 0.507081 0.505497 0.507081 0.509294 
12.418582 0.503032 0.502219 0.501827 0.502219 0.506143 0.502651 0.501827 0.502651 0.505793 
12.439297 0.498970 0.498088 0.497773 0.498088 0.500760 0.498812 0.497773 0.498812 0.501510 
12.460012 0.494904 0.493890 0.493790 0.493890 0.495824 0.493785 0.493790 0.493785 0.497582 
12.480727 0.490938 0.489844 0.489593 0.489844 0.491951 0.489992 0.489593 0.489992 0.492942 
12.501441 0.486672 0.485763 0.485715 0.485763 0.487111 0.485946 0.485715 0.485946 0.488095 
12.522157 0.482553 0.481597 0.481611 0.481597 0.482119 0.482200 0.481611 0.482200 0.483298 
12.542872 0.478387 0.477719 0.477374 0.477719 0.478274 0.478519 0.477374 0.478519 0.478365 
12.563587 0.474016 0.473298 0.472971 0.473298 0.473356 0.474355 0.472971 0.474355 0.473181 
12.584301 0.469583 0.469008 0.468480 0.469008 0.469258 0.470721 0.468480 0.470721 0.468799 
12.605016 0.465241 0.464652 0.464434 0.464652 0.463603 0.467108 0.464434 0.467108 0.464773 
12.625731 0.460950 0.460077 0.460081 0.460077 0.459338 0.462916 0.460081 0.462916 0.460969 
12.646446 0.456634 0.455948 0.456227 0.455948 0.454999 0.458723 0.456227 0.458723 0.457161 
12.667161 0.452336 0.451625 0.452075 0.451625 0.450633 0.454771 0.452075 0.454771 0.454349 
12.687876 0.448220 0.447861 0.448098 0.447861 0.445654 0.450085 0.448098 0.450085 0.450454 
12.708591 0.444122 0.443579 0.444478 0.443579 0.441849 0.445901 0.444478 0.445901 0.447630 
12.729306 0.440083 0.439817 0.440608 0.439817 0.437266 0.442012 0.440608 0.442012 0.443442 
12.750021 0.436361 0.435905 0.436970 0.435905 0.433943 0.438025 0.436970 0.438025 0.439112 
12.770735 0.432295 0.432272 0.433039 0.432272 0.430019 0.434261 0.433039 0.434261 0.433849 
12.791451 0.428454 0.428241 0.428898 0.428241 0.426149 0.430051 0.428898 0.430051 0.429022 
12.812166 0.424752 0.424390 0.425183 0.424390 0.422866 0.425789 0.425183 0.425789 0.424709 
12.832880 0.420996 0.420345 0.421302 0.420345 0.419875 0.421637 0.421302 0.421637 0.419562 
12.853595 0.417065 0.416426 0.417306 0.416426 0.417208 0.417112 0.417306 0.417112 0.415514 
12.874310 0.413340 0.412499 0.413308 0.412499 0.413401 0.412696 0.413308 0.412696 0.411174 
12.895025 0.409369 0.408728 0.409532 0.408728 0.410021 0.408827 0.409532 0.408827 0.407908 
12.915740 0.405516 0.405198 0.405767 0.405198 0.406868 0.404706 0.405767 0.404706 0.404153 
12.936455 0.401712 0.401480 0.401958 0.401480 0.403025 0.400533 0.401958 0.400533 0.400518 
12.957170 0.397796 0.398195 0.398238 0.398195 0.399436 0.397325 0.398238 0.397325 0.397096 
12.977885 0.394143 0.394450 0.394584 0.394450 0.396233 0.393460 0.394584 0.393460 0.392883 
12.998600 0.390486 0.391131 0.390992 0.391131 0.392828 0.390028 0.390992 0.390028 0.389080 
13.019314 0.386772 0.387309 0.387223 0.387309 0.389750 0.385820 0.387223 0.385820 0.384630 
13.040029 0.383285 0.383602 0.383341 0.383602 0.386070 0.382211 0.383341 0.382211 0.380589 
13.060744 0.379787 0.380160 0.379457 0.380160 0.382462 0.378749 0.379457 0.378749 0.376074 
13.081459 0.375968 0.376290 0.375760 0.376290 0.378360 0.374836 0.375760 0.374836 0.373482 
13.102174 0.372133 0.372722 0.371893 0.372722 0.374027 0.370750 0.371893 0.370750 0.369627 
13.122889 0.368513 0.369099 0.368123 0.369099 0.369496 0.367703 0.368123 0.367703 0.366204 
13.143604 0.364775 0.365430 0.364562 0.365430 0.364678 0.363907 0.364562 0.363907 0.362918 
13.164319 0.360943 0.361674 0.360892 0.361674 0.360197 0.360802 0.360892 0.360802 0.359646 
13.185033 0.357108 0.357846 0.357411 0.357846 0.356459 0.356591 0.357411 0.356591 0.356188 
13.205748 0.353432 0.353805 0.354004 0.353805 0.352012 0.353475 0.354004 0.353475 0.352448 
13.226463 0.349622 0.349907 0.350332 0.349907 0.348094 0.349653 0.350332 0.349653 0.348815 
13.247179 0.345670 0.345976 0.346816 0.345976 0.343956 0.345866 0.346816 0.345866 0.345463 
13.267893 0.341934 0.342051 0.343201 0.342051 0.340936 0.342068 0.343201 0.342068 0.341515 
13.288608 0.338253 0.338279 0.339434 0.338279 0.337301 0.338162 0.339434 0.338162 0.336971 
13.309323 0.334417 0.334372 0.335449 0.334372 0.334073 0.334447 0.335449 0.334447 0.333829 
13.330038 0.330847 0.330694 0.331509 0.330694 0.329956 0.330364 0.331509 0.330364 0.330193 
13.350752 0.327206 0.327146 0.327502 0.327146 0.326687 0.326888 0.327502 0.326888 0.326608 
13.371468 0.323658 0.323458 0.323538 0.323458 0.322335 0.323052 0.323538 0.323052 0.322766 
13.392183 0.319950 0.320043 0.319858 0.320043 0.318072 0.319329 0.319858 0.319329 0.320004 
13.412898 0.316336 0.316540 0.316039 0.316540 0.313608 0.315815 0.316039 0.315815 0.316066 
13.433612 0.312562 0.313121 0.312592 0.313121 0.310226 0.312261 0.312592 0.312261 0.313368 
13.454327 0.309181 0.309742 0.308958 0.309742 0.306430 0.308267 0.308958 0.308267 0.310065 
13.475042 0.305510 0.306096 0.305301 0.306096 0.303139 0.304501 0.305301 0.304501 0.306992 
13.495757 0.302067 0.302544 0.301749 0.302544 0.300034 0.300544 0.301749 0.300544 0.304282 
13.516472 0.298444 0.298858 0.298079 0.298858 0.297394 0.297374 0.298079 0.297374 0.300517 
13.537187 0.294999 0.295309 0.294418 0.295309 0.294068 0.293378 0.294418 0.293378 0.297029 
13.557902 0.291689 0.291652 0.290916 0.291652 0.291519 0.290048 0.290916 0.290048 0.293621 
13.578617 0.288129 0.287939 0.287438 0.287939 0.288450 0.286915 0.287438 0.286915 0.289256 
13.599331 0.284812 0.284364 0.283985 0.284364 0.285488 0.283949 0.283985 0.283949 0.285829 
13.620046 0.281342 0.280988 0.280783 0.280988 0.282857 0.280816 0.280783 0.280816 0.282053 
13.640761 0.277921 0.277502 0.277565 0.277502 0.279424 0.277614 0.277565 0.277614 0.278020 
13.661477 0.274484 0.274060 0.274382 0.274060 0.275970 0.274309 0.274382 0.274309 0.274576 
13.682191 0.271293 0.270721 0.271133 0.270721 0.272799 0.271258 0.271133 0.271258 0.271422 
13.702906 0.267834 0.267388 0.267819 0.267388 0.268960 0.267898 0.267819 0.267898 0.267504 
13.723621 0.264402 0.264276 0.264409 0.264276 0.265710 0.264581 0.264409 0.264581 0.264271 
13.744336 0.260930 0.260812 0.260920 0.260812 0.262422 0.261777 0.260920 0.261777 0.261192 
13.765050 0.257349 0.257375 0.257344 0.257375 0.258905 0.257954 0.257344 0.257954 0.257631 
13.785766 0.254083 0.253941 0.253834 0.253941 0.255422 0.254799 0.253834 0.254799 0.253770 
13.806481 0.250576 0.250579 0.250380 0.250579 0.252376 0.250818 0.250380 0.250818 0.250662 
13.827196 0.247253 0.247178 0.246965 0.247178 0.249268 0.247796 0.246965 0.247796 0.247423 
13.847910 0.243900 0.243839 0.243711 0.243839 0.245508 0.244426 0.243711 0.244426 0.243904 
13.868625 0.240637 0.240626 0.240114 0.240626 0.242736 0.241255 0.240114 0.241255 0.240399 
13.889340 0.237204 0.237300 0.236965 0.237300 0.238706 0.237894 0.236965 0.237894 0.237096 
13.910055 0.233987 0.234118 0.233760 0.234118 0.234975 0.234513 0.233760 0.234513 0.233872 
13.930770 0.230605 0.230789 0.230628 0.230789 0.231608 0.231347 0.230628 0.231347 0.230353 
13.951485 0.227361 0.227184 0.227323 0.227184 0.228131 0.227845 0.227323 0.227845 0.227925 
13.972200 0.224089 0.223886 0.224097 0.223886 0.224774 0.224444 0.224097 0.224444 0.225294 
13.992915 0.220672 0.220570 0.220841 0.220570 0.221270 0.220543 0.220841 0.220543 0.221742 
14.013629 0.217508 0.217146 0.217517 0.217146 0.217884 0.217096 0.217517 0.217096 0.219341 
14.034344 0.214162 0.213889 0.214188 0.213889 0.214188 0.213570 0.214188 0.213570 0.216091 
14.055059 0.211025 0.210576 0.211161 0.210576 0.210887 0.210465 0.211161 0.210465 0.212804 
14.075774 0.207859 0.207471 0.207749 0.207471 0.207213 0.207050 0.207749 0.207050 0.209944 
14.096489 0.204593 0.204263 0.204533 0.204263 0.203644 0.204030 0.204533 0.204030 0.206451 
14.117204 0.201494 0.201031 0.201284 0.201031 0.199875 0.200746 0.201284 0.200746 0.203130 
14.137919 0.198361 0.197896 0.198014 0.197896 0.196607 0.197274 0.198014 0.197274 0.199803 
14.158634 0.195067 0.194870 0.194631 0.194870 0.192778 0.194345 0.194631 0.194345 0.196072 
14.179348 0.191678 0.191710 0.191320 0.191710 0.189730 0.191131 0.191320 0.191131 0.192163 
14.200063 0.188398 0.188404 0.187979 0.188404 0.186573 0.188023 0.187979 0.188023 0.188934 
14.220778 0.184920 0.185214 0.184746 0.185214 0.183456 0.184685 0.184746 0.184685 0.185246 
14.241494 0.181527 0.182040 0.181496 0.182040 0.180483 0.181512 0.181496 0.181512 0.181492 
14.262208 0.178150 0.178713 0.178188 0.178713 0.177421 0.178614 0.178188 0.178614 0.178279 
14.282923 0.174912 0.175558 0.174960 0.175558 0.174698 0.175357 0.174960 0.175357 0.175142 
14.303638 0.171703 0.172288 0.171873 0.172288 0.172076 0.172642 0.171873 0.172642 0.171919 
14.324353 0.168700 0.169130 0.168610 0.169130 0.168934 0.169474 0.168610 0.169474 0.168414 
14.345068 0.165526 0.166017 0.165465 0.166017 0.166109 0.166690 0.165465 0.166690 0.165811 
14.365783 0.162433 0.162978 0.162159 0.162978 0.163403 0.163682 0.162159 0.163682 0.162748 
14.386498 0.159498 0.159748 0.159095 0.159748 0.159946 0.160774 0.159095 0.160774 0.159545 
14.407213 0.156423 0.156733 0.156049 0.156733 0.156995 0.157606 0.156049 0.157606 0.156537 
14.427927 0.153473 0.153599 0.153181 0.153599 0.153802 0.154789 0.153181 0.154789 0.153392 
14.448642 0.150365 0.150459 0.150374 0.150459 0.151063 0.151494 0.150374 0.151494 0.150337 
14.469357 0.147426 0.147305 0.147362 0.147305 0.147592 0.148567 0.147362 0.148567 0.147035 
14.490072 0.144437 0.144038 0.144394 0.144038 0.144536 0.145474 0.144394 0.145474 0.143920 
14.510787 0.141479 0.140874 0.141474 0.140874 0.141325 0.142356 0.141474 0.142356 0.140758 
14.531502 0.138587 0.137906 0.138367 0.137906 0.138053 0.139352 0.138367 0.139352 0.138022 
14.552217 0.135575 0.134905 0.135344 0.134905 0.134783 0.136001 0.135344 0.136001 0.134732 
14.572932 0.132584 0.131957 0.132217 0.131957 0.131475 0.132715 0.132217 0.132715 0.131736 
14.593647 0.129497 0.129149 0.129229 0.129149 0.128581 0.129389 0.129229 0.129389 0.128770 
14.614361 0.126493 0.126150 0.126205 0.126150 0.125696 0.126261 0.126205 0.126261 0.125848 
14.635077 0.123481 0.123238 0.123257 0.123238 0.122712 0.123053 0.123257 0.123053 0.122817 
14.655792 0.120515 0.120250 0.120383 0.120250 0.119948 0.119850 0.120383 0.119850 0.120013 
14.676507 0.117714 0.117511 0.117842 0.117511 0.117208 0.116786 0.117842 0.116786 0.116991 
14.697221 0.115121 0.114934 0.115229 0.114934 0.114857 0.113901 0.115229 0.113901 0.114811 
14.717936 0.112534 0.112465 0.112797 0.112465 0.112553 0.111244 0.112797 0.111244 0.112356 
14.738651 0.110193 0.110170 0.110491 0.110170 0.110296 0.108857 0.110491 0.108857 0.109970 
14.759366 0.107891 0.107789 0.108169 0.107789 0.108397 0.106503 0.108169 0.106503 0.107779 
14.780081 0.105605 0.105550 0.105905 0.105550 0.106240 0.104401 0.105905 0.104401 0.105627 
14.800796 0.103367 0.103317 0.103705 0.103317 0.103809 0.102408 0.103705 0.102408 0.103664 
14.821511 0.101180 0.101166 0.101596 0.101166 0.101828 0.100506 0.101596 0.100506 0.101046 
14.842226 0.098854 0.098967 0.099444 0.098967 0.099753 0.098682 0.099444 0.098682 0.099003 
14.862940 0.096694 0.096936 0.097397 0.096936 0.097630 0.096829 0.097397 0.096829 0.096863 
14.883655 0.094621 0.094906 0.095327 0.094906 0.095481 0.094924 0.095327 0.094924 0.094826 
14.904370 0.092606 0.092900 0.093318 0.092900 0.093524 0.092959 0.093318 0.092959 0.092622 
14.925085 0.090686 0.090884 0.091386 0.090884 0.091186 0.090980 0.091386 0.090980 0.090717 
14.945800 0.088793 0.089022 0.089328 0.089022 0.089588 0.089287 0.089328 0.089287 0.088557 
14.966515 0.087042 0.087101 0.087317 0.087101 0.087614 0.087455 0.087317 0.087455 0.086720 
14.987230 0.085284 0.085273 0.085461 0.085273 0.085651 0.085726 0.085461 0.085726 0.085035 
15.007945 0.083663 0.083522 0.083607 0.083522 0.083901 0.083982 0.083607 0.083982 0.083505 
15.028659 0.082024 0.081825 0.081762 0.081825 0.081946 0.082437 0.081762 0.082437 0.081519 
15.049374 0.080336 0.080067 0.080019 0.080067 0.080105 0.080682 0.080019 0.080682 0.080115 
15.070089 0.078630 0.078399 0.078249 0.078399 0.078379 0.079121 0.078249 0.079121 0.078563 
15.090805 0.076884 0.076813 0.076610 0.076813 0.076512 0.077365 0.076610 0.077365 0.077078 
15.111519 0.075276 0.075255 0.075133 0.075255 0.074751 0.075564 0.075133 0.075564 0.075402 
15.132234 0.073707 0.073723 0.073507 0.073723 0.073181 0.073835 0.073507 0.073835 0.073552 
15.152949 0.072108 0.072287 0.072008 0.072287 0.071625 0.072156 0.072008 0.072156 0.072030 
15.173664 0.070653 0.070895 0.070578 0.070895 0.070064 0.070637 0.070578 0.070637 0.070482 
15.194379 0.069214 0.069447 0.069085 0.069447 0.068362 0.068993 0.069085 0.068993 0.069142 
15.215094 0.067754 0.068116 0.067586 0.068116 0.066994 0.067523 0.067586 0.067523 0.067645 
15.235809 0.066390 0.066661 0.066136 0.066661 0.065741 0.066301 0.066136 0.066301 0.066264 
15.256524 0.064993 0.065230 0.064719 0.065230 0.064276 0.064964 0.064719 0.064964 0.064983 
15.277238 0.063620 0.063816 0.063277 0.063816 0.062868 0.063748 0.063277 0.063748 0.063808 
15.297953 0.062318 0.062415 0.061890 0.062415 0.061823 0.062592 0.061890 0.062592 0.062593 
15.318668 0.060979 0.061082 0.060557 0.061082 0.060365 0.061416 0.060557 0.061416 0.061391 
15.339383 0.059650 0.059721 0.059371 0.059721 0.058802 0.060247 0.059371 0.060247 0.060161 
15.360098 0.058406 0.058357 0.058114 0.058357 0.057593 0.059008 0.058114 0.059008 0.058885 
15.380813 0.057136 0.057134 0.056913 0.057134 0.056348 0.057749 0.056913 0.057749 0.058035 
15.401528 0.055905 0.055910 0.055719 0.055910 0.055244 0.056639 0.055719 0.056639 0.056703 
15.422243 0.054669 0.054693 0.054572 0.054693 0.054182 0.055324 0.054572 0.055324 0.055767 
15.442957 0.053505 0.053562 0.053401 0.053562 0.053018 0.054256 0.053401 0.054256 0.054377 
15.463672 0.052375 0.052323 0.052272 0.052323 0.051881 0.053097 0.052272 0.053097 0.053220 
15.484387 0.051235 0.051119 0.051050 0.051119 0.050829 0.051864 0.051050 0.051864 0.051897 
15.505103 0.050098 0.050031 0.049916 0.050031 0.049568 0.050473 0.049916 0.050473 0.050716 
15.525817 0.049032 0.048855 0.048831 0.048855 0.048541 0.049385 0.048831 0.049385 0.049421 
15.546532 0.047950 0.047666 0.047722 0.047666 0.047265 0.048229 0.047722 0.048229 0.048096 
15.567247 0.046827 0.046616 0.046640 0.046616 0.046380 0.046873 0.046640 0.046873 0.046737 
15.587962 0.045754 0.045466 0.045547 0.045466 0.045394 0.045683 0.045547 0.045683 0.045612 
15.608676 0.044716 0.044320 0.044522 0.044320 0.044505 0.044628 0.044522 0.044628 0.044372 
15.629392 0.043644 0.043287 0.043605 0.043287 0.043664 0.043567 0.043605 0.043567 0.043131 
15.650107 0.042580 0.042373 0.042590 0.042373 0.042788 0.042638 0.042590 0.042638 0.042364 
15.670822 0.041603 0.041332 0.041675 0.041332 0.041855 0.041620 0.041675 0.041620 0.041200 
15.691536 0.040574 0.040374 0.040847 0.040374 0.040857 0.040692 0.040847 0.040692 0.040306 
15.712251 0.039605 0.039518 0.039937 0.039518 0.040032 0.039808 0.039937 0.039808 0.039261 
15.732966 0.038668 0.038599 0.039003 0.038599 0.038997 0.038940 0.039003 0.038940 0.038301 
15.753681 0.037738 0.037746 0.038031 0.037746 0.038002 0.038074 0.038031 0.038074 0.037477 
15.774396 0.036837 0.036835 0.037078 0.036835 0.036902 0.037105 0.037078 0.037105 0.036666 
15.795111 0.035987 0.035976 0.036088 0.035976 0.035961 0.036138 0.036088 0.036138 0.035909 
15.815826 0.035133 0.035110 0.035183 0.035110 0.035042 0.035106 0.035183 0.035106 0.035144 
15.836541 0.034329 0.034297 0.034303 0.034297 0.034299 0.034247 0.034303 0.034247 0.034414 
15.857255 0.033532 0.033466 0.033476 0.033466 0.033612 0.033387 0.033476 0.033387 0.033717 
15.877970 0.032710 0.032699 0.032740 0.032699 0.032844 0.032479 0.032740 0.032479 0.032830 
15.898685 0.031932 0.031943 0.031973 0.031943 0.031975 0.031687 0.031973 0.031687 0.032024 
15.919400 0.031139 0.031189 0.031236 0.031189 0.031231 0.030883 0.031236 0.030883 0.031082 
15.940115 0.030345 0.030423 0.030514 0.030423 0.030412 0.030122 0.030514 0.030122 0.030212 
15.960830 0.029606 0.029664 0.029723 0.029664 0.029709 0.029376 0.029723 0.029376 0.029278 
15.981545 0.028887 0.028986 0.028944 0.028986 0.028671 0.028741 0.028944 0.028741 0.028246 
16.002260 0.028148 0.028285 0.028171 0.028285 0.028112 0.027909 0.028171 0.027909 0.027371 
16.022975 0.027457 0.027617 0.027382 0.027617 0.027188 0.027211 0.027382 0.027211 0.026619 
16.043690 0.026685 0.026950 0.026663 0.026950 0.026296 0.026541 0.026663 0.026541 0.026036 
16.064404 0.025991 0.026223 0.025989 0.026223 0.025602 0.025758 0.025989 0.025758 0.025505 
16.085119 0.025292 0.025508 0.025303 0.025508 0.024758 0.025074 0.025303 0.025074 0.024999 
16.105834 0.024573 0.024798 0.024648 0.024798 0.024171 0.024341 0.024648 0.024341 0.024465 
16.126550 0.023849 0.024097 0.023931 0.024097 0.023499 0.023778 0.023931 0.023778 0.023890 
16.147264 0.023169 0.023360 0.023264 0.023360 0.022927 0.023133 0.023264 0.023133 0.023276 
16.167979 0.022497 0.022611 0.022627 0.022611 0.022365 0.022667 0.022627 0.022667 0.022629 
16.188694 0.021882 0.021950 0.022009 0.021950 0.021718 0.022111 0.022009 0.022111 0.021950 
16.209409 0.021228 0.021291 0.021329 0.021291 0.021225 0.021575 0.021329 0.021575 0.021300 
16.230124 0.020626 0.020664 0.020699 0.020664 0.020687 0.020957 0.020699 0.020957 0.020664 
16.250838 0.020023 0.020074 0.020081 0.020074 0.020181 0.020383 0.020081 0.020383 0.020125 
16.271554 0.019469 0.019468 0.019457 0.019468 0.019559 0.019835 0.019457 0.019835 0.019652 
16.292269 0.018881 0.018911 0.018909 0.018911 0.018913 0.019156 0.018909 0.019156 0.019233 
16.312984 0.018368 0.018311 0.018312 0.018311 0.018331 0.018519 0.018312 0.018519 0.018615 
16.333698 0.017828 0.017768 0.017740 0.017768 0.017880 0.017879 0.017740 0.017879 0.018101 
16.354413 0.017338 0.017203 0.017153 0.017203 0.017327 0.017289 0.017153 0.017289 0.017582 
16.375128 0.016818 0.016676 0.016631 0.016676 0.016760 0.016722 0.016631 0.016722 0.017090 
16.395843 0.016335 0.016149 0.016116 0.016149 0.016313 0.016242 0.016116 0.016242 0.016474 
16.416558 0.015844 0.015687 0.015638 0.015687 0.015737 0.015700 0.015638 0.015700 0.016068 
16.437273 0.015355 0.015205 0.015155 0.015205 0.015366 0.015285 0.015155 0.015285 0.015554 
16.457988 0.014880 0.014729 0.014705 0.014729 0.014861 0.014828 0.014705 0.014828 0.014947 
16.478703 0.014387 0.014276 0.014229 0.014276 0.014431 0.014401 0.014229 0.014401 0.014416 
16.499417 0.013915 0.013875 0.013763 0.013875 0.013942 0.014017 0.013763 0.014017 0.013741 
16.520132 0.013414 0.013430 0.013296 0.013430 0.013525 0.013622 0.013296 0.013622 0.013371 
16.540847 0.012990 0.013002 0.012924 0.013002 0.012975 0.013166 0.012924 0.013166 0.012837 
16.561563 0.012535 0.012600 0.012531 0.012600 0.012525 0.012827 0.012531 0.012827 0.012466 
16.582277 0.012115 0.012182 0.012213 0.012182 0.012051 0.012358 0.012213 0.012358 0.012122 
16.602992 0.011714 0.011786 0.011869 0.011786 0.011508 0.012042 0.011869 0.012042 0.011777 
16.623707 0.011308 0.011365 0.011527 0.011365 0.011061 0.011589 0.011527 0.011589 0.011362 
16.644422 0.010915 0.011016 0.011181 0.011016 0.010624 0.011174 0.011181 0.011174 0.010982 
16.665136 0.010526 0.010593 0.010845 0.010593 0.010204 0.010748 0.010845 0.010748 0.010663 
16.685851 0.010144 0.010219 0.010471 0.010219 0.009764 0.010345 0.010471 0.010345 0.010285 
16.706567 0.009791 0.009853 0.010051 0.009853 0.009365 0.009930 0.010051 0.009930 0.009900 
16.727282 0.009427 0.009469 0.009647 0.009469 0.009057 0.009528 0.009647 0.009528 0.009560 
16.747996 0.009084 0.009111 0.009252 0.009111 0.008749 0.009197 0.009252 0.009197 0.009190 
16.768711 0.008754 0.008780 0.008806 0.008780 0.008469 0.008868 0.008806 0.008868 0.008765 
16.789426 0.008426 0.008442 0.008434 0.008442 0.008152 0.008535 0.008434 0.008535 0.008461 
16.810141 0.008107 0.008097 0.008076 0.008097 0.007827 0.008208 0.008076 0.008208 0.008082 
16.830855 0.007783 0.007791 0.007719 0.007791 0.007506 0.007848 0.007719 0.007848 0.007738 
16.851571 0.007458 0.007492 0.007370 0.007492 0.007272 0.007532 0.007370 0.007532 0.007483 
16.872286 0.007146 0.007168 0.007025 0.007168 0.006919 0.007220 0.007025 0.007220 0.007163 
16.893001 0.006813 0.006843 0.006698 0.006843 0.006675 0.006919 0.006698 0.006919 0.006840 
16.913715 0.006515 0.006537 0.006372 0.006537 0.006372 0.006592 0.006372 0.006592 0.006521 
16.934430 0.006230 0.006239 0.006079 0.006239 0.006134 0.006353 0.006079 0.006353 0.006245 
16.955145 0.005970 0.005935 0.005814 0.005935 0.005902 0.006018 0.005814 0.006018 0.005990 
16.975860 0.005693 0.005658 0.005550 0.005658 0.005629 0.005773 0.005550 0.005773 0.005704 
16.996575 0.005451 0.005383 0.005300 0.005383 0.005425 0.005428 0.005300 0.005428 0.005497 
17.017290 0.005196 0.005116 0.005081 0.005116 0.005199 0.005085 0.005081 0.005085 0.005270 
17.038005 0.004940 0.004850 0.004857 0.004850 0.005019 0.004787 0.004857 0.004787 0.004981 
17.058720 0.004686 0.004598 0.004646 0.004598 0.004767 0.004489 0.004646 0.004489 0.004749 
17.079434 0.004451 0.004353 0.004407 0.004353 0.004520 0.004189 0.004407 0.004189 0.004449 
17.100149 0.004197 0.004116 0.004180 0.004116 0.004287 0.003955 0.004180 0.003955 0.004250 
17.120864 0.003976 0.003897 0.003968 0.003897 0.004049 0.003747 0.003968 0.003747 0.003984 
17.141580 0.003761 0.003696 0.003755 0.003696 0.003782 0.003519 0.003755 0.003519 0.003715 
17.162294 0.003532 0.003494 0.003555 0.003494 0.003578 0.003372 0.003555 0.003372 0.003508 
17.183009 0.003330 0.003326 0.003362 0.003326 0.003359 0.003199 0.003362 0.003199 0.003305 
17.203724 0.003151 0.003140 0.003186 0.003140 0.003155 0.003043 0.003186 0.003043 0.003079 
17.224439 0.002960 0.002974 0.003007 0.002974 0.002991 0.002921 0.003007 0.002921 0.002935 
17.245154 0.002774 0.002802 0.002828 0.002802 0.002810 0.002772 0.002828 0.002772 0.002726 
17.265869 0.002592 0.002635 0.002639 0.002635 0.002651 0.002588 0.002639 0.002588 0.002520 
17.286584 0.002426 0.002471 0.002463 0.002471 0.002483 0.002456 0.002463 0.002456 0.002370 
17.307299 0.002276 0.002304 0.002285 0.002304 0.002303 0.002302 0.002285 0.002302 0.002218 
17.328013 0.002119 0.002153 0.002119 0.002153 0.002171 0.002171 0.002119 0.002171 0.002038 
17.348728 0.001991 0.001999 0.001979 0.001999 0.001980 0.002056 0.001979 0.002056 0.001881 
17.369443 0.001861 0.001861 0.001850 0.001861 0.001866 0.001940 0.001850 0.001940 0.001730 
17.390159 0.001727 0.001720 0.001722 0.001720 0.001704 0.001804 0.001722 0.001804 0.001612 
17.410873 0.001594 0.001584 0.001610 0.001584 0.001566 0.001672 0.001610 0.001672 0.001511 
17.431588 0.001466 0.001463 0.001494 0.001463 0.001452 0.001547 0.001494 0.001547 0.001432 
17.452303 0.001333 0.001342 0.001396 0.001342 0.001322 0.001407 0.001396 0.001407 0.001358 
17.473018 0.001209 0.001220 0.001269 0.001220 0.001194 0.001283 0.001269 0.001283 0.001282 
17.493732 0.001096 0.001102 0.001152 0.001102 0.001065 0.001143 0.001152 0.001143 0.001185 
17.514447 0.000994 0.001000 0.001036 0.001000 0.000983 0.001053 0.001036 0.001053 0.001084 
17.535163 0.000894 0.000904 0.000917 0.000904 0.000886 0.000947 0.000917 0.000947 0.000991 
17.555878 0.000807 0.000803 0.000816 0.000803 0.000779 0.000847 0.000816 0.000847 0.000888 
17.576592 0.000723 0.000722 0.000717 0.000722 0.000708 0.000758 0.000717 0.000758 0.000779 
17.597307 0.000641 0.000641 0.000632 0.000641 0.000636 0.000660 0.000632 0.000660 0.000681 
17.618022 0.000569 0.000561 0.000553 0.000561 0.000577 0.000577 0.000553 0.000577 0.000594 
17.638737 0.000500 0.000492 0.000480 0.000492 0.000520 0.000495 0.000480 0.000495 0.000519 
17.659451 0.000434 0.000423 0.000420 0.000423 0.000479 0.000420 0.000420 0.000420 0.000452 
17.680167 0.000370 0.000361 0.000347 0.000361 0.000413 0.000348 0.000347 0.000348 0.000378 
17.700882 0.000314 0.000302 0.000290 0.000302 0.000383 0.000290 0.000290 0.000290 0.000324 
17.721597 0.000258 0.000245 0.000235 0.000245 0.000319 0.000238 0.000235 0.000238 0.000277 
17.742311 0.000205 0.000196 0.000185 0.000196 0.000274 0.000186 0.000185 0.000186 0.000226 
17.763026 0.000162 0.000156 0.000144 0.000156 0.000219 0.000145 0.000144 0.000145 0.000174 
17.783741 0.000124 0.000119 0.000110 0.000119 0.000167 0.000115 0.000110 0.000115 0.000133 
17.804456 0.000093 0.000087 0.000080 0.000087 0.000118 0.000088 0.000080 0.000088 0.000087 
17.825171 0.000067 0.000062 0.000060 0.000062 0.000080 0.000062 0.000060 0.000062 0.000068 
17.845886 0.000048 0.000039 0.000041 0.000039 0.000057 0.000046 0.000041 0.000046 0.000041 
17.866601 0.000030 0.000023 0.000027 0.000023 0.000033 0.000031 0.000027 0.000031 0.000021 
17.887316 0.000017 0.000012 0.000013 0.000012 0.000016 0.000019 0.000013 0.000019 0.000010 
17.908031 0.000006 0.000004 0.000005 0.000004 0.000006 0.000008 0.000005 0.000008 0.000003 
17.928745 0.000001 0.000001 0.000001 0.000001 0.000001 0.000001 0.000001 0.000001 0.000000 
17.949460 0.000000 0.000000 0.000000 0.000000 0.000000 0.000000 0.000000 0.000000 0.000000 
17.970176 0.000000 0.000000 0.000000 0.000000 0.000000 0.000000 0.000000 0.000000 0.000000 
17.990891 0.000000 0.000000 0.000000 0.000000 0.000000 0.000000 0.000000 0.000000 0.000000 
18.011605 0.000000 0.000000 0.000000 0.000000 0.000000 0.000000 0.000000 0.000000 0.000000 
18.032320 0.000000 0.000000 0.000000 0.000000 0.000000 0.000000 0.000000 0.000000 0.000000 
18.053035 0.000000 0.000000 0.000000 0.000000 0.000000 0.000000 0.000000 0.000000 0.000000 
18.073750 0.000000 0.000000 0.000000 0.000000 0.000000 0.000000 0.000000 0.000000 0.000000 
18.094464 0.000000 0.000000 0.000000 0.000000 0.000000 0.000000 0.000000 0.000000 0.000000 
18.115180 0.000000 0.000000 0.000000 0.000000 0.000000 0.000000 0.000000 0.000000 0.000000 
18.135895 0.000000 0.000000 0.000000 0.000000 0.000000 0.000000 0.000000 0.000000 0.000000 
18.156610 0.000000 0.000000 0.000000 0.000000 0.000000 0.000000 0.000000 0.000000 0.000000 
18.177324 0.000000 0.000000 0.000000 0.000000 0.000000 0.000000 0.000000 0.000000 0.000000 
18.198039 0.000000 0.000000 0.000000 0.000000 0.000000 0.000000 0.000000 0.000000 0.000000 
18.218754 0.000000 0.000000 0.000000 0.000000 0.000000 0.000000 0.000000 0.000000 0.000000 
18.239469 0.000000 0.000000 0.000000 0.000000 0.000000 0.000000 0.000000 0.000000 0.000000 
18.260184 0.000000 0.000000 0.000000 0.000000 0.000000 0.000000 0.000000 0.000000 0.000000 
18.280899 0.000000 0.000000 0.000000 0.000000 0.000000 0.000000 0.000000 0.000000 0.000000 
18.301614 0.000000 0.000000 0.000000 0.000000 0.000000 0.000000 0.000000 0.000000 0.000000 
18.322329 0.000000 0.000000 0.000000 0.000000 0.000000 0.000000 0.000000 0.000000 0.000000 
18.343043 0.000000 0.000000 0.000000 0.000000 0.000000 0.000000 0.000000 0.000000 0.000000 
18.363758 0.000000 0.000000 0.000000 0.000000 0.000000 0.000000 0.000000 0.000000 0.000000 
18.384473 0.000000 0.000000 0.000000 0.000000 0.000000 0.000000 0.000000 0.000000 0.000000 
18.405189 0.000000 0.000000 0.000000 0.000000 0.000000 0.000000 0.000000 0.000000 0.000000 
18.425903 0.000000 0.000000 0.000000 0.000000 0.000000 0.000000 0.000000 0.000000 0.000000 
18.446618 0.000000 0.000000 0.000000 0.000000 0.000000 0.000000 0.000000 0.000000 0.000000 
18.467333 0.000000 0.000000 0.000000 0.000000 0.000000 0.000000 0.000000 0.000000 0.000000 
18.488048 0.000000 0.000000 0.000000 0.000000 0.000000 0.000000 0.000000 0.000000 0.000000 
18.508762 0.000000 0.000000 0.000000 0.000000 0.000000 0.000000 0.000000 0.000000 0.000000 
18.529477 0.000000 0.000000 0.000000 0.000000 0.000000 0.000000 0.000000 0.000000 0.000000 
18.550193 0.000000 0.000000 0.000000 0.000000 0.000000 0.000000 0.000000 0.000000 0.000000 
18.570908 0.000000 0.000000 0.000000 0.000000 0.000000 0.000000 0.000000 0.000000 0.000000 
18.591622 0.000000 0.000000 0.000000 0.000000 0.000000 0.000000 0.000000 0.000000 0.000000 
18.612337 0.000000 0.000000 0.000000 0.000000 0.000000 0.000000 0.000000 0.000000 0.000000 
18.633052 0.000000 0.000000 0.000000 0.000000 0.000000 0.000000 0.000000 0.000000 0.000000 
18.653767 0.000000 0.000000 0.000000 0.000000 0.000000 0.000000 0.000000 0.000000 0.000000 
18.674481 0.000000 0.000000 0.000000 0.000000 0.000000 0.000000 0.000000 0.000000 0.000000 
18.695197 0.000000 0.000000 0.000000 0.000000 0.000000 0.000000 0.000000 0.000000 0.000000 
18.715912 0.000000 0.000000 0.000000 0.000000 0.000000 0.000000 0.000000 0.000000 0.000000 
18.736627 0.000000 0.000000 0.000000 0.000000 0.000000 0.000000 0.000000 0.000000 0.000000 
18.757341 0.000000 0.000000 0.000000 0.000000 0.000000 0.000000 0.000000 0.000000 0.000000 
18.778056 0.000000 0.000000 0.000000 0.000000 0.000000 0.000000 0.000000 0.000000 0.000000 
18.798772 0.000000 0.000000 0.000000 0.000000 0.000000 0.000000 0.000000 0.000000 0.000000 
18.819487 0.000000 0.000000 0.000000 0.000000 0.000000 0.000000 0.000000 0.000000 0.000000 
18.840201 0.000000 0.000000 0.000000 0.000000 0.000000 0.000000 0.000000 0.000000 0.000000 
18.860916 0.000000 0.000000 0.000000 0.000000 0.000000 0.000000 0.000000 0.000000 0.000000 
18.881631 0.000000 0.000000 0.000000 0.000000 0.000000 0.000000 0.000000 0.000000 0.000000 
18.902346 0.000000 0.000000 0.000000 0.000000 0.000000 0.000000 0.000000 0.000000 0.000000 
18.923060 0.000000 0.000000 0.000000 0.000000 0.000000 0.000000 0.000000 0.000000 0.000000 
18.943776 0.000000 0.000000 0.000000 0.000000 0.000000 0.000000 0.000000 0.000000 0.000000 
18.964491 0.000000 0.000000 0.000000 0.000000 0.000000 0.000000 0.000000 0.000000 0.000000 
18.985206 0.000000 0.000000 0.000000 0.000000 0.000000 0.000000 0.000000 0.000000 0.000000 
19.005920 0.000000 0.000000 0.000000 0.000000 0.000000 0.000000 0.000000 0.000000 0.000000 
19.026635 0.000000 0.000000 0.000000 0.000000 0.000000 0.000000 0.000000 0.000000 0.000000 
19.047350 0.000000 0.000000 0.000000 0.000000 0.000000 0.000000 0.000000 0.000000 0.000000 
19.068065 0.000000 0.000000 0.000000 0.000000 0.000000 0.000000 0.000000 0.000000 0.000000 
19.088780 0.000000 0.000000 0.000000 0.000000 0.000000 0.000000 0.000000 0.000000 0.000000 
19.109495 0.000000 0.000000 0.000000 0.000000 0.000000 0.000000 0.000000 0.000000 0.000000 
19.130210 0.000000 0.000000 0.000000 0.000000 0.000000 0.000000 0.000000 0.000000 0.000000 
19.150925 0.000000 0.000000 0.000000 0.000000 0.000000 0.000000 0.000000 0.000000 0.000000 
19.171639 0.000000 0.000000 0.000000 0.000000 0.000000 0.000000 0.000000 0.000000 0.000000 
19.192354 0.000000 0.000000 0.000000 0.000000 0.000000 0.000000 0.000000 0.000000 0.000000 
19.213069 0.000000 0.000000 0.000000 0.000000 0.000000 0.000000 0.000000 0.000000 0.000000 
19.233785 0.000000 0.000000 0.000000 0.000000 0.000000 0.000000 0.000000 0.000000 0.000000 
19.254499 0.000000 0.000000 0.000000 0.000000 0.000000 0.000000 0.000000 0.000000 0.000000 
19.275214 0.000000 0.000000 0.000000 0.000000 0.000000 0.000000 0.000000 0.000000 0.000000 
19.295929 0.000000 0.000000 0.000000 0.000000 0.000000 0.000000 0.000000 0.000000 0.000000 
19.316644 0.000000 0.000000 0.000000 0.000000 0.000000 0.000000 0.000000 0.000000 0.000000 
19.337358 0.000000 0.000000 0.000000 0.000000 0.000000 0.000000 0.000000 0.000000 0.000000 
19.358073 0.000000 0.000000 0.000000 0.000000 0.000000 0.000000 0.000000 0.000000 0.000000 
19.378789 0.000000 0.000000 0.000000 0.000000 0.000000 0.000000 0.000000 0.000000 0.000000 
19.399504 0.000000 0.000000 0.000000 0.000000 0.000000 0.000000 0.000000 0.000000 0.000000 
19.420218 0.000000 0.000000 0.000000 0.000000 0.000000 0.000000 0.000000 0.000000 0.000000 
19.440933 0.000000 0.000000 0.000000 0.000000 0.000000 0.000000 0.000000 0.000000 0.000000 
19.461648 0.000000 0.000000 0.000000 0.000000 0.000000 0.000000 0.000000 0.000000 0.000000 
19.482363 0.000000 0.000000 0.000000 0.000000 0.000000 0.000000 0.000000 0.000000 0.000000 
19.503078 0.000000 0.000000 0.000000 0.000000 0.000000 0.000000 0.000000 0.000000 0.000000 
19.523793 0.000000 0.000000 0.000000 0.000000 0.000000 0.000000 0.000000 0.000000 0.000000 
19.544508 0.000000 0.000000 0.000000 0.000000 0.000000 0.000000 0.000000 0.000000 0.000000 
19.565223 0.000000 0.000000 0.000000 0.000000 0.000000 0.000000 0.000000 0.000000 0.000000 
19.585938 0.000000 0.000000 0.000000 0.000000 0.000000 0.000000 0.000000 0.000000 0.000000 
19.606652 0.000000 0.000000 0.000000 0.000000 0.000000 0.000000 0.000000 0.000000 0.000000 
19.627367 0.000000 0.000000 0.000000 0.000000 0.000000 0.000000 0.000000 0.000000 0.000000 
19.648082 0.000000 0.000000 0.000000 0.000000 0.000000 0.000000 0.000000 0.000000 0.000000 
19.668797 0.000000 0.000000 0.000000 0.000000 0.000000 0.000000 0.000000 0.000000 0.000000 
19.689512 0.000000 0.000000 0.000000 0.000000 0.000000 0.000000 0.000000 0.000000 0.000000 
19.710227 0.000000 0.000000 0.000000 0.000000 0.000000 0.000000 0.000000 0.000000 0.000000 
19.730942 0.000000 0.000000 0.000000 0.000000 0.000000 0.000000 0.000000 0.000000 0.000000 
19.751657 0.000000 0.000000 0.000000 0.000000 0.000000 0.000000 0.000000 0.000000 0.000000 
19.772371 0.000000 0.000000 0.000000 0.000000 0.000000 0.000000 0.000000 0.000000 0.000000 
19.793086 0.000000 0.000000 0.000000 0.000000 0.000000 0.000000 0.000000 0.000000 0.000000 
19.813802 0.000000 0.000000 0.000000 0.000000 0.000000 0.000000 0.000000 0.000000 0.000000 
19.834517 0.000000 0.000000 0.000000 0.000000 0.000000 0.000000 0.000000 0.000000 0.000000 
19.855231 0.000000 0.000000 0.000000 0.000000 0.000000 0.000000 0.000000 0.000000 0.000000 
19.875946 0.000000 0.000000 0.000000 0.000000 0.000000 0.000000 0.000000 0.000000 0.000000 
19.896661 0.000000 0.000000 0.000000 0.000000 0.000000 0.000000 0.000000 0.000000 0.000000 
19.917376 0.000000 0.000000 0.000000 0.000000 0.000000 0.000000 0.000000 0.000000 0.000000 
19.938090 0.000000 0.000000 0.000000 0.000000 0.000000 0.000000 0.000000 0.000000 0.000000 
19.958806 0.000000 0.000000 0.000000 0.000000 0.000000 0.000000 0.000000 0.000000 0.000000 
19.979521 0.000000 0.000000 0.000000 0.000000 0.000000 0.000000 0.000000 0.000000 0.000000 
20.000236 0.000000 0.000000 0.000000 0.000000 0.000000 0.000000 0.000000 0.000000 0.000000 
20.020950 0.000000 0.000000 0.000000 0.000000 0.000000 0.000000 0.000000 0.000000 0.000000 
20.041665 0.000000 0.000000 0.000000 0.000000 0.000000 0.000000 0.000000 0.000000 0.000000 
20.062380 0.000000 0.000000 0.000000 0.000000 0.000000 0.000000 0.000000 0.000000 0.000000 
20.083095 0.000000 0.000000 0.000000 0.000000 0.000000 0.000000 0.000000 0.000000 0.000000 
20.103810 0.000000 0.000000 0.000000 0.000000 0.000000 0.000000 0.000000 0.000000 0.000000 
20.124525 0.000000 0.000000 0.000000 0.000000 0.000000 0.000000 0.000000 0.000000 0.000000 
20.145240 0.000000 0.000000 0.000000 0.000000 0.000000 0.000000 0.000000 0.000000 0.000000 
20.165955 0.000000 0.000000 0.000000 0.000000 0.000000 0.000000 0.000000 0.000000 0.000000 
20.186669 0.000000 0.000000 0.000000 0.000000 0.000000 0.000000 0.000000 0.000000 0.000000 
20.207384 0.000000 0.000000 0.000000 0.000000 0.000000 0.000000 0.000000 0.000000 0.000000 
20.228099 0.000000 0.000000 0.000000 0.000000 0.000000 0.000000 0.000000 0.000000 0.000000 
20.248815 0.000000 0.000000 0.000000 0.000000 0.000000 0.000000 0.000000 0.000000 0.000000 
20.269529 0.000000 0.000000 0.000000 0.000000 0.000000 0.000000 0.000000 0.000000 0.000000 
20.290244 0.000000 0.000000 0.000000 0.000000 0.000000 0.000000 0.000000 0.000000 0.000000 
20.310959 0.000000 0.000000 0.000000 0.000000 0.000000 0.000000 0.000000 0.000000 0.000000 
20.331674 0.000000 0.000000 0.000000 0.000000 0.000000 0.000000 0.000000 0.000000 0.000000 
20.352388 0.000000 0.000000 0.000000 0.000000 0.000000 0.000000 0.000000 0.000000 0.000000 
20.373103 0.000000 0.000000 0.000000 0.000000 0.000000 0.000000 0.000000 0.000000 0.000000 
20.393819 0.000000 0.000000 0.000000 0.000000 0.000000 0.000000 0.000000 0.000000 0.000000 
20.414534 0.000000 0.000000 0.000000 0.000000 0.000000 0.000000 0.000000 0.000000 0.000000 
20.435248 0.000000 0.000000 0.000000 0.000000 0.000000 0.000000 0.000000 0.000000 0.000000 
20.455963 0.000000 0.000000 0.000000 0.000000 0.000000 0.000000 0.000000 0.000000 0.000000 
20.476678 0.000000 0.000000 0.000000 0.000000 0.000000 0.000000 0.000000 0.000000 0.000000 
20.497394 0.000000 0.000000 0.000000 0.000000 0.000000 0.000000 0.000000 0.000000 0.000000 
20.518108 0.000000 0.000000 0.000000 0.000000 0.000000 0.000000 0.000000 0.000000 0.000000 
20.538823 0.000000 0.000000 0.000000 0.000000 0.000000 0.000000 0.000000 0.000000 0.000000 
20.559538 0.000000 0.000000 0.000000 0.000000 0.000000 0.000000 0.000000 0.000000 0.000000 
20.580253 0.000000 0.000000 0.000000 0.000000 0.000000 0.000000 0.000000 0.000000 0.000000 
20.600967 0.000000 0.000000 0.000000 0.000000 0.000000 0.000000 0.000000 0.000000 0.000000 
20.621682 0.000000 0.000000 0.000000 0.000000 0.000000 0.000000 0.000000 0.000000 0.000000 
20.642398 0.000000 0.000000 0.000000 0.000000 0.000000 0.000000 0.000000 0.000000 0.000000 
20.663113 0.000000 0.000000 0.000000 0.000000 0.000000 0.000000 0.000000 0.000000 0.000000 
20.683827 0.000000 0.000000 0.000000 0.000000 0.000000 0.000000 0.000000 0.000000 0.000000 
20.704542 0.000000 0.000000 0.000000 0.000000 0.000000 0.000000 0.000000 0.000000 0.000000 
