# concentrations: 0.666667 0.166667 0.166667
0.010357 0.000000 0.000000 0.000000 0.000000 0.000000 0.000000 0.000000 0.000000 0.000000 
0.031072 0.000000 0.000000 0.000000 0.000000 0.000000 0.000000 0.000000 0.000000 0.000000 
0.051787 0.000000 0.000000 0.000000 0.000000 0.000000 0.000000 0.000000 0.000000 0.000000 
0.072502 0.000000 0.000000 0.000000 0.000000 0.000000 0.000000 0.000000 0.000000 0.000000 
0.093217 0.000000 0.000000 0.000000 0.000000 0.000000 0.000000 0.000000 0.000000 0.000000 
0.113932 0.000000 0.000000 0.000000 0.000000 0.000000 0.000000 0.000000 0.000000 0.000000 
0.134647 0.000000 0.000000 0.000000 0.000000 0.000000 0.000000 0.000000 0.000000 0.000000 
0.155362 0.000000 0.000000 0.000000 0.000000 0.000000 0.000000 0.000000 0.000000 0.000000 
0.176077 0.000000 0.000000 0.000000 0.000000 0.000000 0.000000 0.000000 0.000000 0.000000 
0.196792 0.000000 0.000000 0.000000 0.000000 0.000000 0.000000 0.000000 0.000000 0.000000 
0.217506 0.000000 0.000000 0.000000 0.000000 0.000000 0.000000 0.000000 0.000000 0.000000 
0.238221 0.000000 0.000000 0.000000 0.000000 0.000000 0.000000 0.000000 0.000000 0.000000 
0.258936 0.000000 0.000000 0.000000 0.000000 0.000000 0.000000 0.000000 0.000000 0.000000 
0.279651 0.000000 0.000000 0.000000 0.000000 0.000000 0.000000 0.000000 0.000000 0.000000 
0.300366 0.000000 0.000000 0.000000 0.000000 0.000000 0.000000 0.000000 0.000000 0.000000 
0.321081 0.000000 0.000000 0.000000 0.000000 0.000000 0.000000 0.000000 0.000000 0.000000 
0.341796 0.000000 0.000000 0.000000 0.000000 0.000000 0.000000 0.000000 0.000000 0.000000 
0.362511 0.000000 0.000000 0.000000 0.000000 0.000000 0.000000 0.000000 0.000000 0.000000 
0.383226 0.000000 0.000000 0.000000 0.000000 0.000000 0.000000 0.000000 0.000000 0.000000 
0.403941 0.000000 0.000000 0.000000 0.000000 0.000000 0.000000 0.000000 0.000000 0.000000 
0.424655 0.000000 0.000000 0.000000 0.000000 0.000000 0.000000 0.000000 0.000000 0.000000 
0.445370 0.000000 0.000000 0.000000 0.000000 0.000000 0.000000 0.000000 0.000000 0.000000 
0.466085 0.000000 0.000000 0.000000 0.000000 0.000000 0.000000 0.000000 0.000000 0.000000 
0.486800 0.000000 0.000000 0.000000 0.000000 0.000000 0.000000 0.000000 0.000000 0.000000 
0.507515 0.000000 0.000000 0.000000 0.000000 0.000000 0.000000 0.000000 0.000000 0.000000 
0.528230 0.000000 0.000000 0.000000 0.000000 0.000000 0.000000 0.000000 0.000000 0.000000 
0.548945 0.000000 0.000000 0.000000 0.000000 0.000000 0.000000 0.000000 0.000000 0.000000 
0.569660 0.000000 0.000000 0.000000 0.000000 0.000000 0.000000 0.000000 0.000000 0.000000 
0.590375 0.000000 0.000000 0.000000 0.000000 0.000000 0.000000 0.000000 0.000000 0.000000 
0.611090 0.000000 0.000000 0.000000 0.000000 0.000000 0.000000 0.000000 0.000000 0.000000 
0.631804 0.000000 0.000000 0.000000 0.000000 0.000000 0.000000 0.000000 0.000000 0.000000 
0.652519 0.000000 0.000000 0.000000 0.000000 0.000000 0.000000 0.000000 0.000000 0.000000 
0.673234 0.000000 0.000000 0.000000 0.000000 0.000000 0.000000 0.000000 0.000000 0.000000 
0.693949 0.000000 0.000000 0.000000 0.000000 0.000000 0.000000 0.000000 0.000000 0.000000 
0.714664 0.000000 0.000000 0.000000 0.000000 0.000000 0.000000 0.000000 0.000000 0.000000 
0.735379 0.000000 0.000513 0.000000 0.000513 0.000000 0.000000 0.000000 0.000000 0.000000 
0.756094 0.000000 0.021935 0.000000 0.021935 0.000086 0.000129 0.000000 0.000129 0.000000 
0.776809 0.000000 0.281532 0.000000 0.281532 0.000694 0.005797 0.000000 0.005797 0.000000 
0.797524 0.000000 1.315930 0.000000 1.315930 0.009301 0.064277 0.000000 0.064277 0.000000 
0.818239 0.000000 3.157666 0.000616 3.157666 0.040497 0.298899 0.000616 0.298899 0.000000 
0.838953 0.000000 4.872130 0.022585 4.872130 0.125861 0.761193 0.022585 0.761193 0.000700 
0.859668 0.000000 5.577353 0.235217 5.577353 0.255480 1.300527 0.235217 1.300527 0.010506 
0.880383 0.000022 5.268333 1.048677 5.268333 0.401396 1.705956 1.048677 1.705956 0.070885 
0.901098 0.001570 4.433007 2.580398 4.433007 0.523188 1.901955 2.580398 1.901955 0.255417 
0.921813 0.028121 3.479218 4.184955 3.479218 0.610805 1.872437 4.184955 1.872437 0.561319 
0.942528 0.209181 2.639535 5.109897 2.639535 0.662606 1.723174 5.109897 1.723174 0.905690 
0.963243 0.786648 1.975257 5.145809 1.975257 0.678037 1.542233 5.145809 1.542233 1.189454 
0.983958 1.809742 1.485842 4.562719 1.485842 0.681741 1.342787 4.562719 1.342787 1.306046 
1.004673 2.931838 1.127927 3.740265 1.127927 0.689206 1.176346 3.740265 1.176346 1.333650 
1.025388 3.692862 0.876610 2.938585 0.876610 0.675867 1.036198 2.938585 1.036198 1.257212 
1.046102 3.905638 0.697178 2.251099 0.697178 0.676466 0.916205 2.251099 0.916205 1.163280 
1.066817 3.661344 0.571688 1.722228 0.571688 0.697579 0.830154 1.722228 0.830154 1.058270 
1.087532 3.183655 0.479842 1.319639 0.479842 0.714003 0.762774 1.319639 0.762774 0.948857 
1.108247 2.642591 0.414048 1.029566 0.414048 0.737513 0.703385 1.029566 0.703385 0.855077 
1.128962 2.129921 0.369601 0.815659 0.369601 0.789118 0.674418 0.815659 0.674418 0.780029 
1.149677 1.703219 0.336598 0.660126 0.336598 0.837076 0.651896 0.660126 0.651896 0.720299 
1.170392 1.366101 0.314645 0.550226 0.314645 0.901805 0.635333 0.550226 0.635333 0.668436 
1.191107 1.102128 0.300173 0.469224 0.300173 0.980793 0.639318 0.469224 0.639318 0.641358 
1.211822 0.904647 0.292394 0.409061 0.292394 1.071221 0.659322 0.409061 0.659322 0.620207 
1.232536 0.757204 0.293192 0.366655 0.293192 1.147392 0.683339 0.366655 0.683339 0.609157 
1.253251 0.643004 0.294597 0.335782 0.294597 1.241901 0.724449 0.335782 0.724449 0.602620 
1.273966 0.560359 0.303525 0.316769 0.303525 1.313403 0.773143 0.316769 0.773143 0.595891 
1.294681 0.497765 0.316635 0.304236 0.316635 1.387905 0.839454 0.304236 0.839454 0.606213 
1.315396 0.453902 0.337687 0.299111 0.337687 1.437818 0.900706 0.299111 0.900706 0.622429 
1.336111 0.422464 0.362802 0.298670 0.362802 1.470545 0.983999 0.298670 0.983999 0.637619 
1.356826 0.403406 0.395718 0.305532 0.395718 1.488996 1.067975 0.305532 1.067975 0.677103 
1.377541 0.392531 0.436511 0.318071 0.436511 1.482602 1.146648 0.318071 1.146648 0.724226 
1.398256 0.394902 0.486792 0.332015 0.486792 1.458297 1.212701 0.332015 1.212701 0.772096 
1.418971 0.404364 0.549522 0.353162 0.549522 1.424808 1.279974 0.353162 1.279974 0.835376 
1.439686 0.423013 0.618394 0.380115 0.618394 1.366704 1.323758 0.380115 1.323758 0.919694 
1.460400 0.451454 0.694859 0.411069 0.694859 1.299649 1.360119 0.411069 1.360119 1.005722 
1.481115 0.488277 0.779090 0.452579 0.779090 1.232718 1.380061 0.452579 1.380061 1.084375 
1.501830 0.534370 0.870945 0.505448 0.870945 1.182438 1.377499 0.505448 1.377499 1.169673 
1.522545 0.589369 0.963542 0.570045 0.963542 1.141950 1.356110 0.570045 1.356110 1.259840 
1.543260 0.655999 1.052104 0.647017 1.052104 1.116872 1.326828 0.647017 1.326828 1.321391 
1.563975 0.730327 1.127324 0.738777 1.127324 1.122400 1.285261 0.738777 1.285261 1.393157 
1.584690 0.813449 1.191589 0.838224 1.191589 1.145928 1.227176 0.838224 1.227176 1.432543 
1.605405 0.901853 1.242325 0.946360 1.242325 1.193919 1.195105 0.946360 1.195105 1.457567 
1.626120 0.994929 1.274846 1.050236 1.274846 1.262788 1.155988 1.050236 1.155988 1.451599 
1.646835 1.078839 1.291398 1.150069 1.291398 1.319442 1.146859 1.150069 1.146859 1.426953 
1.667549 1.154856 1.294493 1.229320 1.294493 1.370155 1.154355 1.229320 1.154355 1.393503 
1.688264 1.216220 1.292387 1.294465 1.292387 1.372213 1.192975 1.294465 1.192975 1.345939 
1.708979 1.263168 1.285642 1.335653 1.285642 1.364249 1.238012 1.335653 1.238012 1.304909 
1.729694 1.293604 1.284441 1.355306 1.284441 1.297676 1.297661 1.355306 1.297661 1.270891 
1.750409 1.310152 1.298145 1.358079 1.298145 1.207620 1.350450 1.358079 1.350450 1.246710 
1.771124 1.313195 1.319488 1.343895 1.319488 1.108870 1.369967 1.343895 1.369967 1.242462 
1.791839 1.306024 1.353311 1.321826 1.353311 1.004296 1.362289 1.321826 1.362289 1.263819 
1.812554 1.288971 1.382407 1.304056 1.382407 0.902850 1.314922 1.304056 1.314922 1.306351 
1.833269 1.261708 1.402817 1.292095 1.402817 0.819239 1.240159 1.292095 1.240159 1.343011 
1.853983 1.229702 1.408139 1.289930 1.408139 0.742782 1.155988 1.289930 1.155988 1.365489 
1.874698 1.193575 1.387374 1.297738 1.387374 0.684379 1.053756 1.297738 1.053756 1.356597 
1.895413 1.161228 1.335793 1.320809 1.335793 0.638137 0.961568 1.320809 0.961568 1.334367 
1.916128 1.131959 1.267885 1.340715 1.267885 0.604246 0.864909 1.340715 0.864909 1.275648 
1.936843 1.112481 1.187672 1.348978 1.187672 0.582132 0.791551 1.348978 0.791551 1.189772 
1.957558 1.108018 1.101008 1.337881 1.101008 0.572875 0.723418 1.337881 0.723418 1.102253 
1.978273 1.114008 1.016344 1.305636 1.016344 0.569260 0.670651 1.305636 0.670651 1.009163 
1.998988 1.125485 0.936780 1.257123 0.936780 0.576168 0.629448 1.257123 0.629448 0.915204 
2.019703 1.135587 0.870185 1.190119 0.870185 0.592763 0.602592 1.190119 0.602592 0.830146 
2.040418 1.138338 0.814863 1.109175 0.814863 0.618886 0.584870 1.109175 0.584870 0.751289 
2.061133 1.127452 0.769259 1.030776 0.769259 0.652439 0.581019 1.030776 0.581019 0.694656 
2.081847 1.099121 0.735475 0.951454 0.735475 0.685703 0.584406 0.951454 0.584406 0.648883 
2.102562 1.059331 0.715351 0.884486 0.715351 0.729564 0.594124 0.884486 0.594124 0.614212 
2.123277 1.008236 0.704203 0.820976 0.704203 0.780159 0.612509 0.820976 0.612509 0.592167 
2.143992 0.952810 0.702764 0.772459 0.702764 0.833910 0.640589 0.772459 0.640589 0.578987 
2.164707 0.897638 0.708668 0.735039 0.708668 0.886078 0.673974 0.735039 0.673974 0.579774 
2.185422 0.844978 0.723789 0.709327 0.723789 0.945940 0.717746 0.709327 0.717746 0.584536 
2.206137 0.799750 0.745586 0.692907 0.745586 0.997298 0.764735 0.692907 0.764735 0.601186 
2.226852 0.763010 0.768565 0.687144 0.768565 1.052439 0.810418 0.687144 0.810418 0.625024 
2.247567 0.736255 0.799205 0.691752 0.799205 1.098908 0.862102 0.691752 0.862102 0.658226 
2.268281 0.720095 0.835497 0.705570 0.835497 1.142971 0.917860 0.705570 0.917860 0.697328 
2.288996 0.714436 0.871496 0.724932 0.871496 1.175394 0.971633 0.724932 0.971633 0.737921 
2.309711 0.719450 0.909529 0.752543 0.909529 1.203711 1.029001 0.752543 1.029001 0.785675 
2.330426 0.733416 0.946841 0.784938 0.946841 1.225874 1.077428 0.784938 1.077428 0.841499 
2.351141 0.755942 0.983046 0.822435 0.983046 1.235466 1.120692 0.822435 1.120692 0.887642 
2.371856 0.787485 1.017488 0.862706 1.017488 1.242483 1.160911 0.862706 1.160911 0.945143 
2.392571 0.824628 1.051783 0.906913 1.051783 1.241467 1.189449 0.906913 1.189449 0.995873 
2.413286 0.866705 1.079148 0.949092 1.079148 1.234327 1.219766 0.949092 1.219766 1.055300 
2.434001 0.911994 1.105494 0.990890 1.105494 1.222853 1.235262 0.990890 1.235262 1.107950 
2.454716 0.957553 1.124247 1.028962 1.124247 1.207237 1.246412 1.028962 1.246412 1.141319 
2.475430 1.003727 1.139519 1.067424 1.139519 1.188386 1.247091 1.067424 1.247091 1.183257 
2.496145 1.046959 1.148573 1.099087 1.148573 1.171871 1.242688 1.099087 1.242688 1.214276 
2.516860 1.086870 1.152888 1.124792 1.152888 1.150833 1.232984 1.124792 1.232984 1.231032 
2.537575 1.119535 1.150740 1.147987 1.150740 1.133241 1.221766 1.147987 1.221766 1.249412 
2.558290 1.149431 1.145992 1.163755 1.145992 1.115611 1.202952 1.163755 1.202952 1.254912 
2.579005 1.170405 1.134747 1.172563 1.134747 1.096685 1.178280 1.172563 1.178280 1.254286 
2.599720 1.186295 1.122898 1.175769 1.122898 1.083051 1.157429 1.175769 1.157429 1.244258 
2.620435 1.193626 1.108665 1.175024 1.108665 1.062475 1.129830 1.175024 1.129830 1.232170 
2.641150 1.195412 1.093436 1.163564 1.093436 1.048138 1.113896 1.163564 1.113896 1.210221 
2.661865 1.190694 1.077032 1.154735 1.077032 1.029728 1.092736 1.154735 1.092736 1.190349 
2.682580 1.181030 1.057685 1.140420 1.057685 1.009058 1.071084 1.140420 1.071084 1.163216 
2.703294 1.166473 1.041900 1.119877 1.041900 0.987033 1.054364 1.119877 1.054364 1.137672 
2.724009 1.147921 1.027874 1.102069 1.027874 0.966363 1.039510 1.102069 1.039510 1.109529 
2.744724 1.126725 1.013269 1.080274 1.013269 0.945142 1.019671 1.080274 1.019671 1.089105 
2.765439 1.104857 1.002679 1.058641 1.002679 0.919478 1.001137 1.058641 1.001137 1.065482 
2.786154 1.081573 0.991688 1.040979 0.991688 0.902358 0.986551 1.040979 0.986551 1.043248 
2.806869 1.058186 0.982734 1.021160 0.982734 0.881825 0.965710 1.021160 0.965710 1.024803 
2.827584 1.035309 0.974669 1.005656 0.974669 0.869397 0.946074 1.005656 0.946074 1.008069 
2.848299 1.013043 0.965744 0.992886 0.965744 0.858577 0.922678 0.992886 0.922678 0.990212 
2.869014 0.993565 0.956076 0.977774 0.956076 0.849162 0.906330 0.977774 0.906330 0.977818 
2.889728 0.975591 0.945315 0.967660 0.945315 0.850951 0.884545 0.967660 0.884545 0.956958 
2.910443 0.958935 0.935398 0.958145 0.935398 0.858742 0.870074 0.958145 0.870074 0.942133 
2.931158 0.946199 0.925301 0.951370 0.925301 0.862824 0.861172 0.951370 0.861172 0.925096 
2.951873 0.935464 0.916108 0.943697 0.916108 0.873344 0.850905 0.943697 0.850905 0.899513 
2.972588 0.928053 0.908780 0.934670 0.908780 0.889190 0.852657 0.934670 0.852657 0.888188 
2.993303 0.922235 0.901555 0.925890 0.901555 0.909304 0.856532 0.925890 0.856532 0.871033 
3.014018 0.918548 0.897606 0.917114 0.897606 0.928198 0.861903 0.917114 0.861903 0.858792 
3.034733 0.916271 0.899281 0.910569 0.899281 0.945659 0.874295 0.910569 0.874295 0.851173 
3.055448 0.913361 0.903623 0.902488 0.903623 0.967088 0.888258 0.902488 0.888258 0.850119 
3.076163 0.912404 0.912259 0.896986 0.912259 0.986190 0.908746 0.896986 0.908746 0.851136 
3.096877 0.911874 0.922585 0.893959 0.922585 1.003033 0.927159 0.893959 0.927159 0.860490 
3.117592 0.910002 0.937005 0.894611 0.937005 1.022268 0.950086 0.894611 0.950086 0.872164 
3.138307 0.910068 0.953285 0.898913 0.953285 1.036091 0.970085 0.898913 0.970085 0.886247 
3.159022 0.912317 0.970656 0.906119 0.970656 1.048336 0.989245 0.906119 0.989245 0.906565 
3.179737 0.915371 0.988792 0.916590 0.988792 1.059240 1.012440 0.916590 1.012440 0.927668 
3.200452 0.921144 1.008192 0.932048 1.008192 1.068146 1.028818 0.932048 1.028818 0.947335 
3.221167 0.929608 1.024006 0.948752 1.024006 1.072068 1.045351 0.948752 1.045351 0.972335 
3.241882 0.939213 1.041685 0.968883 1.041685 1.077335 1.061732 0.968883 1.061732 0.993816 
3.262597 0.951621 1.054855 0.988402 1.054855 1.077386 1.069122 0.988402 1.069122 1.017713 
3.283312 0.966530 1.066125 1.006989 1.066125 1.073087 1.080097 1.006989 1.080097 1.036890 
3.304026 0.982442 1.075385 1.027065 1.075385 1.077120 1.083375 1.027065 1.083375 1.054791 
3.324741 0.999510 1.082479 1.044526 1.082479 1.069828 1.087134 1.044526 1.087134 1.065955 
3.345456 1.015961 1.085173 1.059833 1.085173 1.062945 1.085518 1.059833 1.085518 1.081238 
3.366171 1.031840 1.086725 1.072406 1.086725 1.055180 1.084040 1.072406 1.084040 1.088762 
3.386886 1.046687 1.084950 1.082870 1.084950 1.049493 1.079853 1.082870 1.079853 1.091506 
3.407601 1.059952 1.081496 1.089435 1.081496 1.038550 1.075004 1.089435 1.075004 1.094755 
3.428316 1.071015 1.074434 1.095624 1.074434 1.029224 1.067909 1.095624 1.067909 1.096808 
3.449031 1.079067 1.067997 1.096163 1.067997 1.020664 1.057081 1.096163 1.057081 1.094814 
3.469746 1.085475 1.058562 1.094284 1.058562 1.013709 1.047629 1.094284 1.047629 1.087021 
3.490461 1.087634 1.048339 1.089721 1.048339 1.000271 1.038646 1.089721 1.038646 1.077424 
3.511176 1.088162 1.036569 1.082847 1.036569 0.992534 1.027395 1.082847 1.027395 1.070237 
3.531890 1.084896 1.026157 1.073459 1.026157 0.986416 1.018284 1.073459 1.018284 1.058965 
3.552605 1.080470 1.015861 1.064778 1.015861 0.975445 1.007553 1.064778 1.007553 1.047915 
3.573320 1.074163 1.004155 1.053138 1.004155 0.975818 0.997694 1.053138 0.997694 1.035797 
3.594035 1.065237 0.993571 1.042700 0.993571 0.969188 0.987272 1.042700 0.987272 1.024330 
3.614750 1.055699 0.983688 1.028842 0.983688 0.962104 0.979236 1.028842 0.979236 1.012365 
3.635465 1.045181 0.975177 1.017018 0.975177 0.961443 0.974724 1.017018 0.974724 1.001408 
3.656180 1.033525 0.966603 1.005400 0.966603 0.957865 0.964672 1.005400 0.964672 0.993653 
3.676895 1.022370 0.960118 0.994095 0.960118 0.955703 0.961482 0.994095 0.961482 0.981747 
3.697610 1.010531 0.953674 0.982566 0.953674 0.957883 0.958285 0.982566 0.958285 0.975304 
3.718324 0.999032 0.950213 0.972035 0.950213 0.959938 0.955182 0.972035 0.955182 0.965443 
3.739039 0.988049 0.946408 0.962952 0.946408 0.957947 0.953557 0.962952 0.953557 0.959941 
3.759754 0.978520 0.945353 0.954505 0.945353 0.962122 0.953379 0.954505 0.953379 0.951575 
3.780469 0.969476 0.944445 0.947982 0.944445 0.965359 0.954230 0.947982 0.954230 0.949905 
3.801184 0.961230 0.946464 0.945056 0.946464 0.966547 0.955243 0.945056 0.955243 0.945504 
3.821899 0.954198 0.948094 0.940654 0.948094 0.971471 0.956648 0.940654 0.956648 0.944346 
3.842614 0.949229 0.951249 0.939624 0.951249 0.979449 0.958733 0.939624 0.958733 0.944945 
3.863329 0.945700 0.955291 0.939090 0.955291 0.985263 0.960998 0.939090 0.960998 0.947098 
3.884044 0.943109 0.959777 0.940828 0.959777 0.990206 0.966844 0.940828 0.966844 0.946538 
3.904759 0.942657 0.964898 0.942936 0.964898 0.997658 0.973454 0.942936 0.973454 0.952543 
3.925473 0.943369 0.972286 0.947679 0.972286 1.006232 0.980426 0.947679 0.980426 0.954165 
3.946188 0.945969 0.977262 0.950274 0.977262 1.013193 0.987806 0.950274 0.987806 0.959357 
3.966903 0.949048 0.984082 0.956616 0.984082 1.018250 0.993081 0.956616 0.993081 0.964926 
3.987618 0.953846 0.990545 0.963098 0.990545 1.023803 1.000243 0.963098 1.000243 0.975755 
4.008333 0.958837 0.997524 0.968820 0.997524 1.032577 1.009620 0.968820 1.009620 0.977540 
4.029048 0.965321 1.005431 0.976975 1.005431 1.035152 1.015518 0.976975 1.015518 0.990117 
4.049763 0.972039 1.011492 0.984047 1.011492 1.032420 1.021909 0.984047 1.021909 0.993846 
4.070478 0.979454 1.017764 0.991812 1.017764 1.035774 1.028184 0.991812 1.028184 1.005443 
4.091193 0.987164 1.023876 0.999276 1.023876 1.038242 1.032665 0.999276 1.032665 1.013296 
4.111907 0.994132 1.029103 1.006126 1.029103 1.037860 1.038201 1.006126 1.038201 1.019267 
4.132622 1.001536 1.034277 1.014113 1.034277 1.034678 1.041348 1.014113 1.041348 1.027143 
4.153337 1.007982 1.037535 1.020577 1.037535 1.031581 1.043158 1.020577 1.043158 1.033860 
4.174052 1.014338 1.040380 1.026718 1.040380 1.028886 1.042278 1.026718 1.042278 1.038454 
4.194767 1.020930 1.041469 1.031920 1.041469 1.023799 1.041018 1.031920 1.041018 1.042665 
4.215482 1.024907 1.041303 1.037069 1.041303 1.020097 1.039951 1.037069 1.039951 1.046804 
4.236197 1.029561 1.041654 1.041116 1.041654 1.014302 1.037283 1.041116 1.037283 1.046584 
4.256912 1.032869 1.040061 1.043296 1.040061 1.006749 1.034064 1.043296 1.034064 1.046583 
4.277627 1.035719 1.036752 1.045297 1.036752 1.007308 1.027096 1.045297 1.027096 1.047741 
4.298342 1.037500 1.033271 1.045605 1.033271 0.997065 1.022775 1.045605 1.022775 1.043582 
4.319057 1.038419 1.028707 1.044507 1.028707 0.991593 1.019121 1.044507 1.019121 1.040248 
4.339772 1.039257 1.024008 1.041734 1.024008 0.987821 1.012091 1.041734 1.012091 1.036827 
4.360487 1.038129 1.018280 1.039423 1.018280 0.984224 1.005317 1.039423 1.005317 1.033112 
4.381201 1.035461 1.013480 1.035256 1.013480 0.979633 0.999582 1.035256 0.999582 1.022489 
4.401916 1.033231 1.008081 1.030519 1.008081 0.976493 0.994820 1.030519 0.994820 1.018831 
4.422631 1.029485 1.001172 1.025740 1.001172 0.973247 0.989228 1.025740 0.989228 1.007644 
4.443346 1.025736 0.996637 1.018623 0.996637 0.967855 0.984668 1.018623 0.984668 1.003665 
4.464061 1.021304 0.991112 1.013429 0.991112 0.969058 0.981070 1.013429 0.981070 0.999223 
4.484776 1.016406 0.985434 1.006682 0.985434 0.970842 0.976423 1.006682 0.976423 0.994143 
4.505491 1.011509 0.980836 1.001889 0.980836 0.969033 0.973486 1.001889 0.973486 0.986379 
4.526206 1.006227 0.977881 0.995576 0.977881 0.969657 0.971135 0.995576 0.971135 0.979249 
4.546920 1.001207 0.973510 0.989194 0.973510 0.971160 0.970154 0.989194 0.970154 0.975677 
4.567635 0.995373 0.972135 0.983499 0.972135 0.974732 0.969369 0.983499 0.969369 0.972076 
4.588350 0.991271 0.969744 0.979771 0.969744 0.977768 0.969407 0.979771 0.969407 0.966421 
4.609065 0.986359 0.969881 0.976114 0.969881 0.980662 0.970761 0.976114 0.970761 0.964914 
4.629780 0.982196 0.969391 0.972527 0.969391 0.984511 0.970230 0.972527 0.970230 0.961498 
4.650495 0.978901 0.970729 0.968833 0.970729 0.989098 0.975254 0.968833 0.975254 0.962832 
4.671210 0.975329 0.971541 0.967934 0.971541 0.994255 0.978372 0.967934 0.978372 0.965067 
4.691925 0.973402 0.973352 0.967189 0.973352 0.996333 0.981198 0.967189 0.981198 0.965139 
4.712640 0.972123 0.976413 0.966494 0.976413 1.001512 0.984675 0.966494 0.984675 0.966308 
4.733355 0.970479 0.979020 0.967453 0.979020 1.003497 0.988467 0.967453 0.988467 0.969494 
4.754069 0.970552 0.981851 0.969327 0.981851 1.007697 0.993187 0.969327 0.993187 0.972844 
4.774784 0.971601 0.985569 0.971901 0.985569 1.012611 0.998086 0.971901 0.998086 0.977001 
4.795499 0.972737 0.991275 0.975133 0.991275 1.013229 1.003950 0.975133 1.003950 0.980733 
4.816214 0.974775 0.994948 0.977466 0.994948 1.015310 1.007183 0.977466 1.007183 0.987610 
4.836929 0.977177 0.999502 0.982150 0.999502 1.019791 1.008997 0.982150 1.008997 0.993073 
4.857644 0.980864 1.003940 0.986703 1.003940 1.019300 1.013365 0.986703 1.013365 0.998960 
4.878359 0.984475 1.007824 0.991102 1.007824 1.021694 1.016673 0.991102 1.016673 1.003622 
4.899074 0.988038 1.011284 0.996015 1.011284 1.020055 1.017851 0.996015 1.017851 1.005944 
4.919789 0.991881 1.014156 1.000384 1.014156 1.021518 1.019824 1.000384 1.019824 1.009721 
4.940504 0.995900 1.016658 1.004156 1.016658 1.021180 1.022098 1.004156 1.022098 1.013817 
4.961218 1.000466 1.018355 1.008785 1.018355 1.017702 1.024050 1.008785 1.024050 1.016363 
4.981933 1.004791 1.020090 1.012793 1.020090 1.018537 1.024262 1.012793 1.024262 1.019406 
5.002648 1.008539 1.020563 1.015733 1.020563 1.018126 1.024320 1.015733 1.024320 1.021783 
5.023363 1.011994 1.021635 1.019016 1.021635 1.015057 1.025165 1.019016 1.025165 1.021788 
5.044078 1.015266 1.021058 1.020657 1.021058 1.012377 1.021653 1.020657 1.021653 1.025092 
5.064793 1.017548 1.019983 1.022419 1.019983 1.009852 1.022219 1.022419 1.022219 1.024980 
5.085508 1.019556 1.018888 1.023374 1.018888 1.005536 1.017643 1.023374 1.017643 1.027301 
5.106223 1.021069 1.018496 1.023758 1.018496 1.003365 1.015945 1.023758 1.015945 1.024353 
5.126938 1.022187 1.015602 1.022500 1.015602 0.998702 1.014538 1.022500 1.014538 1.023874 
5.147653 1.022325 1.013809 1.022843 1.013809 0.999009 1.011952 1.022843 1.011952 1.019642 
5.168367 1.021357 1.010742 1.021937 1.010742 0.994782 1.008102 1.021937 1.008102 1.020114 
5.189082 1.020771 1.008913 1.019403 1.008913 0.992795 1.004417 1.019403 1.004417 1.015945 
5.209797 1.019478 1.005766 1.017643 1.005766 0.988900 1.001055 1.017643 1.001055 1.012702 
5.230512 1.017517 1.003435 1.014995 1.003435 0.987550 0.999443 1.014995 0.999443 1.007888 
5.251227 1.015158 1.000877 1.012319 1.000877 0.985179 0.995236 1.012319 0.995236 1.008388 
5.271942 1.013014 0.997418 1.009055 0.997418 0.985980 0.992507 1.009055 0.992507 1.004880 
5.292657 1.010248 0.994713 1.005439 0.994713 0.982768 0.989281 1.005439 0.989281 1.001153 
5.313372 1.007916 0.992962 1.002653 0.992962 0.982979 0.987042 1.002653 0.987042 0.997101 
5.334087 1.004419 0.991076 0.999313 0.991076 0.982342 0.985856 0.999313 0.985856 0.994371 
5.354802 1.001412 0.988372 0.996471 0.988372 0.983449 0.984896 0.996471 0.984896 0.990752 
5.375516 0.999293 0.987261 0.994377 0.987261 0.984058 0.981150 0.994377 0.981150 0.988550 
5.396231 0.996655 0.986385 0.991265 0.986385 0.986280 0.982196 0.991265 0.982196 0.984465 
5.416946 0.993476 0.985436 0.989336 0.985436 0.985540 0.982230 0.989336 0.982230 0.983904 
5.437661 0.991761 0.984752 0.987223 0.984752 0.988014 0.981683 0.987223 0.981683 0.982096 
5.458376 0.990013 0.984683 0.985598 0.984683 0.991617 0.982863 0.985598 0.982863 0.982203 
5.479091 0.988184 0.985110 0.983596 0.985110 0.993122 0.984514 0.983596 0.984514 0.981971 
5.499806 0.986684 0.985409 0.983787 0.985409 0.994214 0.986131 0.983787 0.986131 0.981850 
5.520521 0.985647 0.986457 0.983145 0.986457 0.997454 0.987556 0.983145 0.987556 0.982464 
5.541236 0.984507 0.988055 0.982681 0.988055 0.999619 0.989787 0.982681 0.989787 0.981881 
5.561951 0.984955 0.989537 0.983367 0.989537 1.002647 0.992234 0.983367 0.992234 0.983466 
5.582665 0.985399 0.991425 0.984688 0.991425 1.005717 0.994317 0.984688 0.994317 0.984194 
5.603380 0.985203 0.992753 0.985364 0.992753 1.005584 0.996529 0.985364 0.996529 0.988465 
5.624095 0.986263 0.995370 0.986938 0.995370 1.007010 1.000173 0.986938 1.000173 0.989312 
5.644810 0.986826 0.997620 0.988258 0.997620 1.010343 1.003219 0.988258 1.003219 0.993200 
5.665525 0.988609 0.999385 0.990717 0.999385 1.010578 1.003892 0.990717 1.003892 0.996537 
5.686240 0.990595 1.002017 0.992725 1.002017 1.010230 1.005972 0.992725 1.005972 0.997922 
5.706955 0.991750 1.003580 0.995372 1.003580 1.012957 1.009096 0.995372 1.009096 1.002004 
5.727670 0.993947 1.005939 0.997928 1.005939 1.012751 1.010091 0.997928 1.010091 1.003400 
5.748384 0.996351 1.007509 1.000207 1.007509 1.010880 1.012143 1.000207 1.012143 1.004983 
5.769099 0.997994 1.008997 1.001900 1.008997 1.011560 1.012174 1.001900 1.012174 1.008419 
5.789814 1.000394 1.010279 1.004855 1.010279 1.012312 1.012968 1.004855 1.012968 1.010852 
5.810529 1.002918 1.010666 1.006719 1.010666 1.011622 1.013451 1.006719 1.013451 1.010787 
5.831244 1.004191 1.011576 1.008719 1.011576 1.011036 1.012486 1.008719 1.012486 1.013842 
5.851959 1.006434 1.012120 1.009866 1.012120 1.009923 1.012435 1.009866 1.012435 1.015422 
5.872674 1.007942 1.011716 1.011117 1.011716 1.007112 1.011751 1.011117 1.011751 1.013855 
5.893389 1.009549 1.010837 1.012211 1.010837 1.003924 1.010208 1.012211 1.010208 1.014544 
5.914104 1.009973 1.010890 1.012584 1.010890 1.004164 1.009857 1.012584 1.009857 1.016243 
5.934819 1.011103 1.009433 1.013202 1.009433 1.002650 1.009632 1.013202 1.009632 1.016061 
5.955534 1.012037 1.008743 1.012988 1.008743 1.000377 1.007183 1.012988 1.007183 1.013318 
5.976249 1.011952 1.007323 1.013001 1.007323 0.998304 1.006273 1.013001 1.006273 1.011635 
5.996964 1.011842 1.005854 1.011769 1.005854 0.999197 1.004486 1.011769 1.004486 1.012266 
6.017678 1.011562 1.004072 1.010263 1.004072 0.995228 1.003516 1.010263 1.003516 1.008088 
6.038393 1.010887 1.002845 1.008902 1.002845 0.994448 1.000493 1.008902 1.000493 1.007145 
6.059108 1.010152 1.000921 1.008953 1.000921 0.993711 0.999151 1.008953 0.999151 1.005701 
6.079823 1.008881 0.999520 1.006018 0.999520 0.993510 0.996799 1.006018 0.996799 1.003550 
6.100538 1.007476 0.998092 1.004341 0.998092 0.992473 0.996142 1.004341 0.996142 1.000020 
6.121253 1.006359 0.996784 1.003058 0.996784 0.992732 0.993286 1.003058 0.993286 0.998761 
6.141968 1.004309 0.994901 1.000845 0.994901 0.989461 0.994143 1.000845 0.994143 0.997088 
6.162683 1.002864 0.994641 0.998833 0.994641 0.992473 0.993205 0.998833 0.993205 0.997499 
6.183398 1.000972 0.993678 0.997995 0.993678 0.992691 0.992301 0.997995 0.992301 0.995570 
6.204113 0.999588 0.993106 0.995909 0.993106 0.991808 0.991110 0.995909 0.991110 0.992615 
6.224827 0.997954 0.992599 0.995257 0.992599 0.993901 0.991654 0.995257 0.991654 0.991386 
6.245542 0.996776 0.991462 0.993293 0.991462 0.995725 0.990714 0.993293 0.990714 0.989650 
6.266257 0.995360 0.991762 0.993089 0.991762 0.993037 0.992023 0.993089 0.992023 0.989443 
6.286972 0.994358 0.991845 0.991310 0.991845 0.996293 0.991910 0.991310 0.991910 0.987531 
6.307687 0.992711 0.991329 0.991566 0.991329 0.995340 0.992612 0.991566 0.992612 0.990249 
6.328402 0.992556 0.991746 0.990837 0.991746 0.996639 0.994009 0.990837 0.994009 0.988593 
6.349117 0.991514 0.992225 0.990175 0.992225 0.997774 0.994415 0.990175 0.994415 0.989259 
6.369832 0.991102 0.993480 0.990895 0.993480 0.999809 0.996366 0.990895 0.996366 0.990500 
6.390547 0.991168 0.994224 0.991391 0.994224 1.001470 0.997641 0.991391 0.997641 0.990460 
6.411262 0.991256 0.995606 0.991796 0.995606 1.001572 0.997613 0.991796 0.997613 0.990405 
6.431976 0.991554 0.996706 0.992777 0.996706 1.003090 0.999035 0.992777 0.999035 0.994310 
6.452691 0.992713 0.997610 0.993059 0.997610 1.004612 0.999100 0.993059 0.999100 0.992873 
6.473406 0.992855 0.998720 0.994132 0.998720 1.005972 1.000126 0.994132 1.000126 0.994129 
6.494121 0.993593 1.000368 0.995253 1.000368 1.004676 1.003649 0.995253 1.003649 0.994871 
6.514836 0.994546 1.001191 0.996924 1.001191 1.004840 1.003551 0.996924 1.003551 0.998666 
6.535551 0.996266 1.002261 0.998115 1.002261 1.006325 1.005696 0.998115 1.005696 0.998937 
6.556266 0.997018 1.003382 1.000094 1.003382 1.005447 1.005937 1.000094 1.005937 1.001391 
6.576981 0.998272 1.003326 1.000243 1.003326 1.004462 1.007689 1.000243 1.007689 1.002756 
6.597695 0.999763 1.004932 1.001922 1.004932 1.004310 1.006444 1.001922 1.006444 1.005115 
6.618410 1.000542 1.005580 1.003470 1.005580 1.003660 1.008265 1.003470 1.008265 1.004850 
6.639125 1.001756 1.006010 1.003934 1.006010 1.004959 1.007943 1.003934 1.007943 1.004665 
6.659840 1.002923 1.006307 1.005424 1.006307 1.003971 1.007349 1.005424 1.007349 1.006314 
6.680555 1.003719 1.006076 1.005527 1.006076 1.004800 1.008008 1.005527 1.008008 1.007554 
6.701270 1.004341 1.006866 1.006365 1.006866 1.003984 1.008195 1.006365 1.008195 1.006697 
6.721985 1.005657 1.006059 1.006529 1.006059 1.001805 1.005816 1.006529 1.005816 1.008021 
6.742700 1.005948 1.006166 1.006534 1.006166 1.002330 1.005157 1.006534 1.005157 1.007587 
6.763415 1.006186 1.005436 1.007121 1.005436 1.002051 1.004924 1.007121 1.004924 1.008369 
6.784130 1.006576 1.004828 1.006899 1.004828 1.000370 1.004368 1.006899 1.004368 1.007805 
6.804844 1.006241 1.004181 1.006711 1.004181 1.000066 1.002916 1.006711 1.002916 1.007310 
6.825559 1.006569 1.003701 1.006275 1.003701 0.996910 1.002679 1.006275 1.002679 1.006276 
6.846274 1.006047 1.002358 1.005690 1.002358 0.997971 1.000824 1.005690 1.000824 1.005081 
6.866989 1.005697 1.001780 1.004997 1.001780 0.998070 1.000948 1.004997 1.000948 1.003854 
6.887704 1.005276 1.001159 1.004437 1.001159 0.997496 0.999921 1.004437 0.999921 1.004128 
6.908419 1.005465 0.999412 1.003527 0.999412 0.996470 0.999370 1.003527 0.999370 1.002086 
6.929134 1.004265 0.999581 1.002420 0.999581 0.995338 0.997892 1.002420 0.997892 1.001439 
6.949849 1.003374 0.997798 1.001491 0.997798 0.995768 0.997528 1.001491 0.997528 0.999523 
6.970564 1.002381 0.996975 1.000211 0.996975 0.993701 0.998074 1.000211 0.998074 0.998299 
6.991279 1.001586 0.996401 1.000078 0.996401 0.994347 0.996187 1.000078 0.996187 0.997316 
7.011993 1.000430 0.996163 0.998647 0.996163 0.995211 0.994795 0.998647 0.994795 0.996999 
7.032708 0.999788 0.996002 0.997637 0.996002 0.995805 0.995474 0.997637 0.995474 0.997136 
7.053423 0.999129 0.994971 0.997057 0.994971 0.995365 0.995504 0.997057 0.995504 0.995143 
7.074138 0.998042 0.995099 0.996457 0.995099 0.997335 0.995743 0.996457 0.995743 0.996074 
7.094853 0.997640 0.995512 0.995095 0.995512 0.997085 0.994573 0.995095 0.994573 0.995725 
7.115568 0.996484 0.994709 0.995565 0.994709 0.996524 0.996372 0.995565 0.996372 0.993568 
7.136283 0.996258 0.995186 0.994510 0.995186 0.997108 0.996663 0.994510 0.996663 0.994490 
7.156998 0.995881 0.995865 0.994872 0.995865 0.999323 0.996356 0.994872 0.996356 0.994312 
7.177713 0.995697 0.995667 0.994348 0.995667 0.998268 0.997764 0.994348 0.997764 0.993790 
7.198428 0.995286 0.996370 0.994851 0.996370 0.999983 0.997458 0.994851 0.997458 0.995838 
7.219142 0.995095 0.997010 0.994895 0.997010 1.000147 0.998416 0.994895 0.998416 0.994786 
7.239857 0.995161 0.997111 0.995002 0.997111 1.000559 0.999982 0.995002 0.999982 0.996348 
7.260572 0.995658 0.997916 0.995435 0.997916 1.002864 1.000218 0.995435 1.000218 0.995510 
7.281287 0.995501 0.998733 0.996325 0.998733 1.002549 1.000399 0.996325 1.000399 0.996843 
7.302002 0.996121 0.999715 0.997553 0.999715 1.003397 1.001973 0.997553 1.001973 0.998417 
7.322717 0.996832 1.000158 0.997147 1.000158 1.002979 1.002374 0.997147 1.002374 0.997761 
7.343432 0.997135 1.000154 0.998351 1.000154 1.004825 1.003354 0.998351 1.003354 0.998667 
7.364147 0.997742 1.001423 0.999192 1.001423 1.005116 1.002322 0.999192 1.002322 1.000533 
7.384862 0.998252 1.001536 0.999480 1.001536 1.003082 1.003700 0.999480 1.003700 1.000985 
7.405577 0.999277 1.002521 0.999513 1.002521 1.004675 1.003796 0.999513 1.003796 1.001649 
7.426291 0.999761 1.003027 1.000979 1.003027 1.004129 1.004601 1.000979 1.004601 1.002911 
7.447006 1.000166 1.003164 1.002576 1.003164 1.003277 1.003201 1.002576 1.003201 1.001850 
7.467721 1.000807 1.003254 1.001953 1.003254 1.002439 1.004513 1.001953 1.004513 1.002520 
7.488436 1.001660 1.003893 1.003295 1.003893 1.002758 1.005029 1.003295 1.005029 1.004528 
7.509151 1.002404 1.003435 1.003324 1.003435 1.001096 1.005291 1.003324 1.005291 1.005305 
7.529866 1.002910 1.003535 1.003713 1.003535 1.001821 1.004715 1.003713 1.004715 1.002703 
7.550581 1.003125 1.003113 1.004288 1.003113 1.000658 1.004794 1.004288 1.004794 1.003535 
7.571296 1.003578 1.003257 1.004245 1.003257 1.000879 1.002923 1.004245 1.002923 1.003943 
7.592011 1.003629 1.002777 1.004397 1.002777 0.999985 1.003681 1.004397 1.003681 1.002766 
7.612726 1.003721 1.002411 1.004125 1.002411 1.000136 1.001809 1.004125 1.001809 1.003552 
7.633440 1.004104 1.002554 1.004267 1.002554 0.998653 1.001918 1.004267 1.001918 1.003633 
7.654155 1.004139 1.001846 1.003878 1.001846 0.999961 1.001451 1.003878 1.001451 1.003486 
7.674870 1.003420 1.001480 1.002963 1.001480 1.000134 1.001639 1.002963 1.001639 1.003347 
7.695585 1.003071 1.001016 1.002732 1.001016 0.997895 0.999862 1.002732 0.999862 1.001770 
7.716300 1.002875 1.000700 1.002290 1.000700 0.998068 0.998862 1.002290 0.998862 1.000380 
7.737015 1.002750 0.999327 1.001945 0.999327 0.998686 0.999629 1.001945 0.999629 1.000185 
7.757730 1.002447 0.999300 1.001415 0.999300 0.996869 0.999038 1.001415 0.999038 1.000591 
7.778445 1.001989 0.998707 1.001190 0.998707 0.997160 0.997732 1.001190 0.997732 0.998095 
7.799160 1.001328 0.998675 1.000726 0.998675 0.997258 0.997652 1.000726 0.997652 0.998508 
7.819875 1.000736 0.998127 0.999335 0.998127 0.996887 0.997238 0.999335 0.997238 0.997767 
7.840590 1.000369 0.997675 0.999327 0.997675 0.997914 0.997701 0.999327 0.997701 0.998535 
7.861304 0.999866 0.997871 0.999186 0.997871 0.997309 0.997511 0.999186 0.997511 0.996865 
7.882019 0.999203 0.997721 0.997694 0.997721 0.997385 0.997650 0.997694 0.997650 0.997959 
7.902734 0.998580 0.997489 0.997633 0.997489 0.998637 0.996571 0.997633 0.996571 0.996524 
7.923449 0.998351 0.997070 0.997615 0.997070 0.998192 0.996498 0.997615 0.996498 0.996594 
7.944164 0.998088 0.997114 0.996835 0.997114 0.999187 0.998032 0.996835 0.998032 0.997118 
7.964879 0.997617 0.997492 0.996596 0.997492 0.999516 0.998195 0.996596 0.998195 0.997569 
7.985594 0.997803 0.997759 0.997117 0.997759 1.000715 0.997418 0.997117 0.997418 0.997440 
8.006309 0.997284 0.998067 0.996918 0.998067 1.000292 0.998331 0.996918 0.998331 0.997457 
8.027024 0.997315 0.997759 0.997248 0.997759 0.999389 0.998160 0.997248 0.998160 0.997825 
8.047739 0.997557 0.998326 0.997703 0.998326 1.000520 0.998676 0.997703 0.998676 0.997812 
8.068453 0.997783 0.998783 0.997654 0.998783 1.001692 1.000504 0.997654 1.000504 0.998409 
8.089168 0.997406 0.998684 0.997603 0.998684 1.002127 0.999962 0.997603 0.999962 0.999477 
8.109883 0.997887 0.999377 0.998253 0.999377 1.000844 1.000324 0.998253 1.000324 0.999051 
8.130598 0.997609 0.999282 0.998508 0.999282 1.002643 1.001669 0.998508 1.001669 0.999242 
8.151313 0.997991 0.999756 0.998682 0.999756 1.003659 1.001665 0.998682 1.001665 1.000385 
8.172028 0.998481 1.000939 0.998667 1.000939 1.002306 1.001779 0.998667 1.001779 1.000609 
8.192743 0.999036 1.000712 0.999381 1.000712 1.003364 1.001667 0.999381 1.001667 1.001160 
8.213458 0.999287 1.000797 0.999797 1.000797 1.002961 1.002379 0.999797 1.002379 1.000728 
8.234172 0.999732 1.001250 0.999604 1.001250 1.002731 1.001778 0.999604 1.001778 1.002503 
8.254887 1.000088 1.002165 1.000314 1.002165 1.002046 1.002021 1.000314 1.002021 1.000475 
8.275602 1.000315 1.001747 1.000791 1.001747 1.001305 1.002723 1.000791 1.002723 1.002700 
8.296318 1.000827 1.002096 1.001292 1.002096 1.001608 1.001600 1.001292 1.001600 1.003086 
8.317032 1.000998 1.001948 1.001839 1.001948 1.002109 1.002193 1.001839 1.002193 1.001904 
8.337747 1.001442 1.001383 1.001629 1.001383 1.002279 1.002939 1.001629 1.002939 1.003460 
8.358462 1.001621 1.001934 1.002060 1.001934 1.001203 1.002303 1.002060 1.002303 1.002758 
8.379177 1.001992 1.001711 1.002032 1.001711 1.001156 1.002336 1.002032 1.002336 1.002258 
8.399891 1.002363 1.001897 1.001955 1.001897 1.001391 1.002140 1.001955 1.002140 1.001862 
8.420607 1.002068 1.001478 1.001948 1.001478 0.999685 1.001126 1.001948 1.001126 1.002591 
8.441322 1.002295 1.001465 1.002956 1.001465 1.000571 1.001418 1.002956 1.001418 1.002708 
8.462037 1.002187 1.000964 1.001968 1.000964 0.998739 1.001422 1.001968 1.001422 1.003277 
8.482751 1.002114 1.001032 1.002523 1.001032 1.001117 1.000540 1.002523 1.000540 1.002116 
8.503466 1.002109 1.000705 1.001950 1.000705 0.999877 1.000380 1.001950 1.000380 1.001446 
8.524181 1.001947 1.000183 1.001812 1.000183 0.999149 1.000102 1.001812 1.000102 1.001280 
8.544896 1.001686 1.000349 1.001255 1.000349 1.000517 0.999552 1.001255 0.999552 1.000444 
8.565611 1.001749 0.999862 1.000999 0.999862 0.999675 0.998913 1.000999 0.998913 1.001016 
8.586326 1.001143 0.999503 1.000731 0.999503 0.999428 0.999925 1.000731 0.999925 1.000762 
8.607041 1.000899 0.999200 1.000379 0.999200 0.998484 0.998875 1.000379 0.998875 1.000634 
8.627756 1.000655 0.999267 1.000237 0.999267 0.999095 0.999241 1.000237 0.999241 1.000011 
8.648470 1.000807 0.998999 0.999564 0.998999 1.000133 0.999359 0.999564 0.999359 0.998816 
8.669185 1.000334 0.999210 0.999560 0.999210 0.999186 0.997804 0.999560 0.997804 0.998703 
8.689900 0.999713 0.998283 0.998523 0.998283 0.998413 0.998499 0.998523 0.998499 0.998818 
8.710616 0.999821 0.998536 0.998907 0.998536 1.000368 0.997994 0.998907 0.997994 0.998190 
8.731330 0.999206 0.998573 0.998738 0.998573 0.998855 0.997897 0.998738 0.997897 0.998618 
8.752045 0.999340 0.998327 0.998591 0.998327 0.999951 0.998809 0.998591 0.998809 0.997797 
8.772760 0.999057 0.998257 0.998471 0.998257 0.999852 0.998135 0.998471 0.998135 0.997894 
8.793475 0.998506 0.998838 0.998654 0.998838 1.000617 0.998685 0.998654 0.998685 0.998210 
8.814189 0.998828 0.998957 0.998947 0.998957 1.000966 0.998754 0.998947 0.998754 0.999115 
8.834905 0.998310 0.998818 0.998375 0.998818 1.000639 0.999421 0.998375 0.999421 0.997288 
8.855620 0.998529 0.998724 0.998472 0.998724 0.999534 0.999440 0.998472 0.999440 0.999758 
8.876335 0.998332 0.999178 0.998708 0.999178 1.001446 0.999390 0.998708 0.999390 0.998437 
8.897049 0.998553 0.999561 0.998676 0.999561 1.000498 0.999349 0.998676 0.999349 0.998676 
8.917764 0.998656 0.999434 0.998645 0.999434 1.001034 0.999360 0.998645 0.999360 0.998876 
8.938479 0.998389 0.999477 0.998652 0.999477 1.001738 1.000288 0.998652 1.000288 0.999505 
8.959194 0.999170 1.000065 0.999384 1.000065 1.002273 0.999078 0.999384 0.999078 0.999830 
8.979909 0.999040 1.000082 0.999068 1.000082 1.001590 1.000132 0.999068 1.000132 1.000442 
9.000624 0.998866 1.000061 0.999651 1.000061 1.000650 1.000724 0.999651 1.000724 1.000194 
9.021339 0.999394 1.000608 1.000070 1.000608 1.001893 1.000808 1.000070 1.000808 1.001359 
9.042054 0.999826 1.001045 1.000346 1.001045 1.000723 1.000577 1.000346 1.000577 1.000878 
9.062768 0.999796 1.000399 1.000234 1.000399 1.001342 1.000866 1.000234 1.000866 1.001068 
9.083483 1.000078 1.001007 1.000265 1.001007 1.001786 1.001512 1.000265 1.001512 1.002149 
9.104198 1.000381 1.001172 1.000914 1.001172 1.002465 1.001173 1.000914 1.001173 1.001230 
9.124913 1.000635 1.000966 1.000516 1.000966 1.000539 1.000838 1.000516 1.000838 1.001959 
9.145628 1.000689 1.001104 1.000967 1.001104 1.001172 1.000676 1.000967 1.000676 1.002095 
9.166343 1.001033 1.001113 1.000911 1.001113 1.002094 1.001317 1.000911 1.001317 1.001583 
9.187058 1.001116 1.001116 1.001463 1.001116 0.999687 1.001156 1.001463 1.001156 1.003431 
9.207773 1.001193 1.000967 1.000931 1.000967 1.001574 1.000158 1.000931 1.000158 1.001192 
9.228487 1.001201 1.001019 1.001677 1.001019 1.001197 1.000157 1.001677 1.000157 1.001025 
9.249202 1.001218 1.000975 1.000998 1.000975 1.002116 1.000311 1.000998 1.000311 1.001526 
9.269917 1.001078 1.000819 1.000916 1.000819 1.001535 1.000079 1.000916 1.000079 1.002672 
9.290633 1.001358 1.000973 1.000738 1.000973 1.000266 1.000175 1.000738 1.000175 1.001870 
9.311347 1.001321 1.000630 1.000902 1.000630 0.999997 0.999996 1.000902 0.999996 1.002134 
9.332062 1.001507 1.000264 1.000690 1.000264 1.001015 1.000188 1.000690 1.000188 1.001707 
9.352777 1.001143 1.000447 1.001018 1.000447 1.001071 0.999553 1.001018 0.999553 1.001472 
9.373492 1.000898 0.999813 1.000921 0.999813 1.000213 1.000466 1.000921 1.000466 1.001848 
9.394207 1.000946 0.999806 1.000362 0.999806 0.999921 0.998472 1.000362 0.998472 1.001704 
9.414922 1.000712 0.999860 1.000561 0.999860 1.000432 0.999183 1.000561 0.999183 1.002142 
9.435637 1.000318 0.999530 1.000232 0.999530 0.999731 0.998508 1.000232 0.998508 1.000190 
9.456352 1.000483 0.999608 0.999934 0.999608 0.999978 0.999040 0.999934 0.999040 1.001036 
9.477067 1.000672 0.999812 0.999977 0.999812 1.000165 0.998679 0.999977 0.998679 1.000659 
9.497781 1.000290 0.999268 0.999602 0.999268 1.000224 0.999363 0.999602 0.999363 1.000396 
9.518496 1.000260 0.999165 0.999330 0.999165 0.999752 0.997834 0.999330 0.997834 0.999543 
9.539211 0.999844 0.999152 0.999237 0.999152 1.000211 0.998379 0.999237 0.998379 1.000850 
9.559927 0.999642 0.998871 0.999172 0.998871 0.999745 0.998719 0.999172 0.998719 1.000256 
9.580641 0.999343 0.999354 0.998912 0.999354 1.000243 0.998807 0.998912 0.998807 0.999051 
9.601356 0.999726 0.999718 0.998876 0.999718 1.000854 0.999293 0.998876 0.999293 0.999116 
9.622071 0.999335 0.999237 0.999073 0.999237 1.002029 0.998379 0.999073 0.998379 0.999486 
9.642786 0.999332 0.999220 0.998746 0.999220 1.000170 0.999678 0.998746 0.999678 0.998829 
9.663500 0.999191 0.999316 0.998926 0.999316 1.000238 0.999771 0.998926 0.999771 0.998897 
9.684216 0.999054 0.999468 0.998850 0.999468 1.000311 0.999120 0.998850 0.999120 1.000334 
9.704931 0.999324 0.999668 0.999054 0.999668 1.001201 0.999608 0.999054 0.999608 1.000787 
9.725646 0.999181 0.999550 0.998994 0.999550 1.000842 0.999419 0.998994 0.999419 0.999950 
9.746360 0.999291 0.999750 0.999133 0.999750 1.000801 1.000220 0.999133 1.000220 0.999705 
9.767075 0.999565 0.999928 0.999540 0.999928 1.000679 0.999756 0.999540 0.999756 1.000974 
9.787790 0.999356 0.999609 0.999358 0.999609 1.002282 1.000485 0.999358 1.000485 1.000476 
9.808505 0.999350 1.000221 0.999574 1.000221 1.001365 0.999856 0.999574 0.999856 1.000020 
9.829220 0.999484 0.999945 0.999973 0.999945 1.000736 1.000110 0.999973 1.000110 1.000544 
9.849935 0.999904 1.000109 1.000112 1.000109 1.001364 0.999971 1.000112 0.999971 1.001558 
9.870650 0.999828 1.000237 1.000207 1.000237 1.000377 1.000311 1.000207 1.000311 1.001108 
9.891365 1.000032 1.000583 1.000107 1.000583 1.001184 1.000076 1.000107 1.000076 1.000963 
9.912079 1.000149 1.000561 1.000642 1.000561 1.002119 1.000351 1.000642 1.000351 1.002550 
9.932794 1.000092 1.000552 1.000557 1.000552 1.002000 1.000168 1.000557 1.000168 1.001124 
9.953509 1.000276 1.000659 1.000655 1.000659 1.001284 0.999760 1.000655 0.999760 1.001786 
9.974224 1.000461 1.000478 1.000507 1.000478 1.000381 1.000723 1.000507 1.000723 1.001823 
9.994939 1.000433 1.000752 1.000736 1.000752 1.001150 0.999842 1.000736 0.999842 1.001170 
10.015654 1.000502 1.000878 1.000632 1.000878 1.000950 1.000420 1.000632 1.000420 1.000836 
10.036369 1.000608 1.000896 1.000944 1.000896 1.000980 0.999846 1.000944 0.999846 1.001267 
10.057084 1.000768 1.000762 1.000691 1.000762 1.000507 0.999479 1.000691 0.999479 1.000974 
10.077798 1.000756 1.000801 1.000757 1.000801 1.000519 0.999712 1.000757 0.999712 1.000070 
10.098513 1.000910 1.000545 1.000834 1.000545 1.000341 0.999843 1.000834 0.999843 1.000790 
10.119228 1.000707 1.000273 1.000699 1.000273 1.001501 1.000437 1.000699 1.000437 0.999909 
10.139944 1.000665 1.000197 1.000784 1.000197 1.000232 0.999579 1.000784 0.999579 1.001298 
10.160658 1.000935 1.000427 1.000659 1.000427 1.000509 1.000019 1.000659 1.000019 1.000427 
10.181373 1.000635 1.000140 1.000339 1.000140 1.000665 1.000022 1.000339 1.000022 0.999948 
10.202088 1.000618 1.000010 0.999962 1.000010 0.999902 0.999770 0.999962 0.999770 1.000621 
10.222803 1.000558 1.000006 1.000413 1.000006 0.998667 0.999856 1.000413 0.999856 1.000000 
10.243518 1.000792 1.000026 1.000073 1.000026 1.000097 0.999392 1.000073 0.999392 1.000722 
10.264233 1.000411 1.000186 1.000370 1.000186 0.999745 0.999711 1.000370 0.999711 1.000482 
10.284948 1.000373 0.999448 1.000086 0.999448 1.000694 0.999814 1.000086 0.999814 1.000594 
10.305663 1.000379 0.999225 0.999975 0.999225 1.000072 0.999777 0.999975 0.999777 1.001228 
10.326377 1.000045 0.999684 0.999775 0.999684 0.999517 0.999589 0.999775 0.999589 1.000055 
10.347092 1.000044 0.999551 0.999488 0.999551 0.999720 0.999562 0.999488 0.999562 0.999552 
10.367807 0.997073 0.996494 0.996777 0.996494 0.997855 0.996823 0.996777 0.996823 0.996928 
10.388522 0.990884 0.990484 0.990467 0.990484 0.991083 0.990523 0.990467 0.990523 0.990483 
10.409237 0.984767 0.984453 0.984850 0.984453 0.984667 0.984916 0.984850 0.984916 0.985157 
10.429952 0.979002 0.978597 0.978339 0.978597 0.979675 0.978970 0.978339 0.978970 0.979647 
10.450667 0.973017 0.972856 0.972424 0.972856 0.973146 0.972255 0.972424 0.972255 0.972514 
10.471382 0.967031 0.967091 0.966900 0.967091 0.968343 0.967497 0.966900 0.967497 0.967061 
10.492096 0.961089 0.961143 0.960889 0.961143 0.962647 0.960673 0.960889 0.960673 0.961428 
10.512811 0.955135 0.955713 0.955264 0.955713 0.957083 0.955767 0.955264 0.955767 0.955380 
10.533526 0.949200 0.949441 0.949205 0.949441 0.949815 0.949390 0.949205 0.949390 0.948135 
10.554242 0.943395 0.943746 0.943421 0.943746 0.944026 0.943929 0.943421 0.943929 0.944085 
10.574956 0.938096 0.938471 0.938113 0.938471 0.938999 0.938514 0.938113 0.938514 0.939010 
10.595671 0.932292 0.932394 0.932278 0.932394 0.933043 0.932289 0.932278 0.932289 0.932929 
10.616386 0.926860 0.926712 0.926630 0.926712 0.926882 0.926949 0.926630 0.926949 0.927170 
10.637101 0.921080 0.921077 0.921192 0.921077 0.921962 0.921467 0.921192 0.921467 0.921773 
10.657815 0.915298 0.915633 0.915401 0.915633 0.916314 0.915165 0.915401 0.915165 0.916134 
10.678531 0.909562 0.910180 0.909748 0.910180 0.910761 0.909647 0.909748 0.909647 0.910322 
10.699246 0.904206 0.904229 0.904158 0.904229 0.905432 0.904491 0.904158 0.904491 0.904989 
10.719961 0.898502 0.898863 0.898672 0.898863 0.899276 0.898803 0.898672 0.898803 0.899969 
10.740675 0.893208 0.893049 0.893158 0.893049 0.893362 0.893981 0.893158 0.893981 0.893630 
10.761390 0.887598 0.887363 0.887545 0.887363 0.889072 0.887413 0.887545 0.887413 0.888248 
10.782105 0.881943 0.881823 0.881880 0.881823 0.882125 0.882217 0.881880 0.882217 0.882850 
10.802820 0.876592 0.876682 0.876642 0.876682 0.876968 0.876660 0.876642 0.876660 0.878053 
10.823535 0.871069 0.871101 0.871096 0.871101 0.871506 0.870781 0.871096 0.870781 0.871369 
10.844250 0.865760 0.865780 0.865482 0.865780 0.866272 0.865926 0.865482 0.865926 0.867334 
10.864965 0.860446 0.860141 0.860436 0.860141 0.860176 0.860830 0.860436 0.860830 0.860257 
10.885680 0.854713 0.854742 0.854672 0.854742 0.854071 0.854211 0.854672 0.854211 0.855046 
10.906394 0.849595 0.849338 0.849383 0.849338 0.849023 0.849529 0.849383 0.849529 0.849863 
10.927109 0.844170 0.843971 0.843893 0.843971 0.844613 0.843815 0.843893 0.843815 0.844986 
10.947824 0.838743 0.838806 0.838191 0.838806 0.838268 0.837801 0.838191 0.837801 0.838728 
10.968539 0.833139 0.832813 0.833181 0.832813 0.832417 0.832246 0.833181 0.832246 0.833004 
10.989254 0.827657 0.827936 0.827393 0.827936 0.828059 0.827095 0.827393 0.827095 0.828522 
11.009969 0.822557 0.822141 0.822342 0.822141 0.821612 0.822015 0.822342 0.822015 0.822572 
11.030684 0.817222 0.817042 0.817498 0.817042 0.815882 0.816543 0.817498 0.816543 0.817213 
11.051399 0.812105 0.811598 0.811967 0.811598 0.812161 0.811266 0.811967 0.811266 0.812418 
11.072114 0.806824 0.806350 0.806486 0.806350 0.806191 0.805868 0.806486 0.805868 0.807039 
11.092829 0.801194 0.801070 0.801118 0.801070 0.801551 0.800651 0.801118 0.800651 0.801611 
11.113544 0.796118 0.795671 0.795997 0.795671 0.796534 0.795128 0.795997 0.795128 0.796056 
11.134259 0.790641 0.790278 0.790663 0.790278 0.790234 0.790426 0.790663 0.790426 0.791265 
11.154974 0.785488 0.785377 0.785403 0.785377 0.785629 0.785199 0.785403 0.785199 0.785065 
11.175688 0.780550 0.780209 0.780259 0.780209 0.780739 0.779687 0.780259 0.779687 0.780598 
11.196403 0.775031 0.775037 0.774816 0.775037 0.775552 0.775406 0.774816 0.775406 0.775429 
11.217118 0.769956 0.769955 0.770193 0.769955 0.771019 0.769242 0.770193 0.769242 0.770208 
11.237833 0.765072 0.764808 0.765172 0.764808 0.765412 0.764879 0.765172 0.764879 0.764775 
11.258548 0.759767 0.760098 0.759615 0.760098 0.760015 0.759485 0.759615 0.759485 0.759894 
11.279263 0.754660 0.754763 0.754651 0.754763 0.754883 0.754182 0.754651 0.754182 0.754370 
11.299978 0.749732 0.749703 0.749384 0.749703 0.749803 0.749797 0.749384 0.749797 0.749330 
11.320693 0.744524 0.744896 0.744666 0.744896 0.745001 0.744721 0.744666 0.744721 0.745683 
11.341407 0.739594 0.739639 0.739476 0.739639 0.739800 0.739315 0.739476 0.739315 0.739352 
11.362122 0.734615 0.734603 0.734494 0.734603 0.735168 0.734153 0.734494 0.734153 0.734781 
11.382837 0.729594 0.729452 0.729307 0.729452 0.729933 0.730111 0.729307 0.730111 0.731006 
11.403553 0.724663 0.724730 0.724679 0.724730 0.725747 0.725034 0.724679 0.725034 0.725561 
11.424267 0.719692 0.720095 0.719601 0.720095 0.720495 0.720130 0.719601 0.720130 0.720695 
11.444982 0.714788 0.714764 0.714970 0.714764 0.715287 0.714786 0.714970 0.714786 0.715337 
11.465697 0.710094 0.710050 0.709990 0.710050 0.710557 0.710491 0.709990 0.710491 0.709844 
11.486412 0.705065 0.705230 0.705065 0.705230 0.705299 0.705034 0.705065 0.705034 0.705089 
11.507126 0.700236 0.700415 0.700086 0.700415 0.699845 0.700413 0.700086 0.700413 0.701490 
11.527842 0.695460 0.695314 0.695248 0.695314 0.695992 0.695668 0.695248 0.695668 0.696168 
11.548557 0.690833 0.690740 0.690586 0.690740 0.690277 0.690991 0.690586 0.690991 0.691547 
11.569272 0.686061 0.685826 0.685799 0.685826 0.686535 0.686015 0.685799 0.686015 0.686285 
11.589986 0.681108 0.680920 0.681088 0.680920 0.681081 0.681135 0.681088 0.681135 0.681229 
11.610701 0.676334 0.676374 0.676299 0.676374 0.676657 0.676352 0.676299 0.676352 0.676772 
11.631416 0.671443 0.671787 0.671548 0.671787 0.671302 0.671552 0.671548 0.671552 0.671584 
11.652131 0.666898 0.666697 0.666649 0.666697 0.666916 0.666746 0.666649 0.666746 0.667425 
11.672846 0.662031 0.661781 0.662100 0.661781 0.662008 0.662118 0.662100 0.662118 0.662675 
11.693561 0.657522 0.657333 0.657370 0.657333 0.657880 0.656839 0.657370 0.656839 0.657719 
11.714276 0.652746 0.652499 0.652684 0.652499 0.652377 0.652479 0.652684 0.652479 0.652938 
11.734991 0.648014 0.647841 0.647948 0.647841 0.648424 0.648405 0.647948 0.648405 0.647968 
11.755705 0.643360 0.643250 0.643312 0.643250 0.643006 0.643636 0.643312 0.643636 0.644013 
11.776420 0.638946 0.638703 0.638466 0.638703 0.638715 0.638544 0.638466 0.638544 0.639280 
11.797135 0.634110 0.633803 0.633982 0.633803 0.633917 0.633847 0.633982 0.633847 0.634910 
11.817850 0.629423 0.629148 0.629517 0.629148 0.629016 0.629554 0.629517 0.629554 0.630006 
11.838565 0.624745 0.624618 0.624702 0.624618 0.625030 0.624572 0.624702 0.624572 0.624541 
11.859280 0.620449 0.620212 0.619773 0.620212 0.620852 0.620044 0.619773 0.620044 0.620607 
11.879995 0.615685 0.615528 0.615427 0.615528 0.615425 0.615176 0.615427 0.615176 0.616165 
11.900710 0.611055 0.611083 0.611047 0.611083 0.611087 0.610580 0.611047 0.610580 0.611221 
11.921424 0.606617 0.606589 0.606413 0.606589 0.606888 0.606078 0.606413 0.606078 0.606624 
11.942140 0.601969 0.601719 0.601807 0.601719 0.601494 0.601726 0.601807 0.601726 0.602053 
11.962855 0.597501 0.597296 0.597437 0.597296 0.598132 0.597223 0.597437 0.597223 0.597703 
11.983570 0.593017 0.592858 0.592799 0.592858 0.592758 0.592712 0.592799 0.592712 0.592974 
12.004284 0.588519 0.588386 0.588224 0.588386 0.588323 0.588812 0.588224 0.588812 0.588902 
12.024999 0.584101 0.584020 0.584045 0.584020 0.583823 0.583642 0.584045 0.583642 0.584271 
12.045714 0.579385 0.579640 0.579420 0.579640 0.579458 0.579123 0.579420 0.579123 0.579358 
12.066429 0.575025 0.575010 0.575028 0.575010 0.574973 0.574922 0.575028 0.574922 0.574941 
12.087144 0.570540 0.570642 0.570552 0.570642 0.571044 0.570316 0.570552 0.570316 0.570861 
12.107859 0.566273 0.566516 0.566318 0.566516 0.566260 0.566402 0.566318 0.566402 0.566160 
12.128574 0.561837 0.561945 0.561881 0.561945 0.562079 0.561678 0.561881 0.561678 0.561953 
12.149289 0.557581 0.557559 0.557577 0.557559 0.557711 0.557766 0.557577 0.557766 0.558372 
12.170003 0.553280 0.553079 0.553244 0.553079 0.553100 0.553757 0.553244 0.553757 0.552930 
12.190718 0.548747 0.548672 0.548789 0.548672 0.549204 0.549239 0.548789 0.549239 0.548811 
12.211433 0.544534 0.544574 0.544585 0.544574 0.544584 0.544307 0.544585 0.544307 0.544827 
12.232148 0.540022 0.540201 0.540178 0.540201 0.540099 0.540375 0.540178 0.540375 0.540004 
12.252863 0.535890 0.535894 0.536032 0.535894 0.535671 0.536113 0.536032 0.536113 0.536226 
12.273578 0.531558 0.531791 0.531861 0.531791 0.531504 0.532027 0.531861 0.532027 0.531417 
12.294293 0.527489 0.527353 0.527331 0.527353 0.527680 0.527482 0.527331 0.527482 0.527807 
12.315008 0.523060 0.523082 0.523106 0.523082 0.523007 0.523192 0.523106 0.523192 0.523260 
12.335722 0.518856 0.518960 0.518939 0.518960 0.518904 0.518797 0.518939 0.518797 0.518946 
12.356437 0.514740 0.514652 0.514756 0.514652 0.514300 0.514832 0.514756 0.514832 0.514427 
12.377152 0.510593 0.510331 0.510480 0.510331 0.510419 0.510732 0.510480 0.510732 0.510985 
12.397868 0.506267 0.506176 0.506487 0.506176 0.505687 0.506472 0.506487 0.506472 0.506997 
12.418582 0.502208 0.502152 0.502084 0.502152 0.501995 0.502141 0.502084 0.502141 0.502193 
12.439297 0.498088 0.498128 0.498048 0.498128 0.498301 0.497850 0.498048 0.497850 0.497622 
12.460012 0.493780 0.493758 0.493920 0.493758 0.493439 0.493941 0.493920 0.493941 0.494071 
12.480727 0.489859 0.489556 0.489631 0.489556 0.490137 0.489446 0.489631 0.489446 0.489945 
12.501441 0.485653 0.485687 0.485716 0.485687 0.485420 0.485391 0.485716 0.485391 0.485971 
12.522157 0.481431 0.481616 0.481301 0.481616 0.480836 0.481496 0.481301 0.481496 0.481458 
12.542872 0.477588 0.477363 0.477386 0.477363 0.477270 0.477318 0.477386 0.477318 0.477613 
12.563587 0.473335 0.473261 0.473479 0.473261 0.473752 0.473051 0.473479 0.473051 0.472779 
12.584301 0.469216 0.469046 0.469160 0.469046 0.469700 0.469082 0.469160 0.469082 0.469593 
12.605016 0.465201 0.465140 0.464977 0.465140 0.465117 0.464808 0.464977 0.464808 0.464817 
12.625731 0.461090 0.461141 0.461126 0.461141 0.461563 0.460840 0.461126 0.460840 0.460731 
12.646446 0.457240 0.456825 0.457020 0.456825 0.457392 0.457124 0.457020 0.457124 0.456913 
12.667161 0.453139 0.453281 0.452897 0.453281 0.453459 0.453006 0.452897 0.453006 0.452983 
12.687876 0.449108 0.448882 0.448891 0.448882 0.449149 0.448907 0.448891 0.448907 0.449500 
12.708591 0.445227 0.444925 0.444944 0.444925 0.445522 0.445032 0.444944 0.445032 0.444852 
12.729306 0.440906 0.440955 0.440922 0.440955 0.441211 0.440686 0.440922 0.440686 0.441220 
12.750021 0.437162 0.437214 0.437102 0.437214 0.437463 0.436755 0.437102 0.436755 0.437363 
12.770735 0.433127 0.433065 0.433163 0.433065 0.433255 0.432995 0.433163 0.432995 0.433497 
12.791451 0.429201 0.429086 0.429113 0.429086 0.428914 0.428706 0.429113 0.428706 0.429512 
12.812166 0.425263 0.425163 0.425038 0.425163 0.425173 0.425365 0.425038 0.425365 0.425245 
12.832880 0.421258 0.421103 0.421321 0.421103 0.421081 0.421303 0.421321 0.421303 0.421210 
12.853595 0.417456 0.417327 0.417500 0.417327 0.417355 0.417954 0.417500 0.417954 0.417425 
12.874310 0.413550 0.413520 0.413616 0.413520 0.413975 0.413589 0.413616 0.413589 0.413605 
12.895025 0.409641 0.409516 0.409650 0.409516 0.409125 0.409482 0.409650 0.409482 0.409488 
12.915740 0.405796 0.405915 0.405720 0.405915 0.405939 0.405688 0.405720 0.405688 0.405868 
12.936455 0.401854 0.401881 0.401938 0.401881 0.402020 0.401932 0.401938 0.401932 0.402038 
12.957170 0.398052 0.398117 0.398085 0.398117 0.398127 0.398045 0.398085 0.398045 0.398006 
12.977885 0.394318 0.394138 0.394118 0.394138 0.393956 0.394669 0.394118 0.394669 0.394554 
12.998600 0.390430 0.390561 0.390574 0.390561 0.390321 0.390771 0.390574 0.390771 0.390688 
13.019314 0.386603 0.386655 0.386560 0.386655 0.386578 0.386674 0.386560 0.386674 0.387335 
13.040029 0.382838 0.382802 0.382925 0.382802 0.382801 0.382879 0.382925 0.382879 0.383356 
13.060744 0.379127 0.379015 0.378963 0.379015 0.378734 0.379177 0.378963 0.379177 0.378992 
13.081459 0.375439 0.375277 0.375372 0.375277 0.375262 0.375092 0.375372 0.375092 0.375540 
13.102174 0.371656 0.371598 0.371474 0.371598 0.371125 0.371483 0.371474 0.371483 0.371253 
13.122889 0.367678 0.367811 0.367858 0.367811 0.367737 0.368122 0.367858 0.368122 0.367726 
13.143604 0.364009 0.364082 0.364104 0.364082 0.364311 0.364054 0.364104 0.364054 0.363574 
13.164319 0.360322 0.360325 0.360273 0.360325 0.360115 0.360432 0.360273 0.360432 0.360633 
13.185033 0.356544 0.356712 0.356553 0.356712 0.356525 0.357250 0.356553 0.357250 0.356842 
13.205748 0.352958 0.352944 0.352990 0.352944 0.352739 0.353124 0.352990 0.353124 0.353023 
13.226463 0.349223 0.349157 0.349094 0.349157 0.349255 0.349292 0.349094 0.349292 0.349475 
13.247179 0.345564 0.345561 0.345633 0.345561 0.345111 0.345640 0.345633 0.345640 0.345112 
13.267893 0.341943 0.341890 0.341918 0.341890 0.342216 0.342347 0.341918 0.342347 0.342101 
13.288608 0.338226 0.338428 0.338405 0.338428 0.338416 0.338811 0.338405 0.338811 0.338502 
13.309323 0.334778 0.334652 0.334639 0.334652 0.334689 0.334827 0.334639 0.334827 0.334955 
13.330038 0.331081 0.330916 0.330917 0.330916 0.330351 0.331266 0.330917 0.331266 0.331026 
13.350752 0.327469 0.327482 0.327534 0.327482 0.327860 0.327550 0.327534 0.327550 0.326804 
13.371468 0.323766 0.323781 0.323836 0.323781 0.323546 0.323814 0.323836 0.323814 0.323519 
13.392183 0.320219 0.320201 0.320271 0.320201 0.320071 0.320211 0.320271 0.320211 0.320369 
13.412898 0.316752 0.316832 0.316575 0.316832 0.316226 0.316814 0.316575 0.316814 0.316621 
13.433612 0.313117 0.313100 0.313060 0.313100 0.313155 0.313045 0.313060 0.313045 0.313198 
13.454327 0.309651 0.309610 0.309509 0.309610 0.309221 0.309743 0.309509 0.309743 0.309299 
13.475042 0.306016 0.305787 0.305926 0.305787 0.305983 0.305966 0.305926 0.305966 0.305514 
13.495757 0.302457 0.302396 0.302391 0.302396 0.302051 0.302574 0.302391 0.302574 0.302208 
13.516472 0.298923 0.298825 0.298949 0.298825 0.298713 0.298724 0.298949 0.298724 0.298691 
13.537187 0.295455 0.295367 0.295334 0.295367 0.295259 0.295376 0.295334 0.295376 0.295363 
13.557902 0.291895 0.291800 0.291913 0.291800 0.291491 0.291831 0.291913 0.291831 0.291876 
13.578617 0.288409 0.288189 0.288434 0.288189 0.288443 0.288576 0.288434 0.288576 0.288105 
13.599331 0.284908 0.284764 0.284903 0.284764 0.284920 0.284966 0.284903 0.284966 0.284461 
13.620046 0.281371 0.281331 0.281405 0.281331 0.281299 0.281722 0.281405 0.281722 0.281296 
13.640761 0.277825 0.277703 0.277909 0.277703 0.277885 0.278195 0.277909 0.278195 0.277763 
13.661477 0.274387 0.274420 0.274411 0.274420 0.274284 0.274500 0.274411 0.274500 0.274458 
13.682191 0.271118 0.271004 0.270945 0.271004 0.270965 0.271351 0.270945 0.271351 0.270820 
13.702906 0.267628 0.267585 0.267597 0.267585 0.267479 0.267457 0.267597 0.267457 0.267330 
13.723621 0.264194 0.264106 0.264243 0.264106 0.264077 0.264287 0.264243 0.264287 0.264141 
13.744336 0.260689 0.260554 0.260739 0.260554 0.260656 0.260705 0.260739 0.260705 0.260753 
13.765050 0.257409 0.257286 0.257280 0.257286 0.257548 0.257478 0.257280 0.257478 0.257324 
13.785766 0.253947 0.253924 0.254041 0.253924 0.253714 0.253948 0.254041 0.253948 0.254067 
13.806481 0.250587 0.250650 0.250726 0.250650 0.250455 0.250912 0.250726 0.250912 0.250797 
13.827196 0.247242 0.247264 0.247181 0.247264 0.247421 0.247452 0.247181 0.247452 0.247318 
13.847910 0.243862 0.243736 0.243792 0.243736 0.243782 0.243849 0.243792 0.243849 0.244164 
13.868625 0.240492 0.240429 0.240447 0.240429 0.239976 0.240710 0.240447 0.240710 0.240522 
13.889340 0.237177 0.237221 0.237294 0.237221 0.236930 0.237166 0.237294 0.237166 0.237276 
13.910055 0.233710 0.233902 0.233898 0.233902 0.233772 0.233723 0.233898 0.233723 0.233967 
13.930770 0.230512 0.230488 0.230519 0.230488 0.230591 0.230523 0.230519 0.230523 0.230814 
13.951485 0.227278 0.227170 0.227157 0.227170 0.226981 0.227088 0.227157 0.227088 0.226873 
13.972200 0.223908 0.223917 0.223849 0.223917 0.224027 0.223761 0.223849 0.223761 0.223921 
13.992915 0.220600 0.220592 0.220579 0.220592 0.220252 0.220719 0.220579 0.220719 0.220621 
14.013629 0.217255 0.217361 0.217321 0.217361 0.217355 0.217508 0.217321 0.217508 0.217464 
14.034344 0.214078 0.214079 0.214037 0.214079 0.213724 0.213960 0.214037 0.213960 0.214142 
14.055059 0.210823 0.210800 0.210636 0.210800 0.210804 0.210903 0.210636 0.210903 0.210724 
14.075774 0.207534 0.207499 0.207443 0.207499 0.207581 0.207379 0.207443 0.207379 0.207433 
14.096489 0.204199 0.204316 0.204300 0.204316 0.204082 0.204442 0.204300 0.204442 0.204460 
14.117204 0.201061 0.201181 0.200921 0.201181 0.200991 0.201040 0.200921 0.201040 0.200963 
14.137919 0.197884 0.197850 0.197750 0.197850 0.198145 0.197873 0.197750 0.197873 0.197989 
14.158634 0.194515 0.194636 0.194580 0.194636 0.194540 0.194547 0.194580 0.194547 0.194572 
14.179348 0.191383 0.191352 0.191292 0.191352 0.191377 0.191217 0.191292 0.191217 0.191469 
14.200063 0.188094 0.188224 0.188142 0.188224 0.188219 0.188197 0.188142 0.188197 0.187963 
14.220778 0.184976 0.185029 0.184945 0.185029 0.184891 0.185003 0.184945 0.185003 0.185319 
14.241494 0.181888 0.181857 0.181720 0.181857 0.181808 0.181793 0.181720 0.181793 0.181788 
14.262208 0.178718 0.178694 0.178561 0.178694 0.178526 0.178707 0.178561 0.178707 0.178594 
14.282923 0.175560 0.175469 0.175550 0.175469 0.175603 0.175367 0.175550 0.175367 0.175418 
14.303638 0.172383 0.172203 0.172419 0.172203 0.172497 0.172195 0.172419 0.172195 0.172458 
14.324353 0.169295 0.169087 0.169188 0.169087 0.168990 0.169049 0.169188 0.169049 0.169241 
14.345068 0.166058 0.166017 0.166161 0.166017 0.166025 0.166139 0.166161 0.166139 0.166229 
14.365783 0.162927 0.162890 0.162935 0.162890 0.163012 0.162680 0.162935 0.162680 0.163213 
14.386498 0.159843 0.159851 0.159922 0.159851 0.159895 0.159955 0.159922 0.159955 0.159897 
14.407213 0.156708 0.156702 0.156781 0.156702 0.156674 0.156689 0.156781 0.156689 0.156788 
14.427927 0.153619 0.153639 0.153720 0.153639 0.153621 0.153698 0.153720 0.153698 0.153692 
14.448642 0.150582 0.150478 0.150587 0.150478 0.150567 0.150572 0.150587 0.150572 0.150407 
14.469357 0.147483 0.147425 0.147524 0.147425 0.147443 0.147490 0.147524 0.147490 0.147433 
14.490072 0.144333 0.144380 0.144365 0.144380 0.144396 0.144477 0.144365 0.144477 0.144312 
14.510787 0.141335 0.141351 0.141259 0.141351 0.141248 0.141346 0.141259 0.141346 0.141339 
14.531502 0.138331 0.138295 0.138370 0.138295 0.138011 0.138343 0.138370 0.138343 0.138208 
14.552217 0.135306 0.135263 0.135215 0.135263 0.135358 0.135232 0.135215 0.135232 0.135229 
14.572932 0.132276 0.132167 0.132240 0.132167 0.132144 0.132293 0.132240 0.132293 0.132066 
14.593647 0.129152 0.129067 0.129145 0.129067 0.129230 0.129206 0.129145 0.129206 0.129287 
14.614361 0.126151 0.126198 0.126184 0.126198 0.126248 0.126205 0.126184 0.126205 0.126328 
14.635077 0.123166 0.123091 0.123180 0.123091 0.123092 0.123301 0.123180 0.123301 0.123260 
14.655792 0.120243 0.120251 0.120235 0.120251 0.120210 0.120203 0.120235 0.120203 0.120021 
14.676507 0.117470 0.117408 0.117524 0.117408 0.117594 0.117442 0.117524 0.117442 0.117206 
14.697221 0.114925 0.114933 0.114879 0.114933 0.114676 0.114930 0.114879 0.114930 0.114716 
14.717936 0.112345 0.112410 0.112428 0.112410 0.112506 0.112406 0.112428 0.112406 0.112407 
14.738651 0.109977 0.110025 0.110070 0.110025 0.109791 0.110140 0.110070 0.110140 0.109801 
14.759366 0.107654 0.107634 0.107713 0.107634 0.107390 0.107688 0.107713 0.107688 0.107369 
14.780081 0.105324 0.105402 0.105355 0.105402 0.105310 0.105458 0.105355 0.105458 0.105392 
14.800796 0.103148 0.103203 0.103191 0.103203 0.103215 0.103120 0.103191 0.103120 0.103205 
14.821511 0.100988 0.100999 0.100980 0.100999 0.101018 0.101082 0.100980 0.101082 0.100982 
14.842226 0.098850 0.098903 0.098920 0.098903 0.098707 0.099061 0.098920 0.099061 0.098699 
14.862940 0.096876 0.096805 0.096801 0.096805 0.096841 0.096824 0.096801 0.096824 0.097080 
14.883655 0.094888 0.094849 0.094760 0.094849 0.094649 0.094792 0.094760 0.094792 0.094676 
14.904370 0.092874 0.092910 0.092807 0.092910 0.092794 0.092804 0.092807 0.092804 0.092676 
14.925085 0.090968 0.090959 0.090890 0.090959 0.091016 0.090869 0.090890 0.090869 0.090872 
14.945800 0.089080 0.089110 0.089071 0.089110 0.088940 0.088951 0.089071 0.088951 0.089134 
14.966515 0.087275 0.087172 0.087174 0.087172 0.087068 0.087246 0.087174 0.087246 0.087303 
14.987230 0.085469 0.085508 0.085397 0.085508 0.085352 0.085459 0.085397 0.085459 0.085581 
15.007945 0.083710 0.083654 0.083622 0.083654 0.083690 0.083715 0.083622 0.083715 0.083563 
15.028659 0.081945 0.081930 0.081930 0.081930 0.081987 0.082112 0.081930 0.082112 0.081944 
15.049374 0.080278 0.080209 0.080203 0.080209 0.080402 0.080404 0.080203 0.080404 0.080345 
15.070089 0.078581 0.078578 0.078635 0.078578 0.078547 0.078741 0.078635 0.078741 0.078664 
15.090805 0.076998 0.076913 0.076932 0.076913 0.076971 0.076975 0.076932 0.076975 0.077184 
15.111519 0.075326 0.075304 0.075344 0.075304 0.075472 0.075414 0.075344 0.075414 0.075584 
15.132234 0.073785 0.073798 0.073811 0.073798 0.073632 0.073893 0.073811 0.073893 0.073809 
15.152949 0.072239 0.072209 0.072228 0.072209 0.072133 0.072320 0.072228 0.072320 0.072494 
15.173664 0.070768 0.070792 0.070759 0.070792 0.070892 0.070710 0.070759 0.070710 0.070791 
15.194379 0.069288 0.069257 0.069213 0.069257 0.069255 0.069218 0.069213 0.069218 0.069388 
15.215094 0.067855 0.067823 0.067858 0.067823 0.067742 0.067833 0.067858 0.067833 0.067977 
15.235809 0.066410 0.066364 0.066408 0.066364 0.066473 0.066467 0.066408 0.066467 0.066513 
15.256524 0.065011 0.065064 0.065025 0.065064 0.064996 0.064928 0.065025 0.064928 0.065139 
15.277238 0.063619 0.063601 0.063597 0.063601 0.063759 0.063528 0.063597 0.063528 0.063613 
15.297953 0.062299 0.062252 0.062255 0.062252 0.062433 0.062337 0.062255 0.062337 0.062248 
15.318668 0.060963 0.060964 0.060933 0.060964 0.060968 0.060982 0.060933 0.060982 0.060982 
15.339383 0.059621 0.059606 0.059650 0.059606 0.059585 0.059705 0.059650 0.059705 0.059699 
15.360098 0.058378 0.058359 0.058340 0.058359 0.058469 0.058369 0.058340 0.058369 0.058345 
15.380813 0.057096 0.057105 0.057124 0.057105 0.057048 0.057105 0.057124 0.057105 0.056998 
15.401528 0.055885 0.055888 0.055861 0.055888 0.055818 0.055906 0.055861 0.055906 0.055792 
15.422243 0.054655 0.054610 0.054680 0.054610 0.054498 0.054564 0.054680 0.054564 0.054574 
15.442957 0.053451 0.053441 0.053497 0.053441 0.053370 0.053521 0.053497 0.053521 0.053331 
15.463672 0.052277 0.052230 0.052312 0.052230 0.052225 0.052334 0.052312 0.052334 0.052276 
15.484387 0.051157 0.051182 0.051140 0.051182 0.051125 0.051041 0.051140 0.051041 0.051158 
15.505103 0.050003 0.049987 0.050043 0.049987 0.049957 0.049950 0.050043 0.049950 0.050009 
15.525817 0.048873 0.048868 0.048870 0.048868 0.048930 0.048896 0.048870 0.048896 0.048976 
15.546532 0.047799 0.047826 0.047783 0.047826 0.047677 0.047809 0.047783 0.047809 0.047768 
15.567247 0.046725 0.046793 0.046731 0.046793 0.046807 0.046746 0.046731 0.046746 0.046712 
15.587962 0.045658 0.045677 0.045656 0.045677 0.045643 0.045700 0.045656 0.045700 0.045581 
15.608676 0.044624 0.044627 0.044638 0.044627 0.044536 0.044612 0.044638 0.044612 0.044598 
15.629392 0.043624 0.043567 0.043634 0.043567 0.043531 0.043529 0.043634 0.043529 0.043543 
15.650107 0.042586 0.042636 0.042664 0.042636 0.042566 0.042587 0.042664 0.042587 0.042584 
15.670822 0.041592 0.041680 0.041660 0.041680 0.041465 0.041657 0.041660 0.041657 0.041470 
15.691536 0.040640 0.040663 0.040699 0.040663 0.040685 0.040695 0.040699 0.040695 0.040683 
15.712251 0.039697 0.039710 0.039700 0.039710 0.039738 0.039788 0.039700 0.039788 0.039702 
15.732966 0.038776 0.038743 0.038775 0.038743 0.038729 0.038753 0.038775 0.038753 0.038758 
15.753681 0.037838 0.037812 0.037825 0.037812 0.037934 0.037806 0.037825 0.037806 0.037816 
15.774396 0.036919 0.036986 0.036937 0.036986 0.037016 0.036909 0.036937 0.036909 0.036836 
15.795111 0.036089 0.036087 0.036061 0.036087 0.035993 0.036021 0.036061 0.036021 0.036023 
15.815826 0.035205 0.035164 0.035192 0.035164 0.035098 0.035268 0.035192 0.035268 0.035194 
15.836541 0.034325 0.034290 0.034315 0.034290 0.034319 0.034289 0.034315 0.034289 0.034227 
15.857255 0.033487 0.033525 0.033483 0.033525 0.033441 0.033443 0.033483 0.033443 0.033471 
15.877970 0.032686 0.032671 0.032676 0.032671 0.032735 0.032720 0.032676 0.032720 0.032635 
15.898685 0.031872 0.031868 0.031865 0.031868 0.031928 0.031873 0.031865 0.031873 0.031937 
15.919400 0.031074 0.031088 0.031072 0.031088 0.031075 0.031042 0.031072 0.031042 0.031075 
15.940115 0.030303 0.030284 0.030298 0.030284 0.030227 0.030302 0.030298 0.030302 0.030229 
15.960830 0.029548 0.029539 0.029526 0.029539 0.029525 0.029526 0.029526 0.029526 0.029477 
15.981545 0.028768 0.028764 0.028754 0.028764 0.028781 0.028763 0.028754 0.028763 0.028756 
16.002260 0.028066 0.028046 0.028016 0.028046 0.027926 0.028102 0.028016 0.028102 0.028015 
16.022975 0.027331 0.027302 0.027333 0.027302 0.027214 0.027345 0.027333 0.027345 0.027359 
16.043690 0.026599 0.026589 0.026591 0.026589 0.026510 0.026608 0.026591 0.026608 0.026552 
16.064404 0.025928 0.025880 0.025876 0.025880 0.025953 0.025873 0.025876 0.025873 0.025935 
16.085119 0.025232 0.025194 0.025236 0.025194 0.025148 0.025283 0.025236 0.025283 0.025323 
16.105834 0.024547 0.024542 0.024542 0.024542 0.024487 0.024560 0.024542 0.024560 0.024490 
16.126550 0.023894 0.023882 0.023883 0.023882 0.023927 0.023934 0.023883 0.023934 0.023942 
16.147264 0.023229 0.023224 0.023233 0.023224 0.023346 0.023270 0.023233 0.023270 0.023221 
16.167979 0.022578 0.022617 0.022588 0.022617 0.022589 0.022594 0.022588 0.022594 0.022568 
16.188694 0.021989 0.021982 0.021976 0.021982 0.022083 0.022045 0.021976 0.022045 0.022012 
16.209409 0.021363 0.021377 0.021385 0.021377 0.021400 0.021396 0.021385 0.021396 0.021332 
16.230124 0.020765 0.020767 0.020764 0.020767 0.020791 0.020810 0.020764 0.020810 0.020828 
16.250838 0.020152 0.020131 0.020160 0.020131 0.020167 0.020158 0.020160 0.020158 0.020260 
16.271554 0.019602 0.019572 0.019600 0.019572 0.019544 0.019605 0.019600 0.019605 0.019599 
16.292269 0.019026 0.019012 0.019052 0.019012 0.018965 0.019026 0.019052 0.019026 0.019095 
16.312984 0.018461 0.018462 0.018460 0.018462 0.018488 0.018513 0.018460 0.018513 0.018492 
16.333698 0.017929 0.017909 0.017937 0.017909 0.017991 0.017951 0.017937 0.017951 0.017913 
16.354413 0.017366 0.017378 0.017367 0.017378 0.017383 0.017417 0.017367 0.017417 0.017411 
16.375128 0.016860 0.016842 0.016833 0.016842 0.016849 0.016854 0.016833 0.016854 0.016854 
16.395843 0.016337 0.016362 0.016344 0.016362 0.016359 0.016356 0.016344 0.016356 0.016310 
16.416558 0.015814 0.015831 0.015827 0.015831 0.015843 0.015806 0.015827 0.015806 0.015814 
16.437273 0.015352 0.015350 0.015356 0.015350 0.015299 0.015328 0.015356 0.015328 0.015361 
16.457988 0.014838 0.014870 0.014844 0.014870 0.014878 0.014856 0.014844 0.014856 0.014931 
16.478703 0.014384 0.014365 0.014385 0.014365 0.014386 0.014329 0.014385 0.014329 0.014377 
16.499417 0.013902 0.013895 0.013926 0.013895 0.013886 0.013903 0.013926 0.013903 0.013899 
16.520132 0.013461 0.013445 0.013459 0.013445 0.013428 0.013415 0.013459 0.013415 0.013524 
16.540847 0.013019 0.013027 0.012983 0.013027 0.013015 0.013009 0.012983 0.013009 0.012962 
16.561563 0.012578 0.012571 0.012576 0.012571 0.012545 0.012559 0.012576 0.012559 0.012621 
16.582277 0.012140 0.012158 0.012140 0.012158 0.012155 0.012106 0.012140 0.012106 0.012115 
16.602992 0.011734 0.011740 0.011734 0.011740 0.011700 0.011683 0.011734 0.011683 0.011719 
16.623707 0.011331 0.011309 0.011301 0.011309 0.011344 0.011348 0.011301 0.011348 0.011315 
16.644422 0.010922 0.010921 0.010921 0.010921 0.010927 0.010918 0.010921 0.010918 0.010897 
16.665136 0.010545 0.010532 0.010513 0.010532 0.010508 0.010498 0.010513 0.010498 0.010511 
16.685851 0.010142 0.010133 0.010157 0.010133 0.010134 0.010104 0.010157 0.010104 0.010107 
16.706567 0.009771 0.009785 0.009779 0.009785 0.009793 0.009782 0.009779 0.009782 0.009736 
16.727282 0.009418 0.009419 0.009400 0.009419 0.009368 0.009446 0.009400 0.009446 0.009376 
16.747996 0.009047 0.009038 0.009032 0.009038 0.009071 0.009099 0.009032 0.009099 0.009105 
16.768711 0.008716 0.008701 0.008680 0.008701 0.008722 0.008678 0.008680 0.008678 0.008729 
16.789426 0.008367 0.008356 0.008369 0.008356 0.008343 0.008379 0.008369 0.008379 0.008385 
16.810141 0.008038 0.008038 0.008031 0.008038 0.008029 0.008018 0.008031 0.008018 0.008035 
16.830855 0.007720 0.007702 0.007722 0.007702 0.007735 0.007710 0.007722 0.007710 0.007737 
16.851571 0.007387 0.007388 0.007406 0.007388 0.007424 0.007389 0.007406 0.007389 0.007444 
16.872286 0.007089 0.007105 0.007081 0.007105 0.007054 0.007058 0.007081 0.007058 0.007073 
16.893001 0.006782 0.006796 0.006808 0.006796 0.006807 0.006811 0.006808 0.006811 0.006823 
16.913715 0.006501 0.006523 0.006496 0.006523 0.006495 0.006497 0.006496 0.006497 0.006505 
16.934430 0.006222 0.006223 0.006229 0.006223 0.006220 0.006191 0.006229 0.006191 0.006231 
16.955145 0.005936 0.005950 0.005949 0.005950 0.005948 0.005916 0.005949 0.005916 0.005910 
16.975860 0.005676 0.005679 0.005665 0.005679 0.005712 0.005670 0.005665 0.005670 0.005665 
16.996575 0.005405 0.005407 0.005423 0.005407 0.005429 0.005393 0.005423 0.005393 0.005422 
17.017290 0.005146 0.005153 0.005165 0.005153 0.005165 0.005184 0.005165 0.005184 0.005173 
17.038005 0.004910 0.004902 0.004904 0.004902 0.004932 0.004900 0.004904 0.004900 0.004923 
17.058720 0.004668 0.004669 0.004658 0.004669 0.004680 0.004665 0.004658 0.004665 0.004727 
17.079434 0.004438 0.004431 0.004426 0.004431 0.004441 0.004408 0.004426 0.004408 0.004501 
17.100149 0.004203 0.004208 0.004218 0.004208 0.004184 0.004210 0.004218 0.004210 0.004240 
17.120864 0.003985 0.003979 0.003990 0.003979 0.004027 0.003956 0.003990 0.003956 0.003989 
17.141580 0.003769 0.003771 0.003769 0.003771 0.003744 0.003778 0.003769 0.003778 0.003811 
17.162294 0.003559 0.003561 0.003558 0.003561 0.003546 0.003565 0.003558 0.003565 0.003563 
17.183009 0.003357 0.003364 0.003360 0.003364 0.003344 0.003353 0.003360 0.003353 0.003379 
17.203724 0.003171 0.003176 0.003168 0.003176 0.003176 0.003165 0.003168 0.003165 0.003157 
17.224439 0.002982 0.002975 0.002979 0.002975 0.002992 0.002976 0.002979 0.002976 0.002998 
17.245154 0.002800 0.002796 0.002786 0.002796 0.002797 0.002813 0.002786 0.002813 0.002807 
17.265869 0.002624 0.002621 0.002617 0.002621 0.002653 0.002619 0.002617 0.002619 0.002645 
17.286584 0.002455 0.002453 0.002455 0.002453 0.002442 0.002471 0.002455 0.002471 0.002475 
17.307299 0.002294 0.002288 0.002279 0.002288 0.002314 0.002285 0.002279 0.002285 0.002299 
17.328013 0.002137 0.002147 0.002143 0.002147 0.002156 0.002129 0.002143 0.002129 0.002139 
17.348728 0.001992 0.001987 0.001983 0.001987 0.001959 0.001979 0.001983 0.001979 0.001982 
17.369443 0.001852 0.001840 0.001842 0.001840 0.001830 0.001840 0.001842 0.001840 0.001851 
17.390159 0.001710 0.001714 0.001709 0.001714 0.001715 0.001715 0.001709 0.001715 0.001720 
17.410873 0.001575 0.001574 0.001572 0.001574 0.001592 0.001567 0.001572 0.001567 0.001579 
17.431588 0.001447 0.001451 0.001439 0.001451 0.001439 0.001459 0.001439 0.001459 0.001463 
17.452303 0.001328 0.001329 0.001328 0.001329 0.001340 0.001316 0.001328 0.001316 0.001321 
17.473018 0.001211 0.001209 0.001208 0.001209 0.001222 0.001215 0.001208 0.001215 0.001222 
17.493732 0.001107 0.001107 0.001106 0.001107 0.001094 0.001103 0.001106 0.001103 0.001094 
17.514447 0.000998 0.001004 0.001004 0.001004 0.000987 0.001005 0.001004 0.001005 0.001005 
17.535163 0.000901 0.000898 0.000906 0.000898 0.000913 0.000894 0.000906 0.000894 0.000898 
17.555878 0.000809 0.000804 0.000809 0.000804 0.000812 0.000808 0.000809 0.000808 0.000792 
17.576592 0.000716 0.000720 0.000719 0.000720 0.000710 0.000711 0.000719 0.000711 0.000713 
17.597307 0.000642 0.000641 0.000640 0.000641 0.000653 0.000648 0.000640 0.000648 0.000645 
17.618022 0.000562 0.000559 0.000563 0.000559 0.000564 0.000558 0.000563 0.000558 0.000558 
17.638737 0.000489 0.000488 0.000489 0.000488 0.000492 0.000489 0.000489 0.000489 0.000483 
17.659451 0.000422 0.000424 0.000422 0.000424 0.000437 0.000421 0.000422 0.000421 0.000423 
17.680167 0.000364 0.000361 0.000362 0.000361 0.000360 0.000359 0.000362 0.000359 0.000363 
17.700882 0.000304 0.000306 0.000303 0.000306 0.000295 0.000301 0.000303 0.000301 0.000299 
17.721597 0.000253 0.000254 0.000252 0.000254 0.000254 0.000249 0.000252 0.000249 0.000259 
17.742311 0.000207 0.000206 0.000209 0.000206 0.000209 0.000207 0.000209 0.000207 0.000207 
17.763026 0.000165 0.000165 0.000166 0.000165 0.000156 0.000167 0.000166 0.000167 0.000166 
17.783741 0.000127 0.000130 0.000127 0.000130 0.000129 0.000128 0.000127 0.000128 0.000129 
17.804456 0.000097 0.000096 0.000098 0.000096 0.000092 0.000096 0.000098 0.000096 0.000101 
17.825171 0.000068 0.000069 0.000068 0.000069 0.000072 0.000069 0.000068 0.000069 0.000068 
17.845886 0.000045 0.000047 0.000046 0.000047 0.000044 0.000048 0.000046 0.000048 0.000048 
17.866601 0.000028 0.000026 0.000029 0.000026 0.000029 0.000030 0.000029 0.000030 0.000030 
17.887316 0.000015 0.000015 0.000014 0.000015 0.000016 0.000013 0.000014 0.000013 0.000013 
17.908031 0.000005 0.000005 0.000005 0.000005 0.000006 0.000004 0.000005 0.000004 0.000005 
17.928745 0.000001 0.000001 0.000001 0.000001 0.000000 0.000001 0.000001 0.000001 0.000001 
17.949460 0.000000 0.000000 0.000000 0.000000 0.000000 0.000000 0.000000 0.000000 0.000000 
17.970176 0.000000 0.000000 0.000000 0.000000 0.000000 0.000000 0.000000 0.000000 0.000000 
17.990891 0.000000 0.000000 0.000000 0.000000 0.000000 0.000000 0.000000 0.000000 0.000000 
18.011605 0.000000 0.000000 0.000000 0.000000 0.000000 0.000000 0.000000 0.000000 0.000000 
18.032320 0.000000 0.000000 0.000000 0.000000 0.000000 0.000000 0.000000 0.000000 0.000000 
18.053035 0.000000 0.000000 0.000000 0.000000 0.000000 0.000000 0.000000 0.000000 0.000000 
18.073750 0.000000 0.000000 0.000000 0.000000 0.000000 0.000000 0.000000 0.000000 0.000000 
18.094464 0.000000 0.000000 0.000000 0.000000 0.000000 0.000000 0.000000 0.000000 0.000000 
18.115180 0.000000 0.000000 0.000000 0.000000 0.000000 0.000000 0.000000 0.000000 0.000000 
18.135895 0.000000 0.000000 0.000000 0.000000 0.000000 0.000000 0.000000 0.000000 0.000000 
18.156610 0.000000 0.000000 0.000000 0.000000 0.000000 0.000000 0.000000 0.000000 0.000000 
18.177324 0.000000 0.000000 0.000000 0.000000 0.000000 0.000000 0.000000 0.000000 0.000000 
18.198039 0.000000 0.000000 0.000000 0.000000 0.000000 0.000000 0.000000 0.000000 0.000000 
18.218754 0.000000 0.000000 0.000000 0.000000 0.000000 0.000000 0.000000 0.000000 0.000000 
18.239469 0.000000 0.000000 0.000000 0.000000 0.000000 0.000000 0.000000 0.000000 0.000000 
18.260184 0.000000 0.000000 0.000000 0.000000 0.000000 0.000000 0.000000 0.000000 0.000000 
18.280899 0.000000 0.000000 0.000000 0.000000 0.000000 0.000000 0.000000 0.000000 0.000000 
18.301614 0.000000 0.000000 0.000000 0.000000 0.000000 0.000000 0.000000 0.000000 0.000000 
18.322329 0.000000 0.000000 0.000000 0.000000 0.000000 0.000000 0.000000 0.000000 0.000000 
18.343043 0.000000 0.000000 0.000000 0.000000 0.000000 0.000000 0.000000 0.000000 0.000000 
18.363758 0.000000 0.000000 0.000000 0.000000 0.000000 0.000000 0.000000 0.000000 0.000000 
18.384473 0.000000 0.000000 0.000000 0.000000 0.000000 0.000000 0.000000 0.000000 0.000000 
18.405189 0.000000 0.000000 0.000000 0.000000 0.000000 0.000000 0.000000 0.000000 0.000000 
18.425903 0.000000 0.000000 0.000000 0.000000 0.000000 0.000000 0.000000 0.000000 0.000000 
18.446618 0.000000 0.000000 0.000000 0.000000 0.000000 0.000000 0.000000 0.000000 0.000000 
18.467333 0.000000 0.000000 0.000000 0.000000 0.000000 0.000000 0.000000 0.000000 0.000000 
18.488048 0.000000 0.000000 0.000000 0.000000 0.000000 0.000000 0.000000 0.000000 0.000000 
18.508762 0.000000 0.000000 0.000000 0.000000 0.000000 0.000000 0.000000 0.000000 0.000000 
18.529477 0.000000 0.000000 0.000000 0.000000 0.000000 0.000000 0.000000 0.000000 0.000000 
18.550193 0.000000 0.000000 0.000000 0.000000 0.000000 0.000000 0.000000 0.000000 0.000000 
18.570908 0.000000 0.000000 0.000000 0.000000 0.000000 0.000000 0.000000 0.000000 0.000000 
18.591622 0.000000 0.000000 0.000000 0.000000 0.000000 0.000000 0.000000 0.000000 0.000000 
18.612337 0.000000 0.000000 0.000000 0.000000 0.000000 0.000000 0.000000 0.000000 0.000000 
18.633052 0.000000 0.000000 0.000000 0.000000 0.000000 0.000000 0.000000 0.000000 0.000000 
18.653767 0.000000 0.000000 0.000000 0.000000 0.000000 0.000000 0.000000 0.000000 0.000000 
18.674481 0.000000 0.000000 0.000000 0.000000 0.000000 0.000000 0.000000 0.000000 0.000000 
18.695197 0.000000 0.000000 0.000000 0.000000 0.000000 0.000000 0.000000 0.000000 0.000000 
18.715912 0.000000 0.000000 0.000000 0.000000 0.000000 0.000000 0.000000 0.000000 0.000000 
18.736627 0.000000 0.000000 0.000000 0.000000 0.000000 0.000000 0.000000 0.000000 0.000000 
18.757341 0.000000 0.000000 0.000000 0.000000 0.000000 0.000000 0.000000 0.000000 0.000000 
18.778056 0.000000 0.000000 0.000000 0.000000 0.000000 0.000000 0.000000 0.000000 0.000000 
18.798772 0.000000 0.000000 0.000000 0.000000 0.000000 0.000000 0.000000 0.000000 0.000000 
18.819487 0.000000 0.000000 0.000000 0.000000 0.000000 0.000000 0.000000 0.000000 0.000000 
18.840201 0.000000 0.000000 0.000000 0.000000 0.000000 0.000000 0.000000 0.000000 0.000000 
18.860916 0.000000 0.000000 0.000000 0.000000 0.000000 0.000000 0.000000 0.000000 0.000000 
18.881631 0.000000 0.000000 0.000000 0.000000 0.000000 0.000000 0.000000 0.000000 0.000000 
18.902346 0.000000 0.000000 0.000000 0.000000 0.000000 0.000000 0.000000 0.000000 0.000000 
18.923060 0.000000 0.000000 0.000000 0.000000 0.000000 0.000000 0.000000 0.000000 0.000000 
18.943776 0.000000 0.000000 0.000000 0.000000 0.000000 0.000000 0.000000 0.000000 0.000000 
18.964491 0.000000 0.000000 0.000000 0.000000 0.000000 0.000000 0.000000 0.000000 0.000000 
18.985206 0.000000 0.000000 0.000000 0.000000 0.000000 0.000000 0.000000 0.000000 0.000000 
19.005920 0.000000 0.000000 0.000000 0.000000 0.000000 0.000000 0.000000 0.000000 0.000000 
19.026635 0.000000 0.000000 0.000000 0.000000 0.000000 0.000000 0.000000 0.000000 0.000000 
19.047350 0.000000 0.000000 0.000000 0.000000 0.000000 0.000000 0.000000 0.000000 0.000000 
19.068065 0.000000 0.000000 0.000000 0.000000 0.000000 0.000000 0.000000 0.000000 0.000000 
19.088780 0.000000 0.000000 0.000000 0.000000 0.000000 0.000000 0.000000 0.000000 0.000000 
19.109495 0.000000 0.000000 0.000000 0.000000 0.000000 0.000000 0.000000 0.000000 0.000000 
19.130210 0.000000 0.000000 0.000000 0.000000 0.000000 0.000000 0.000000 0.000000 0.000000 
19.150925 0.000000 0.000000 0.000000 0.000000 0.000000 0.000000 0.000000 0.000000 0.000000 
19.171639 0.000000 0.000000 0.000000 0.000000 0.000000 0.000000 0.000000 0.000000 0.000000 
19.192354 0.000000 0.000000 0.000000 0.000000 0.000000 0.000000 0.000000 0.000000 0.000000 
19.213069 0.000000 0.000000 0.000000 0.000000 0.000000 0.000000 0.000000 0.000000 0.000000 
19.233785 0.000000 0.000000 0.000000 0.000000 0.000000 0.000000 0.000000 0.000000 0.000000 
19.254499 0.000000 0.000000 0.000000 0.000000 0.000000 0.000000 0.000000 0.000000 0.000000 
19.275214 0.000000 0.000000 0.000000 0.000000 0.000000 0.000000 0.000000 0.000000 0.000000 
19.295929 0.000000 0.000000 0.000000 0.000000 0.000000 0.000000 0.000000 0.000000 0.000000 
19.316644 0.000000 0.000000 0.000000 0.000000 0.000000 0.000000 0.000000 0.000000 0.000000 
19.337358 0.000000 0.000000 0.000000 0.000000 0.000000 0.000000 0.000000 0.000000 0.000000 
19.358073 0.000000 0.000000 0.000000 0.000000 0.000000 0.000000 0.000000 0.000000 0.000000 
19.378789 0.000000 0.000000 0.000000 0.000000 0.000000 0.000000 0.000000 0.000000 0.000000 
19.399504 0.000000 0.000000 0.000000 0.000000 0.000000 0.000000 0.000000 0.000000 0.000000 
19.420218 0.000000 0.000000 0.000000 0.000000 0.000000 0.000000 0.000000 0.000000 0.000000 
19.440933 0.000000 0.000000 0.000000 0.000000 0.000000 0.000000 0.000000 0.000000 0.000000 
19.461648 0.000000 0.000000 0.000000 0.000000 0.000000 0.000000 0.000000 0.000000 0.000000 
19.482363 0.000000 0.000000 0.000000 0.000000 0.000000 0.000000 0.000000 0.000000 0.000000 
19.503078 0.000000 0.000000 0.000000 0.000000 0.000000 0.000000 0.000000 0.000000 0.000000 
19.523793 0.000000 0.000000 0.000000 0.000000 0.000000 0.000000 0.000000 0.000000 0.000000 
19.544508 0.000000 0.000000 0.000000 0.000000 0.000000 0.000000 0.000000 0.000000 0.000000 
19.565223 0.000000 0.000000 0.000000 0.000000 0.000000 0.000000 0.000000 0.000000 0.000000 
19.585938 0.000000 0.000000 0.000000 0.000000 0.000000 0.000000 0.000000 0.000000 0.000000 
19.606652 0.000000 0.000000 0.000000 0.000000 0.000000 0.000000 0.000000 0.000000 0.000000 
19.627367 0.000000 0.000000 0.000000 0.000000 0.000000 0.000000 0.000000 0.000000 0.000000 
19.648082 0.000000 0.000000 0.000000 0.000000 0.000000 0.000000 0.000000 0.000000 0.000000 
19.668797 0.000000 0.000000 0.000000 0.000000 0.000000 0.000000 0.000000 0.000000 0.000000 
19.689512 0.000000 0.000000 0.000000 0.000000 0.000000 0.000000 0.000000 0.000000 0.000000 
19.710227 0.000000 0.000000 0.000000 0.000000 0.000000 0.000000 0.000000 0.000000 0.000000 
19.730942 0.000000 0.000000 0.000000 0.000000 0.000000 0.000000 0.000000 0.000000 0.000000 
19.751657 0.000000 0.000000 0.000000 0.000000 0.000000 0.000000 0.000000 0.000000 0.000000 
19.772371 0.000000 0.000000 0.000000 0.000000 0.000000 0.000000 0.000000 0.000000 0.000000 
19.793086 0.000000 0.000000 0.000000 0.000000 0.000000 0.000000 0.000000 0.000000 0.000000 
19.813802 0.000000 0.000000 0.000000 0.000000 0.000000 0.000000 0.000000 0.000000 0.000000 
19.834517 0.000000 0.000000 0.000000 0.000000 0.000000 0.000000 0.000000 0.000000 0.000000 
19.855231 0.000000 0.000000 0.000000 0.000000 0.000000 0.000000 0.000000 0.000000 0.000000 
19.875946 0.000000 0.000000 0.000000 0.000000 0.000000 0.000000 0.000000 0.000000 0.000000 
19.896661 0.000000 0.000000 0.000000 0.000000 0.000000 0.000000 0.000000 0.000000 0.000000 
19.917376 0.000000 0.000000 0.000000 0.000000 0.000000 0.000000 0.000000 0.000000 0.000000 
19.938090 0.000000 0.000000 0.000000 0.000000 0.000000 0.000000 0.000000 0.000000 0.000000 
19.958806 0.000000 0.000000 0.000000 0.000000 0.000000 0.000000 0.000000 0.000000 0.000000 
19.979521 0.000000 0.000000 0.000000 0.000000 0.000000 0.000000 0.000000 0.000000 0.000000 
20.000236 0.000000 0.000000 0.000000 0.000000 0.000000 0.000000 0.000000 0.000000 0.000000 
20.020950 0.000000 0.000000 0.000000 0.000000 0.000000 0.000000 0.000000 0.000000 0.000000 
20.041665 0.000000 0.000000 0.000000 0.000000 0.000000 0.000000 0.000000 0.000000 0.000000 
20.062380 0.000000 0.000000 0.000000 0.000000 0.000000 0.000000 0.000000 0.000000 0.000000 
20.083095 0.000000 0.000000 0.000000 0.000000 0.000000 0.000000 0.000000 0.000000 0.000000 
20.103810 0.000000 0.000000 0.000000 0.000000 0.000000 0.000000 0.000000 0.000000 0.000000 
20.124525 0.000000 0.000000 0.000000 0.000000 0.000000 0.000000 0.000000 0.000000 0.000000 
20.145240 0.000000 0.000000 0.000000 0.000000 0.000000 0.000000 0.000000 0.000000 0.000000 
20.165955 0.000000 0.000000 0.000000 0.000000 0.000000 0.000000 0.000000 0.000000 0.000000 
20.186669 0.000000 0.000000 0.000000 0.000000 0.000000 0.000000 0.000000 0.000000 0.000000 
20.207384 0.000000 0.000000 0.000000 0.000000 0.000000 0.000000 0.000000 0.000000 0.000000 
20.228099 0.000000 0.000000 0.000000 0.000000 0.000000 0.000000 0.000000 0.000000 0.000000 
20.248815 0.000000 0.000000 0.000000 0.000000 0.000000 0.000000 0.000000 0.000000 0.000000 
20.269529 0.000000 0.000000 0.000000 0.000000 0.000000 0.000000 0.000000 0.000000 0.000000 
20.290244 0.000000 0.000000 0.000000 0.000000 0.000000 0.000000 0.000000 0.000000 0.000000 
20.310959 0.000000 0.000000 0.000000 0.000000 0.000000 0.000000 0.000000 0.000000 0.000000 
20.331674 0.000000 0.000000 0.000000 0.000000 0.000000 0.000000 0.000000 0.000000 0.000000 
20.352388 0.000000 0.000000 0.000000 0.000000 0.000000 0.000000 0.000000 0.000000 0.000000 
20.373103 0.000000 0.000000 0.000000 0.000000 0.000000 0.000000 0.000000 0.000000 0.000000 
20.393819 0.000000 0.000000 0.000000 0.000000 0.000000 0.000000 0.000000 0.000000 0.000000 
20.414534 0.000000 0.000000 0.000000 0.000000 0.000000 0.000000 0.000000 0.000000 0.000000 
20.435248 0.000000 0.000000 0.000000 0.000000 0.000000 0.000000 0.000000 0.000000 0.000000 
20.455963 0.000000 0.000000 0.000000 0.000000 0.000000 0.000000 0.000000 0.000000 0.000000 
20.476678 0.000000 0.000000 0.000000 0.000000 0.000000 0.000000 0.000000 0.000000 0.000000 
20.497394 0.000000 0.000000 0.000000 0.000000 0.000000 0.000000 0.000000 0.000000 0.000000 
20.518108 0.000000 0.000000 0.000000 0.000000 0.000000 0.000000 0.000000 0.000000 0.000000 
20.538823 0.000000 0.000000 0.000000 0.000000 0.000000 0.000000 0.000000 0.000000 0.000000 
20.559538 0.000000 0.000000 0.000000 0.000000 0.000000 0.000000 0.000000 0.000000 0.000000 
20.580253 0.000000 0.000000 0.000000 0.000000 0.000000 0.000000 0.000000 0.000000 0.000000 
20.600967 0.000000 0.000000 0.000000 0.000000 0.000000 0.000000 0.000000 0.000000 0.000000 
20.621682 0.000000 0.000000 0.000000 0.000000 0.000000 0.000000 0.000000 0.000000 0.000000 
20.642398 0.000000 0.000000 0.000000 0.000000 0.000000 0.000000 0.000000 0.000000 0.000000 
20.663113 0.000000 0.000000 0.000000 0.000000 0.000000 0.000000 0.000000 0.000000 0.000000 
20.683827 0.000000 0.000000 0.000000 0.000000 0.000000 0.000000 0.000000 0.000000 0.000000 
20.704542 0.000000 0.000000 0.000000 0.000000 0.000000 0.000000 0.000000 0.000000 0.000000 
