0.010357 0.753668 0.705988 0.512867 0.214947 0.142436 0.114478 0.187049 0.185546 0.132696 
0.031072 0.771465 0.696248 0.516053 0.206830 0.117063 0.127826 0.194805 0.156506 0.148449 
0.051787 0.738035 0.702922 0.574254 0.206950 0.109969 0.142256 0.198713 0.153199 0.174904 
0.072502 0.704305 0.696068 0.642677 0.208153 0.106000 0.148810 0.204004 0.154161 0.189815 
0.093217 0.594757 0.698713 0.717953 0.189935 0.126082 0.148990 0.203102 0.157888 0.201058 
0.113932 0.527116 0.702682 0.788540 0.172920 0.147908 0.150072 0.197270 0.182359 0.212362 
0.134647 0.465308 0.702381 0.815596 0.158911 0.176287 0.151455 0.200637 0.183862 0.202020 
0.155362 0.455026 0.681157 0.802910 0.153259 0.218675 0.155664 0.195948 0.188011 0.208995 
0.176077 0.472763 0.637867 0.754509 0.149952 0.242003 0.164923 0.196609 0.169012 0.218494 
0.196792 0.483886 0.617304 0.691017 0.133237 0.252645 0.174964 0.185366 0.164562 0.231241 
0.217506 0.518218 0.583754 0.647366 0.124519 0.261724 0.186568 0.188913 0.152477 0.245010 
0.238221 0.547258 0.556217 0.613877 0.121934 0.241703 0.195887 0.189695 0.153920 0.258237 
0.258936 0.586219 0.539803 0.640151 0.122956 0.225709 0.207311 0.193723 0.146585 0.251323 
0.279651 0.616703 0.552309 0.683622 0.126744 0.221801 0.204545 0.203343 0.144962 0.232864 
0.300366 0.632696 0.585919 0.709416 0.147908 0.204425 0.222042 0.218314 0.161616 0.213985 
0.321081 0.665524 0.634319 0.728595 0.153860 0.185606 0.232263 0.207612 0.177970 0.171296 
0.341796 0.683201 0.653139 0.726431 0.141895 0.172078 0.238877 0.202621 0.204666 0.147066 
0.362511 0.672018 0.702201 0.705928 0.137626 0.147487 0.243086 0.185606 0.207131 0.124038 
0.383226 0.661436 0.724026 0.714947 0.133117 0.130712 0.232504 0.172739 0.221260 0.099687 
0.403941 0.650192 0.756133 0.714165 0.125060 0.132997 0.226431 0.161255 0.218915 0.094336 
0.424655 0.653319 0.758357 0.708393 0.135883 0.136905 0.218374 0.153680 0.209175 0.086279 
0.445370 0.679714 0.750481 0.698413 0.133838 0.130351 0.213384 0.150313 0.177850 0.085317 
0.466085 0.698773 0.734127 0.677850 0.144300 0.142076 0.210378 0.151816 0.171958 0.079786 
0.486800 0.704365 0.711580 0.657588 0.142196 0.154762 0.207672 0.162278 0.155183 0.103716 
0.507515 0.666486 0.664863 0.647667 0.151215 0.174904 0.206109 0.162819 0.140332 0.123196 
0.528230 0.628307 0.656926 0.657227 0.171958 0.202020 0.204846 0.168771 0.121272 0.135943 
0.548945 0.621032 0.609127 0.696008 0.196188 0.221621 0.199615 0.157648 0.113817 0.131433 
0.569660 0.624639 0.613877 0.716089 0.218494 0.212662 0.173761 0.158610 0.111472 0.122655 
0.590375 0.650313 0.603836 0.716510 0.221441 0.224507 0.152297 0.153680 0.120551 0.113696 
0.611090 0.663660 0.590789 0.700818 0.217112 0.193182 0.138769 0.143458 0.129870 0.110089 
0.631804 0.710979 0.557900 0.710197 0.208273 0.192881 0.133418 0.143038 0.140753 0.121873 
0.652519 0.741101 0.517556 0.715548 0.202080 0.170094 0.139430 0.140272 0.149651 0.142076 
0.673234 0.798942 0.506974 0.736352 0.188913 0.161857 0.139190 0.145863 0.149952 0.167749 
0.693949 0.835137 0.522006 0.712181 0.181457 0.158850 0.137566 0.167989 0.140813 0.185907 
0.714664 0.844697 0.575216 0.690176 0.175866 0.139310 0.134319 0.182660 0.132816 0.199134 
0.735379 0.839526 0.658971 0.639310 0.164683 0.139370 0.141174 0.170515 0.130351 0.194384 
0.756094 0.814875 0.732083 0.592593 0.157227 0.141114 0.144962 0.154341 0.126864 0.185366 
0.776809 0.773389 0.799964 0.561989 0.150132 0.155002 0.149952 0.140152 0.142136 0.150132 
0.797524 0.726732 0.835919 0.545334 0.145743 0.177189 0.151816 0.136304 0.138348 0.131975 
0.818239 0.696729 0.820707 0.533730 0.147367 0.204906 0.136905 0.134139 0.154040 0.114478 
0.838953 0.672559 0.839226 0.542027 0.160774 0.212783 0.133297 0.143579 0.162999 0.115861 
0.859668 0.667088 0.796417 0.556337 0.170094 0.211881 0.142196 0.160835 0.177068 0.128788 
0.880383 0.672318 0.753908 0.579004 0.175685 0.197631 0.159091 0.164622 0.196729 0.146705 
0.901098 0.712662 0.734367 0.583213 0.171417 0.170635 0.181277 0.187169 0.196248 0.168951 
0.921813 0.716931 0.692641 0.617124 0.163660 0.141474 0.201239 0.192520 0.177790 0.185185 
0.942528 0.658069 0.651756 0.655844 0.171597 0.119529 0.214466 0.190596 0.161255 0.185666 
0.963243 0.606301 0.606542 0.675084 0.189815 0.117364 0.215849 0.203283 0.139610 0.191318 
0.983958 0.554353 0.605880 0.716931 0.181638 0.118266 0.204185 0.200457 0.122595 0.204666 
1.004673 0.543651 0.628968 0.752706 0.180796 0.121032 0.174784 0.197451 0.112975 0.215729 
1.025388 0.559103 0.660414 0.756974 0.178632 0.129690 0.160534 0.188672 0.127465 0.243446 
1.046102 0.580147 0.696549 0.764911 0.168651 0.141655 0.145803 0.199315 0.149651 0.259620 
1.066817 0.589346 0.724146 0.767917 0.150313 0.149952 0.144841 0.195226 0.178451 0.252886 
1.087532 0.580026 0.712542 0.767857 0.138889 0.161015 0.158369 0.206349 0.203523 0.245190 
1.108247 0.596080 0.688492 0.750721 0.133177 0.169853 0.175685 0.209776 0.201599 0.217352 
1.128962 0.596621 0.693422 0.739598 0.132997 0.181999 0.187650 0.210678 0.200036 0.182540 
1.149677 0.612253 0.685305 0.682299 0.146705 0.195527 0.207672 0.199735 0.174122 0.165043 
1.170392 0.606722 0.672258 0.631253 0.158490 0.199555 0.197811 0.179654 0.175385 0.153680 
1.191107 0.584295 0.669913 0.606842 0.168350 0.199254 0.198292 0.157347 0.173401 0.147246 
1.211822 0.549483 0.678451 0.577020 0.184885 0.186027 0.187831 0.142196 0.188973 0.147186 
1.232536 0.554894 0.658610 0.559524 0.177008 0.180976 0.181457 0.134380 0.191799 0.148810 
1.253251 0.580748 0.643037 0.568723 0.183201 0.170515 0.180135 0.136905 0.194144 0.151335 
1.273966 0.608045 0.628307 0.604678 0.184644 0.170034 0.194925 0.145623 0.186388 0.143939 
1.294681 0.618266 0.629329 0.629810 0.177790 0.173100 0.195587 0.155964 0.175806 0.129990 
1.315396 0.630952 0.689334 0.673942 0.175385 0.165705 0.192881 0.168591 0.185245 0.124038 
1.336111 0.608586 0.731662 0.710979 0.171837 0.161736 0.183321 0.164442 0.185847 0.129509 
1.356826 0.619889 0.742364 0.730099 0.158971 0.155423 0.171597 0.167088 0.180075 0.132636 
1.377541 0.632035 0.719156 0.755171 0.153078 0.162157 0.166126 0.160354 0.165584 0.156385 
1.398256 0.681818 0.667809 0.758057 0.131614 0.171958 0.165164 0.166366 0.158189 0.172018 
1.418971 0.743867 0.587542 0.769420 0.138107 0.183742 0.170815 0.167388 0.166366 0.173521 
1.439686 0.767617 0.542869 0.753908 0.127886 0.200277 0.177670 0.166366 0.173942 0.180616 
1.460400 0.792448 0.516594 0.722763 0.143639 0.222523 0.190837 0.179774 0.182540 0.174483 
1.481115 0.814514 0.510161 0.683381 0.155784 0.221260 0.190176 0.192641 0.193062 0.155423 
1.501830 0.867605 0.508838 0.656085 0.178511 0.215188 0.183862 0.191558 0.203343 0.144060 
1.522545 0.885101 0.521645 0.621934 0.205507 0.206469 0.174904 0.167989 0.202862 0.129389 
1.543260 0.884740 0.534572 0.596140 0.212121 0.193903 0.171958 0.150794 0.199675 0.116703 
1.563975 0.842412 0.544372 0.569384 0.211279 0.183802 0.164562 0.124699 0.189755 0.108826 
1.584690 0.758898 0.576359 0.558381 0.199315 0.178932 0.171176 0.113817 0.192761 0.111712 
1.605405 0.704004 0.623377 0.540404 0.193182 0.180315 0.169072 0.112855 0.191919 0.123377 
1.626120 0.645322 0.674423 0.544372 0.183021 0.185786 0.189935 0.113396 0.191438 0.142076 
1.646835 0.621573 0.702802 0.559704 0.185125 0.178812 0.196970 0.120430 0.187951 0.142076 
1.667549 0.631253 0.728836 0.614057 0.204425 0.166486 0.203884 0.124339 0.181397 0.150313 
1.688264 0.677790 0.713564 0.655544 0.206590 0.160173 0.211881 0.128427 0.188793 0.137626 
1.708979 0.725228 0.670515 0.685305 0.202140 0.149711 0.192941 0.116282 0.197511 0.135342 
1.729694 0.740560 0.625060 0.679113 0.177189 0.146284 0.180495 0.110630 0.210257 0.133057 
1.750409 0.746453 0.631193 0.664442 0.158129 0.147848 0.156506 0.109848 0.210438 0.156085 
1.771124 0.730279 0.634019 0.664322 0.128607 0.142857 0.162338 0.115560 0.204185 0.176347 
1.791839 0.706229 0.641715 0.646344 0.116222 0.141835 0.169432 0.129509 0.217051 0.220418 
1.812554 0.680676 0.645743 0.661015 0.129028 0.144240 0.166967 0.138949 0.231481 0.234488 
1.833269 0.628848 0.651635 0.653800 0.136785 0.140272 0.170274 0.144240 0.251202 0.242364 
1.853983 0.593494 0.658430 0.638167 0.158850 0.129028 0.170996 0.160354 0.232564 0.235390 
1.874698 0.535774 0.673942 0.649050 0.178090 0.121272 0.176647 0.172439 0.204906 0.226431 
1.895413 0.506433 0.695647 0.682419 0.190596 0.112614 0.181758 0.178571 0.170334 0.216871 
1.916128 0.511724 0.718975 0.733766 0.203343 0.108826 0.182059 0.174964 0.159632 0.210317 
1.936843 0.530904 0.728114 0.806217 0.196248 0.108526 0.193422 0.165765 0.148930 0.222102 
1.957558 0.561207 0.743567 0.830267 0.191198 0.097763 0.199375 0.162157 0.147306 0.218134 
1.978273 0.616582 0.744228 0.846741 0.190596 0.093795 0.200758 0.134380 0.150433 0.213083 
1.998988 0.635221 0.714586 0.843194 0.172559 0.094577 0.207371 0.129870 0.156866 0.199976 
2.019703 0.686027 0.698052 0.814875 0.162398 0.098304 0.198593 0.118506 0.162999 0.186568 
2.040418 0.715669 0.680315 0.750601 0.144240 0.112674 0.187530 0.115981 0.153680 0.173641 
2.061133 0.744829 0.689033 0.705928 0.124940 0.121212 0.156866 0.109728 0.141955 0.155604 
2.081847 0.767256 0.685847 0.658249 0.114839 0.139911 0.129630 0.107083 0.137446 0.166727 
2.102562 0.776756 0.684644 0.590969 0.115560 0.155784 0.112193 0.099928 0.133177 0.178932 
2.123277 0.741582 0.685125 0.544132 0.127465 0.172138 0.087903 0.099447 0.141534 0.192460 
2.143992 0.702682 0.705087 0.517677 0.130652 0.193663 0.077862 0.110750 0.144541 0.179774 
2.164707 0.674964 0.736772 0.485630 0.139610 0.207792 0.086219 0.108886 0.145082 0.163480 
2.185422 0.659993 0.787217 0.507095 0.146946 0.204004 0.097703 0.120791 0.140152 0.144060 
2.206137 0.689995 0.806457 0.533550 0.149711 0.203944 0.122354 0.135883 0.129449 0.132275 
2.226852 0.705026 0.853295 0.586760 0.151094 0.196549 0.147066 0.152357 0.116041 0.118386 
2.247567 0.729016 0.867244 0.645683 0.157167 0.176527 0.170094 0.167448 0.105099 0.112434 
2.268281 0.724387 0.859548 0.684404 0.164923 0.168951 0.183021 0.169613 0.094637 0.114598 
2.288996 0.710558 0.807900 0.761123 0.171296 0.159031 0.181638 0.188071 0.086580 0.132636 
2.309711 0.709897 0.755231 0.785714 0.171837 0.154942 0.173641 0.202561 0.074254 0.141414 
2.330426 0.745070 0.686508 0.808802 0.182961 0.160774 0.153680 0.205628 0.077682 0.159512 
2.351141 0.763528 0.613636 0.784091 0.189334 0.168711 0.133658 0.214406 0.085438 0.180315 
2.371856 0.774892 0.564815 0.716631 0.186448 0.194685 0.122715 0.229557 0.097763 0.181457 
2.392571 0.749579 0.541426 0.693723 0.183442 0.206289 0.121994 0.234608 0.120551 0.182059 
2.413286 0.725709 0.528800 0.660835 0.167929 0.205808 0.134680 0.229437 0.149651 0.179594 
2.434001 0.701419 0.532347 0.640873 0.158911 0.206890 0.137085 0.218675 0.165765 0.174723 
2.454716 0.669793 0.524711 0.619949 0.149591 0.185486 0.132456 0.207912 0.175625 0.186328 
2.475430 0.641113 0.512927 0.572210 0.152778 0.175265 0.130050 0.189093 0.174723 0.186748 
2.496145 0.606121 0.526094 0.538179 0.140332 0.165043 0.127766 0.169913 0.174062 0.196729 
2.516860 0.580688 0.535714 0.519360 0.126202 0.167388 0.135161 0.160714 0.167569 0.188913 
2.537575 0.588384 0.562710 0.534392 0.124519 0.172439 0.150794 0.145443 0.163600 0.172138 
2.558290 0.618807 0.584476 0.598545 0.113696 0.203163 0.169372 0.139009 0.155363 0.158610 
2.579005 0.650192 0.599627 0.658249 0.120791 0.226912 0.180556 0.135762 0.153499 0.139851 
2.599720 0.666727 0.598665 0.710798 0.128367 0.249639 0.176587 0.129269 0.140633 0.146044 
2.620435 0.684945 0.617725 0.699856 0.142557 0.259379 0.169733 0.123016 0.147607 0.161676 
2.641150 0.722403 0.628247 0.691859 0.129810 0.263288 0.160233 0.107744 0.160774 0.193783 
2.661865 0.724808 0.659331 0.701960 0.126864 0.245010 0.153920 0.098906 0.185726 0.208995 
2.682580 0.723184 0.673100 0.695106 0.119709 0.227754 0.148148 0.093675 0.199916 0.218374 
2.703294 0.748617 0.697090 0.706409 0.123256 0.219577 0.146104 0.104678 0.208935 0.207672 
2.724009 0.734127 0.719637 0.723064 0.127164 0.205387 0.151515 0.103836 0.201299 0.187891 
2.744724 0.729076 0.760702 0.742484 0.135642 0.200457 0.155183 0.115019 0.197691 0.178451 
2.765439 0.711941 0.797920 0.725709 0.151275 0.192400 0.187891 0.117063 0.197932 0.159632 
2.786154 0.675565 0.813372 0.713805 0.155784 0.180075 0.202742 0.118206 0.188372 0.159452 
2.806869 0.610149 0.821789 0.694625 0.158550 0.159933 0.223725 0.128848 0.185065 0.162157 
2.827584 0.554353 0.809464 0.667929 0.164683 0.141595 0.229858 0.138528 0.176166 0.165344 
2.848299 0.524531 0.778499 0.647066 0.165344 0.120430 0.241462 0.165464 0.179594 0.176227 
2.869014 0.509379 0.734728 0.634921 0.159993 0.097463 0.238336 0.183862 0.187831 0.178451 
2.889728 0.541186 0.707912 0.629569 0.163660 0.087783 0.231842 0.200036 0.196429 0.181999 
2.910443 0.590067 0.676227 0.599146 0.167508 0.090608 0.212422 0.196970 0.198834 0.173280 
2.931158 0.632155 0.639851 0.632095 0.187169 0.094276 0.195346 0.192761 0.203283 0.159993 
2.951873 0.690777 0.610209 0.691198 0.198773 0.102994 0.178992 0.181578 0.204786 0.145382 
2.972588 0.731481 0.565897 0.712061 0.220118 0.123377 0.162578 0.169733 0.211580 0.135883 
2.993303 0.744709 0.543290 0.743627 0.239658 0.137386 0.148088 0.172980 0.211640 0.129690 
3.014018 0.719216 0.514610 0.753006 0.252405 0.154702 0.154582 0.180075 0.210738 0.131073 
3.034733 0.692701 0.509981 0.717472 0.248978 0.173160 0.159211 0.183682 0.205628 0.140272 
3.055448 0.671356 0.504810 0.689875 0.242544 0.176527 0.167989 0.181097 0.216751 0.153740 
3.076163 0.658670 0.507636 0.640993 0.224507 0.169553 0.176407 0.181157 0.214646 0.172198 
3.096877 0.681097 0.523930 0.614598 0.195767 0.158129 0.189935 0.166667 0.209416 0.191258 
3.117592 0.703343 0.548220 0.624519 0.168230 0.141955 0.190416 0.158610 0.223665 0.195046 
3.138307 0.719637 0.564093 0.626503 0.142737 0.136724 0.199495 0.160414 0.224387 0.185426 
3.159022 0.719577 0.579365 0.645743 0.140212 0.134680 0.204966 0.165524 0.232985 0.173220 
3.179737 0.710317 0.589707 0.681277 0.138949 0.131794 0.217532 0.171958 0.218555 0.157287 
3.200452 0.718434 0.600168 0.688131 0.147367 0.142677 0.222944 0.177850 0.213985 0.135402 
3.221167 0.734848 0.658790 0.706289 0.167448 0.158430 0.231722 0.164502 0.210017 0.129990 
3.241882 0.746392 0.702802 0.684343 0.192701 0.170936 0.235690 0.151696 0.200818 0.146765 
3.262597 0.751623 0.778078 0.647186 0.220539 0.177429 0.218795 0.160173 0.192821 0.176888 
3.283312 0.710017 0.859428 0.588083 0.228475 0.162939 0.200517 0.172860 0.178030 0.207071 
3.304026 0.632696 0.870671 0.566619 0.231722 0.156025 0.179834 0.191198 0.167148 0.225228 
3.324741 0.566378 0.882576 0.549964 0.219456 0.149772 0.152898 0.193903 0.172679 0.241402 
3.345456 0.518999 0.806097 0.561267 0.206349 0.151154 0.140753 0.189755 0.158309 0.232323 
3.366171 0.512326 0.733826 0.578583 0.170996 0.143879 0.124278 0.171777 0.144661 0.220899 
3.386886 0.548581 0.669853 0.577501 0.122655 0.131614 0.112975 0.144721 0.130411 0.204185 
3.407601 0.570647 0.636784 0.583935 0.088023 0.129750 0.103595 0.140993 0.126744 0.177910 
3.428316 0.599928 0.639490 0.564274 0.071789 0.126082 0.099447 0.141053 0.126022 0.146405 
3.449031 0.608045 0.639490 0.585558 0.067821 0.121392 0.112494 0.169012 0.138829 0.119348 
3.469746 0.626202 0.667448 0.588865 0.071429 0.131674 0.132456 0.210077 0.161436 0.117484 
3.490461 0.637025 0.646465 0.626744 0.081590 0.137266 0.155002 0.246513 0.177249 0.127405 
3.511176 0.649832 0.652116 0.655784 0.091210 0.137446 0.191438 0.269180 0.183321 0.134500 
3.531890 0.676287 0.639250 0.692581 0.094036 0.138348 0.210979 0.265152 0.192460 0.147427 
3.552605 0.709416 0.618867 0.740079 0.104798 0.148569 0.238877 0.221441 0.196248 0.146886 
3.573320 0.736953 0.601010 0.771404 0.110329 0.151696 0.262205 0.180435 0.205447 0.133297 
3.594035 0.723846 0.569505 0.786376 0.123497 0.168470 0.282768 0.162939 0.205507 0.123858 
3.614750 0.716330 0.551227 0.785774 0.130952 0.182059 0.289743 0.135281 0.205808 0.111472 
3.635465 0.689815 0.541787 0.804774 0.141595 0.201299 0.295695 0.119529 0.209536 0.120010 
3.656180 0.675084 0.578463 0.803872 0.153740 0.212422 0.302910 0.114238 0.196368 0.138588 
3.676895 0.649411 0.631012 0.774110 0.158670 0.215969 0.281025 0.114478 0.200096 0.153018 
3.697610 0.668711 0.685065 0.732504 0.160354 0.205387 0.239478 0.123016 0.201780 0.185245 
3.718324 0.675385 0.736352 0.721140 0.163240 0.174423 0.204185 0.149110 0.200397 0.196068 
3.739039 0.708213 0.724026 0.708814 0.182299 0.159331 0.179894 0.168891 0.190416 0.216150 
3.759754 0.707792 0.665825 0.694745 0.193001 0.146946 0.178571 0.184163 0.169072 0.211520 
3.780469 0.710919 0.634560 0.659392 0.207552 0.143338 0.172980 0.204485 0.155063 0.209656 
3.801184 0.692100 0.645022 0.606662 0.227092 0.160173 0.179954 0.213324 0.147186 0.213384 
3.821899 0.687590 0.661496 0.578102 0.217051 0.193362 0.181758 0.227333 0.133117 0.219096 
3.842614 0.695346 0.673882 0.578764 0.210137 0.219697 0.188913 0.241041 0.127405 0.224507 
3.863329 0.688853 0.707011 0.584536 0.190296 0.222162 0.179533 0.263889 0.119468 0.232564 
3.884044 0.726190 0.742003 0.613576 0.173461 0.233105 0.171958 0.287759 0.135522 0.235570 
3.904759 0.761484 0.792629 0.614057 0.164502 0.219036 0.161616 0.278680 0.158369 0.216871 
3.925473 0.765332 0.802249 0.614117 0.161015 0.207973 0.151275 0.261724 0.182600 0.194805 
3.946188 0.750541 0.786556 0.604197 0.167929 0.203102 0.149230 0.211821 0.195346 0.185967 
3.966903 0.679654 0.752826 0.604978 0.168591 0.204305 0.138588 0.171717 0.200457 0.173280 
3.987618 0.598064 0.702501 0.606842 0.180976 0.208393 0.136364 0.139250 0.203403 0.178451 
4.008333 0.532468 0.654942 0.613456 0.182359 0.219036 0.134620 0.124278 0.184644 0.177489 
4.029048 0.510341 0.637566 0.616402 0.191258 0.225770 0.134680 0.128547 0.182480 0.183742 
4.049763 0.528920 0.616222 0.620972 0.186869 0.243807 0.125000 0.131554 0.172739 0.168230 
4.070478 0.534692 0.601732 0.575096 0.170695 0.237013 0.128006 0.135762 0.176527 0.171537 
4.091193 0.556638 0.581409 0.565176 0.158129 0.238336 0.133418 0.147126 0.171417 0.161917 
4.111907 0.574375 0.552249 0.574615 0.151816 0.219817 0.128427 0.150613 0.169673 0.150974 
4.132622 0.611652 0.562650 0.610329 0.153139 0.196970 0.125661 0.155664 0.148329 0.136724 
4.153337 0.623978 0.546597 0.675986 0.162698 0.169974 0.133658 0.162819 0.125541 0.127225 
4.174052 0.622956 0.538480 0.748557 0.160053 0.145082 0.135883 0.171176 0.117364 0.116883 
4.194767 0.606121 0.565897 0.792027 0.166186 0.123136 0.135823 0.173160 0.112374 0.112193 
4.215482 0.626924 0.613035 0.792508 0.166967 0.117785 0.144601 0.174303 0.125361 0.121212 
4.236197 0.670515 0.648930 0.821729 0.175505 0.132997 0.144601 0.163600 0.149952 0.139129 
4.256912 0.727694 0.699735 0.804173 0.170755 0.157347 0.149892 0.154882 0.183201 0.161556 
4.277627 0.752826 0.725349 0.772667 0.160414 0.193422 0.145202 0.141114 0.209656 0.176828 
4.298342 0.758959 0.722042 0.725289 0.145743 0.206650 0.152958 0.133538 0.230580 0.175986 
4.319057 0.733886 0.706049 0.667989 0.129149 0.219336 0.154221 0.123617 0.230940 0.161857 
4.339772 0.714646 0.694925 0.619649 0.120791 0.215248 0.155544 0.137446 0.211159 0.156145 
4.360487 0.698773 0.717112 0.563672 0.116643 0.186328 0.158610 0.152658 0.195406 0.154582 
4.381201 0.686809 0.742905 0.543651 0.127285 0.167749 0.165825 0.169974 0.168651 0.164021 
4.401916 0.647667 0.727934 0.537097 0.136304 0.140152 0.163059 0.196549 0.143879 0.171597 
4.422631 0.616041 0.717653 0.557780 0.147487 0.134199 0.177910 0.202201 0.135702 0.177128 
4.443346 0.577441 0.690176 0.582912 0.173701 0.146224 0.182119 0.204425 0.143699 0.178812 
4.464061 0.581349 0.670034 0.610329 0.199435 0.162278 0.183562 0.198713 0.167027 0.177429 
4.484776 0.597042 0.639731 0.657828 0.222944 0.191318 0.207552 0.192881 0.182660 0.181999 
4.505491 0.644661 0.608045 0.721260 0.258117 0.220899 0.232443 0.180616 0.209055 0.185426 
4.526206 0.719937 0.571128 0.817220 0.271525 0.253006 0.257876 0.174784 0.232804 0.190176 
4.546920 0.760822 0.553511 0.864057 0.263107 0.248377 0.268879 0.178511 0.234127 0.186809 
4.567635 0.763648 0.545515 0.885943 0.261304 0.243446 0.281686 0.184584 0.221080 0.190055 
4.588350 0.756914 0.542448 0.881493 0.239358 0.236953 0.258478 0.183862 0.211039 0.193422 
4.609065 0.745731 0.563372 0.817581 0.220418 0.218494 0.228836 0.189755 0.200096 0.189815 
4.629780 0.716631 0.582612 0.774591 0.204966 0.220298 0.189935 0.187169 0.205988 0.187350 
4.650495 0.665224 0.626924 0.697451 0.184103 0.227513 0.169312 0.183862 0.216570 0.193482 
4.671210 0.638949 0.671056 0.668050 0.169793 0.242244 0.154461 0.179473 0.200697 0.198593 
4.691925 0.628487 0.701840 0.627706 0.152357 0.211340 0.130592 0.175986 0.201960 0.205808 
4.712640 0.643098 0.696429 0.630411 0.141234 0.185907 0.130532 0.176708 0.189214 0.196729 
4.733355 0.679473 0.686207 0.653920 0.145863 0.153559 0.131433 0.185786 0.173341 0.196068 
4.754069 0.717412 0.681818 0.638167 0.156987 0.129449 0.142256 0.198473 0.146946 0.180916 
4.774784 0.743987 0.662037 0.635161 0.172499 0.110931 0.151335 0.195647 0.122835 0.170214 
4.795499 0.724687 0.647306 0.622655 0.173040 0.116522 0.154461 0.188432 0.099507 0.149110 
4.816214 0.689153 0.649351 0.575758 0.167869 0.109909 0.154521 0.165524 0.087181 0.126924 
4.836929 0.645803 0.643639 0.543290 0.160835 0.125902 0.147126 0.136243 0.086941 0.114298 
4.857644 0.628427 0.689935 0.553090 0.155483 0.142677 0.149651 0.119829 0.094757 0.102333 
4.878359 0.648088 0.737915 0.513227 0.154401 0.160293 0.137927 0.107263 0.106962 0.089346 
4.899074 0.687109 0.765031 0.524230 0.157528 0.164202 0.138829 0.083754 0.128908 0.086099 
4.919789 0.702802 0.756073 0.544072 0.168891 0.172018 0.137446 0.076539 0.146044 0.076780 
4.940504 0.696008 0.731542 0.578042 0.183081 0.163240 0.145803 0.074976 0.174303 0.075697 
4.961218 0.659091 0.673942 0.634379 0.180736 0.153620 0.157708 0.074134 0.187229 0.076900 
4.981933 0.608345 0.641414 0.652597 0.198052 0.161436 0.175204 0.082371 0.206469 0.080748 
5.002648 0.591210 0.608706 0.661376 0.199856 0.154762 0.175986 0.094998 0.227032 0.089767 
5.023363 0.564695 0.607624 0.661015 0.200577 0.161556 0.162278 0.121873 0.245491 0.109367 
5.044078 0.572751 0.627044 0.641234 0.203463 0.161616 0.147848 0.140031 0.248136 0.139190 
5.064793 0.594637 0.632335 0.629930 0.199735 0.177249 0.142496 0.165645 0.240560 0.189153 
5.085508 0.616101 0.631133 0.613817 0.198413 0.184584 0.140212 0.190176 0.207131 0.223785 
5.106223 0.623136 0.639069 0.640632 0.213684 0.184223 0.146344 0.221020 0.175866 0.275132 
5.126938 0.630171 0.632816 0.664081 0.216931 0.180916 0.155904 0.261604 0.158670 0.294553 
5.147653 0.605459 0.640873 0.695406 0.216150 0.182540 0.162999 0.295334 0.146405 0.292328 
5.168367 0.567160 0.649230 0.730339 0.200337 0.177189 0.177850 0.308502 0.135883 0.273870 
5.189082 0.560366 0.662819 0.778920 0.198353 0.176467 0.195286 0.274952 0.145863 0.232985 
5.209797 0.538360 0.660714 0.824254 0.184464 0.190476 0.200818 0.250481 0.142917 0.191619 
5.230512 0.536015 0.642196 0.836219 0.174363 0.179834 0.224928 0.224447 0.123978 0.157287 
5.251227 0.564995 0.628728 0.839827 0.165945 0.183923 0.222823 0.206710 0.108225 0.137927 
5.271942 0.589707 0.655363 0.792569 0.164863 0.177730 0.223725 0.195346 0.087061 0.147667 
5.292657 0.640753 0.698834 0.735510 0.156445 0.164262 0.210077 0.180255 0.065236 0.153860 
5.313372 0.672739 0.756253 0.672499 0.170936 0.160654 0.208153 0.175265 0.057540 0.163600 
5.334087 0.721561 0.783129 0.642617 0.168470 0.158550 0.206349 0.170575 0.056157 0.164923 
5.354802 0.773208 0.777898 0.616402 0.171597 0.153559 0.225950 0.158730 0.070166 0.158309 
5.375516 0.777838 0.737253 0.613276 0.173100 0.146825 0.236412 0.163420 0.088925 0.151215 
5.396231 0.749759 0.725709 0.611472 0.167448 0.139250 0.256313 0.171236 0.103235 0.137025 
5.416946 0.765993 0.734247 0.619889 0.162759 0.144962 0.274952 0.178211 0.120491 0.126623 
5.437661 0.719036 0.796537 0.607383 0.162999 0.141474 0.275433 0.193182 0.139731 0.129449 
5.458376 0.714767 0.818482 0.600349 0.153259 0.147848 0.270382 0.203644 0.153379 0.123737 
5.479091 0.717352 0.815536 0.641053 0.148629 0.144541 0.251323 0.207011 0.164923 0.119709 
5.499806 0.722823 0.804473 0.683742 0.163300 0.149351 0.229257 0.211520 0.173341 0.109728 
5.520521 0.724507 0.730459 0.704726 0.169192 0.143158 0.199916 0.196849 0.174483 0.094937 
5.541236 0.714827 0.641294 0.747655 0.183502 0.145262 0.183081 0.176647 0.177128 0.085678 
5.561951 0.700457 0.591450 0.762506 0.184764 0.138889 0.162278 0.162278 0.179834 0.086821 
5.582665 0.717833 0.576299 0.759860 0.179774 0.142076 0.143939 0.142136 0.155964 0.088324 
5.603380 0.705688 0.590548 0.721922 0.187951 0.141053 0.132516 0.134500 0.146825 0.103836 
5.624095 0.684043 0.616101 0.689153 0.203343 0.157227 0.125902 0.130171 0.138348 0.122896 
5.644810 0.656205 0.621332 0.657468 0.233285 0.163240 0.122415 0.123076 0.133718 0.146224 
5.665525 0.658009 0.618506 0.641294 0.235931 0.158309 0.118807 0.115861 0.148569 0.159392 
5.686240 0.649591 0.646224 0.627645 0.254088 0.156025 0.118086 0.107023 0.166246 0.169432 
5.706955 0.657047 0.647487 0.616462 0.242905 0.155363 0.134319 0.094697 0.186568 0.170815 
5.727670 0.650252 0.664743 0.603235 0.228114 0.172018 0.158670 0.092292 0.202621 0.171176 
5.748384 0.634800 0.640332 0.562951 0.213925 0.184223 0.191318 0.080267 0.206109 0.161797 
5.769099 0.630892 0.629630 0.535774 0.192761 0.204425 0.239538 0.087061 0.202982 0.154401 
5.789814 0.627044 0.605339 0.503728 0.171537 0.220899 0.257876 0.095839 0.171777 0.151876 
5.810529 0.603235 0.609247 0.495972 0.153199 0.223725 0.261364 0.103235 0.147787 0.149351 
5.831244 0.598545 0.629149 0.523990 0.126323 0.234728 0.251142 0.114839 0.133478 0.141955 
5.851959 0.608045 0.650854 0.579125 0.112614 0.243506 0.228175 0.116402 0.127766 0.143579 
5.872674 0.623978 0.684824 0.630592 0.094156 0.246032 0.184885 0.112314 0.143579 0.141955 
5.893389 0.650794 0.693062 0.665645 0.093494 0.236231 0.161496 0.104918 0.161496 0.145863 
5.914104 0.677189 0.728595 0.681397 0.098846 0.234969 0.139250 0.098785 0.174784 0.154942 
5.934819 0.680736 0.711821 0.699615 0.115741 0.197150 0.125301 0.106782 0.203944 0.157287 
5.955534 0.701479 0.735209 0.726190 0.137927 0.176227 0.113456 0.121212 0.217713 0.173641 
5.976249 0.667569 0.719697 0.745551 0.145803 0.147667 0.102814 0.138588 0.208213 0.197511 
5.996964 0.635522 0.709175 0.754750 0.156085 0.123797 0.086279 0.157888 0.194144 0.215729 
6.017678 0.632035 0.659873 0.762386 0.163300 0.113396 0.088083 0.166546 0.183562 0.225108 
6.038393 0.644420 0.606421 0.775613 0.168591 0.105219 0.095118 0.185125 0.181878 0.231842 
6.059108 0.685847 0.588745 0.772607 0.157347 0.108345 0.108466 0.188312 0.190356 0.239117 
6.079823 0.735690 0.606121 0.796236 0.157167 0.103956 0.121453 0.193603 0.197030 0.234848 
6.100538 0.778078 0.622415 0.809885 0.154461 0.090969 0.121152 0.195707 0.208454 0.226491 
6.121253 0.787398 0.637566 0.818001 0.157888 0.093795 0.132035 0.186568 0.199134 0.219998 
6.141968 0.787037 0.658309 0.823593 0.155904 0.095779 0.130291 0.187350 0.171777 0.179473 
6.162683 0.754750 0.647186 0.795695 0.146585 0.117544 0.118446 0.186628 0.143579 0.148990 
6.183398 0.716691 0.648268 0.762326 0.143038 0.128908 0.119108 0.190296 0.144781 0.118807 
6.204113 0.685847 0.646946 0.736111 0.143819 0.140753 0.116282 0.185786 0.146465 0.113576 
6.224827 0.681037 0.674603 0.702501 0.134259 0.150854 0.125782 0.179353 0.163240 0.112193 
6.245542 0.710017 0.667869 0.651876 0.145322 0.152597 0.131914 0.184704 0.183802 0.118326 
6.266257 0.752164 0.658249 0.600409 0.152658 0.151215 0.147246 0.172619 0.196849 0.127886 
6.286972 0.800565 0.639670 0.526335 0.171356 0.154221 0.142316 0.162458 0.203223 0.142496 
6.307687 0.803872 0.616162 0.466991 0.196188 0.144420 0.136604 0.151996 0.201058 0.169132 
6.328402 0.789562 0.613215 0.452501 0.210798 0.140813 0.125481 0.128126 0.191979 0.188733 
6.349117 0.745370 0.619228 0.494288 0.216330 0.135823 0.113456 0.104858 0.187470 0.210378 
6.369832 0.726431 0.634981 0.540885 0.218134 0.133838 0.101311 0.100649 0.175806 0.219998 
6.390547 0.706830 0.684824 0.612314 0.212422 0.141053 0.099086 0.101972 0.162759 0.216330 
6.411262 0.689514 0.732263 0.671537 0.215789 0.155063 0.095899 0.110991 0.166486 0.213023 
6.431976 0.644961 0.810786 0.705628 0.196549 0.175325 0.099387 0.122655 0.166126 0.205868 
6.452691 0.620791 0.856301 0.713203 0.180315 0.189514 0.104618 0.148990 0.162338 0.200457 
6.473406 0.604798 0.839827 0.710017 0.170755 0.203944 0.121092 0.167809 0.163660 0.202561 
6.494121 0.606061 0.820587 0.671236 0.166426 0.226251 0.147908 0.187290 0.151335 0.176708 
6.514836 0.589827 0.748316 0.649110 0.162097 0.236111 0.182961 0.202621 0.147427 0.166667 
6.535551 0.597463 0.711460 0.634680 0.158610 0.246934 0.217713 0.208393 0.142436 0.147848 
6.556266 0.584897 0.675625 0.643819 0.152718 0.250000 0.231662 0.215488 0.151455 0.139370 
6.576981 0.579485 0.648148 0.676347 0.150012 0.243266 0.242124 0.212181 0.156806 0.141595 
6.597695 0.573773 0.604197 0.720418 0.135582 0.246693 0.240741 0.214346 0.164382 0.138769 
6.618410 0.575156 0.584716 0.732985 0.120250 0.244348 0.237494 0.209897 0.162879 0.140392 
6.639125 0.570226 0.558983 0.724026 0.109728 0.226311 0.234428 0.206950 0.166607 0.143038 
6.659840 0.566017 0.562891 0.698533 0.112855 0.196669 0.240500 0.220358 0.151756 0.158369 
6.680555 0.556397 0.585498 0.667749 0.118567 0.164683 0.227032 0.237133 0.146284 0.174242 
6.701270 0.552549 0.598124 0.628848 0.134560 0.139129 0.229137 0.252285 0.155483 0.181999 
6.721985 0.558502 0.599988 0.607684 0.156566 0.118446 0.221080 0.257275 0.170334 0.178932 
6.742700 0.549062 0.577020 0.585798 0.157107 0.108586 0.229858 0.243987 0.199916 0.175685 
6.763415 0.508417 0.555676 0.564153 0.174122 0.114719 0.222403 0.248196 0.226491 0.166065 
6.784130 0.491823 0.544673 0.561388 0.173761 0.128848 0.189695 0.237855 0.228896 0.172138 
6.804844 0.486291 0.552850 0.600228 0.186147 0.148930 0.168110 0.241402 0.226070 0.175385 
6.825559 0.528559 0.581650 0.645683 0.182299 0.157708 0.145984 0.225108 0.211159 0.179233 
6.846274 0.589406 0.635221 0.683923 0.179594 0.170936 0.140152 0.196368 0.195406 0.167027 
6.866989 0.659031 0.659091 0.711219 0.179473 0.173581 0.134500 0.158129 0.190356 0.156085 
6.887704 0.732443 0.703102 0.733886 0.185666 0.165645 0.126623 0.120370 0.188672 0.145202 
6.908419 0.754930 0.740801 0.704786 0.191198 0.161797 0.127225 0.104618 0.181698 0.123256 
6.929134 0.782167 0.737494 0.660233 0.193603 0.147487 0.119649 0.101130 0.176708 0.098545 
6.949849 0.782949 0.737855 0.613396 0.195767 0.151515 0.118567 0.106602 0.165524 0.094937 
6.970564 0.762025 0.707191 0.627766 0.190596 0.155123 0.119889 0.120491 0.171717 0.092472 
6.991279 0.753066 0.646585 0.675926 0.172799 0.163300 0.121332 0.134500 0.160354 0.098425 
7.011993 0.747775 0.629750 0.738155 0.164262 0.190236 0.123076 0.146585 0.153499 0.121633 
7.032708 0.729618 0.623256 0.771585 0.162157 0.208935 0.130832 0.153800 0.132636 0.139009 
7.053423 0.727934 0.644300 0.757816 0.166486 0.231000 0.130411 0.157708 0.113997 0.166787 
7.074138 0.746873 0.668831 0.737013 0.178030 0.244468 0.137446 0.146886 0.105219 0.185125 
7.094853 0.765392 0.666667 0.687169 0.179473 0.249038 0.144240 0.153499 0.101190 0.207732 
7.115568 0.795875 0.668651 0.664081 0.162278 0.251202 0.156325 0.157648 0.105820 0.234728 
7.136283 0.818603 0.675685 0.648208 0.145984 0.219216 0.165885 0.151215 0.118146 0.249339 
7.156998 0.818062 0.699134 0.647667 0.135402 0.197451 0.179774 0.143519 0.123737 0.252886 
7.177713 0.816378 0.726190 0.661075 0.134800 0.171056 0.188733 0.135041 0.125842 0.240620 
7.198428 0.813733 0.723785 0.690717 0.145322 0.145322 0.199315 0.124579 0.129329 0.240620 
7.219142 0.780183 0.717833 0.700096 0.165464 0.115560 0.213023 0.110750 0.123377 0.217292 
7.239857 0.717593 0.694565 0.687410 0.164923 0.112013 0.220539 0.097884 0.107624 0.221501 
7.260572 0.629269 0.661075 0.668410 0.165464 0.128126 0.215188 0.090969 0.082371 0.207912 
7.281287 0.577140 0.622595 0.622054 0.161977 0.144360 0.195106 0.091751 0.075096 0.189995 
7.302002 0.569805 0.634860 0.585257 0.148629 0.161977 0.179473 0.104016 0.065536 0.177670 
7.322717 0.566438 0.657407 0.554173 0.132997 0.155844 0.152778 0.107684 0.068362 0.158249 
7.343432 0.606782 0.740620 0.563793 0.134680 0.142617 0.134740 0.109788 0.079245 0.157047 
7.364147 0.631133 0.800325 0.593915 0.138228 0.144541 0.130712 0.111472 0.089346 0.145924 
7.384862 0.662097 0.842713 0.643879 0.147006 0.138408 0.121934 0.107504 0.112193 0.163179 
7.405577 0.700216 0.852694 0.699375 0.151575 0.147727 0.119769 0.117785 0.131975 0.189334 
7.426291 0.720839 0.831890 0.717532 0.153259 0.159752 0.121934 0.122234 0.154101 0.216991 
7.447006 0.721922 0.834416 0.738336 0.156686 0.171717 0.120010 0.141294 0.175325 0.233586 
7.467721 0.732924 0.802790 0.722342 0.149411 0.184524 0.129088 0.157047 0.190536 0.230099 
7.488436 0.716691 0.773569 0.743627 0.142376 0.192641 0.142436 0.167749 0.206950 0.217412 
7.509151 0.689634 0.712722 0.751503 0.134019 0.185245 0.149291 0.169613 0.197751 0.202261 
7.529866 0.635341 0.669493 0.754329 0.132215 0.196008 0.155063 0.180375 0.194264 0.184103 
7.550581 0.614658 0.648148 0.740380 0.141835 0.195286 0.152958 0.168531 0.191859 0.173220 
7.571296 0.619589 0.635582 0.724387 0.160233 0.215067 0.159873 0.150734 0.188071 0.171236 
7.592011 0.627706 0.624880 0.663059 0.187290 0.235390 0.165765 0.123617 0.198593 0.166366 
7.612726 0.672860 0.605519 0.597583 0.213564 0.248677 0.175385 0.111772 0.203223 0.163901 
7.633440 0.688492 0.602032 0.548341 0.234668 0.256734 0.178932 0.118867 0.216751 0.158550 
7.654155 0.737915 0.602273 0.524291 0.229076 0.256012 0.185305 0.140693 0.214586 0.159211 
7.674870 0.743987 0.606421 0.539622 0.214165 0.246092 0.192340 0.167869 0.199615 0.156145 
7.695585 0.758538 0.614478 0.560606 0.177730 0.213203 0.196368 0.185786 0.182480 0.147306 
7.716300 0.759019 0.619889 0.582552 0.150132 0.194144 0.193843 0.199796 0.163841 0.153379 
7.737015 0.726912 0.611953 0.593855 0.127225 0.164743 0.188011 0.205327 0.146224 0.163961 
7.757730 0.717893 0.613456 0.614779 0.133538 0.148930 0.180916 0.193963 0.129930 0.180375 
7.778445 0.668170 0.594877 0.633478 0.145743 0.149170 0.189093 0.186508 0.123497 0.206950 
7.799160 0.629990 0.559343 0.622054 0.164983 0.155483 0.185486 0.166667 0.128126 0.212061 
7.819875 0.589406 0.528980 0.597884 0.178331 0.167088 0.195406 0.167629 0.147547 0.212843 
7.840590 0.563011 0.501563 0.571368 0.188552 0.179654 0.193001 0.174543 0.176467 0.190717 
7.861304 0.555796 0.490681 0.547258 0.189815 0.191318 0.183442 0.195226 0.196368 0.160955 
7.882019 0.564695 0.482023 0.562410 0.190957 0.191138 0.160594 0.224146 0.222884 0.142076 
7.902734 0.567460 0.506253 0.608405 0.199194 0.178511 0.136063 0.238155 0.218615 0.135101 
7.923449 0.565176 0.549423 0.678872 0.191438 0.167268 0.120190 0.252044 0.210859 0.125601 
7.944164 0.558261 0.597342 0.765512 0.188312 0.155183 0.110089 0.252164 0.200337 0.127525 
7.964879 0.528559 0.662217 0.828764 0.179413 0.137987 0.110570 0.233165 0.197571 0.133478 
7.985594 0.521585 0.701900 0.888288 0.174603 0.134199 0.117725 0.226491 0.191558 0.140933 
8.006309 0.538179 0.713324 0.879028 0.168170 0.127766 0.121994 0.193963 0.164743 0.161917 
8.027024 0.573473 0.713925 0.874820 0.170815 0.131313 0.123497 0.166967 0.143579 0.178992 
8.047739 0.652116 0.706469 0.867364 0.168831 0.138769 0.112975 0.159993 0.130111 0.179834 
8.068453 0.728054 0.694324 0.840428 0.166246 0.144060 0.114177 0.147667 0.122354 0.184524 
8.089168 0.811748 0.680135 0.794192 0.161616 0.152357 0.126563 0.146104 0.122114 0.180616 
8.109883 0.865921 0.686508 0.755531 0.158369 0.155904 0.145503 0.145743 0.131073 0.186147 
8.130598 0.886424 0.713745 0.683381 0.170094 0.147968 0.183742 0.153139 0.152597 0.183081 
8.151313 0.843675 0.737975 0.655604 0.174062 0.152116 0.200938 0.174964 0.164262 0.186748 
8.172028 0.767617 0.754630 0.617905 0.181638 0.156325 0.224206 0.208454 0.172439 0.195406 
8.192743 0.679413 0.725168 0.594396 0.188011 0.150433 0.219336 0.225409 0.178992 0.190236 
8.213458 0.609307 0.689274 0.602513 0.191859 0.151455 0.216089 0.230038 0.182359 0.186267 
8.234172 0.586400 0.660835 0.587783 0.185546 0.148389 0.193062 0.226431 0.181938 0.182900 
8.254887 0.584175 0.685426 0.584836 0.199315 0.131734 0.184223 0.207431 0.188672 0.163480 
8.275602 0.596801 0.733285 0.582732 0.191498 0.132095 0.175685 0.191679 0.194024 0.161316 
8.296318 0.617364 0.774411 0.576239 0.192520 0.109608 0.185726 0.183141 0.189995 0.157468 
8.317032 0.619529 0.828102 0.584656 0.190055 0.091510 0.195948 0.178030 0.186328 0.161316 
8.337747 0.624699 0.863817 0.591570 0.177489 0.077742 0.199495 0.181337 0.166546 0.161195 
8.358462 0.600048 0.852092 0.575337 0.163420 0.066919 0.201359 0.183381 0.146104 0.167448 
8.379177 0.603776 0.813853 0.573232 0.151996 0.072451 0.201599 0.191258 0.134440 0.176708 
8.399891 0.578223 0.759079 0.574134 0.140332 0.092292 0.191619 0.185907 0.133959 0.183081 
8.420607 0.606662 0.740200 0.560125 0.145322 0.111953 0.176347 0.186568 0.134319 0.161195 
8.441322 0.598906 0.709836 0.573954 0.149351 0.125421 0.164803 0.186207 0.147547 0.160534 
8.462037 0.623617 0.743867 0.603415 0.162518 0.144300 0.149050 0.173581 0.147006 0.154942 
8.482751 0.625721 0.765933 0.632455 0.178511 0.160714 0.138228 0.158430 0.156205 0.153559 
8.503466 0.623437 0.797559 0.653980 0.179052 0.192881 0.136724 0.143759 0.155363 0.168050 
8.524181 0.615260 0.790705 0.678812 0.175084 0.213023 0.146705 0.132456 0.149832 0.174603 
8.544896 0.622595 0.747174 0.700397 0.162999 0.231301 0.166546 0.132636 0.147848 0.171176 
8.565611 0.669072 0.693362 0.715308 0.160534 0.216811 0.180375 0.129990 0.140933 0.160113 
8.586326 0.711159 0.626984 0.736953 0.161857 0.203764 0.183261 0.142076 0.138889 0.155724 
8.607041 0.750601 0.566378 0.729497 0.162157 0.184163 0.189153 0.148028 0.142015 0.161496 
8.627756 0.802369 0.536316 0.714767 0.172258 0.170154 0.196008 0.156866 0.145262 0.164141 
8.648470 0.832672 0.529461 0.684464 0.185426 0.156385 0.199735 0.162999 0.139911 0.184584 
8.669185 0.819925 0.560786 0.663721 0.187410 0.152958 0.187290 0.158009 0.144240 0.190837 
8.689900 0.825818 0.598304 0.687590 0.179533 0.165164 0.187290 0.161015 0.162097 0.202441 
8.710616 0.794132 0.603535 0.679774 0.169072 0.179473 0.175325 0.162157 0.180856 0.185847 
8.731330 0.751202 0.591450 0.663781 0.150253 0.204185 0.162278 0.184885 0.202682 0.167929 
8.752045 0.698413 0.575577 0.632516 0.134981 0.215007 0.157528 0.192581 0.209596 0.159392 
8.772760 0.633778 0.552670 0.602453 0.120611 0.216631 0.150734 0.196970 0.199615 0.157828 
8.793475 0.574315 0.525433 0.607564 0.111712 0.211700 0.145082 0.204125 0.187470 0.172739 
8.814189 0.551347 0.496633 0.610871 0.112975 0.201299 0.124759 0.203704 0.179654 0.196008 
8.834905 0.557119 0.477032 0.602333 0.117304 0.197270 0.099808 0.216150 0.177309 0.221801 
8.855620 0.578944 0.468374 0.613215 0.124820 0.187350 0.085678 0.204485 0.155604 0.238396 
8.876335 0.586159 0.491282 0.590608 0.131914 0.185546 0.071669 0.202982 0.140392 0.242725 
8.897049 0.606241 0.572030 0.618086 0.156686 0.187410 0.069625 0.208033 0.118146 0.218254 
8.917764 0.614298 0.654822 0.641294 0.165524 0.201058 0.080748 0.204245 0.111352 0.211159 
8.938479 0.609488 0.728956 0.670214 0.186448 0.216029 0.105700 0.201178 0.107203 0.184223 
8.959194 0.634560 0.755231 0.699675 0.207371 0.238516 0.135101 0.182780 0.115320 0.162398 
8.979909 0.656265 0.738937 0.705507 0.192280 0.250661 0.166366 0.172860 0.112734 0.144962 
9.000624 0.676166 0.708754 0.719998 0.177309 0.254209 0.188853 0.169493 0.132275 0.127706 
9.021339 0.707732 0.703283 0.734488 0.168170 0.247535 0.191919 0.171356 0.141053 0.106842 
9.042054 0.735450 0.701419 0.761303 0.164803 0.225108 0.174784 0.187650 0.148930 0.092232 
9.062768 0.721681 0.730459 0.780183 0.178632 0.195827 0.156205 0.198172 0.158911 0.086219 
9.083483 0.715248 0.756614 0.788059 0.185967 0.160835 0.134139 0.204305 0.157588 0.087903 
9.104198 0.687710 0.764610 0.770623 0.181277 0.144240 0.122114 0.198713 0.156866 0.087783 
9.124913 0.649170 0.752104 0.763107 0.169252 0.138648 0.118506 0.191138 0.156746 0.095839 
9.145628 0.642136 0.722102 0.738636 0.151515 0.136424 0.116041 0.173761 0.158850 0.102573 
9.166343 0.628908 0.708574 0.708514 0.129810 0.125541 0.132816 0.162578 0.172078 0.120130 
9.187058 0.643158 0.703163 0.693903 0.113456 0.118386 0.141354 0.152537 0.188191 0.137506 
9.207773 0.629870 0.730580 0.696549 0.105099 0.120491 0.143458 0.156746 0.202802 0.162338 
9.228487 0.622535 0.748918 0.696609 0.105099 0.123316 0.154582 0.147667 0.183261 0.173280 
9.249202 0.624098 0.775553 0.699555 0.130050 0.127465 0.179473 0.160534 0.166306 0.182660 
9.269917 0.611051 0.787037 0.689695 0.150974 0.146284 0.199555 0.162819 0.143699 0.183081 
9.290633 0.590308 0.738276 0.662819 0.189334 0.151816 0.219637 0.179774 0.140873 0.180556 
9.311347 0.566979 0.705928 0.652958 0.219216 0.161135 0.222342 0.202020 0.154461 0.150553 
9.332062 0.559584 0.691799 0.656325 0.234247 0.161255 0.218254 0.222643 0.169372 0.132275 
9.352777 0.574134 0.679894 0.679052 0.228716 0.153379 0.206349 0.234007 0.187891 0.108766 
9.373492 0.611833 0.725289 0.704846 0.213564 0.140753 0.201479 0.241582 0.196068 0.101311 
9.394207 0.656926 0.770623 0.728716 0.194745 0.125842 0.183261 0.229317 0.183742 0.109608 
9.414922 0.662097 0.806638 0.735931 0.183622 0.112073 0.187891 0.221861 0.159031 0.136905 
9.435637 0.664081 0.820527 0.700697 0.168410 0.103295 0.191919 0.206530 0.144180 0.172258 
9.456352 0.674303 0.805856 0.667268 0.157227 0.104016 0.182179 0.177309 0.133718 0.198052 
9.477067 0.689394 0.778740 0.624339 0.136905 0.100589 0.169012 0.162999 0.125541 0.226130 
9.497781 0.708093 0.729437 0.610029 0.121513 0.102333 0.152718 0.154822 0.126984 0.221922 
9.518496 0.728475 0.678632 0.597222 0.112494 0.109007 0.142677 0.157648 0.129088 0.216510 
9.539211 0.745551 0.625962 0.576058 0.102694 0.125541 0.134019 0.178391 0.137326 0.193903 
9.559927 0.730700 0.542869 0.568482 0.102874 0.136243 0.140212 0.187951 0.139250 0.174904 
9.580641 0.701419 0.496573 0.573353 0.106722 0.158911 0.134740 0.183261 0.149170 0.145863 
9.601356 0.680976 0.444505 0.607263 0.102032 0.167448 0.134259 0.183923 0.150433 0.136003 
9.622071 0.670515 0.427970 0.628367 0.115620 0.183442 0.132035 0.173942 0.149351 0.135101 
9.642786 0.654521 0.437109 0.629389 0.118867 0.185486 0.134800 0.169252 0.138107 0.144541 
9.663500 0.656626 0.460678 0.618987 0.126082 0.203583 0.131253 0.159151 0.129569 0.162819 
9.684216 0.683562 0.477513 0.590789 0.132756 0.209476 0.140392 0.155423 0.128487 0.173761 
9.704931 0.697571 0.495430 0.585979 0.140452 0.199014 0.143699 0.127826 0.138228 0.182299 
9.725646 0.699856 0.541667 0.599026 0.137326 0.181397 0.151395 0.121453 0.154642 0.170154 
9.746360 0.700938 0.583093 0.617905 0.143759 0.171657 0.156145 0.107864 0.171898 0.166486 
9.767075 0.705507 0.655784 0.650192 0.152658 0.166366 0.161436 0.097222 0.187290 0.160835 
9.787790 0.698413 0.719276 0.710378 0.172018 0.172679 0.155604 0.098485 0.186869 0.149050 
9.808505 0.716150 0.754810 0.717172 0.200517 0.169072 0.164743 0.099026 0.172439 0.149170 
9.829220 0.703463 0.759740 0.718795 0.231121 0.178090 0.168711 0.106061 0.154101 0.154401 
9.849935 0.708393 0.785173 0.708393 0.250240 0.176948 0.176647 0.122595 0.151756 0.156926 
9.870650 0.675204 0.782167 0.703463 0.254810 0.173581 0.178812 0.133478 0.157347 0.182480 
9.891365 0.636183 0.787217 0.735029 0.249639 0.176828 0.175806 0.155664 0.190476 0.204185 
9.912079 0.607383 0.798401 0.743206 0.221380 0.174603 0.173942 0.175866 0.222042 0.224747 
9.932794 0.584115 0.789743 0.742725 0.214827 0.180255 0.178090 0.195467 0.244949 0.239658 
9.953509 0.587181 0.778319 0.706830 0.210077 0.189153 0.177128 0.221380 0.239719 0.243987 
9.974224 0.629028 0.763588 0.662278 0.210137 0.205868 0.171417 0.235690 0.230820 0.246032 
9.994939 0.665765 0.743506 0.651214 0.206169 0.224327 0.164021 0.236231 0.209656 0.252766 
10.015654 0.669493 0.716390 0.675325 0.193362 0.236772 0.165584 0.224327 0.193362 0.245370 
10.036369 0.641354 0.685786 0.699074 0.187290 0.238516 0.189815 0.194805 0.194444 0.243867 
10.057084 0.596501 0.686448 0.722643 0.170094 0.227273 0.212422 0.173280 0.180435 0.234367 
10.077798 0.576239 0.700517 0.730159 0.175265 0.216931 0.233405 0.170034 0.174663 0.207852 
10.098513 0.582552 0.686267 0.693963 0.161376 0.204726 0.234307 0.180435 0.160474 0.174483 
10.119228 0.631794 0.680495 0.644961 0.168891 0.198172 0.221380 0.187590 0.161075 0.160594 
10.139944 0.688071 0.619408 0.603054 0.161255 0.174663 0.193122 0.210017 0.164803 0.142617 
10.160658 0.731421 0.578884 0.578824 0.150072 0.159151 0.160654 0.214226 0.168651 0.142496 
10.181373 0.736532 0.539442 0.567400 0.150012 0.141715 0.136243 0.207131 0.163300 0.137446 
10.202088 0.703824 0.522787 0.563913 0.154762 0.125661 0.126984 0.190055 0.162638 0.136123 
10.222803 0.651094 0.561267 0.572872 0.160895 0.118025 0.126744 0.179293 0.160233 0.150012 
10.243518 0.583273 0.574074 0.589466 0.154942 0.117605 0.139009 0.165645 0.168290 0.165705 
10.264233 0.554293 0.607143 0.612554 0.163179 0.119589 0.137085 0.165164 0.163841 0.177008 
10.284948 0.571128 0.638408 0.622294 0.163961 0.127706 0.148329 0.162338 0.163660 0.194324 
10.305663 0.604437 0.637326 0.647006 0.152958 0.135342 0.143759 0.154942 0.137566 0.203884 
10.326377 0.652537 0.668951 0.638648 0.147667 0.152537 0.143398 0.143519 0.121513 0.192460 
10.347092 0.680255 0.692280 0.635341 0.152778 0.158971 0.144420 0.137927 0.107443 0.175265 
10.367807 0.700397 0.701659 0.638408 0.155423 0.162698 0.152297 0.127826 0.091631 0.156085 
10.388522 0.709115 0.711099 0.658129 0.176768 0.153800 0.147306 0.128066 0.086400 0.141835 
10.409237 0.698954 0.737434 0.698473 0.190897 0.148148 0.150313 0.139129 0.082672 0.138228 
10.429952 0.675926 0.764490 0.722222 0.207672 0.132876 0.134921 0.148088 0.090127 0.135823 
10.450667 0.683261 0.772547 0.738276 0.207431 0.125481 0.126263 0.151455 0.103295 0.140873 
10.471382 0.699315 0.752405 0.709897 0.200457 0.123016 0.109127 0.158069 0.104618 0.136183 
10.492096 0.728836 0.726732 0.677189 0.178992 0.135702 0.098184 0.146164 0.112915 0.145984 
10.512811 0.724507 0.688492 0.639129 0.171176 0.147367 0.097463 0.139911 0.128126 0.140452 
10.533526 0.688372 0.651996 0.656205 0.169673 0.150974 0.108405 0.136724 0.142196 0.148329 
10.554242 0.667869 0.622475 0.698052 0.171958 0.137686 0.118747 0.144901 0.155243 0.147487 
10.574956 0.654521 0.607143 0.708935 0.187229 0.126323 0.138588 0.153139 0.144120 0.162759 
10.595671 0.690536 0.615380 0.721200 0.198052 0.127706 0.155303 0.156806 0.136304 0.174543 
10.616386 0.729197 0.609428 0.737434 0.204064 0.135462 0.164141 0.169192 0.112674 0.184704 
10.637101 0.751263 0.641835 0.717653 0.197992 0.164743 0.158790 0.162217 0.104557 0.194685 
10.657815 0.758478 0.648870 0.720719 0.184043 0.199134 0.159452 0.165645 0.105339 0.189755 
10.678531 0.719577 0.671296 0.716631 0.180495 0.229678 0.153860 0.158670 0.109548 0.197270 
10.699246 0.681818 0.698954 0.726371 0.188612 0.252706 0.164081 0.156085 0.118206 0.202020 
10.719961 0.638468 0.721140 0.740921 0.189334 0.252465 0.172258 0.143338 0.135342 0.212843 
10.740675 0.603054 0.745370 0.717352 0.209355 0.255411 0.177068 0.124278 0.144120 0.217352 
10.761390 0.583093 0.750541 0.694384 0.210378 0.253547 0.193302 0.116522 0.154642 0.218975 
10.782105 0.604678 0.778199 0.688973 0.191558 0.258838 0.199735 0.107263 0.161797 0.207371 
10.802820 0.596621 0.807540 0.678752 0.176467 0.247535 0.212482 0.105880 0.166667 0.196489 
10.823535 0.601972 0.809764 0.678632 0.153740 0.240981 0.198954 0.101732 0.183983 0.186087 
10.844250 0.641234 0.818422 0.663660 0.131313 0.225589 0.178211 0.103415 0.193182 0.191077 
10.864965 0.672499 0.796777 0.633598 0.129028 0.198894 0.142617 0.105399 0.187831 0.201419 
10.885680 0.700337 0.772306 0.609127 0.131433 0.171417 0.110149 0.111833 0.189755 0.208694 
10.906394 0.714286 0.716691 0.595238 0.144661 0.148749 0.090548 0.111712 0.177670 0.214286 
10.927109 0.705748 0.662458 0.597523 0.162638 0.122475 0.087662 0.129389 0.173521 0.212662 
10.947824 0.727814 0.618747 0.592292 0.198653 0.106962 0.095418 0.140572 0.180495 0.186688 
10.968539 0.742003 0.587362 0.608886 0.226912 0.100168 0.117905 0.156205 0.185185 0.178271 
10.989254 0.759319 0.567100 0.638408 0.247835 0.108285 0.132816 0.165765 0.204125 0.164141 
11.009969 0.798461 0.551467 0.648629 0.251563 0.119769 0.155724 0.167208 0.207672 0.162578 
11.030684 0.820827 0.560486 0.665524 0.221080 0.135161 0.178271 0.157708 0.202862 0.173521 
11.051399 0.810907 0.568242 0.678030 0.194444 0.144962 0.186087 0.163240 0.175265 0.186628 
11.072114 0.769961 0.565596 0.683261 0.174303 0.161255 0.185125 0.172198 0.143338 0.194805 
11.092829 0.751623 0.568182 0.687710 0.175866 0.176467 0.188492 0.174483 0.126202 0.192761 
11.113544 0.742785 0.587061 0.674122 0.183081 0.208694 0.177910 0.184464 0.112253 0.177489 
11.134259 0.708874 0.644541 0.653920 0.183081 0.241582 0.170515 0.176888 0.103054 0.165705 
11.154974 0.679473 0.674603 0.599266 0.182239 0.286316 0.153860 0.164262 0.109548 0.152237 
11.175688 0.624278 0.716390 0.550685 0.167809 0.302790 0.148990 0.167929 0.118086 0.147066 
11.196403 0.574435 0.731301 0.527958 0.154401 0.295455 0.155904 0.174303 0.114899 0.148449 
11.217118 0.512807 0.738336 0.520262 0.151395 0.271946 0.158309 0.189875 0.093434 0.169012 
11.237833 0.500842 0.695106 0.524832 0.143458 0.232744 0.165464 0.206890 0.088684 0.188793 
11.258548 0.504690 0.644841 0.518338 0.137566 0.194925 0.170635 0.208694 0.083454 0.220118 
11.279263 0.522787 0.599327 0.543350 0.135702 0.165885 0.165945 0.212542 0.098545 0.234127 
11.299978 0.534151 0.556037 0.546356 0.126323 0.147427 0.163119 0.207251 0.118146 0.259259 
11.320693 0.540164 0.580748 0.569324 0.130231 0.137326 0.151094 0.202441 0.145563 0.280664 
11.341407 0.567220 0.630772 0.594697 0.123797 0.133778 0.128367 0.191138 0.166486 0.256734 
11.362122 0.631493 0.682059 0.659512 0.135281 0.142557 0.122655 0.172499 0.186688 0.238095 
11.382837 0.684764 0.719998 0.721681 0.141775 0.142316 0.107143 0.164322 0.192941 0.209836 
11.403553 0.721380 0.729798 0.785053 0.151154 0.159151 0.108706 0.138889 0.204726 0.193482 
11.424267 0.709416 0.714767 0.821308 0.169252 0.173220 0.104497 0.133778 0.214767 0.187891 
11.444982 0.679533 0.681818 0.808862 0.182359 0.170094 0.121693 0.131313 0.218013 0.202261 
11.465697 0.649892 0.670094 0.778199 0.188612 0.161496 0.139791 0.136484 0.223906 0.205988 
11.486412 0.612314 0.665584 0.752946 0.203583 0.134740 0.154582 0.140152 0.214526 0.213264 
11.507126 0.638107 0.670635 0.696549 0.208694 0.107804 0.161917 0.139731 0.213324 0.224627 
11.527842 0.663119 0.686929 0.668951 0.215067 0.090428 0.173280 0.129690 0.205207 0.223966 
11.548557 0.724747 0.690657 0.662638 0.208694 0.078583 0.181397 0.139310 0.211580 0.228175 
11.569272 0.789262 0.681217 0.682059 0.198773 0.079606 0.182961 0.149411 0.200697 0.232383 
11.589986 0.826419 0.679533 0.713083 0.173160 0.091330 0.193963 0.157167 0.200637 0.219216 
11.610701 0.843555 0.638949 0.719336 0.155604 0.111652 0.208874 0.179233 0.197210 0.195406 
11.631416 0.825337 0.631914 0.711400 0.139971 0.120791 0.196970 0.183321 0.196910 0.187470 
11.652131 0.783911 0.645803 0.693182 0.131914 0.138167 0.192220 0.185907 0.198533 0.170575 
11.672846 0.728355 0.673100 0.662338 0.135221 0.155423 0.174603 0.177189 0.190777 0.171417 
11.693561 0.623316 0.733345 0.655784 0.141053 0.173761 0.155844 0.163119 0.186087 0.155303 
11.714276 0.574615 0.769661 0.677309 0.143519 0.184584 0.139129 0.144180 0.187109 0.148810 
11.734991 0.582311 0.770142 0.689514 0.152297 0.192100 0.136965 0.123256 0.184644 0.138468 
11.755705 0.622655 0.761183 0.673401 0.154101 0.188793 0.122775 0.100349 0.196910 0.122835 
11.776420 0.674303 0.714105 0.660113 0.146405 0.193723 0.128006 0.103175 0.192340 0.117063 
11.797135 0.683201 0.694745 0.655784 0.154161 0.203163 0.138167 0.103535 0.183321 0.106121 
11.817850 0.715067 0.658309 0.653439 0.151515 0.200818 0.158971 0.120911 0.178391 0.111051 
11.838565 0.705688 0.640332 0.657107 0.166607 0.191799 0.169312 0.144541 0.166727 0.113997 
11.859280 0.692460 0.628788 0.657528 0.181878 0.186748 0.178571 0.173461 0.165043 0.113516 
11.879995 0.688973 0.636604 0.667088 0.192941 0.194685 0.189875 0.180195 0.149050 0.098304 
11.900710 0.676287 0.614719 0.649832 0.205688 0.192821 0.192039 0.181337 0.129329 0.095899 
11.921424 0.650012 0.628728 0.643398 0.204305 0.200277 0.166967 0.173641 0.118747 0.102754 
11.942140 0.643939 0.633057 0.622354 0.187530 0.200457 0.158490 0.169012 0.106361 0.122715 
11.962855 0.629389 0.660354 0.643098 0.164382 0.180616 0.139190 0.174543 0.109187 0.149832 
11.983570 0.632095 0.700998 0.657287 0.142857 0.152958 0.133478 0.177068 0.126744 0.168410 
12.004284 0.653319 0.697932 0.687049 0.125782 0.126924 0.125120 0.187290 0.142677 0.193482 
12.024999 0.673100 0.671296 0.710798 0.124339 0.103475 0.128247 0.199194 0.170575 0.215188 
12.045714 0.692160 0.647186 0.690897 0.122835 0.101371 0.136845 0.197150 0.188011 0.220238 
12.066429 0.716330 0.623617 0.677429 0.127225 0.108225 0.148449 0.203764 0.207732 0.240200 
12.087144 0.723184 0.619589 0.642316 0.131073 0.128668 0.163179 0.204846 0.223485 0.236111 
12.107859 0.742665 0.634019 0.585197 0.128006 0.149531 0.167989 0.208694 0.223425 0.224146 
12.128574 0.718374 0.641234 0.544072 0.102032 0.178030 0.154461 0.211340 0.214707 0.220599 
12.149289 0.703223 0.652177 0.509019 0.087542 0.195827 0.145863 0.223425 0.202501 0.212783 
12.170003 0.660113 0.638167 0.494408 0.078583 0.194324 0.122655 0.216210 0.194444 0.210979 
12.190718 0.598725 0.631193 0.531025 0.081650 0.197691 0.108405 0.204064 0.171417 0.204846 
12.211433 0.580267 0.620491 0.592653 0.099928 0.188372 0.116462 0.186328 0.160233 0.201479 
12.232148 0.568422 0.644721 0.663420 0.108947 0.173401 0.131494 0.172258 0.155063 0.153800 
12.252863 0.562710 0.692821 0.745310 0.128066 0.158129 0.159812 0.158850 0.151215 0.126864 
12.273578 0.554233 0.730038 0.782347 0.139190 0.146405 0.184464 0.166907 0.148629 0.107143 
12.294293 0.570166 0.734067 0.815717 0.164021 0.120611 0.192821 0.169432 0.166907 0.102092 
12.315008 0.604016 0.694204 0.813312 0.168230 0.103656 0.185426 0.179113 0.189995 0.103956 
12.335722 0.645503 0.618086 0.810546 0.184103 0.108225 0.170094 0.176708 0.200337 0.123256 
12.356437 0.697872 0.573473 0.774651 0.201960 0.123377 0.162698 0.168711 0.198834 0.132636 
12.377152 0.731542 0.555195 0.762987 0.216089 0.144721 0.159692 0.179894 0.183983 0.141715 
12.397868 0.718194 0.601972 0.764189 0.210558 0.168651 0.162217 0.175806 0.149411 0.147487 
12.418582 0.744889 0.672198 0.760221 0.192460 0.191739 0.169252 0.171236 0.111532 0.149651 
12.439297 0.715729 0.736592 0.771585 0.204786 0.202020 0.174603 0.165825 0.080327 0.148389 
12.460012 0.692160 0.784091 0.740019 0.193663 0.222222 0.178151 0.160233 0.063552 0.145322 
12.480727 0.653439 0.784572 0.723365 0.192400 0.227213 0.180976 0.146164 0.067039 0.142196 
12.501441 0.618146 0.746693 0.707011 0.202561 0.224627 0.179473 0.129750 0.085317 0.123497 
12.522157 0.644541 0.713023 0.682600 0.203042 0.202140 0.184163 0.119468 0.112674 0.111592 
12.542872 0.669493 0.654281 0.648028 0.224086 0.195767 0.178271 0.108947 0.146585 0.098785 
12.563587 0.720298 0.627104 0.650132 0.225289 0.170635 0.183141 0.108405 0.155904 0.094697 
12.584301 0.740500 0.623858 0.640212 0.225709 0.159031 0.161736 0.109187 0.195046 0.088805 
12.605016 0.738276 0.615560 0.654882 0.221621 0.151575 0.141775 0.110871 0.217713 0.099086 
12.625731 0.711400 0.624759 0.656806 0.196068 0.145503 0.141895 0.110149 0.238276 0.108586 
12.646446 0.700637 0.662939 0.675325 0.177790 0.147908 0.140091 0.104257 0.248858 0.120010 
12.667161 0.680495 0.701479 0.693242 0.160113 0.154281 0.164382 0.112674 0.262987 0.144481 
12.687876 0.690596 0.712542 0.701419 0.162097 0.165645 0.190236 0.126383 0.254389 0.162157 
12.708591 0.698533 0.715368 0.712602 0.160835 0.176166 0.205988 0.141775 0.243807 0.176046 
12.729306 0.696068 0.694204 0.698593 0.174483 0.170094 0.217112 0.168110 0.219998 0.167809 
12.750021 0.686147 0.686267 0.652056 0.176647 0.160895 0.206409 0.174423 0.197691 0.154582 
12.770735 0.660414 0.662157 0.635101 0.189574 0.151215 0.193843 0.172439 0.197872 0.145803 
12.791451 0.645743 0.663240 0.616342 0.190837 0.152597 0.164983 0.162278 0.207732 0.149411 
12.812166 0.642617 0.648629 0.596260 0.185005 0.163480 0.147487 0.155544 0.217893 0.170875 
12.832880 0.618867 0.625301 0.582612 0.181938 0.171356 0.111231 0.147006 0.216089 0.198052 
12.853595 0.651695 0.593013 0.590127 0.183862 0.168711 0.097643 0.146886 0.200337 0.231481 
12.874310 0.649531 0.565416 0.563252 0.193963 0.156385 0.082431 0.147006 0.195647 0.241522 
12.895025 0.691258 0.565416 0.592773 0.201960 0.142015 0.077441 0.122475 0.197932 0.220058 
12.915740 0.737434 0.566318 0.625782 0.218374 0.121693 0.076599 0.114959 0.202321 0.193362 
12.936455 0.743506 0.582431 0.679353 0.228836 0.120190 0.080267 0.109909 0.212241 0.168951 
12.957170 0.744108 0.643338 0.743627 0.245911 0.122174 0.092532 0.104918 0.225589 0.176587 
12.977885 0.732564 0.681337 0.772847 0.251263 0.135823 0.108706 0.109488 0.227513 0.186568 
12.998600 0.668591 0.682720 0.788420 0.249098 0.153620 0.134861 0.127104 0.225228 0.199856 
13.019314 0.602333 0.675806 0.780303 0.250481 0.169493 0.142737 0.148749 0.234668 0.221380 
13.040029 0.565657 0.673160 0.790043 0.235810 0.176166 0.150192 0.166306 0.252465 0.248737 
13.060744 0.549964 0.677429 0.757455 0.209476 0.174303 0.143519 0.186267 0.243567 0.259981 
13.081459 0.574675 0.659873 0.730159 0.182840 0.171056 0.145623 0.178812 0.237374 0.262686 
13.102174 0.588264 0.662458 0.664743 0.164923 0.163901 0.135101 0.167328 0.214466 0.257035 
13.122889 0.592172 0.647246 0.616041 0.157047 0.159572 0.134560 0.148208 0.196970 0.242725 
13.143604 0.606662 0.629930 0.548521 0.166005 0.162398 0.122415 0.146164 0.193482 0.228355 
13.164319 0.612073 0.614658 0.513708 0.185125 0.172619 0.130111 0.133838 0.197391 0.239418 
13.185033 0.647427 0.575337 0.503908 0.188191 0.182239 0.134079 0.138709 0.200457 0.239057 
13.205748 0.708874 0.569865 0.512867 0.172138 0.196669 0.145924 0.148088 0.195406 0.247234 
13.226463 0.736953 0.552970 0.556578 0.161316 0.206770 0.152177 0.165164 0.183562 0.257936 
13.247179 0.772006 0.565476 0.582672 0.147427 0.200517 0.144721 0.184824 0.160053 0.251683 
13.267893 0.782468 0.582431 0.602333 0.143579 0.201058 0.143639 0.181698 0.141114 0.248918 
13.288608 0.767857 0.639490 0.604678 0.139310 0.179774 0.138528 0.184283 0.138047 0.229377 
13.309323 0.774832 0.716510 0.600890 0.143759 0.172739 0.140392 0.167989 0.116162 0.226972 
13.330038 0.742845 0.788781 0.596801 0.145443 0.151275 0.137927 0.157227 0.114598 0.220539 
13.350752 0.721982 0.815717 0.604678 0.154341 0.140873 0.147306 0.145563 0.103235 0.219577 
13.371468 0.663901 0.821368 0.614959 0.167208 0.126623 0.154642 0.148389 0.105700 0.208514 
13.392183 0.611291 0.808442 0.595238 0.165164 0.125421 0.151154 0.133598 0.099387 0.186087 
13.412898 0.562590 0.794132 0.605279 0.170214 0.130772 0.157407 0.126683 0.098124 0.164202 
13.433612 0.527056 0.770202 0.575457 0.161376 0.149651 0.154281 0.132275 0.101551 0.156085 
13.454327 0.524411 0.728175 0.573593 0.162759 0.173761 0.159392 0.131373 0.096861 0.154521 
13.475042 0.540945 0.670575 0.611893 0.166546 0.194625 0.154040 0.139250 0.110931 0.167088 
13.495757 0.571729 0.606481 0.655844 0.171657 0.217412 0.151094 0.149892 0.120070 0.174182 
13.516472 0.613576 0.538119 0.715548 0.181818 0.215969 0.142797 0.162097 0.147066 0.175625 
13.537187 0.651214 0.525734 0.781024 0.184764 0.214586 0.134259 0.167388 0.160113 0.169432 
13.557902 0.698232 0.522848 0.817160 0.166065 0.195346 0.132275 0.185185 0.182780 0.163841 
13.578617 0.751202 0.545815 0.807720 0.159091 0.181999 0.132937 0.200818 0.173942 0.174964 
13.599331 0.781866 0.586700 0.772787 0.140873 0.169793 0.129329 0.192941 0.173220 0.177670 
13.620046 0.802008 0.638227 0.732323 0.139971 0.167989 0.129149 0.204004 0.164442 0.191799 
13.640761 0.825818 0.678451 0.702682 0.144541 0.165705 0.116763 0.204786 0.162338 0.202140 
13.661477 0.833754 0.670214 0.664863 0.158249 0.160053 0.109909 0.190957 0.172739 0.205447 
13.682191 0.791186 0.673401 0.660233 0.168110 0.164803 0.105880 0.181818 0.184464 0.202080 
13.702906 0.744468 0.693903 0.662518 0.183261 0.167689 0.101611 0.175746 0.187350 0.195707 
13.723621 0.701178 0.707311 0.651034 0.173822 0.182540 0.113516 0.169432 0.193783 0.173581 
13.744336 0.654161 0.736291 0.691438 0.173280 0.203704 0.125962 0.156806 0.194264 0.164983 
13.765050 0.620250 0.770503 0.720899 0.157528 0.219276 0.139671 0.139851 0.182540 0.153499 
13.785766 0.611412 0.797379 0.731000 0.159933 0.230219 0.148449 0.133899 0.181397 0.150493 
13.806481 0.622595 0.828042 0.724327 0.166246 0.224567 0.166486 0.128066 0.177369 0.135823 
13.827196 0.644360 0.835317 0.715969 0.186388 0.233886 0.186508 0.135883 0.165284 0.110510 
13.847910 0.664743 0.814274 0.711460 0.199194 0.222102 0.193302 0.137747 0.151816 0.102513 
13.868625 0.694865 0.773328 0.667208 0.204666 0.202441 0.207371 0.137446 0.122956 0.102573 
13.889340 0.725168 0.744529 0.640993 0.213684 0.195346 0.204185 0.135943 0.099687 0.124339 
13.910055 0.720719 0.715248 0.634680 0.219998 0.186508 0.198773 0.142196 0.099928 0.143579 
13.930770 0.708514 0.697992 0.660053 0.217953 0.183261 0.188492 0.119108 0.098485 0.164081 
13.951485 0.664502 0.644601 0.724447 0.215007 0.175986 0.182239 0.105339 0.123918 0.170455 
13.972200 0.644601 0.596441 0.794493 0.231782 0.157107 0.165224 0.101912 0.151395 0.169072 
13.992915 0.624759 0.545515 0.813071 0.228535 0.150854 0.146946 0.103956 0.175325 0.167328 
14.013629 0.625421 0.518398 0.766053 0.235750 0.147848 0.136063 0.120310 0.189334 0.149291 
14.034344 0.659091 0.512686 0.729557 0.230880 0.142917 0.115560 0.145803 0.182239 0.128908 
14.055059 0.681938 0.529161 0.665885 0.222463 0.135522 0.110209 0.181157 0.175144 0.108405 
14.075774 0.699495 0.575697 0.625902 0.205327 0.135281 0.123377 0.218915 0.161255 0.104257 
14.096489 0.667328 0.614959 0.608165 0.186147 0.142737 0.146585 0.240380 0.144601 0.114238 
14.117204 0.630411 0.647968 0.635161 0.169673 0.156686 0.176527 0.261243 0.132155 0.123918 
14.137919 0.594336 0.670394 0.637746 0.174303 0.167508 0.188492 0.264009 0.126263 0.129329 
14.158634 0.576239 0.663240 0.661917 0.184404 0.160774 0.192220 0.246753 0.128247 0.136063 
14.179348 0.604858 0.661556 0.658790 0.206710 0.153018 0.188252 0.215428 0.143398 0.133297 
14.200063 0.639670 0.649711 0.677850 0.229257 0.138588 0.170394 0.188131 0.161195 0.145563 
14.220778 0.652177 0.639610 0.670094 0.230339 0.124579 0.169793 0.181758 0.183502 0.164983 
14.241494 0.671417 0.667388 0.652056 0.255592 0.117124 0.182660 0.191739 0.198353 0.178271 
14.262208 0.653018 0.669974 0.628668 0.266895 0.117124 0.209295 0.196188 0.205808 0.188973 
14.282923 0.615079 0.673341 0.614658 0.247775 0.124278 0.238155 0.196970 0.194444 0.179113 
14.303638 0.594637 0.694685 0.605219 0.226551 0.131313 0.263228 0.173160 0.173401 0.165705 
14.324353 0.565657 0.701780 0.597703 0.197270 0.120491 0.268458 0.150553 0.168290 0.143038 
14.345068 0.535774 0.687049 0.573773 0.187650 0.110390 0.274832 0.123256 0.167749 0.142496 
14.365783 0.503307 0.680195 0.563372 0.173401 0.102874 0.281145 0.104557 0.170455 0.158550 
14.386498 0.466570 0.658069 0.579606 0.181818 0.098725 0.285354 0.098906 0.161376 0.177549 
14.407213 0.463745 0.630050 0.593975 0.195948 0.104858 0.278620 0.102934 0.172439 0.189514 
14.427927 0.484007 0.639911 0.596801 0.207912 0.125721 0.259259 0.110329 0.187470 0.199435 
14.448642 0.538841 0.669192 0.599988 0.213324 0.144120 0.238396 0.120491 0.205628 0.189153 
14.469357 0.618867 0.726431 0.617424 0.196849 0.155964 0.218915 0.139310 0.215488 0.174002 
14.490072 0.700457 0.765452 0.640753 0.162578 0.162398 0.218675 0.155724 0.215969 0.154582 
14.510787 0.754449 0.799483 0.653259 0.140031 0.147367 0.206049 0.192761 0.208814 0.141474 
14.531502 0.777297 0.837963 0.682840 0.106181 0.129569 0.217051 0.216150 0.201239 0.141174 
14.552217 0.834175 0.830327 0.707431 0.094396 0.133177 0.218555 0.226732 0.177970 0.143819 
14.572932 0.844276 0.808983 0.755231 0.081950 0.130712 0.222222 0.229858 0.172198 0.156265 
14.593647 0.861652 0.792388 0.795394 0.083874 0.140212 0.208935 0.215729 0.185366 0.175986 
14.614361 0.830808 0.762746 0.820286 0.081710 0.152116 0.191258 0.213564 0.193302 0.182359 
14.635077 0.788901 0.685185 0.836760 0.090729 0.170575 0.170875 0.195106 0.207552 0.183742 
14.655792 0.751202 0.610690 0.775313 0.103355 0.171537 0.158430 0.184343 0.218735 0.162759 
14.676507 0.717893 0.534572 0.741522 0.118687 0.181938 0.143098 0.174543 0.217653 0.144000 
14.697221 0.690176 0.491462 0.687410 0.127826 0.169493 0.134019 0.165284 0.202802 0.133478 
14.717936 0.669793 0.479317 0.662879 0.142136 0.172799 0.136544 0.156145 0.173761 0.130832 
14.738651 0.656385 0.497956 0.651936 0.156806 0.161316 0.133237 0.153920 0.158790 0.134740 
14.759366 0.643398 0.540164 0.642917 0.181457 0.147607 0.121934 0.162759 0.137807 0.134921 
14.780081 0.669192 0.565236 0.610269 0.183201 0.131854 0.113757 0.161496 0.134921 0.137867 
14.800796 0.662217 0.600168 0.567400 0.188552 0.108466 0.110209 0.169793 0.134319 0.145322 
14.821511 0.672619 0.628908 0.552670 0.189815 0.088684 0.115921 0.165464 0.141294 0.152658 
14.842226 0.684704 0.631133 0.565296 0.182419 0.077982 0.121994 0.149591 0.142737 0.164923 
14.862940 0.716330 0.638949 0.584355 0.168951 0.079726 0.122595 0.148208 0.155303 0.153139 
14.883655 0.724627 0.665404 0.625481 0.165645 0.087602 0.135342 0.143338 0.154101 0.142436 
14.904370 0.725649 0.689574 0.660955 0.158911 0.108886 0.151154 0.142917 0.150914 0.128307 
14.925085 0.704485 0.721441 0.706530 0.174904 0.128307 0.167508 0.137927 0.158730 0.115079 
14.945800 0.664442 0.767737 0.741643 0.167027 0.144721 0.182780 0.127465 0.171056 0.112013 
14.966515 0.651936 0.757756 0.766294 0.168230 0.159933 0.193482 0.124940 0.184343 0.124940 
14.987230 0.655844 0.754810 0.783430 0.165825 0.154281 0.188733 0.125120 0.195587 0.149351 
15.007945 0.685305 0.727934 0.779822 0.170394 0.174303 0.179293 0.129269 0.220118 0.161917 
15.028659 0.710618 0.668771 0.778800 0.174002 0.188973 0.173040 0.135161 0.230760 0.178151 
15.049374 0.717653 0.610510 0.747475 0.169493 0.198834 0.172980 0.147126 0.224928 0.183201 
15.070089 0.721140 0.574555 0.728595 0.158790 0.193723 0.174844 0.160113 0.207311 0.184464 
15.090805 0.659572 0.556999 0.694685 0.149892 0.188492 0.175926 0.166667 0.192039 0.180375 
15.111519 0.602573 0.557239 0.641835 0.146645 0.164502 0.162939 0.175806 0.178812 0.173581 
15.132234 0.591330 0.597763 0.620851 0.135342 0.142015 0.156506 0.181638 0.179113 0.158971 
15.152949 0.599086 0.645803 0.575457 0.129389 0.121152 0.139550 0.188733 0.173401 0.154521 
15.173664 0.617424 0.728836 0.565897 0.133778 0.108285 0.142015 0.200878 0.185967 0.142977 
15.194379 0.637326 0.764971 0.579666 0.149351 0.110630 0.142797 0.203042 0.199916 0.148930 
15.215094 0.631073 0.795875 0.634139 0.164502 0.125240 0.152116 0.202381 0.229978 0.161857 
15.235809 0.593434 0.766053 0.665584 0.181097 0.149651 0.155423 0.193302 0.252465 0.168831 
15.256524 0.563071 0.721441 0.707131 0.184704 0.172138 0.156746 0.178812 0.266114 0.184764 
15.277238 0.560125 0.674964 0.729678 0.196008 0.169252 0.162458 0.165103 0.245611 0.197330 
15.297953 0.575697 0.639310 0.767797 0.192160 0.177730 0.174543 0.142316 0.215007 0.200337 
15.318668 0.564214 0.649290 0.748136 0.189033 0.174062 0.188973 0.132516 0.193122 0.200277 
15.339383 0.562169 0.668771 0.727874 0.185847 0.165945 0.189755 0.130532 0.169132 0.186748 
15.360098 0.543531 0.707852 0.707011 0.193482 0.145984 0.190356 0.127946 0.164081 0.167208 
15.380813 0.526936 0.698954 0.649952 0.192761 0.122354 0.195046 0.143218 0.152958 0.157407 
15.401528 0.549363 0.690957 0.610810 0.197872 0.097823 0.193182 0.152537 0.151455 0.148870 
15.422243 0.563432 0.681878 0.608646 0.182900 0.098244 0.176768 0.168230 0.153860 0.151575 
15.442957 0.587903 0.678391 0.587061 0.166847 0.096861 0.171657 0.191799 0.153259 0.159151 
15.463672 0.599447 0.661135 0.610390 0.148449 0.113516 0.163841 0.222042 0.158670 0.153078 
15.484387 0.638167 0.626563 0.642436 0.141595 0.138047 0.172439 0.247835 0.154101 0.156205 
15.505103 0.658069 0.622114 0.702742 0.146585 0.151876 0.157648 0.274591 0.151816 0.143699 
15.525817 0.761484 0.604618 0.718074 0.144781 0.175265 0.143338 0.281626 0.153379 0.140452 
15.546532 0.877104 0.607924 0.721441 0.148689 0.189695 0.126082 0.278139 0.165103 0.143819 
15.567247 0.939935 0.619649 0.703102 0.161977 0.206650 0.124038 0.268458 0.210919 0.143038 
15.587962 0.992003 0.647968 0.667869 0.154822 0.234969 0.121873 0.248377 0.220719 0.139731 
15.608676 0.983165 0.653559 0.642256 0.156025 0.244108 0.129269 0.224447 0.225890 0.139310 
15.629392 0.896645 0.663240 0.641655 0.151094 0.252645 0.140633 0.205808 0.218975 0.135522 
15.650107 0.802609 0.664021 0.660414 0.140633 0.246212 0.146525 0.202862 0.189695 0.138468 
15.670822 0.677008 0.647908 0.682059 0.131975 0.221380 0.145322 0.202441 0.156746 0.139610 
15.691536 0.597583 0.616282 0.685366 0.127405 0.203463 0.151034 0.201659 0.132456 0.128547 
15.712251 0.523449 0.601551 0.676647 0.121212 0.189755 0.154221 0.198473 0.119408 0.121813 
15.732966 0.498316 0.590308 0.659031 0.126864 0.182600 0.153319 0.207732 0.130471 0.111171 
15.753681 0.506433 0.569384 0.636484 0.138468 0.172860 0.152898 0.224808 0.157107 0.121873 
15.774396 0.526756 0.586460 0.633237 0.148088 0.191198 0.147667 0.235871 0.179173 0.142196 
15.795111 0.549363 0.573713 0.643218 0.161436 0.180856 0.156806 0.231902 0.199194 0.175746 
15.815826 0.592232 0.582371 0.649711 0.163420 0.185185 0.167328 0.219156 0.196068 0.207011 
15.836541 0.621573 0.567220 0.688312 0.163660 0.175445 0.168410 0.200156 0.177670 0.221621 
15.857255 0.641474 0.569925 0.722162 0.165945 0.153439 0.163240 0.184945 0.171597 0.226491 
15.877970 0.616402 0.590368 0.736592 0.172980 0.129750 0.165284 0.164202 0.163660 0.222102 
15.898685 0.630050 0.619589 0.753367 0.184524 0.110149 0.163901 0.155844 0.161135 0.205026 
15.919400 0.640873 0.683081 0.768338 0.190536 0.101070 0.169673 0.166967 0.173822 0.187590 
15.940115 0.639370 0.732023 0.745130 0.178992 0.096501 0.185606 0.174242 0.193903 0.172138 
15.960830 0.637506 0.768218 0.698713 0.169613 0.102633 0.188011 0.181578 0.218795 0.166246 
15.981545 0.658670 0.792328 0.636664 0.148389 0.101190 0.189033 0.183742 0.230279 0.163721 
16.002260 0.664262 0.780483 0.595659 0.146825 0.098425 0.183261 0.176407 0.231542 0.173761 
16.022975 0.666546 0.736412 0.584596 0.151816 0.089346 0.192280 0.157227 0.215849 0.173822 
16.043690 0.681157 0.687530 0.581229 0.157468 0.078884 0.176647 0.142496 0.199555 0.190055 
16.064404 0.668470 0.679473 0.607684 0.170274 0.075878 0.174904 0.134139 0.178331 0.194444 
16.085119 0.660233 0.702561 0.612855 0.177249 0.074735 0.163360 0.125661 0.166486 0.208333 
16.105834 0.650313 0.775854 0.616763 0.177309 0.077862 0.147306 0.126984 0.174242 0.214346 
16.126550 0.653259 0.814574 0.636905 0.182239 0.083814 0.133177 0.122956 0.190717 0.209055 
16.147264 0.643278 0.820406 0.660173 0.178932 0.101130 0.127285 0.117063 0.201539 0.202020 
16.167979 0.655664 0.773028 0.653439 0.164683 0.123437 0.130411 0.107624 0.199194 0.197451 
16.188694 0.668290 0.712482 0.677609 0.170274 0.144060 0.135161 0.108766 0.194144 0.192761 
16.209409 0.681638 0.657708 0.669312 0.150192 0.146405 0.153439 0.119408 0.186027 0.188131 
16.230124 0.693362 0.620972 0.679173 0.148990 0.163961 0.174423 0.125120 0.190536 0.177249 
16.250838 0.694444 0.600349 0.644721 0.154521 0.171116 0.202080 0.126563 0.181758 0.179052 
16.271554 0.670515 0.604858 0.619408 0.167689 0.183081 0.234067 0.121934 0.181157 0.174122 
16.292269 0.613155 0.625782 0.606301 0.195887 0.182419 0.236592 0.129449 0.178211 0.167869 
16.312984 0.611472 0.657468 0.587722 0.214105 0.177790 0.235450 0.137626 0.167027 0.161015 
16.333698 0.658911 0.677730 0.593855 0.224687 0.170755 0.209897 0.143398 0.158550 0.147066 
16.354413 0.689093 0.697210 0.597282 0.234247 0.164622 0.195346 0.137506 0.150914 0.132215 
16.375128 0.746152 0.694505 0.606602 0.226732 0.172739 0.170996 0.139851 0.157227 0.123136 
16.395843 0.769721 0.673160 0.617124 0.210919 0.186628 0.147607 0.138408 0.169252 0.125782 
16.416558 0.763348 0.642737 0.635341 0.189815 0.189394 0.147306 0.139370 0.181638 0.146946 
16.437273 0.730399 0.642677 0.653499 0.175084 0.193843 0.147727 0.151816 0.183562 0.150854 
16.457988 0.658911 0.650012 0.694565 0.170214 0.184644 0.159512 0.166727 0.172018 0.155423 
16.478703 0.596140 0.673701 0.719998 0.170515 0.190536 0.164322 0.174964 0.160774 0.160714 
16.499417 0.556638 0.679233 0.710678 0.170515 0.168531 0.176948 0.192400 0.141955 0.152778 
16.520132 0.580808 0.686388 0.678692 0.169673 0.167569 0.177790 0.204305 0.147186 0.149170 
16.540847 0.635883 0.678271 0.667208 0.173641 0.160654 0.190296 0.196188 0.155784 0.142256 
16.561563 0.708874 0.683502 0.694925 0.170515 0.157047 0.202441 0.199435 0.161376 0.145202 
16.582277 0.746513 0.651936 0.718134 0.170214 0.151034 0.214767 0.186448 0.165885 0.140152 
16.602992 0.795755 0.617544 0.753307 0.167869 0.160955 0.227934 0.186568 0.182540 0.138588 
16.623707 0.795996 0.585017 0.795515 0.180315 0.165645 0.232924 0.189574 0.198653 0.142797 
16.644422 0.777597 0.552249 0.784933 0.173341 0.163540 0.223365 0.176106 0.225649 0.146344 
16.665136 0.770322 0.557900 0.747956 0.172138 0.155303 0.226251 0.156506 0.268158 0.141354 
16.685851 0.778980 0.578163 0.699375 0.164442 0.151816 0.208694 0.131734 0.286977 0.138107 
16.706567 0.752766 0.593134 0.645503 0.160955 0.156506 0.203944 0.118927 0.275253 0.141294 
16.727282 0.721080 0.609247 0.597102 0.163300 0.147306 0.193603 0.108947 0.277958 0.158490 
16.747996 0.703583 0.614899 0.586279 0.172499 0.145142 0.194084 0.107804 0.260522 0.179714 
16.768711 0.691558 0.604618 0.610750 0.181157 0.139610 0.177249 0.122294 0.264069 0.198653 
16.789426 0.636003 0.598485 0.645743 0.175204 0.133658 0.175204 0.128367 0.249579 0.222523 
16.810141 0.598365 0.571849 0.656025 0.172799 0.125120 0.168170 0.142256 0.240921 0.205988 
16.830855 0.577201 0.530844 0.658971 0.165344 0.122174 0.159812 0.152477 0.223425 0.203583 
16.851571 0.552189 0.516775 0.632275 0.154401 0.122054 0.151696 0.165765 0.199976 0.176046 
16.872286 0.550265 0.527898 0.662278 0.152417 0.138588 0.140693 0.188913 0.175625 0.164863 
16.893001 0.548280 0.581349 0.695226 0.151034 0.153439 0.138648 0.207852 0.162578 0.159452 
16.913715 0.545575 0.669372 0.735029 0.153920 0.182780 0.142677 0.218795 0.144300 0.167689 
16.934430 0.533490 0.756914 0.768639 0.164442 0.204966 0.144481 0.213384 0.121332 0.174964 
16.955145 0.505772 0.823473 0.737253 0.169913 0.216631 0.152417 0.196970 0.106902 0.175685 
16.975860 0.496092 0.840368 0.708033 0.178932 0.203644 0.161917 0.176347 0.107203 0.165765 
16.996575 0.505892 0.817039 0.664442 0.188191 0.178932 0.170034 0.156445 0.109187 0.142136 
17.017290 0.521284 0.771525 0.621873 0.207131 0.147367 0.192881 0.151215 0.117304 0.126984 
17.038005 0.601491 0.729978 0.625120 0.202140 0.123497 0.196549 0.140753 0.127044 0.120911 
17.058720 0.681217 0.667989 0.641113 0.183742 0.092172 0.211340 0.138528 0.129449 0.125421 
17.079434 0.772547 0.625902 0.674182 0.158610 0.078463 0.219036 0.127225 0.132696 0.147667 
17.100149 0.814514 0.622354 0.697210 0.151034 0.076720 0.220358 0.120551 0.123978 0.172138 
17.120864 0.836039 0.649230 0.715007 0.139671 0.080928 0.213264 0.114538 0.118867 0.184163 
17.141580 0.839165 0.687771 0.725228 0.137626 0.094998 0.207371 0.120611 0.115620 0.181758 
17.162294 0.841871 0.749278 0.733225 0.138709 0.103415 0.198172 0.138167 0.125782 0.158850 
17.183009 0.818543 0.806578 0.710979 0.141474 0.115500 0.203223 0.162698 0.150313 0.129389 
17.203724 0.781986 0.831229 0.681037 0.146164 0.132395 0.199074 0.181698 0.169132 0.105640 
17.224439 0.749880 0.837061 0.649892 0.146224 0.141053 0.199916 0.197150 0.177850 0.090188 
17.245154 0.727213 0.841390 0.596561 0.146525 0.146224 0.202621 0.207973 0.175625 0.088264 
17.265869 0.680916 0.856481 0.561328 0.140753 0.141174 0.200517 0.202201 0.164442 0.095058 
17.286584 0.637265 0.851792 0.559404 0.130171 0.131854 0.193903 0.195887 0.154461 0.102273 
17.307299 0.630952 0.805616 0.558081 0.119649 0.118747 0.187410 0.199916 0.142256 0.122294 
17.328013 0.664081 0.755471 0.575938 0.112434 0.108646 0.189033 0.198353 0.137326 0.132395 
17.348728 0.713203 0.697751 0.575697 0.103054 0.106662 0.173521 0.198593 0.130832 0.156445 
17.369443 0.785173 0.645022 0.587302 0.108586 0.111051 0.163240 0.205207 0.133418 0.188733 
17.390159 0.807359 0.580688 0.605940 0.113696 0.116162 0.146585 0.199014 0.131554 0.207191 
17.410873 0.783790 0.532468 0.608466 0.131373 0.143278 0.138889 0.186869 0.137266 0.214526 
17.431588 0.741763 0.526515 0.637326 0.147186 0.147848 0.130952 0.173341 0.133538 0.199675 
17.452303 0.672439 0.549002 0.677189 0.161255 0.148208 0.109909 0.165224 0.121032 0.171116 
17.473018 0.617484 0.596922 0.697270 0.162037 0.147066 0.100168 0.160774 0.126443 0.138588 
17.493732 0.582251 0.663300 0.727152 0.167809 0.138167 0.082852 0.166787 0.126082 0.116162 
17.514447 0.595418 0.708935 0.707912 0.166246 0.137506 0.068903 0.168531 0.137626 0.122054 
17.535163 0.589827 0.767436 0.710498 0.161556 0.142015 0.067941 0.165885 0.148509 0.135161 
17.555878 0.622535 0.782407 0.742244 0.154281 0.149832 0.081289 0.160654 0.164382 0.175024 
17.576592 0.632997 0.803391 0.775493 0.146525 0.167869 0.102573 0.152357 0.165464 0.181037 
17.597307 0.625962 0.763468 0.837662 0.140933 0.188071 0.121453 0.143519 0.146825 0.187350 
17.618022 0.615079 0.737795 0.883538 0.142496 0.218314 0.141234 0.145202 0.135462 0.179293 
17.638737 0.609608 0.659151 0.875000 0.131734 0.229016 0.158610 0.158790 0.128487 0.163901 
17.659451 0.607624 0.592532 0.843254 0.129870 0.240320 0.167508 0.192761 0.124940 0.150373 
17.680167 0.606421 0.553571 0.812771 0.116763 0.255231 0.172739 0.217953 0.132576 0.153139 
17.700882 0.592172 0.548942 0.752104 0.120190 0.257997 0.173280 0.221020 0.140753 0.161917 
17.721597 0.591330 0.562710 0.698533 0.133357 0.251022 0.179293 0.212843 0.142316 0.175144 
17.742311 0.600168 0.591751 0.645382 0.150072 0.249218 0.183442 0.186929 0.144180 0.179233 
17.763026 0.615260 0.640753 0.604557 0.185125 0.235390 0.190837 0.184644 0.133959 0.181758 
17.783741 0.621272 0.684945 0.580568 0.206049 0.221380 0.204966 0.183502 0.125060 0.187049 
17.804456 0.645382 0.684824 0.571789 0.216270 0.202201 0.216871 0.187891 0.129209 0.199976 
17.825171 0.638588 0.680255 0.600108 0.224928 0.194324 0.222763 0.199675 0.141474 0.210137 
17.845886 0.647908 0.620070 0.649471 0.217893 0.182720 0.219336 0.210859 0.175565 0.221140 
17.866601 0.648749 0.602273 0.670455 0.195527 0.169913 0.209776 0.220899 0.200697 0.212722 
17.887316 0.666246 0.588985 0.674543 0.195166 0.163179 0.218013 0.216390 0.223545 0.209115 
17.908031 0.675685 0.575758 0.653620 0.190476 0.159452 0.220779 0.200277 0.229076 0.192581 
17.928745 0.660835 0.605159 0.638348 0.192280 0.151696 0.224567 0.180916 0.236833 0.191799 
17.949460 0.662759 0.633417 0.638227 0.186508 0.137987 0.214586 0.175325 0.244468 0.178271 
17.970176 0.658430 0.652056 0.668170 0.189033 0.130291 0.199856 0.182961 0.251323 0.172739 
17.990891 0.636544 0.651034 0.653800 0.177910 0.136785 0.186628 0.192400 0.251864 0.166065 
18.011605 0.630892 0.645503 0.631974 0.162638 0.148208 0.177609 0.210678 0.247835 0.168591 
18.032320 0.636965 0.614057 0.613276 0.151395 0.158309 0.164202 0.213925 0.245010 0.159211 
18.053035 0.644661 0.593194 0.569384 0.139791 0.157648 0.159211 0.215849 0.250541 0.153439 
18.073750 0.666246 0.632756 0.579125 0.128908 0.165164 0.163901 0.216931 0.236051 0.153319 
18.094464 0.686929 0.651695 0.599327 0.128427 0.163721 0.159692 0.234848 0.210979 0.159752 
18.115180 0.703223 0.671898 0.611231 0.136664 0.161556 0.158911 0.221320 0.180014 0.164502 
18.135895 0.724026 0.688552 0.623196 0.150553 0.163480 0.145443 0.209776 0.145924 0.167989 
18.156610 0.707311 0.682660 0.633959 0.155964 0.146284 0.139190 0.206169 0.126202 0.164622 
18.177324 0.692160 0.707071 0.619348 0.142857 0.152597 0.131494 0.209897 0.124759 0.163300 
18.198039 0.670394 0.739177 0.617544 0.127826 0.145863 0.125240 0.218434 0.138648 0.170274 
18.218754 0.657588 0.745911 0.613937 0.119829 0.137747 0.126563 0.212362 0.146705 0.160774 
18.239469 0.632936 0.750481 0.626022 0.119408 0.147487 0.148629 0.206289 0.147667 0.163240 
18.260184 0.644300 0.768579 0.640452 0.127886 0.150673 0.162338 0.207431 0.136304 0.171236 
18.280899 0.640873 0.754750 0.628848 0.143579 0.182239 0.176888 0.207071 0.126443 0.170575 
18.301614 0.645863 0.746092 0.603896 0.153980 0.194805 0.178932 0.195948 0.120010 0.163660 
18.322329 0.661917 0.720539 0.570166 0.167148 0.203163 0.178812 0.192821 0.120310 0.160233 
18.343043 0.638167 0.679173 0.571068 0.172078 0.213504 0.166607 0.188853 0.115260 0.158490 
18.363758 0.629630 0.615981 0.593975 0.168951 0.212602 0.147968 0.196910 0.122234 0.147968 
18.384473 0.600289 0.581710 0.664382 0.166486 0.210618 0.133838 0.194204 0.121513 0.129269 
18.405189 0.583935 0.573834 0.720058 0.174363 0.206650 0.123918 0.177850 0.134500 0.110329 
18.425903 0.585197 0.599988 0.743567 0.172619 0.203042 0.119348 0.148629 0.151094 0.100469 
18.446618 0.604377 0.631554 0.767737 0.160714 0.207371 0.124880 0.130050 0.156506 0.093434 
18.467333 0.629509 0.675325 0.784091 0.144300 0.202381 0.130952 0.113576 0.160053 0.095779 
18.488048 0.626683 0.688131 0.812831 0.127345 0.189274 0.146886 0.111472 0.165584 0.102513 
18.508762 0.630652 0.712241 0.830868 0.114478 0.160534 0.145503 0.143398 0.172138 0.117905 
18.529477 0.624940 0.724447 0.826840 0.095118 0.148148 0.158911 0.173701 0.175565 0.146284 
18.550193 0.625782 0.709897 0.813011 0.101491 0.138949 0.168531 0.211760 0.178692 0.169793 
18.570908 0.639731 0.671777 0.769120 0.108466 0.123196 0.180195 0.234247 0.178030 0.194324 
18.591622 0.667088 0.665103 0.741643 0.114779 0.119288 0.180315 0.225830 0.167508 0.216330 
18.612337 0.706530 0.648870 0.765753 0.138408 0.123377 0.171597 0.213504 0.170936 0.222583 
18.633052 0.702261 0.647427 0.813672 0.159933 0.119048 0.166426 0.194925 0.174663 0.203824 
18.653767 0.728595 0.672078 0.851972 0.181337 0.128066 0.147246 0.177970 0.173521 0.181037 
18.674481 0.707131 0.691138 0.847042 0.181698 0.132035 0.145443 0.164743 0.170936 0.151876 
18.695197 0.685786 0.712302 0.793591 0.185546 0.151215 0.137386 0.162037 0.162398 0.121573 
18.715912 0.651395 0.705387 0.725168 0.182840 0.162217 0.133057 0.157407 0.151876 0.103896 
18.736627 0.633778 0.704245 0.674663 0.166246 0.176106 0.145743 0.161797 0.159873 0.106481 
18.757341 0.660774 0.716871 0.637987 0.162578 0.197511 0.167148 0.149351 0.169132 0.120791 
18.778056 0.693001 0.719998 0.601852 0.173100 0.208634 0.188312 0.137446 0.180135 0.146705 
18.798772 0.730940 0.674784 0.592893 0.185847 0.207612 0.205267 0.124519 0.181758 0.182179 
18.819487 0.776816 0.676708 0.574796 0.192160 0.210859 0.217112 0.123557 0.188913 0.199735 
18.840201 0.802730 0.643699 0.563853 0.191979 0.196669 0.221080 0.111352 0.183983 0.219036 
18.860916 0.780844 0.621212 0.533790 0.181397 0.174122 0.232203 0.119108 0.178692 0.222222 
18.881631 0.736291 0.588745 0.542508 0.166667 0.180616 0.221320 0.124278 0.164502 0.235149 
18.902346 0.701239 0.565536 0.566859 0.151696 0.193543 0.241462 0.150553 0.142376 0.222342 
18.923060 0.659873 0.595298 0.581950 0.131494 0.220358 0.227092 0.176467 0.115861 0.215608 
18.943776 0.628307 0.620671 0.607985 0.125541 0.249699 0.239719 0.195467 0.097643 0.189875 
18.964491 0.621633 0.657528 0.624158 0.121332 0.255712 0.227694 0.219517 0.084897 0.159331 
18.985206 0.624399 0.669132 0.598365 0.107744 0.257696 0.229557 0.209536 0.090368 0.128968 
19.005920 0.657888 0.646705 0.576299 0.115019 0.236772 0.218374 0.204365 0.107083 0.110390 
19.026635 0.673822 0.622835 0.542388 0.113937 0.206770 0.194925 0.174784 0.117725 0.100709 
19.047350 0.688191 0.607383 0.565957 0.129449 0.195226 0.175986 0.141655 0.122174 0.101311 
19.068065 0.692160 0.601491 0.591991 0.139009 0.177489 0.163240 0.119468 0.130592 0.109848 
19.088780 0.685546 0.624278 0.626022 0.157347 0.166967 0.170094 0.113155 0.133718 0.114959 
19.109495 0.707071 0.644601 0.680255 0.160714 0.148028 0.182480 0.120551 0.144300 0.137987 
19.130210 0.711580 0.686087 0.679594 0.161857 0.135101 0.193362 0.130171 0.165043 0.136544 
19.150925 0.683502 0.737193 0.656686 0.158730 0.121392 0.206770 0.165705 0.168771 0.156806 
19.171639 0.661676 0.798160 0.618987 0.142136 0.115560 0.191198 0.189815 0.173160 0.156746 
19.192354 0.641113 0.835197 0.597823 0.150132 0.121392 0.193001 0.214165 0.163420 0.142076 
19.213069 0.638708 0.834235 0.565777 0.144841 0.132215 0.187530 0.206890 0.147607 0.125601 
19.233785 0.634319 0.815416 0.574675 0.150072 0.155123 0.172559 0.205507 0.138228 0.113456 
19.254499 0.646765 0.773449 0.607564 0.131494 0.162458 0.156987 0.187710 0.135642 0.113817 
19.275214 0.652838 0.707612 0.640753 0.122054 0.181097 0.145863 0.155243 0.146164 0.109187 
19.295929 0.653559 0.632636 0.689815 0.118086 0.187109 0.138228 0.135462 0.172379 0.141354 
19.316644 0.661977 0.579305 0.744048 0.115741 0.192761 0.145022 0.117605 0.190476 0.165825 
19.337358 0.647968 0.547679 0.763348 0.120070 0.190236 0.154642 0.113215 0.211580 0.187049 
19.358073 0.633838 0.536616 0.792629 0.125842 0.182780 0.168470 0.134380 0.230038 0.205507 
19.378789 0.624759 0.551046 0.798100 0.124579 0.187891 0.186147 0.171657 0.226371 0.207732 
19.399504 0.625060 0.559343 0.796356 0.133598 0.184464 0.196729 0.196789 0.220298 0.203523 
19.420218 0.646825 0.601491 0.803872 0.123737 0.168230 0.190296 0.237855 0.209656 0.184404 
19.440933 0.682419 0.639069 0.833213 0.135823 0.153980 0.181818 0.263468 0.199856 0.164743 
19.461648 0.683261 0.697511 0.859127 0.162638 0.141174 0.166065 0.268639 0.198593 0.142617 
19.482363 0.673882 0.719817 0.859848 0.185967 0.127766 0.155183 0.244408 0.199916 0.127585 
19.503078 0.664983 0.741222 0.864478 0.203884 0.124098 0.146164 0.219998 0.200938 0.113937 
19.523793 0.639971 0.723966 0.847342 0.209416 0.115079 0.139069 0.194805 0.206409 0.103595 
19.544508 0.633478 0.714707 0.767556 0.213264 0.102513 0.129990 0.166847 0.202140 0.106061 
19.565223 0.623016 0.694986 0.697992 0.199796 0.096982 0.127766 0.156445 0.204425 0.112314 
19.585938 0.620972 0.669913 0.648148 0.178992 0.103535 0.127886 0.152658 0.197811 0.128908 
19.606652 0.636604 0.683021 0.632035 0.169372 0.114899 0.134740 0.141053 0.200517 0.147908 
19.627367 0.665043 0.696368 0.641113 0.162278 0.124820 0.136003 0.148268 0.174964 0.155063 
19.648082 0.680375 0.696789 0.663721 0.168410 0.135943 0.136063 0.164923 0.174363 0.178391 
19.668797 0.690236 0.716390 0.687831 0.168050 0.139370 0.148569 0.179954 0.159452 0.182480 
19.689512 0.683502 0.721501 0.718494 0.155544 0.154762 0.153620 0.187290 0.140813 0.187109 
19.710227 0.660835 0.722282 0.741643 0.146886 0.175024 0.148208 0.189695 0.141655 0.174784 
19.730942 0.634440 0.737253 0.717893 0.138167 0.202261 0.146645 0.195346 0.139731 0.162578 
19.751657 0.632636 0.700938 0.720599 0.133778 0.229918 0.155363 0.203704 0.139069 0.145382 
19.772371 0.650012 0.702982 0.662518 0.136724 0.249940 0.157468 0.211099 0.127164 0.120551 
19.793086 0.675625 0.657047 0.596441 0.149531 0.247535 0.176527 0.212783 0.117484 0.108706 
19.813802 0.696248 0.623858 0.527417 0.155183 0.245491 0.181457 0.204425 0.109728 0.109728 
19.834517 0.704726 0.616582 0.468374 0.172439 0.235630 0.187891 0.198894 0.095358 0.112915 
19.855231 0.691077 0.639670 0.441198 0.196549 0.218855 0.184524 0.191919 0.088203 0.118567 
19.875946 0.668110 0.641294 0.463684 0.214947 0.210077 0.175084 0.180856 0.102814 0.121272 
19.896661 0.664382 0.646645 0.523749 0.236412 0.207612 0.159993 0.176046 0.123136 0.129630 
19.917376 0.637446 0.614959 0.572511 0.245070 0.211520 0.150493 0.164683 0.135462 0.128427 
19.938090 0.631073 0.602273 0.650974 0.228175 0.229317 0.144420 0.160053 0.155844 0.134440 
19.958806 0.624158 0.568122 0.671537 0.208273 0.238035 0.144000 0.146344 0.162338 0.137566 
19.979521 0.607864 0.542929 0.689875 0.186087 0.229978 0.148268 0.139971 0.157528 0.135221 
20.000236 0.605519 0.542809 0.676948 0.167989 0.200938 0.161316 0.124098 0.158129 0.136845 
20.020950 0.603235 0.548100 0.688492 0.154401 0.183321 0.176888 0.113035 0.152958 0.141534 
20.041665 0.625842 0.559764 0.704305 0.150192 0.161857 0.186087 0.101671 0.153980 0.163059 
20.062380 0.663119 0.614899 0.717172 0.148268 0.144420 0.190476 0.105159 0.160955 0.183562 
20.083095 0.689634 0.652658 0.736592 0.158490 0.144781 0.192280 0.110630 0.178090 0.185666 
20.103810 0.733466 0.737795 0.748136 0.170575 0.140693 0.177249 0.117304 0.183141 0.195346 
20.124525 0.762265 0.795034 0.763588 0.181157 0.133718 0.196008 0.119468 0.194324 0.214045 
20.145240 0.785955 0.852694 0.724387 0.186448 0.142376 0.202982 0.134019 0.196729 0.238215 
20.165955 0.778740 0.886003 0.684584 0.187109 0.147547 0.222162 0.147006 0.199194 0.242063 
20.186669 0.758718 0.871392 0.598906 0.176106 0.155784 0.232864 0.166426 0.199254 0.254509 
20.207384 0.698052 0.846681 0.522607 0.163360 0.169733 0.232263 0.172559 0.193182 0.237133 
20.228099 0.641594 0.792989 0.519901 0.163961 0.188432 0.219396 0.175746 0.173701 0.223846 
20.248815 0.597042 0.721561 0.529822 0.161015 0.192641 0.213624 0.164983 0.166065 0.199014 
20.269529 0.603836 0.674182 0.590188 0.147066 0.206950 0.191498 0.150253 0.154942 0.183682 
20.290244 0.620791 0.625361 0.666065 0.149531 0.198052 0.180976 0.134740 0.151756 0.173822 
20.310959 0.662217 0.569084 0.738817 0.151996 0.208033 0.173040 0.119108 0.150673 0.157949 
20.331674 0.669432 0.550265 0.776275 0.157347 0.210257 0.162458 0.112915 0.141534 0.150794 
20.352388 0.685065 0.543470 0.796356 0.156806 0.198593 0.156987 0.123016 0.134500 0.154101 
20.373103 0.683381 0.562049 0.806457 0.150914 0.192340 0.156746 0.128788 0.136243 0.162037 
20.393819 0.662458 0.568062 0.796116 0.140332 0.189274 0.145202 0.132937 0.142617 0.171717 
20.414534 0.668651 0.610510 0.781024 0.127405 0.187169 0.145082 0.136183 0.148028 0.161496 
20.435248 0.666847 0.628848 0.756854 0.111772 0.196368 0.156145 0.131133 0.152477 0.156265 
20.455963 0.708213 0.644480 0.734367 0.100289 0.200216 0.164923 0.122835 0.144962 0.135342 
20.476678 0.754329 0.633417 0.710378 0.097523 0.198593 0.192280 0.121092 0.134440 0.118807 
20.497394 0.762566 0.651575 0.681818 0.104016 0.192220 0.205267 0.139911 0.135642 0.110209 
20.518108 0.756794 0.631012 0.656626 0.125661 0.183141 0.203644 0.161436 0.144180 0.113696 
20.538823 0.733225 0.676587 0.650553 0.128066 0.174483 0.188612 0.170996 0.140572 0.124579 
20.559538 0.712783 0.705628 0.663360 0.129630 0.151335 0.168651 0.167809 0.137927 0.136845 
20.580253 0.725168 0.713203 0.676948 0.123797 0.139129 0.148810 0.160233 0.126263 0.153559 
20.600967 0.711941 0.717112 0.645322 0.138528 0.127465 0.133538 0.147186 0.128187 0.139009 
20.621682 0.714105 0.698413 0.599387 0.154642 0.129269 0.113276 0.145142 0.136243 0.137927 
20.642398 0.759379 0.699916 0.549182 0.180195 0.148449 0.105339 0.160955 0.155002 0.125421 
20.663113 0.791967 0.681578 0.508658 0.200818 0.165524 0.097342 0.169493 0.179233 0.110390 
20.683827 0.785895 0.689033 0.494228 0.206409 0.172739 0.094937 0.177670 0.192941 0.115079 
20.704542 0.776214 0.680616 0.509440 0.214226 0.162638 0.097643 0.180556 0.193302 0.117364 
