# concentrations: 0.333333 0.333333 0.333333
0.006082 0.000000 0.000000 0.000000 0.000000 0.000000 0.000000 0.000000 0.000000 0.000000 
0.018247 0.000000 0.000000 0.000000 0.000000 0.000000 0.000000 0.000000 0.000000 0.000000 
0.030411 0.000000 0.000000 0.000000 0.000000 0.000000 0.000000 0.000000 0.000000 0.000000 
0.042575 0.000000 0.000000 0.000000 0.000000 0.000000 0.000000 0.000000 0.000000 0.000000 
0.054740 0.000000 0.000000 0.000000 0.000000 0.000000 0.000000 0.000000 0.000000 0.000000 
0.066904 0.000000 0.000000 0.000000 0.000000 0.000000 0.000000 0.000000 0.000000 0.000000 
0.079069 0.000000 0.000000 0.000000 0.000000 0.000000 0.000000 0.000000 0.000000 0.000000 
0.091233 0.000000 0.000000 0.000000 0.000000 0.000000 0.000000 0.000000 0.000000 0.000000 
0.103397 0.000000 0.000000 0.000000 0.000000 0.000000 0.000000 0.000000 0.000000 0.000000 
0.115562 0.000000 0.000000 0.000000 0.000000 0.000000 0.000000 0.000000 0.000000 0.000000 
0.127726 0.000000 0.000000 0.000000 0.000000 0.000000 0.000000 0.000000 0.000000 0.000000 
0.139891 0.000000 0.000000 0.000000 0.000000 0.000000 0.000000 0.000000 0.000000 0.000000 
0.152055 0.000000 0.000000 0.000000 0.000000 0.000000 0.000000 0.000000 0.000000 0.000000 
0.164219 0.000000 0.000000 0.000000 0.000000 0.000000 0.000000 0.000000 0.000000 0.000000 
0.176384 0.000000 0.000000 0.000000 0.000000 0.000000 0.000000 0.000000 0.000000 0.000000 
0.188548 0.000000 0.000000 0.000000 0.000000 0.000000 0.000000 0.000000 0.000000 0.000000 
0.200713 0.000000 0.000000 0.000000 0.000000 0.000000 0.000000 0.000000 0.000000 0.000000 
0.212877 0.000000 0.000000 0.000000 0.000000 0.000000 0.000000 0.000000 0.000000 0.000000 
0.225041 0.000000 0.000000 0.000000 0.000000 0.000000 0.000000 0.000000 0.000000 0.000000 
0.237206 0.000000 0.000000 0.000000 0.000000 0.000000 0.000000 0.000000 0.000000 0.000000 
0.249370 0.000000 0.000000 0.000000 0.000000 0.000000 0.000000 0.000000 0.000000 0.000000 
0.261535 0.000000 0.000000 0.000000 0.000000 0.000000 0.000000 0.000000 0.000000 0.000000 
0.273699 0.000000 0.000000 0.000000 0.000000 0.000000 0.000000 0.000000 0.000000 0.000000 
0.285863 0.000000 0.000000 0.000000 0.000000 0.000000 0.000000 0.000000 0.000000 0.000000 
0.298028 0.000000 0.000000 0.000000 0.000000 0.000000 0.000000 0.000000 0.000000 0.000000 
0.310192 0.000000 0.000000 0.000000 0.000000 0.000000 0.000000 0.000000 0.000000 0.000000 
0.322357 0.000000 0.000000 0.000000 0.000000 0.000000 0.000000 0.000000 0.000000 0.000000 
0.334521 0.000000 0.000000 0.000000 0.000000 0.000000 0.000000 0.000000 0.000000 0.000000 
0.346685 0.000000 0.000000 0.000000 0.000000 0.000000 0.000000 0.000000 0.000000 0.000000 
0.358850 0.000000 0.000000 0.000000 0.000000 0.000000 0.000000 0.000000 0.000000 0.000000 
0.371014 0.000000 0.000000 0.000000 0.000000 0.000000 0.000000 0.000000 0.000000 0.000000 
0.383179 0.000000 0.000000 0.000000 0.000000 0.000000 0.000000 0.000000 0.000000 0.000000 
0.395343 0.000000 0.000000 0.000000 0.000000 0.000000 0.000000 0.000000 0.000000 0.000000 
0.407507 0.000000 0.000000 0.000000 0.000000 0.000000 0.000000 0.000000 0.000000 0.000000 
0.419672 0.000000 0.000000 0.000000 0.000000 0.000000 0.000000 0.000000 0.000000 0.000000 
0.431836 0.000000 0.000000 0.000000 0.000000 0.000000 0.000000 0.000000 0.000000 0.000000 
0.444001 0.000000 0.000000 0.000000 0.000000 0.000000 0.000000 0.000000 0.000000 0.000000 
0.456165 0.000000 0.000000 0.000000 0.000000 0.000000 0.000000 0.000000 0.000000 0.000000 
0.468329 0.000000 0.000000 0.000000 0.000000 0.000000 0.000000 0.000000 0.000000 0.000000 
0.480494 0.000000 0.000000 0.000000 0.000000 0.000000 0.000000 0.000000 0.000000 0.000000 
0.492658 0.000000 0.000000 0.000000 0.000000 0.000000 0.000000 0.000000 0.000000 0.000000 
0.504823 0.000000 0.000000 0.000000 0.000000 0.000000 0.000000 0.000000 0.000000 0.000000 
0.516987 0.000000 0.000000 0.000000 0.000000 0.000000 0.000000 0.000000 0.000000 0.000000 
0.529151 0.000000 0.000000 0.000000 0.000000 0.000000 0.000000 0.000000 0.000000 0.000000 
0.541316 0.000000 0.000000 0.000000 0.000000 0.000000 0.000000 0.000000 0.000000 0.000000 
0.553480 0.000000 0.000000 0.000000 0.000000 0.000000 0.000000 0.000000 0.000000 0.000000 
0.565645 0.000000 0.000000 0.000000 0.000000 0.000000 0.000000 0.000000 0.000000 0.000000 
0.577809 0.000000 0.000000 0.000000 0.000000 0.000000 0.000000 0.000000 0.000000 0.000000 
0.589973 0.000000 0.000000 0.000000 0.000000 0.000000 0.000000 0.000000 0.000000 0.000000 
0.602138 0.000000 0.000000 0.000000 0.000000 0.000000 0.000000 0.000000 0.000000 0.000000 
0.614302 0.000000 0.000000 0.000000 0.000000 0.000000 0.000000 0.000000 0.000000 0.000000 
0.626467 0.000000 0.000000 0.000000 0.000000 0.000000 0.000000 0.000000 0.000000 0.000000 
0.638631 0.000000 0.000000 0.000000 0.000000 0.000000 0.000000 0.000000 0.000000 0.000000 
0.650795 0.000000 0.000000 0.000000 0.000000 0.000000 0.000000 0.000000 0.000000 0.000000 
0.662960 0.000000 0.000000 0.000000 0.000000 0.000000 0.000000 0.000000 0.000000 0.000000 
0.675124 0.000000 0.000000 0.000000 0.000000 0.000000 0.000000 0.000000 0.000000 0.000000 
0.687289 0.000000 0.000000 0.000000 0.000000 0.000000 0.000000 0.000000 0.000000 0.000000 
0.699453 0.000000 0.000000 0.000000 0.000000 0.000000 0.000000 0.000000 0.000000 0.000000 
0.711617 0.000000 0.000000 0.000000 0.000000 0.000000 0.000000 0.000000 0.000000 0.000000 
0.723782 0.000000 0.000000 0.000000 0.000000 0.000000 0.000000 0.000000 0.000000 0.000000 
0.735946 0.000000 0.000000 0.000000 0.000000 0.000000 0.000000 0.000000 0.000000 0.000000 
0.748111 0.000000 0.000000 0.000000 0.000000 0.000000 0.000000 0.000000 0.000000 0.000000 
0.760275 0.000000 0.000000 0.000000 0.000000 0.000000 0.000000 0.000000 0.000000 0.000000 
0.772439 0.000000 0.000000 0.000000 0.000000 0.000000 0.000000 0.000000 0.000000 0.000000 
0.784604 0.000000 0.000000 0.000000 0.000000 0.000000 0.000000 0.000000 0.000000 0.000000 
0.796768 0.000000 0.000000 0.000000 0.000000 0.000000 0.000000 0.000000 0.000000 0.000000 
0.808933 0.000000 0.000000 0.000000 0.000000 0.000000 0.000000 0.000000 0.000000 0.000000 
0.821097 0.000000 0.000000 0.000000 0.000000 0.000000 0.000000 0.000000 0.000000 0.000000 
0.833261 0.000000 0.000000 0.000000 0.000000 0.000000 0.000000 0.000000 0.000000 0.000000 
0.845426 0.000000 0.000000 0.000000 0.000000 0.000000 0.000000 0.000000 0.000000 0.000000 
0.857590 0.000000 0.000000 0.000000 0.000000 0.001202 0.000000 0.000000 0.000000 0.000000 
0.869755 0.000000 0.000000 0.000000 0.000000 0.004674 0.000000 0.000000 0.000000 0.000000 
0.881919 0.000000 0.000000 0.000000 0.000000 0.021026 0.000000 0.000000 0.000000 0.000000 
0.894083 0.000000 0.000000 0.000000 0.000000 0.065797 0.000276 0.000000 0.000276 0.000000 
0.906248 0.000000 0.000000 0.000000 0.000000 0.131315 0.004291 0.000000 0.004291 0.000000 
0.918412 0.000000 0.000000 0.000000 0.000000 0.246285 0.010968 0.000000 0.010968 0.000000 
0.930577 0.000000 0.000000 0.000000 0.000000 0.403217 0.033829 0.000000 0.033829 0.000000 
0.942741 0.000000 0.002726 0.000000 0.002726 0.592799 0.077322 0.000000 0.077322 0.000497 
0.954905 0.000000 0.006280 0.000000 0.006280 0.840033 0.164016 0.000000 0.164016 0.006786 
0.967070 0.000000 0.020490 0.000000 0.020490 0.985860 0.272728 0.000000 0.272728 0.021267 
0.979234 0.000000 0.045940 0.000689 0.045940 1.221949 0.411854 0.000689 0.411854 0.050703 
0.991399 0.000000 0.096811 0.003810 0.096811 1.430936 0.617393 0.003810 0.617393 0.094436 
1.003563 0.000000 0.192018 0.008748 0.192018 1.604039 0.800440 0.008748 0.800440 0.186955 
1.015727 0.000000 0.320027 0.032024 0.320027 1.730368 1.038859 0.032024 1.038859 0.282754 
1.027892 0.001673 0.462383 0.067335 0.462383 1.916375 1.242263 0.067335 1.242263 0.440921 
1.040056 0.003677 0.642632 0.124617 0.642632 1.960904 1.445516 0.124617 1.445516 0.691363 
1.052221 0.011976 0.837544 0.206899 0.837544 2.020422 1.684439 0.206899 1.684439 0.831563 
1.064385 0.047597 1.090299 0.343343 1.090299 2.026375 1.760460 0.343343 1.760460 1.013968 
1.076549 0.090004 1.257952 0.491474 1.257952 2.019378 1.846162 0.491474 1.846162 1.258155 
1.088714 0.151770 1.438312 0.687937 1.438312 2.033050 1.963835 0.687937 1.963835 1.446106 
1.100878 0.241067 1.574801 0.862369 1.574801 2.064573 2.034428 0.862369 2.034428 1.686378 
1.113043 0.372118 1.743445 1.075118 1.743445 1.998306 2.006757 1.075118 2.006757 1.747849 
1.125207 0.527142 1.883906 1.262316 1.883906 1.973467 2.054743 1.262316 2.054743 1.842205 
1.137371 0.717521 1.905480 1.456310 1.905480 1.888448 2.044589 1.456310 2.044589 1.909632 
1.149536 0.880362 1.999880 1.595170 1.999880 1.827620 2.028550 1.595170 2.028550 2.006903 
1.161700 1.108630 1.972561 1.737864 1.972561 1.736471 2.006182 1.737864 2.006182 2.016495 
1.173865 1.266693 2.043483 1.819857 2.043483 1.721215 1.941501 1.819857 1.941501 1.995146 
1.186029 1.400452 2.022900 1.903740 2.022900 1.661878 1.889491 1.903740 1.889491 1.945927 
1.198193 1.543350 2.005374 1.960882 2.005374 1.594456 1.855788 1.960882 1.855788 1.998073 
1.210358 1.733337 2.010524 1.948278 2.010524 1.582783 1.787099 1.948278 1.787099 1.934278 
1.222522 1.803984 1.919850 2.026254 1.919850 1.515051 1.702030 2.026254 1.702030 1.889452 
1.234687 1.878807 1.857518 1.969640 1.857518 1.475792 1.668674 1.969640 1.668674 1.900553 
1.246851 1.921934 1.870614 1.977725 1.870614 1.465617 1.597737 1.977725 1.597737 1.802808 
1.259015 1.982271 1.802664 1.944816 1.802664 1.394198 1.566997 1.944816 1.566997 1.797679 
1.271180 1.992949 1.729907 1.927556 1.729907 1.370665 1.520808 1.927556 1.520808 1.687414 
1.283344 1.934127 1.674516 1.875924 1.674516 1.280383 1.467893 1.875924 1.467893 1.721311 
1.295509 1.972787 1.624992 1.849409 1.624992 1.238819 1.434828 1.849409 1.434828 1.599351 
1.307673 1.934704 1.565790 1.779482 1.565790 1.229319 1.360599 1.779482 1.360599 1.611607 
1.319837 1.910606 1.535654 1.742263 1.535654 1.194319 1.349277 1.742263 1.349277 1.518081 
1.332002 1.847487 1.442324 1.689995 1.442324 1.114820 1.291115 1.689995 1.291115 1.471313 
1.344166 1.835972 1.439988 1.637968 1.439988 1.123600 1.264561 1.637968 1.264561 1.511099 
1.356331 1.760644 1.383968 1.588349 1.383968 1.092714 1.225924 1.588349 1.225924 1.385594 
1.368495 1.733984 1.345609 1.542611 1.345609 1.084241 1.182480 1.542611 1.182480 1.364152 
1.380659 1.701924 1.321412 1.509756 1.321412 1.048747 1.155600 1.509756 1.155600 1.307282 
1.392824 1.633154 1.295605 1.449679 1.295605 1.048062 1.114509 1.449679 1.114509 1.248105 
1.404988 1.620223 1.239570 1.410403 1.239570 0.973343 1.110581 1.410403 1.110581 1.242037 
1.417153 1.542553 1.191828 1.344824 1.191828 0.988387 1.070200 1.344824 1.070200 1.221894 
1.429317 1.523347 1.163769 1.319240 1.163769 0.975972 1.070724 1.319240 1.070724 1.172638 
1.441481 1.484329 1.133069 1.281792 1.133069 0.937012 1.018903 1.281792 1.018903 1.139092 
1.453646 1.438688 1.100749 1.253666 1.100749 0.926006 0.997450 1.253666 0.997450 1.118027 
1.465810 1.380760 1.093217 1.222180 1.093217 0.954930 0.987217 1.222180 0.987217 1.088027 
1.477975 1.309348 1.066311 1.172287 1.066311 0.920853 0.967394 1.172287 0.967394 1.092236 
1.490139 1.298222 1.037973 1.142722 1.037973 0.897529 0.948400 1.142722 0.948400 1.048809 
1.502303 1.238703 0.995271 1.101455 0.995271 0.898133 0.928321 1.101455 0.928321 1.053436 
1.514468 1.211356 0.989421 1.106581 0.989421 0.852729 0.937852 1.106581 0.937852 1.004582 
1.526632 1.164262 0.962763 1.071448 0.962763 0.860632 0.895662 1.071448 0.895662 0.971767 
1.538797 1.158609 0.961173 1.041542 0.961173 0.828965 0.901920 1.041542 0.901920 0.960188 
1.550961 1.120122 0.954772 1.028392 0.954772 0.836233 0.882159 1.028392 0.882159 0.950156 
1.563125 1.094977 0.938166 0.977110 0.938166 0.844614 0.877317 0.977110 0.877317 0.954058 
1.575290 1.108757 0.922571 0.952838 0.922571 0.848711 0.876415 0.952838 0.876415 0.891814 
1.587454 1.079387 0.900278 0.974836 0.900278 0.843304 0.856663 0.974836 0.856663 0.877682 
1.599619 1.032448 0.883617 0.943615 0.883617 0.821709 0.874406 0.943615 0.874406 0.900477 
1.611783 1.004342 0.870677 0.941813 0.870677 0.826375 0.853635 0.941813 0.853635 0.871292 
1.623947 0.980805 0.864364 0.922495 0.864364 0.822757 0.830204 0.922495 0.830204 0.872702 
1.636112 0.993510 0.862412 0.897547 0.862412 0.831695 0.834600 0.897547 0.834600 0.855472 
1.648276 0.950275 0.854359 0.894977 0.854359 0.830210 0.841468 0.894977 0.841468 0.853800 
1.660441 0.920692 0.854590 0.873204 0.854590 0.854963 0.830862 0.873204 0.830862 0.857368 
1.672605 0.934041 0.824088 0.876208 0.824088 0.803224 0.830071 0.876208 0.830071 0.811914 
1.684769 0.890868 0.839631 0.870283 0.839631 0.782332 0.811307 0.870283 0.811307 0.833408 
1.696934 0.860635 0.821433 0.840785 0.821433 0.824410 0.829082 0.840785 0.829082 0.827634 
1.709098 0.915167 0.817933 0.852545 0.817933 0.837995 0.811524 0.852545 0.811524 0.833001 
1.721263 0.852747 0.822769 0.828717 0.822769 0.822761 0.822844 0.828717 0.822844 0.826640 
1.733427 0.853022 0.811621 0.821297 0.811621 0.818601 0.829580 0.821297 0.829580 0.834635 
1.745591 0.846405 0.808163 0.836789 0.808163 0.844229 0.828331 0.836789 0.828331 0.815943 
1.757756 0.849457 0.815757 0.816969 0.815757 0.829715 0.818823 0.816969 0.818823 0.834436 
1.769920 0.853914 0.806278 0.816966 0.806278 0.851939 0.809442 0.816966 0.809442 0.795782 
1.782085 0.835477 0.824646 0.824161 0.824646 0.850786 0.826727 0.824161 0.826727 0.822672 
1.794249 0.828297 0.807474 0.810211 0.807474 0.837084 0.826152 0.810211 0.826152 0.808664 
1.806413 0.812040 0.826681 0.816691 0.826681 0.852405 0.822496 0.816691 0.822496 0.821115 
1.818578 0.811638 0.832642 0.815126 0.832642 0.870977 0.841034 0.815126 0.841034 0.828343 
1.830742 0.822903 0.817597 0.813194 0.817597 0.886335 0.862679 0.813194 0.862679 0.818683 
1.842907 0.810652 0.837134 0.813332 0.837134 0.887826 0.845176 0.813332 0.845176 0.802062 
1.855071 0.845643 0.827143 0.813126 0.827143 0.864652 0.853513 0.813126 0.853513 0.824708 
1.867235 0.817428 0.830813 0.812871 0.830813 0.881955 0.858799 0.812871 0.858799 0.829472 
1.879400 0.794367 0.847282 0.828387 0.847282 0.900858 0.856698 0.828387 0.856698 0.856185 
1.891564 0.794923 0.840967 0.820467 0.840967 0.897330 0.849585 0.820467 0.849585 0.835194 
1.903729 0.789439 0.856335 0.826615 0.856335 0.920666 0.878397 0.826615 0.878397 0.861638 
1.915893 0.798953 0.849216 0.817292 0.849216 0.928158 0.895421 0.817292 0.895421 0.863495 
1.928057 0.808276 0.868033 0.828453 0.868033 0.928959 0.893867 0.828453 0.893867 0.846681 
1.940222 0.828474 0.872755 0.831505 0.872755 0.944126 0.907043 0.831505 0.907043 0.876613 
1.952386 0.817130 0.876062 0.833071 0.876062 0.952449 0.910501 0.833071 0.910501 0.889370 
1.964551 0.821595 0.887855 0.850759 0.887855 0.966239 0.930830 0.850759 0.930830 0.883323 
1.976715 0.822600 0.899003 0.858923 0.899003 0.972709 0.943705 0.858923 0.943705 0.903140 
1.988879 0.836137 0.896049 0.860523 0.896049 0.981397 0.945495 0.860523 0.945495 0.921840 
2.001044 0.843995 0.916762 0.864670 0.916762 0.989922 0.971220 0.864670 0.971220 0.902940 
2.013208 0.842995 0.920073 0.888227 0.920073 0.986075 0.960398 0.888227 0.960398 0.918679 
2.025373 0.870719 0.932412 0.903417 0.932412 1.006160 0.976066 0.903417 0.976066 0.938278 
2.037537 0.856308 0.941632 0.912345 0.941632 1.010258 0.977763 0.912345 0.977763 0.948188 
2.049701 0.878683 0.951722 0.906110 0.951722 1.026708 0.996705 0.906110 0.996705 0.953590 
2.061866 0.871240 0.963407 0.925430 0.963407 1.040809 1.009932 0.925430 1.009932 0.964290 
2.074030 0.886652 0.984059 0.926709 0.984059 1.028759 1.014833 0.926709 1.014833 0.965669 
2.086195 0.910364 0.978183 0.928586 0.978183 1.033757 1.009409 0.928586 1.009409 0.983486 
2.098359 0.903755 1.004093 0.965224 1.004093 1.053929 1.030856 0.965224 1.030856 0.980448 
2.110523 0.923335 0.994382 0.953833 0.994382 1.061363 1.030084 0.953833 1.030084 1.021969 
2.122688 0.929655 1.010491 0.969379 1.010491 1.071698 1.034737 0.969379 1.034737 1.000971 
2.134852 0.931874 1.021364 0.973036 1.021364 1.050480 1.043208 0.973036 1.043208 1.013143 
2.147017 0.944950 1.015864 0.984375 1.015864 1.078614 1.054281 0.984375 1.054281 1.019645 
2.159181 0.961543 1.036246 0.991363 1.036246 1.055023 1.058641 0.991363 1.058641 1.042698 
2.171345 0.972549 1.046953 1.010326 1.046953 1.094329 1.074470 1.010326 1.074470 1.044923 
2.183510 0.990112 1.049318 1.021738 1.049318 1.080594 1.058974 1.021738 1.058974 1.035260 
2.195674 1.006656 1.067172 1.038663 1.067172 1.087427 1.062832 1.038663 1.062832 1.060931 
2.207839 1.006132 1.063147 1.011454 1.063147 1.061172 1.079053 1.011454 1.079053 1.061353 
2.220003 1.005898 1.062523 1.041428 1.062523 1.082040 1.073741 1.041428 1.073741 1.060067 
2.232167 1.016698 1.076083 1.043945 1.076083 1.075158 1.087179 1.043945 1.087179 1.076843 
2.244332 1.022555 1.085790 1.060689 1.085790 1.066431 1.080848 1.060689 1.080848 1.079242 
2.256496 1.025429 1.081188 1.069552 1.081188 1.074735 1.088715 1.069552 1.088715 1.062235 
2.268661 1.057765 1.081200 1.068019 1.081200 1.066009 1.077306 1.068019 1.077306 1.055017 
2.280825 1.052884 1.092859 1.077447 1.092859 1.097406 1.073340 1.077447 1.073340 1.079563 
2.292989 1.051495 1.084855 1.065166 1.084855 1.072343 1.077147 1.065166 1.077147 1.100673 
2.305154 1.039844 1.084296 1.086991 1.084296 1.066212 1.087902 1.086991 1.087902 1.097239 
2.317318 1.050171 1.101469 1.078336 1.101469 1.060542 1.074603 1.078336 1.074603 1.094782 
2.329483 1.082096 1.098176 1.080925 1.098176 1.044872 1.076135 1.080925 1.076135 1.088857 
2.341647 1.086360 1.086555 1.089728 1.086555 1.073624 1.065385 1.089728 1.065385 1.100869 
2.353811 1.084813 1.092806 1.079448 1.092806 1.086249 1.071139 1.079448 1.071139 1.098296 
2.365976 1.100928 1.079906 1.080417 1.079906 1.062001 1.080732 1.080417 1.080732 1.119720 
2.378140 1.096394 1.078719 1.092077 1.078719 1.037936 1.080432 1.092077 1.080432 1.068494 
2.390305 1.077780 1.085830 1.096355 1.085830 1.044825 1.065706 1.096355 1.065706 1.086290 
2.402469 1.084737 1.088448 1.090394 1.088448 1.043767 1.053339 1.090394 1.053339 1.076390 
2.414633 1.094531 1.077282 1.089371 1.077282 1.055717 1.060811 1.089371 1.060811 1.083235 
2.426798 1.113531 1.072344 1.076121 1.072344 1.037129 1.054280 1.076121 1.054280 1.087788 
2.438962 1.091083 1.079225 1.081262 1.079225 1.025398 1.061896 1.081262 1.061896 1.087293 
2.451127 1.096591 1.052168 1.081020 1.052168 1.034132 1.036037 1.081020 1.036037 1.088057 
2.463291 1.077285 1.061098 1.076417 1.061098 1.018282 1.034381 1.076417 1.034381 1.059584 
2.475455 1.069248 1.071471 1.082326 1.071471 1.021426 1.041026 1.082326 1.041026 1.063983 
2.487620 1.071959 1.044930 1.070166 1.044930 1.038389 1.049165 1.070166 1.049165 1.068745 
2.499784 1.090340 1.048884 1.057555 1.048884 1.022790 1.020932 1.057555 1.020932 1.043374 
2.511949 1.082656 1.054403 1.066097 1.054403 1.017372 1.022568 1.066097 1.022568 1.052325 
2.524113 1.082049 1.040378 1.060119 1.040378 1.004556 1.018874 1.060119 1.018874 1.037440 
2.536277 1.072588 1.027512 1.053672 1.027512 1.017481 1.016623 1.053672 1.016623 1.021879 
2.548442 1.071288 1.045130 1.052489 1.045130 1.003571 1.010468 1.052489 1.010468 1.039097 
2.560606 1.075830 1.025112 1.042244 1.025112 0.995946 1.011338 1.042244 1.011338 1.028978 
2.572771 1.075275 1.028698 1.048165 1.028698 1.009569 1.016419 1.048165 1.016419 1.021655 
2.584935 1.060304 1.022784 1.040815 1.022784 0.991443 0.998588 1.040815 0.998588 1.018035 
2.597099 1.048560 1.009535 1.044216 1.009535 0.992335 0.997289 1.044216 0.997289 1.013043 
2.609264 1.059451 1.012729 1.026511 1.012729 0.987973 1.001082 1.026511 1.001082 1.006476 
2.621428 1.047069 1.016750 1.034860 1.016750 0.984871 0.996749 1.034860 0.996749 1.019861 
2.633593 1.033511 0.997801 1.015871 0.997801 0.982849 0.992402 1.015871 0.992402 1.011971 
2.645757 1.023292 0.996501 1.014122 0.996501 0.992730 0.991655 1.014122 0.991655 1.000434 
2.657921 1.028900 1.002148 1.028432 1.002148 0.974029 0.986777 1.028432 0.986777 0.990171 
2.670086 1.028040 0.993502 1.013182 0.993502 0.983030 0.985067 1.013182 0.985067 1.008883 
2.682250 1.008661 0.994981 1.019994 0.994981 0.970939 0.974499 1.019994 0.974499 0.983841 
2.694414 0.993242 0.995605 1.003888 0.995605 0.972846 0.964355 1.003888 0.964355 0.991537 
2.706579 1.022749 0.982357 0.998834 0.982357 0.965913 0.983259 0.998834 0.983259 0.986427 
2.718743 1.028048 0.982574 0.991037 0.982574 0.985950 0.978105 0.991037 0.978105 0.976801 
2.730908 1.012687 0.985713 0.994840 0.985713 0.970430 0.977916 0.994840 0.977916 0.966518 
2.743072 0.988276 0.975615 0.991217 0.975615 0.971300 0.979010 0.991217 0.979010 0.982989 
2.755237 0.976192 0.980453 0.981585 0.980453 0.973805 0.983151 0.981585 0.983151 0.980093 
2.767401 0.989945 0.963723 0.979944 0.963723 0.963224 0.969619 0.979944 0.969619 0.980307 
2.779565 0.991788 0.981326 0.985602 0.981326 0.954315 0.961939 0.985602 0.961939 0.971936 
2.791730 0.991443 0.969288 0.983391 0.969288 0.957416 0.967112 0.983391 0.967112 0.976868 
2.803894 0.984996 0.971066 0.973980 0.971066 0.974595 0.957674 0.973980 0.957674 0.972065 
2.816059 0.978846 0.968972 0.971583 0.968972 0.976560 0.971028 0.971583 0.971028 0.965246 
2.828223 0.966556 0.966529 0.965565 0.966529 0.966335 0.965152 0.965565 0.965152 0.960423 
2.840387 0.981050 0.957986 0.977452 0.957986 0.968121 0.971228 0.977452 0.971228 0.966532 
2.852552 0.984108 0.975468 0.972707 0.975468 0.964825 0.982317 0.972707 0.982317 0.961891 
2.864716 0.976953 0.977749 0.967846 0.977749 0.972537 0.979762 0.967846 0.979762 0.974368 
2.876881 0.971379 0.965533 0.976524 0.965533 0.970792 0.973278 0.976524 0.973278 0.967374 
2.889045 0.975854 0.951674 0.970067 0.951674 0.968599 0.973208 0.970067 0.973208 0.969870 
2.901209 0.975531 0.978350 0.964350 0.978350 0.966446 0.958697 0.964350 0.958697 0.958359 
2.913374 0.955320 0.979099 0.963502 0.979099 0.980108 0.958831 0.963502 0.958831 0.974328 
2.925538 0.967585 0.970433 0.970201 0.970433 0.980754 0.982477 0.970201 0.982477 0.981167 
2.937703 0.957079 0.974817 0.960677 0.974817 0.971470 0.973158 0.960677 0.973158 0.976489 
2.949867 0.955583 0.978393 0.969635 0.978393 0.975849 0.980494 0.969635 0.980494 0.980624 
2.962031 0.972404 0.971472 0.964518 0.971472 0.973059 0.988644 0.964518 0.988644 0.979003 
2.974196 0.975558 0.973103 0.970514 0.973103 0.987551 0.964214 0.970514 0.964214 0.956271 
2.986360 0.963315 0.971120 0.968428 0.971120 0.978035 0.987000 0.968428 0.987000 0.970997 
2.998525 0.974049 0.980723 0.968254 0.980723 0.986093 0.977931 0.968254 0.977931 0.969083 
3.010689 0.960293 0.968367 0.962657 0.968367 0.986040 0.988148 0.962657 0.988148 0.975215 
3.022853 0.974376 0.958208 0.972767 0.958208 0.991016 0.970887 0.972767 0.970887 0.971135 
3.035018 0.967752 0.981958 0.961920 0.981958 0.995487 0.982388 0.961920 0.982388 0.979940 
3.047182 0.972370 0.986279 0.981487 0.986279 0.987079 0.982626 0.981487 0.982626 0.974512 
3.059347 0.962102 0.973510 0.979205 0.973510 1.001204 0.998408 0.979205 0.998408 0.970603 
3.071511 0.973987 0.983768 0.974569 0.983768 1.009781 0.980149 0.974569 0.980149 0.976611 
3.083675 0.976246 0.984017 0.979037 0.984017 0.995350 0.985083 0.979037 0.985083 0.984148 
3.095840 0.971329 0.981191 0.977996 0.981191 1.014772 1.000243 0.977996 1.000243 0.985210 
3.108004 0.979344 0.987800 0.971222 0.987800 1.010093 0.988871 0.971222 0.988871 0.983370 
3.120169 0.984798 0.988982 0.990588 0.988982 0.994151 0.996018 0.990588 0.996018 0.989520 
3.132333 0.977930 0.983964 0.978015 0.983964 1.011762 0.996760 0.978015 0.996760 0.993877 
3.144497 0.976304 0.993054 0.983809 0.993054 1.000934 1.001073 0.983809 1.001073 0.976885 
3.156662 0.977330 1.008909 0.989568 1.008909 1.001682 0.990408 0.989568 0.990408 0.995738 
3.168826 0.967112 0.997230 0.985692 0.997230 1.003646 1.003613 0.985692 1.003613 1.004835 
3.180991 0.988952 0.993122 0.989335 0.993122 1.011317 1.011451 0.989335 1.011451 1.000004 
3.193155 0.981952 1.005984 1.005574 1.005984 0.998338 1.001772 1.005574 1.001772 0.990579 
3.205319 0.985980 1.001795 0.993799 1.001795 1.009986 1.002824 0.993799 1.002824 0.996348 
3.217484 0.979796 0.998127 0.996318 0.998127 1.002297 1.010169 0.996318 1.010169 0.999351 
3.229648 0.987642 1.009142 0.988383 1.009142 1.019000 1.013724 0.988383 1.013724 0.988702 
3.241813 0.990212 1.008247 0.999277 1.008247 1.019989 1.003636 0.999277 1.003636 1.018980 
3.253977 0.980902 1.007047 0.997332 1.007047 1.017637 1.005799 0.997332 1.005799 0.996723 
3.266141 1.011521 1.006972 1.006993 1.006972 1.007585 1.011660 1.006993 1.011660 1.001867 
3.278306 0.995537 1.013655 1.002773 1.013655 1.001911 1.016750 1.002773 1.016750 1.014167 
3.290470 0.985678 1.012704 1.004994 1.012704 1.020541 1.018380 1.004994 1.018380 1.003395 
3.302635 1.000232 1.002915 1.002794 1.002915 1.013726 1.001603 1.002794 1.001603 1.018265 
3.314799 0.991174 1.012507 1.008518 1.012507 1.015994 1.017398 1.008518 1.017398 1.007104 
3.326963 1.021277 1.012639 1.007922 1.012639 1.008259 1.010967 1.007922 1.010967 1.013250 
3.339128 1.014424 1.006854 1.008079 1.006854 1.016485 1.016277 1.008079 1.016277 1.019894 
3.351292 0.996349 1.002226 1.011914 1.002226 1.026731 1.020131 1.011914 1.020131 1.004692 
3.363457 1.007284 1.019872 1.015433 1.019872 1.018185 1.018042 1.015433 1.018042 1.025608 
3.375621 1.004227 1.004842 1.016653 1.004842 1.015631 1.013115 1.016653 1.013115 1.013459 
3.387785 1.005809 1.019114 1.007810 1.019114 1.020597 1.015199 1.007810 1.015199 1.013857 
3.399950 1.007016 1.018027 1.014978 1.018027 1.005411 1.024010 1.014978 1.024010 1.035999 
3.412114 1.023293 1.014263 1.015190 1.014263 1.007158 1.019276 1.015190 1.019276 1.026747 
3.424279 1.021275 1.014752 1.017382 1.014752 1.022142 1.013531 1.017382 1.013531 1.023687 
3.436443 1.031387 1.022036 1.023286 1.022036 1.013870 1.010211 1.023286 1.010211 1.011101 
3.448607 1.017843 1.018691 1.014024 1.018691 1.006136 1.010505 1.014024 1.010505 1.013792 
3.460772 1.026401 1.004130 1.018971 1.004130 1.010976 1.013803 1.018971 1.013803 1.010865 
3.472936 1.011951 1.026310 1.018695 1.026310 1.016385 1.018640 1.018695 1.018640 1.019354 
3.485101 1.019492 1.008459 1.022296 1.008459 1.007810 1.009275 1.022296 1.009275 1.024368 
3.497265 1.010569 1.018114 1.020365 1.018114 1.002980 1.011072 1.020365 1.011072 1.017074 
3.509429 1.009928 1.015235 1.015664 1.015235 1.007703 1.003807 1.015664 1.003807 1.013840 
3.521594 1.020906 1.016455 1.013347 1.016455 1.009358 0.997096 1.013347 0.997096 1.020692 
3.533758 1.029979 1.012434 1.019225 1.012434 1.010759 1.005432 1.019225 1.005432 1.006051 
3.545923 1.010409 1.018638 1.016904 1.018638 1.005523 1.002347 1.016904 1.002347 1.014417 
3.558087 1.015348 1.014034 1.018436 1.014034 1.015593 1.003873 1.018436 1.003873 1.006096 
3.570251 1.015480 1.003507 1.017193 1.003507 1.006499 1.013530 1.017193 1.013530 1.007193 
3.582416 1.013142 1.013026 1.017986 1.013026 1.002259 1.007328 1.017986 1.007328 1.006701 
3.594580 1.010210 1.010082 1.015741 1.010082 1.002548 1.007082 1.015741 1.007082 1.010723 
3.606745 1.011208 1.002555 1.012291 1.002555 1.002612 1.005501 1.012291 1.005501 1.016373 
3.618909 1.007898 1.005833 1.010088 1.005833 1.005367 1.011282 1.010088 1.011282 1.004388 
3.631073 1.025193 1.008260 1.008578 1.008260 1.005983 1.005871 1.008578 1.005871 1.010107 
3.643238 1.017692 1.010583 1.001572 1.010583 0.986989 1.004841 1.001572 1.004841 1.001808 
3.655402 1.002773 1.003881 1.009964 1.003881 1.001251 0.994897 1.009964 0.994897 1.014053 
3.667567 1.006634 1.003671 1.006766 1.003671 0.993391 1.004064 1.006766 1.004064 1.002395 
3.679731 1.004102 1.003244 1.011492 1.003244 1.007661 1.003846 1.011492 1.003846 1.000479 
3.691895 1.016208 1.004530 1.000910 1.004530 0.992794 0.998745 1.000910 0.998745 1.005506 
3.704060 1.006967 1.001427 1.014977 1.001427 1.011864 1.003498 1.014977 1.003498 0.992502 
3.716224 1.013904 1.000412 1.002566 1.000412 1.003182 1.002709 1.002566 1.002709 1.001326 
3.728389 1.012310 1.004626 1.006765 1.004626 0.996189 0.996339 1.006765 0.996339 0.997334 
3.740553 1.007253 0.997536 1.004494 0.997536 1.002420 1.007627 1.004494 1.007627 0.994428 
3.752717 1.019785 1.006423 1.003122 1.006423 0.992668 0.999682 1.003122 0.999682 1.006885 
3.764882 1.012270 1.005571 0.994429 1.005571 0.990473 0.993279 0.994429 0.993279 1.005784 
3.777046 1.013114 0.998976 1.005600 0.998976 0.994897 1.004426 1.005600 1.004426 1.001589 
3.789211 1.013997 1.004864 1.003791 1.004864 0.990694 1.001551 1.003791 1.001551 1.007964 
3.801375 1.014186 1.002559 0.996310 1.002559 1.000697 0.999755 0.996310 0.999755 0.995283 
3.813539 1.005903 0.999081 1.003413 0.999081 1.009003 1.003655 1.003413 1.003655 0.997879 
3.825704 1.007881 1.004477 0.995793 1.004477 0.996375 1.001602 0.995793 1.001602 1.004469 
3.837868 0.998712 1.003817 1.001334 1.003817 0.997751 0.990717 1.001334 0.990717 1.002043 
3.850033 0.997073 0.990748 1.000971 0.990748 0.995105 0.991416 1.000971 0.991416 1.000502 
3.862197 0.994762 0.984742 1.001842 0.984742 1.003533 0.997043 1.001842 0.997043 0.999326 
3.874361 0.994709 0.996632 0.996089 0.996632 1.001305 0.991203 0.996089 0.991203 1.003513 
3.886526 0.990219 0.992620 0.999721 0.992620 0.992589 0.993640 0.999721 0.993640 0.994315 
3.898690 0.991057 0.988986 0.997492 0.988986 0.999461 0.989855 0.997492 0.989855 1.005888 
3.910855 1.002857 0.998189 0.989203 0.998189 0.993003 0.996591 0.989203 0.996591 0.992425 
3.923019 0.995288 0.999742 1.000959 0.999742 0.979205 0.995091 1.000959 0.995091 0.993766 
3.935183 0.986290 1.002788 0.999317 1.002788 1.000276 0.997312 0.999317 0.997312 0.991771 
3.947348 0.999340 0.997904 0.995628 0.997904 0.992135 0.994779 0.995628 0.994779 0.992759 
3.959512 0.997579 0.995125 1.002150 0.995125 0.997326 1.004440 1.002150 1.004440 1.002288 
3.971677 0.993952 0.991519 0.989704 0.991519 0.993392 0.999087 0.989704 0.999087 0.995718 
3.983841 0.999803 0.987602 0.993597 0.987602 0.992562 0.995277 0.993597 0.995277 0.989025 
3.996005 0.998818 0.991833 0.997917 0.991833 0.981905 0.996896 0.997917 0.996896 1.000036 
4.008170 0.997230 1.000308 0.988751 1.000308 0.996927 1.003023 0.988751 1.003023 0.991975 
4.020334 0.994115 0.997833 0.992109 0.997833 0.993048 0.989779 0.992109 0.989779 0.984160 
4.032499 0.992599 0.995914 0.994059 0.995914 0.993197 0.992203 0.994059 0.992203 1.002085 
4.044663 0.996998 0.996758 0.995950 0.996758 1.000078 1.005967 0.995950 1.005967 0.987892 
4.056827 1.001731 0.996278 0.998031 0.996278 0.991284 0.996692 0.998031 0.996692 0.992654 
4.068992 0.991613 0.991274 1.001957 0.991274 1.002264 0.996090 1.001957 0.996090 0.986727 
4.081156 0.983679 0.994008 0.998650 0.994008 0.995595 1.001626 0.998650 1.001626 0.997744 
4.093321 0.981232 0.992961 0.998298 0.992961 1.003549 0.991160 0.998298 0.991160 0.999751 
4.105485 0.995342 0.999539 1.001342 0.999539 0.997650 0.993514 1.001342 0.993514 0.990334 
4.117649 0.999129 0.994785 0.991771 0.994785 0.991152 1.004009 0.991771 1.004009 0.985964 
4.129814 0.984440 0.992498 0.997819 0.992498 0.994884 0.994048 0.997819 0.994048 1.001493 
4.141978 0.998827 0.995793 0.987049 0.995793 0.995297 0.989540 0.987049 0.989540 1.008952 
4.154143 1.003704 0.996836 0.998227 0.996836 0.990488 1.006345 0.998227 1.006345 0.996994 
4.166307 0.989182 0.998206 1.001556 0.998206 1.007822 1.001937 1.001556 1.001937 0.996821 
4.178471 0.995164 0.999441 0.993424 0.999441 0.997569 0.993323 0.993424 0.993323 0.990582 
4.190636 0.995964 0.998551 0.988881 0.998551 1.005603 0.999743 0.988881 0.999743 1.005780 
4.202800 0.993349 1.001385 0.996934 1.001385 0.993474 1.004802 0.996934 1.004802 0.996427 
4.214965 0.996914 0.999790 0.993008 0.999790 1.003955 0.997112 0.993008 0.997112 0.991988 
4.227129 1.009281 0.993220 0.996894 0.993220 0.999214 0.998669 0.996894 0.998669 0.985732 
4.239293 0.987546 0.999733 0.994990 0.999733 0.993350 0.998275 0.994990 0.998275 1.002647 
4.251458 0.990525 1.001993 0.994206 1.001993 0.999011 1.006746 0.994206 1.006746 0.996394 
4.263622 0.994276 1.010312 1.000873 1.010312 1.004853 0.999395 1.000873 0.999395 0.999163 
4.275787 0.994767 1.001849 1.004668 1.001849 0.995759 0.999524 1.004668 0.999524 0.993776 
4.287951 0.998930 0.997050 1.007988 0.997050 1.001214 1.002932 1.007988 1.002932 0.997440 
4.300115 0.996762 1.003004 1.003612 1.003004 1.004148 0.997584 1.003612 0.997584 0.997216 
4.312280 1.003046 1.000567 1.002747 1.000567 1.004258 0.998778 1.002747 0.998778 1.003426 
4.324444 1.004486 1.004942 0.999241 1.004942 1.000610 1.002398 0.999241 1.002398 0.999286 
4.336609 1.002548 1.005543 1.002088 1.005543 1.007883 0.998679 1.002088 0.998679 1.003582 
4.348773 1.002596 1.004449 0.991893 1.004449 0.997080 1.005310 0.991893 1.005310 0.997197 
4.360937 0.996483 0.998246 0.996300 0.998246 1.007174 1.004790 0.996300 1.004790 1.000504 
4.373102 1.000370 0.998924 0.999926 0.998924 1.006102 0.998832 0.999926 0.998832 0.997966 
4.385266 0.999156 1.004026 0.998986 1.004026 1.011728 1.007748 0.998986 1.007748 0.999225 
4.397431 1.007830 1.003411 1.003069 1.003411 1.005064 0.998354 1.003069 0.998354 0.998893 
4.409595 1.004930 1.002306 0.998624 1.002306 1.008681 1.005364 0.998624 1.005364 1.005840 
4.421759 0.992565 1.005186 1.007394 1.005186 0.997425 1.002843 1.007394 1.002843 1.000477 
4.433924 1.002521 1.004255 0.995303 1.004255 1.007962 1.007157 0.995303 1.007157 1.007895 
4.446088 1.002638 1.001469 1.004243 1.001469 1.002504 0.996923 1.004243 0.996923 1.006596 
4.458253 0.995684 1.006384 1.000843 1.006384 0.995751 0.993185 1.000843 0.993185 1.000043 
4.470417 1.006767 1.007908 0.997526 1.007908 1.006900 1.000667 0.997526 1.000667 1.004710 
4.482581 0.997488 1.005914 1.006013 1.005914 1.003647 0.998120 1.006013 0.998120 1.008112 
4.494746 1.003709 1.007537 1.000647 1.007537 1.000121 1.009129 1.000647 1.009129 1.006750 
4.506910 0.998324 1.008454 1.006762 1.008454 1.002176 1.005341 1.006762 1.005341 1.005614 
4.519075 1.006289 0.999052 1.009373 0.999052 1.010531 0.998383 1.009373 0.998383 1.008605 
4.531239 0.999383 1.004816 1.003808 1.004816 1.002698 1.003840 1.003808 1.003840 1.007606 
4.543403 1.003656 1.010362 1.001602 1.010362 0.999459 1.007929 1.001602 1.007929 1.001258 
4.555568 0.991399 1.002816 1.003527 1.002816 0.995574 0.994601 1.003527 0.994601 1.015296 
4.567732 1.006742 1.004315 1.001845 1.004315 1.002801 0.999564 1.001845 0.999564 0.994709 
4.579897 1.006563 0.998609 1.000583 0.998609 1.002202 0.998766 1.000583 0.998766 1.006648 
4.592061 1.011737 1.003465 1.009482 1.003465 0.998804 1.010558 1.009482 1.010558 1.003457 
4.604225 1.003919 1.000417 1.004064 1.000417 1.006358 1.003887 1.004064 1.003887 1.001250 
4.616390 1.013504 1.000741 1.008482 1.000741 0.996953 1.008906 1.008482 1.008906 1.003113 
4.628554 0.991639 1.004691 1.006233 1.004691 1.002141 1.002028 1.006233 1.002028 1.004018 
4.640719 1.002702 1.003921 1.006733 1.003921 0.996771 1.001742 1.006733 1.001742 1.007792 
4.652883 1.003997 0.995808 1.006786 0.995808 0.997382 0.999939 1.006786 0.999939 0.995790 
4.665047 1.010874 1.004003 1.001665 1.004003 0.999765 1.004398 1.001665 1.004398 0.994870 
4.677212 1.007380 1.005422 1.008593 1.005422 0.999742 1.006227 1.008593 1.006227 1.004955 
4.689376 1.001920 0.999271 1.004921 0.999271 1.007267 1.006183 1.004921 1.006183 0.998805 
4.701541 1.000721 1.001361 1.006872 1.001361 0.998742 0.996708 1.006872 0.996708 1.001421 
4.713705 1.002764 1.003178 1.001463 1.003178 0.997432 0.998598 1.001463 0.998598 0.993036 
4.725869 1.002140 0.996216 1.006798 0.996216 0.999014 0.998021 1.006798 0.998021 1.002022 
4.738034 1.005527 0.999506 1.005688 0.999506 0.995288 1.000026 1.005688 1.000026 1.005153 
4.750198 1.009550 1.006917 0.994110 1.006917 0.995858 1.006722 0.994110 1.006722 1.002381 
4.762363 1.007420 1.002100 1.003072 1.002100 0.993097 1.001149 1.003072 1.001149 0.994792 
4.774527 1.003768 0.999185 0.993542 0.999185 1.002914 1.000489 0.993542 1.000489 0.995682 
4.786691 0.999116 0.999448 1.002928 0.999448 1.001469 0.999880 1.002928 0.999880 1.001604 
4.798856 0.990487 0.997372 1.004508 0.997372 1.002176 0.998157 1.004508 0.998157 1.003673 
4.811020 1.006528 1.007684 1.005809 1.007684 1.000723 0.999671 1.005809 0.999671 1.005936 
4.823184 1.002542 0.995394 0.999673 0.995394 1.000927 1.001463 0.999673 1.001463 1.007140 
4.835349 0.998864 0.999783 1.006726 0.999783 1.004214 1.002920 1.006726 1.002920 1.003741 
4.847513 1.008585 1.000386 1.004538 1.000386 0.995663 1.006526 1.004538 1.006526 1.010447 
4.859678 1.003357 1.007595 0.996589 1.007595 0.995215 1.007324 0.996589 1.007324 0.999950 
4.871842 1.001498 1.002428 0.997426 1.002428 0.998965 1.010446 0.997426 1.010446 1.009803 
4.884007 1.003558 0.995855 1.002402 0.995855 0.999927 1.006622 1.002402 1.006622 1.001094 
4.896171 1.000530 0.999731 1.000631 0.999731 0.992362 1.000797 1.000631 1.000797 1.001065 
4.908335 1.001668 1.001456 1.009254 1.001456 1.002347 0.999472 1.009254 0.999472 1.015629 
4.920500 0.998349 1.001471 1.001590 1.001471 1.003826 0.999006 1.001590 0.999006 1.001745 
4.932664 1.002547 1.000980 1.001333 1.000980 0.997152 0.995929 1.001333 0.995929 0.996880 
4.944829 0.999667 0.998235 0.999028 0.998235 0.999106 1.008469 0.999028 1.008469 1.006970 
4.956993 0.998577 0.998556 1.002204 0.998556 1.002120 1.006991 1.002204 1.006991 0.997857 
4.969157 1.003109 1.002959 0.997071 1.002959 1.000478 1.001335 0.997071 1.001335 1.008765 
4.981322 1.002566 1.003298 1.000618 1.003298 0.999627 1.000032 1.000618 1.000032 1.002922 
4.993486 1.006156 1.006645 0.997026 1.006645 0.995344 0.998713 0.997026 0.998713 0.994440 
5.005651 1.000906 0.995178 1.001288 0.995178 1.007045 1.000435 1.001288 1.000435 1.001876 
5.017815 1.006517 0.998543 0.998430 0.998543 0.998021 0.994755 0.998430 0.994755 0.998916 
5.029979 0.998248 0.999108 0.997637 0.999108 1.005411 0.999535 0.997637 0.999535 0.998056 
5.042144 1.004447 1.000770 1.001575 1.000770 1.003317 1.006115 1.001575 1.006115 0.994867 
5.054308 1.009666 0.998195 0.999903 0.998195 1.001499 0.999006 0.999903 0.999006 0.999233 
5.066473 1.003829 0.999153 0.997549 0.999153 0.997097 0.997960 0.997549 0.997960 0.993980 
5.078637 1.000667 0.999791 0.998655 0.999791 0.997651 0.999603 0.998655 0.999603 1.005876 
5.090801 0.992360 0.995120 1.001741 0.995120 0.990228 1.003568 1.001741 1.003568 1.003786 
5.102966 1.005021 0.994971 0.995741 0.994971 1.000013 0.998592 0.995741 0.998592 0.999470 
5.115130 1.003349 1.000375 0.994836 1.000375 0.992994 0.998750 0.994836 0.998750 1.000595 
5.127295 1.004518 1.002409 1.005677 1.002409 1.003004 1.000826 1.005677 1.000826 1.003677 
5.139459 1.005569 0.995830 1.001775 0.995830 1.004180 0.997656 1.001775 0.997656 0.994743 
5.151623 0.992798 0.999979 0.998220 0.999979 0.999643 1.003482 0.998220 1.003482 1.001259 
5.163788 1.001642 0.998889 1.001962 0.998889 1.003880 0.997642 1.001962 0.997642 0.994945 
5.175952 0.994871 0.999793 0.998420 0.999793 1.000464 0.999908 0.998420 0.999908 1.005446 
5.188117 0.998543 1.000435 1.003791 1.000435 0.997393 0.999232 1.003791 0.999232 0.994733 
5.200281 1.009430 0.998914 0.995078 0.998914 1.004658 0.997790 0.995078 0.997790 1.004870 
5.212445 1.005147 0.998878 0.999802 0.998878 0.995207 1.004293 0.999802 1.004293 1.004171 
5.224610 1.006762 0.998120 0.999662 0.998120 1.007296 1.002454 0.999662 1.002454 0.998940 
5.236774 0.999278 0.998831 0.998871 0.998831 0.993637 1.000510 0.998871 1.000510 0.997618 
5.248939 1.001879 1.002880 1.001137 1.002880 0.997114 1.000913 1.001137 1.000913 1.003547 
5.261103 1.002657 1.004320 0.999848 1.004320 1.006362 1.001121 0.999848 1.001121 1.003280 
5.273268 0.998354 0.997450 0.999320 0.997450 1.001343 0.995898 0.999320 0.995898 1.001772 
5.285432 1.004388 0.996191 0.999093 0.996191 1.005828 0.998746 0.999093 0.998746 1.000116 
5.297596 1.008845 1.001636 1.003340 1.001636 1.002797 1.000420 1.003340 1.000420 0.995694 
5.309761 0.998937 1.001709 1.001131 1.001709 1.005992 1.001912 1.001131 1.001912 0.998827 
5.321925 1.002108 0.996691 0.999413 0.996691 0.995975 1.001972 0.999413 1.001972 0.996381 
5.334090 1.005853 1.005497 1.001425 1.005497 1.001582 1.002624 1.001425 1.002624 0.997869 
5.346254 1.004398 0.998253 1.005373 0.998253 1.003006 1.002892 1.005373 1.002892 1.004305 
5.358418 1.003468 0.998826 0.995044 0.998826 1.000450 0.997169 0.995044 0.997169 0.998665 
5.370583 0.996530 1.002486 0.996774 1.002486 0.995794 1.000936 0.996774 1.000936 0.998001 
5.382747 0.992159 1.000445 0.999206 1.000445 0.996599 1.000605 0.999206 1.000605 1.000184 
5.394911 1.001944 1.001374 1.002713 1.001374 1.008079 0.996894 1.002713 0.996894 0.990341 
5.407076 0.996238 1.008075 0.998929 1.008075 1.012172 1.009589 0.998929 1.009589 1.001619 
5.419240 1.005059 0.995387 0.999819 0.995387 0.997489 1.000517 0.999819 1.000517 0.994464 
5.431405 0.995552 0.995579 0.998782 0.995579 0.999463 1.003844 0.998782 1.003844 1.002280 
5.443569 0.994201 1.001487 1.002327 1.001487 1.003568 1.000937 1.002327 1.000937 0.999392 
5.455733 0.994935 1.006663 1.008735 1.006663 1.001335 0.996421 1.008735 0.996421 0.995276 
5.467898 0.999300 1.002665 1.000640 1.002665 1.007475 1.001700 1.000640 1.001700 0.988316 
5.480062 1.007025 1.004703 0.995095 1.004703 0.997694 0.994332 0.995095 0.994332 1.002360 
5.492227 0.998286 1.002005 1.004539 1.002005 0.998799 0.999727 1.004539 0.999727 1.010214 
5.504391 1.002111 1.001773 1.005277 1.001773 1.006867 0.999934 1.005277 0.999934 0.992877 
5.516555 0.997416 0.998181 1.003037 0.998181 1.010996 0.999107 1.003037 0.999107 1.003821 
5.528720 1.001105 1.000218 1.002877 1.000218 0.999963 1.002524 1.002877 1.002524 0.998719 
5.540884 1.007900 1.002725 0.999131 1.002725 0.994007 0.999942 0.999131 0.999942 0.999838 
5.553049 0.993710 0.998626 0.995783 0.998626 0.995573 0.997755 0.995783 0.997755 0.991975 
5.565213 1.018701 0.999133 1.002085 0.999133 1.000720 0.999816 1.002085 0.999816 1.005187 
5.577377 1.000050 1.002332 1.002141 1.002332 1.007197 0.993891 1.002141 0.993891 1.009698 
5.589542 1.004958 1.003229 1.004364 1.003229 1.004703 1.001819 1.004364 1.001819 1.004972 
5.601706 0.998048 1.000835 1.003131 1.000835 1.005500 1.003088 1.003131 1.003088 1.003626 
5.613871 0.998423 1.000980 1.000553 1.000980 0.996417 0.998939 1.000553 0.998939 1.002252 
5.626035 1.000523 0.999122 1.001565 0.999122 1.001710 0.999748 1.001565 0.999748 1.000718 
5.638199 0.998794 0.998215 1.001915 0.998215 1.005245 1.004202 1.001915 1.004202 1.006497 
5.650364 1.000550 1.002334 1.003231 1.002334 1.005783 1.001658 1.003231 1.001658 1.003319 
5.662528 1.007614 0.992681 1.002415 0.992681 1.012439 1.004173 1.002415 1.004173 0.999757 
5.674693 0.996819 0.998599 1.003954 0.998599 0.999399 1.002655 1.003954 1.002655 0.998177 
5.686857 1.000624 0.998944 1.002683 0.998944 1.001294 1.001784 1.002683 1.001784 1.001964 
5.699021 1.000520 1.002617 1.001105 1.002617 1.005678 1.002922 1.001105 1.002922 0.997961 
5.711186 0.998513 1.004423 1.001755 1.004423 1.001332 0.999615 1.001755 0.999615 0.997578 
5.723350 0.998618 1.001872 0.998645 1.001872 0.999306 1.000817 0.998645 1.000817 0.997026 
5.735515 0.995622 0.998537 1.001061 0.998537 0.998443 1.006183 1.001061 1.006183 1.003993 
5.747679 0.996002 1.002863 1.010931 1.002863 1.001969 0.998969 1.010931 0.998969 1.000136 
5.759843 1.006148 1.002322 1.004301 1.002322 1.001458 1.000875 1.004301 1.000875 1.001764 
5.772008 1.004897 0.997713 1.001197 0.997713 0.995557 1.006393 1.001197 1.006393 0.998648 
5.784172 1.012617 1.000914 1.000802 1.000914 1.008324 0.998807 1.000802 0.998807 0.995430 
5.796337 1.000965 0.999765 0.998244 0.999765 1.000688 0.999719 0.998244 0.999719 1.007253 
5.808501 1.002541 1.005186 0.999127 1.005186 1.005711 1.001739 0.999127 1.001739 1.003209 
5.820665 1.001864 1.003791 1.004201 1.003791 0.994376 1.001425 1.004201 1.001425 1.003456 
5.832830 1.006550 1.002547 1.005500 1.002547 1.004952 1.000748 1.005500 1.000748 1.005095 
5.844994 1.004538 1.002518 1.000829 1.002518 1.000786 1.001925 1.000829 1.001925 0.996737 
5.857159 0.996080 0.999354 1.000632 0.999354 0.995513 0.998339 1.000632 0.998339 1.001092 
5.869323 1.005902 0.999039 1.006302 0.999039 0.997229 1.003220 1.006302 1.003220 1.000872 
5.881487 1.000558 1.001292 1.002075 1.001292 0.996124 0.999738 1.002075 0.999738 1.002436 
5.893652 0.999421 1.004885 0.998747 1.004885 0.997500 0.999622 0.998747 0.999622 0.999765 
5.905816 1.004141 1.002284 0.999537 1.002284 1.003419 0.999051 0.999537 0.999051 1.002937 
5.917981 0.999930 0.995264 0.997918 0.995264 0.999640 1.005377 0.997918 1.005377 1.006152 
5.930145 1.003988 1.001136 0.996075 1.001136 0.999878 0.999088 0.996075 0.999088 1.001298 
5.942309 1.005616 1.001615 1.004129 1.001615 1.002937 0.997661 1.004129 0.997661 1.003063 
5.954474 1.000463 0.997420 1.005092 0.997420 0.991213 1.003433 1.005092 1.003433 0.998244 
5.966638 1.003951 1.005059 0.999459 1.005059 0.992925 1.001118 0.999459 1.001118 1.000102 
5.978802 0.999237 0.999048 1.001248 0.999048 1.000634 1.000946 1.001248 1.000946 0.991138 
5.990967 0.994567 1.004765 1.003010 1.004765 1.008754 0.999261 1.003010 0.999261 1.006279 
6.003131 1.006954 1.001941 1.000951 1.001941 0.998123 1.004184 1.000951 1.004184 0.998687 
6.015296 1.005826 1.001536 0.995625 1.001536 1.002699 0.995717 0.995625 0.995717 1.010016 
6.027460 1.000788 0.997767 1.008068 0.997767 0.996664 1.000114 1.008068 1.000114 1.005691 
6.039624 1.000357 1.000078 1.001708 1.000078 1.002223 0.998616 1.001708 0.998616 1.000720 
6.051789 0.999417 0.999381 0.997492 0.999381 1.003291 0.999820 0.997492 0.999820 1.003677 
6.063953 1.004117 1.003681 1.004418 1.003681 1.003155 1.003118 1.004418 1.003118 1.001917 
6.076118 1.001558 1.001482 1.003010 1.001482 0.999450 1.002831 1.003010 1.002831 1.003796 
6.088282 0.997014 0.992799 0.999449 0.992799 0.998338 0.996561 0.999449 0.996561 0.994915 
6.100446 0.992445 0.990687 0.989172 0.990687 0.995402 0.996138 0.989172 0.996138 0.996495 
6.112611 0.979118 0.988894 0.987072 0.988894 0.986275 0.982799 0.987072 0.982799 0.992059 
6.124775 0.982647 0.977457 0.981474 0.977457 0.973397 0.978027 0.981474 0.978027 0.986547 
6.136940 0.977614 0.971606 0.970109 0.971606 0.971664 0.974712 0.970109 0.974712 0.975795 
6.149104 0.970468 0.969732 0.963441 0.969732 0.969696 0.972237 0.963441 0.972237 0.967604 
6.161268 0.965298 0.960160 0.960728 0.960160 0.955855 0.963861 0.960728 0.963861 0.964622 
6.173433 0.956661 0.956050 0.951386 0.956050 0.955884 0.960535 0.951386 0.960535 0.955316 
6.185597 0.950918 0.948399 0.951974 0.948399 0.950363 0.944835 0.951974 0.944835 0.953032 
6.197762 0.943642 0.944000 0.945394 0.944000 0.944862 0.943324 0.945394 0.943324 0.946450 
6.209926 0.942977 0.938372 0.936984 0.938372 0.945212 0.937732 0.936984 0.937732 0.940410 
6.222090 0.934667 0.936376 0.937571 0.936376 0.937042 0.931541 0.937571 0.931541 0.933126 
6.234255 0.925178 0.926605 0.929422 0.926605 0.919799 0.928889 0.929422 0.928889 0.923529 
6.246419 0.919757 0.920151 0.925209 0.920151 0.920776 0.922099 0.925209 0.922099 0.916675 
6.258584 0.915901 0.918499 0.915192 0.918499 0.914783 0.918606 0.915192 0.918606 0.909976 
6.270748 0.911689 0.911199 0.911306 0.911199 0.911633 0.908062 0.911306 0.908062 0.910599 
6.282912 0.909347 0.906500 0.897645 0.906500 0.908620 0.904787 0.897645 0.904787 0.906906 
6.295077 0.901832 0.898876 0.895369 0.898876 0.890846 0.899777 0.895369 0.899777 0.895419 
6.307241 0.894603 0.892280 0.892391 0.892280 0.899437 0.896344 0.892391 0.896344 0.892748 
6.319406 0.889534 0.883695 0.891489 0.883695 0.890596 0.887832 0.891489 0.887832 0.887829 
6.331570 0.884202 0.882173 0.884618 0.882173 0.877587 0.883821 0.884618 0.883821 0.877929 
6.343735 0.875662 0.872820 0.876251 0.872820 0.875596 0.878227 0.876251 0.878227 0.877452 
6.355899 0.869545 0.868451 0.871952 0.868451 0.869797 0.874176 0.871952 0.874176 0.871460 
6.368063 0.868124 0.864312 0.864617 0.864312 0.866064 0.867713 0.864617 0.867713 0.867023 
6.380228 0.855880 0.861852 0.862707 0.861852 0.866162 0.859563 0.862707 0.859563 0.860494 
6.392392 0.852594 0.851013 0.854366 0.851013 0.862502 0.851374 0.854366 0.851374 0.853665 
6.404557 0.847429 0.852728 0.850704 0.852728 0.853851 0.848309 0.850704 0.848309 0.847881 
6.416721 0.849489 0.843250 0.841356 0.843250 0.838433 0.843956 0.841356 0.843956 0.844981 
6.428885 0.842418 0.834654 0.839066 0.834654 0.835606 0.837681 0.839066 0.837681 0.837413 
6.441050 0.833698 0.833584 0.831317 0.833584 0.841891 0.830999 0.831317 0.830999 0.823875 
6.453214 0.836513 0.830091 0.832773 0.830091 0.827895 0.829213 0.832773 0.829213 0.833414 
6.465379 0.826526 0.826459 0.822470 0.826459 0.824623 0.822075 0.822470 0.822075 0.820098 
6.477543 0.823857 0.817546 0.816370 0.817546 0.817726 0.817987 0.816370 0.817987 0.813365 
6.489707 0.813373 0.809349 0.809438 0.809349 0.814233 0.813439 0.809438 0.813439 0.808157 
6.501872 0.807488 0.808694 0.812221 0.808694 0.806944 0.805109 0.812221 0.805109 0.806390 
6.514036 0.805913 0.803226 0.802759 0.803226 0.802100 0.801223 0.802759 0.801223 0.807132 
6.526201 0.796134 0.796113 0.798766 0.796113 0.794298 0.800405 0.798766 0.800405 0.798293 
6.538365 0.790156 0.792376 0.789810 0.792376 0.795832 0.794823 0.789810 0.794823 0.791035 
6.550529 0.785772 0.788547 0.784908 0.788547 0.783938 0.785293 0.784908 0.785293 0.785133 
6.562694 0.780675 0.779086 0.781070 0.779086 0.786607 0.778017 0.781070 0.778017 0.777925 
6.574858 0.779210 0.774233 0.773918 0.774233 0.774589 0.775370 0.773918 0.775370 0.770652 
6.587023 0.768766 0.770549 0.775534 0.770549 0.762277 0.770539 0.775534 0.770539 0.778036 
6.599187 0.762047 0.768808 0.769122 0.768808 0.773273 0.759315 0.769122 0.759315 0.764696 
6.611351 0.760106 0.763065 0.761649 0.763065 0.761440 0.761805 0.761649 0.761805 0.761279 
6.623516 0.758344 0.754787 0.757895 0.754787 0.751644 0.753627 0.757895 0.753627 0.753871 
6.635680 0.751229 0.750166 0.749550 0.750166 0.751661 0.750396 0.749550 0.750396 0.749031 
6.647845 0.745072 0.741507 0.746940 0.741507 0.747343 0.746432 0.746940 0.746432 0.744952 
6.660009 0.735347 0.740216 0.741795 0.740216 0.737350 0.742003 0.741795 0.742003 0.744874 
6.672173 0.735082 0.733581 0.734828 0.733581 0.731180 0.732354 0.734828 0.732354 0.733543 
6.684338 0.730529 0.734488 0.730017 0.734488 0.731578 0.728779 0.730017 0.728779 0.735970 
6.696502 0.722160 0.728260 0.724831 0.728260 0.732627 0.726914 0.724831 0.726914 0.726112 
6.708667 0.720006 0.721276 0.721203 0.721276 0.724013 0.720268 0.721203 0.720268 0.722225 
6.720831 0.710287 0.717209 0.718867 0.717209 0.711637 0.717823 0.718867 0.717823 0.704914 
6.732995 0.715543 0.708324 0.711351 0.708324 0.713398 0.708401 0.711351 0.708401 0.710727 
6.745160 0.704115 0.708787 0.708148 0.708787 0.701686 0.704140 0.708148 0.704140 0.704076 
6.757324 0.700341 0.702329 0.698600 0.702329 0.700651 0.700038 0.698600 0.700038 0.700331 
6.769489 0.699516 0.694868 0.693464 0.694868 0.696063 0.694161 0.693464 0.694161 0.697191 
6.781653 0.689693 0.688165 0.691293 0.688165 0.686339 0.690910 0.691293 0.690910 0.688492 
6.793817 0.692188 0.686321 0.686144 0.686321 0.691230 0.686158 0.686144 0.686158 0.688358 
6.805982 0.684888 0.679552 0.682876 0.679552 0.682302 0.680422 0.682876 0.680422 0.683914 
6.818146 0.673564 0.676549 0.678506 0.676549 0.687465 0.673488 0.678506 0.673488 0.677909 
6.830311 0.668260 0.670810 0.671934 0.670810 0.669037 0.670966 0.671934 0.670966 0.679042 
6.842475 0.669405 0.668778 0.667692 0.668778 0.667026 0.669399 0.667692 0.669399 0.669613 
6.854639 0.663713 0.661027 0.661313 0.661027 0.658022 0.660394 0.661313 0.660394 0.666084 
6.866804 0.652112 0.660028 0.659766 0.660028 0.660295 0.658846 0.659766 0.658846 0.664569 
6.878968 0.652738 0.652289 0.656520 0.652289 0.651141 0.654230 0.656520 0.654230 0.654027 
6.891133 0.649023 0.648924 0.650009 0.648924 0.645607 0.650162 0.650009 0.650162 0.648456 
6.903297 0.644343 0.642472 0.644252 0.642472 0.643693 0.643420 0.644252 0.643420 0.642590 
6.915461 0.639761 0.639945 0.639203 0.639945 0.638790 0.638462 0.639203 0.638462 0.638097 
6.927626 0.637534 0.635694 0.638645 0.635694 0.633482 0.637649 0.638645 0.637649 0.637074 
6.939790 0.627075 0.634361 0.629334 0.634361 0.629535 0.628722 0.629334 0.628722 0.629737 
6.951955 0.627657 0.623901 0.623965 0.623901 0.627858 0.625574 0.623965 0.625574 0.623331 
6.964119 0.622793 0.620989 0.621898 0.620989 0.614782 0.618478 0.621898 0.618478 0.617507 
6.976283 0.618528 0.618163 0.618005 0.618163 0.617492 0.617923 0.618005 0.617923 0.616448 
6.988448 0.612222 0.608747 0.610542 0.608747 0.611824 0.608432 0.610542 0.608432 0.612548 
7.000612 0.609832 0.606954 0.608541 0.606954 0.606531 0.605439 0.608541 0.605439 0.610887 
7.012777 0.604450 0.603814 0.599797 0.603814 0.599623 0.600594 0.599797 0.600594 0.603893 
7.024941 0.599498 0.598852 0.598325 0.598852 0.599247 0.597303 0.598325 0.597303 0.600331 
7.037105 0.590254 0.592294 0.592468 0.592294 0.592584 0.592597 0.592468 0.592597 0.599858 
7.049270 0.590318 0.588789 0.591688 0.588789 0.587294 0.588519 0.591688 0.588519 0.586093 
7.061434 0.587485 0.584254 0.585986 0.584254 0.584781 0.585588 0.585986 0.585588 0.584214 
7.073599 0.581583 0.582048 0.577390 0.582048 0.583058 0.582144 0.577390 0.582144 0.578350 
7.085763 0.575587 0.571620 0.578091 0.571620 0.571088 0.573392 0.578091 0.573392 0.573624 
7.097927 0.568031 0.570960 0.570789 0.570960 0.574225 0.569211 0.570789 0.569211 0.575058 
7.110092 0.569005 0.566255 0.566974 0.566255 0.564415 0.566351 0.566974 0.566351 0.565272 
7.122256 0.563373 0.560023 0.562954 0.560023 0.564846 0.561178 0.562954 0.561178 0.560811 
7.134421 0.556486 0.559634 0.556622 0.559634 0.560759 0.556626 0.556622 0.556626 0.555401 
7.146585 0.553560 0.553289 0.552167 0.553289 0.553335 0.555600 0.552167 0.555600 0.552711 
7.158749 0.551184 0.551186 0.548616 0.551186 0.546242 0.548225 0.548616 0.548225 0.553461 
7.170914 0.541807 0.546050 0.547485 0.546050 0.548538 0.546251 0.547485 0.546251 0.542271 
7.183078 0.539241 0.541346 0.538729 0.541346 0.538119 0.538157 0.538729 0.538157 0.539790 
7.195243 0.534969 0.535399 0.536509 0.535399 0.534671 0.536275 0.536509 0.536275 0.538692 
7.207407 0.529442 0.533317 0.532397 0.533317 0.529527 0.530756 0.532397 0.530756 0.530625 
7.219571 0.529827 0.529168 0.525517 0.529168 0.524467 0.527004 0.525517 0.527004 0.531226 
7.231736 0.522421 0.524761 0.524765 0.524761 0.524652 0.525910 0.524765 0.525910 0.524796 
7.243900 0.520765 0.521875 0.519403 0.521875 0.519527 0.520717 0.519403 0.520717 0.519030 
7.256065 0.517434 0.514508 0.513910 0.514508 0.517409 0.515680 0.513910 0.515680 0.515192 
7.268229 0.513498 0.509472 0.512312 0.509472 0.511097 0.512854 0.512312 0.512854 0.509498 
7.280393 0.504500 0.508404 0.508487 0.508404 0.503808 0.504797 0.508487 0.504797 0.505893 
7.292558 0.500611 0.503105 0.502450 0.503105 0.503736 0.502512 0.502450 0.502512 0.499597 
7.304722 0.500010 0.497147 0.501419 0.497147 0.498851 0.497357 0.501419 0.497357 0.497534 
7.316887 0.495146 0.493175 0.496836 0.493175 0.490176 0.493866 0.496836 0.493866 0.492248 
7.329051 0.493967 0.490295 0.487917 0.490295 0.494354 0.487683 0.487917 0.487683 0.491746 
7.341215 0.484021 0.486621 0.487075 0.486621 0.480347 0.485497 0.487075 0.485497 0.485997 
7.353380 0.481459 0.480111 0.478363 0.480111 0.482800 0.482579 0.478363 0.482579 0.482832 
7.365544 0.479126 0.475158 0.477188 0.475158 0.473602 0.477533 0.477188 0.477533 0.481342 
7.377709 0.470556 0.473552 0.471516 0.473552 0.474413 0.474733 0.471516 0.474733 0.473828 
7.389873 0.466841 0.470726 0.468818 0.470726 0.470354 0.473166 0.468818 0.473166 0.466574 
7.402037 0.468218 0.467051 0.464044 0.467051 0.464725 0.465817 0.464044 0.465817 0.469726 
7.414202 0.462150 0.461880 0.462617 0.461880 0.463131 0.461275 0.462617 0.461275 0.460751 
7.426366 0.457053 0.458880 0.457965 0.458880 0.456099 0.458860 0.457965 0.458860 0.453334 
7.438531 0.454505 0.452114 0.454455 0.452114 0.452284 0.454029 0.454455 0.454029 0.452076 
7.450695 0.447888 0.449696 0.449938 0.449696 0.449934 0.446300 0.449938 0.446300 0.450579 
7.462859 0.449284 0.445912 0.444093 0.445912 0.445158 0.443326 0.444093 0.443326 0.447776 
7.475024 0.444487 0.440486 0.442709 0.440486 0.443213 0.443983 0.442709 0.443983 0.441465 
7.487188 0.439975 0.436724 0.438980 0.436724 0.436253 0.437554 0.438980 0.437554 0.434858 
7.499353 0.431413 0.436174 0.433911 0.436174 0.435492 0.434044 0.433911 0.434044 0.431837 
7.511517 0.429900 0.429888 0.430692 0.429888 0.424064 0.426859 0.430692 0.426859 0.427683 
7.523681 0.423692 0.424054 0.426918 0.424054 0.424419 0.427409 0.426918 0.427409 0.429221 
7.535846 0.421930 0.420543 0.420554 0.420543 0.422630 0.421861 0.420554 0.421861 0.420918 
7.548010 0.413650 0.418940 0.415681 0.418940 0.414798 0.415542 0.415681 0.415542 0.413688 
7.560175 0.417980 0.415620 0.413269 0.415620 0.416387 0.417593 0.413269 0.417593 0.410866 
7.572339 0.411968 0.407629 0.409972 0.407629 0.407859 0.412550 0.409972 0.412550 0.407181 
7.584503 0.405668 0.406487 0.404442 0.406487 0.411392 0.407203 0.404442 0.407203 0.405261 
7.596668 0.403283 0.404007 0.402847 0.404007 0.401146 0.401339 0.402847 0.401339 0.402632 
7.608832 0.396955 0.399113 0.397310 0.399113 0.395924 0.397420 0.397310 0.397420 0.398100 
7.620997 0.399144 0.395132 0.392178 0.395132 0.393330 0.394806 0.392178 0.394806 0.392576 
7.633161 0.392199 0.391515 0.388763 0.391515 0.391774 0.390434 0.388763 0.390434 0.392411 
7.645325 0.386157 0.387056 0.387120 0.387056 0.388153 0.389633 0.387120 0.389633 0.386596 
7.657490 0.385029 0.383678 0.384050 0.383678 0.381215 0.384121 0.384050 0.384121 0.387441 
7.669654 0.379113 0.377943 0.379541 0.377943 0.376077 0.378628 0.379541 0.378628 0.378812 
7.681818 0.376407 0.375563 0.375544 0.375563 0.377928 0.374477 0.375544 0.374477 0.371696 
7.693983 0.370723 0.371151 0.372271 0.371151 0.372754 0.370280 0.372271 0.370280 0.374554 
7.706147 0.364113 0.365837 0.367892 0.365837 0.366316 0.367870 0.367892 0.367870 0.368103 
7.718312 0.364056 0.364762 0.362677 0.364762 0.367247 0.364329 0.362677 0.364329 0.364079 
7.730476 0.358674 0.362580 0.361120 0.362580 0.360405 0.362775 0.361120 0.362775 0.363452 
7.742640 0.355571 0.359159 0.356962 0.359159 0.359509 0.355374 0.356962 0.355374 0.358314 
7.754805 0.353252 0.353719 0.354247 0.353719 0.349996 0.353767 0.354247 0.353767 0.354766 
7.766969 0.346915 0.347672 0.349633 0.347672 0.347728 0.348844 0.349633 0.348844 0.351656 
7.779134 0.347210 0.348550 0.346290 0.348550 0.346670 0.343534 0.346290 0.343534 0.347627 
7.791298 0.346121 0.341019 0.343755 0.341019 0.341388 0.345417 0.343755 0.345417 0.340354 
7.803463 0.340991 0.339334 0.338013 0.339334 0.335903 0.338187 0.338013 0.338187 0.336934 
7.815627 0.335836 0.335041 0.335121 0.335041 0.335713 0.334093 0.335121 0.334093 0.336379 
7.827791 0.333113 0.330457 0.329946 0.330457 0.329427 0.329594 0.329946 0.329594 0.328943 
7.839956 0.324707 0.328692 0.329284 0.328692 0.328979 0.328366 0.329284 0.328366 0.324844 
7.852120 0.324779 0.323536 0.323657 0.323536 0.323374 0.324582 0.323657 0.324582 0.324908 
7.864285 0.320686 0.320009 0.320995 0.320009 0.315840 0.319029 0.320995 0.319029 0.318199 
7.876449 0.319078 0.320489 0.318082 0.320489 0.318202 0.316935 0.318082 0.316935 0.320204 
7.888613 0.314529 0.315983 0.313070 0.315983 0.315005 0.312454 0.313070 0.312454 0.314849 
7.900778 0.310338 0.308241 0.308584 0.308241 0.308879 0.311883 0.308584 0.311883 0.309601 
7.912942 0.305991 0.305882 0.307581 0.305882 0.305377 0.307029 0.307581 0.307029 0.309386 
7.925107 0.299209 0.304304 0.303023 0.304304 0.303171 0.302115 0.303023 0.302115 0.303572 
7.937271 0.300568 0.299105 0.298213 0.299105 0.300056 0.296259 0.298213 0.296259 0.298814 
7.949435 0.298523 0.295335 0.298769 0.295335 0.293991 0.296527 0.298769 0.296527 0.295375 
7.961600 0.292770 0.292183 0.291252 0.292183 0.290852 0.292506 0.291252 0.292506 0.292554 
7.973764 0.287368 0.288451 0.288741 0.288451 0.289565 0.289192 0.288741 0.289192 0.292081 
7.985929 0.283788 0.286337 0.284627 0.286337 0.284404 0.283719 0.284627 0.283719 0.285444 
7.998093 0.282810 0.282680 0.281565 0.282680 0.281836 0.281775 0.281565 0.281775 0.281304 
8.010257 0.280151 0.277958 0.277113 0.277958 0.276872 0.277628 0.277113 0.277628 0.276562 
8.022422 0.275970 0.276043 0.275471 0.276043 0.273773 0.275129 0.275471 0.275129 0.273684 
8.034586 0.271507 0.271469 0.270701 0.271469 0.272062 0.271053 0.270701 0.271053 0.269761 
8.046751 0.268776 0.269451 0.267604 0.269451 0.267834 0.270799 0.267604 0.270799 0.265799 
8.058915 0.263868 0.262398 0.263999 0.262398 0.264759 0.264983 0.263999 0.264983 0.264841 
8.071079 0.263242 0.261117 0.261969 0.261117 0.263812 0.259860 0.261969 0.259860 0.260936 
8.083244 0.257749 0.258013 0.258232 0.258013 0.256376 0.259146 0.258232 0.259146 0.255828 
8.095408 0.255431 0.254637 0.253201 0.254637 0.253030 0.256243 0.253201 0.256243 0.252753 
8.107573 0.252581 0.250228 0.250409 0.250228 0.251653 0.249926 0.250409 0.249926 0.251666 
8.119737 0.246333 0.248242 0.246348 0.248242 0.245884 0.244654 0.246348 0.244654 0.247185 
8.131901 0.242810 0.244135 0.244345 0.244135 0.243832 0.243576 0.244345 0.243576 0.245129 
8.144066 0.239714 0.240675 0.240801 0.240675 0.239674 0.242767 0.240801 0.242767 0.241973 
8.156230 0.236805 0.237119 0.236446 0.237119 0.237789 0.238681 0.236446 0.238681 0.237337 
8.168395 0.235842 0.233072 0.234812 0.233072 0.236763 0.232818 0.234812 0.232818 0.234610 
8.180559 0.228246 0.231030 0.231514 0.231030 0.230954 0.230036 0.231514 0.230036 0.232044 
8.192723 0.225641 0.226599 0.226887 0.226599 0.225983 0.227353 0.226887 0.227353 0.223929 
8.204888 0.224373 0.224037 0.222411 0.224037 0.226513 0.222889 0.222411 0.222889 0.223986 
8.217052 0.224737 0.222092 0.219982 0.222092 0.219605 0.219714 0.219982 0.219714 0.221110 
8.229217 0.216948 0.218889 0.218010 0.218889 0.217477 0.217919 0.218010 0.217919 0.217646 
8.241381 0.215355 0.214320 0.213759 0.214320 0.213826 0.213973 0.213759 0.213973 0.213013 
8.253545 0.210497 0.211884 0.211409 0.211884 0.211139 0.210478 0.211409 0.210478 0.207979 
8.265710 0.207397 0.205642 0.207798 0.205642 0.206814 0.205567 0.207798 0.205567 0.208671 
8.277874 0.204346 0.204620 0.204192 0.204620 0.205159 0.204797 0.204192 0.204797 0.204604 
8.290039 0.199303 0.201728 0.201786 0.201728 0.199013 0.202946 0.201786 0.202946 0.199373 
8.302203 0.198719 0.198210 0.197434 0.198210 0.199610 0.197632 0.197434 0.197632 0.196122 
8.314367 0.195245 0.193205 0.194967 0.193205 0.193609 0.194193 0.194967 0.194193 0.193877 
8.326532 0.192701 0.192374 0.192482 0.192374 0.191611 0.191239 0.192482 0.191239 0.188507 
8.338696 0.187951 0.189266 0.186808 0.189266 0.189057 0.188344 0.186808 0.188344 0.187328 
8.350861 0.185697 0.186496 0.183855 0.186496 0.185006 0.185286 0.183855 0.185286 0.184309 
8.363025 0.180899 0.180359 0.183625 0.180359 0.181297 0.183301 0.183625 0.183301 0.180292 
8.375189 0.177841 0.178338 0.178419 0.178338 0.178805 0.178482 0.178419 0.178482 0.178754 
8.387354 0.175734 0.175756 0.175114 0.175756 0.176432 0.175174 0.175114 0.175174 0.175257 
8.399518 0.171712 0.171655 0.173207 0.171655 0.171562 0.172532 0.173207 0.172532 0.172082 
8.411683 0.170123 0.167915 0.170729 0.167915 0.170916 0.168781 0.170729 0.168781 0.170179 
8.423847 0.165184 0.166704 0.167027 0.166704 0.164755 0.167114 0.167027 0.167114 0.166542 
8.436011 0.163012 0.163599 0.163534 0.163599 0.163441 0.163168 0.163534 0.163168 0.162267 
8.448176 0.160686 0.159931 0.160311 0.159931 0.159218 0.159946 0.160311 0.159946 0.160772 
8.460340 0.156173 0.157563 0.156462 0.157563 0.155957 0.157939 0.156462 0.157939 0.157124 
8.472505 0.155226 0.153567 0.154721 0.153567 0.150978 0.152570 0.154721 0.152570 0.154647 
8.484669 0.150551 0.150428 0.150456 0.150428 0.150723 0.151811 0.150456 0.151811 0.152135 
8.496833 0.147420 0.147664 0.148119 0.147664 0.144977 0.147933 0.148119 0.147933 0.147359 
8.508997 0.144111 0.143990 0.145420 0.143990 0.145308 0.144598 0.145420 0.144598 0.146114 
8.521162 0.141236 0.141630 0.141954 0.141630 0.141412 0.140717 0.141954 0.140717 0.142770 
8.533327 0.138083 0.138524 0.138793 0.138524 0.137318 0.137698 0.138793 0.137698 0.138829 
8.545491 0.134778 0.135780 0.136142 0.135780 0.135129 0.135041 0.136142 0.135041 0.135971 
8.557655 0.131965 0.131501 0.131952 0.131501 0.131826 0.134301 0.131952 0.134301 0.130734 
8.569820 0.128670 0.128490 0.129579 0.128490 0.129753 0.129453 0.129579 0.129453 0.130180 
8.581984 0.124908 0.126257 0.126592 0.126257 0.125809 0.124710 0.126592 0.124710 0.127135 
8.594149 0.124306 0.122914 0.122690 0.122914 0.123468 0.122550 0.122690 0.122550 0.124234 
8.606313 0.121219 0.120048 0.121473 0.120048 0.119495 0.120952 0.121473 0.120952 0.119811 
8.618477 0.118789 0.118254 0.117732 0.118254 0.117319 0.117429 0.117732 0.117429 0.118033 
8.630641 0.115642 0.115002 0.114561 0.115002 0.114425 0.115289 0.114561 0.115289 0.114870 
8.642806 0.111905 0.112157 0.111679 0.112157 0.112230 0.112446 0.111679 0.112446 0.112994 
8.654971 0.110750 0.110122 0.109842 0.110122 0.109965 0.109457 0.109842 0.109457 0.109516 
8.667135 0.108180 0.107300 0.106332 0.107300 0.107456 0.109640 0.106332 0.109640 0.107615 
8.679299 0.106595 0.104392 0.105617 0.104392 0.105245 0.105585 0.105617 0.105585 0.105556 
8.691464 0.103508 0.102399 0.103498 0.102399 0.102905 0.102641 0.103498 0.102641 0.102771 
8.703628 0.099222 0.101157 0.100883 0.101157 0.100932 0.101319 0.100883 0.101319 0.101031 
8.715793 0.099432 0.099098 0.099083 0.099098 0.099176 0.098869 0.099083 0.098869 0.099182 
8.727957 0.098014 0.096849 0.097531 0.096849 0.096964 0.097401 0.097531 0.097401 0.095983 
8.740121 0.095635 0.094218 0.095400 0.094218 0.095381 0.094449 0.095400 0.094449 0.095143 
8.752285 0.093714 0.092493 0.093114 0.092493 0.093448 0.093505 0.093114 0.093505 0.092560 
8.764450 0.091030 0.091400 0.090385 0.091400 0.091260 0.091529 0.090385 0.091529 0.091737 
8.776615 0.089729 0.089470 0.088586 0.089470 0.087692 0.088569 0.088586 0.088569 0.088696 
8.788779 0.086373 0.087158 0.086356 0.087158 0.086740 0.088341 0.086356 0.088341 0.087140 
8.800943 0.083503 0.085704 0.085238 0.085704 0.085238 0.085164 0.085238 0.085164 0.087047 
8.813108 0.084036 0.083915 0.083711 0.083915 0.084167 0.084142 0.083711 0.084142 0.084713 
8.825272 0.081132 0.082309 0.082683 0.082309 0.081478 0.082332 0.082683 0.082332 0.083226 
8.837437 0.080585 0.081400 0.080796 0.081400 0.080602 0.080480 0.080796 0.080480 0.079714 
8.849601 0.078897 0.078311 0.079079 0.078311 0.078875 0.078643 0.079079 0.078643 0.078135 
8.861765 0.077820 0.076306 0.077630 0.076306 0.077251 0.076985 0.077630 0.076985 0.077758 
8.873930 0.074800 0.076573 0.075311 0.076573 0.075036 0.075625 0.075311 0.075625 0.075052 
8.886094 0.074449 0.074193 0.074051 0.074193 0.073862 0.073892 0.074051 0.073892 0.073537 
8.898259 0.072248 0.071562 0.073109 0.071562 0.072114 0.072630 0.073109 0.072630 0.072996 
8.910423 0.070380 0.070801 0.072254 0.070801 0.071694 0.070620 0.072254 0.070620 0.071327 
8.922587 0.067979 0.069313 0.070165 0.069313 0.070361 0.069365 0.070165 0.069365 0.068840 
8.934752 0.067417 0.068101 0.067281 0.068101 0.067368 0.067924 0.067281 0.067924 0.068254 
8.946916 0.065915 0.066840 0.066573 0.066840 0.067080 0.066344 0.066573 0.066344 0.065799 
8.959081 0.065290 0.065053 0.065769 0.065053 0.064971 0.064408 0.065769 0.064408 0.065075 
8.971245 0.064025 0.064376 0.064296 0.064376 0.064728 0.063730 0.064296 0.063730 0.063020 
8.983409 0.060861 0.062831 0.062119 0.062831 0.062680 0.062848 0.062119 0.062848 0.061924 
8.995574 0.061254 0.061366 0.060644 0.061366 0.059812 0.061616 0.060644 0.061616 0.061232 
9.007738 0.059575 0.059773 0.059808 0.059773 0.059848 0.060357 0.059808 0.060357 0.060572 
9.019903 0.059110 0.059156 0.058715 0.059156 0.058469 0.057624 0.058715 0.057624 0.058822 
9.032067 0.056762 0.057153 0.056956 0.057153 0.057282 0.056553 0.056956 0.056553 0.057358 
9.044231 0.054108 0.055945 0.055452 0.055945 0.055259 0.055648 0.055452 0.055648 0.056016 
9.056396 0.055525 0.054974 0.055383 0.054974 0.055455 0.054829 0.055383 0.054829 0.054204 
9.068560 0.054247 0.053881 0.053764 0.053881 0.053242 0.052821 0.053764 0.052821 0.054833 
9.080724 0.052049 0.052955 0.051926 0.052955 0.052365 0.051878 0.051926 0.051878 0.051416 
9.092889 0.051350 0.051139 0.050478 0.051139 0.051034 0.051663 0.050478 0.051663 0.051147 
9.105053 0.049788 0.049468 0.050969 0.049468 0.050102 0.050270 0.050969 0.050270 0.049361 
9.117218 0.048879 0.049177 0.049015 0.049177 0.048485 0.048467 0.049015 0.048467 0.048645 
9.129382 0.049073 0.047641 0.047300 0.047641 0.048124 0.048098 0.047300 0.048098 0.047965 
9.141547 0.046233 0.047249 0.047068 0.047249 0.046397 0.046303 0.047068 0.046303 0.046434 
9.153711 0.045530 0.045294 0.045896 0.045294 0.044918 0.045079 0.045896 0.045079 0.044728 
9.165875 0.045390 0.044117 0.045312 0.044117 0.044943 0.044180 0.045312 0.044180 0.044575 
9.178040 0.044145 0.043912 0.044362 0.043912 0.043830 0.044377 0.044362 0.044377 0.042555 
9.190204 0.042432 0.042640 0.042309 0.042640 0.042657 0.042914 0.042309 0.042914 0.043175 
9.202368 0.042164 0.042002 0.041919 0.042002 0.042101 0.041890 0.041919 0.041890 0.041459 
9.214533 0.039858 0.040386 0.040207 0.040386 0.040597 0.040547 0.040207 0.040547 0.039618 
9.226697 0.039330 0.040226 0.039675 0.040226 0.039564 0.039926 0.039675 0.039926 0.039745 
9.238862 0.039371 0.038577 0.038613 0.038577 0.038538 0.038930 0.038613 0.038930 0.038237 
9.251026 0.038036 0.037024 0.038207 0.037024 0.037912 0.037623 0.038207 0.037623 0.037834 
9.263191 0.036527 0.036601 0.036970 0.036601 0.036955 0.037027 0.036970 0.037027 0.037604 
9.275355 0.036046 0.035583 0.035634 0.035583 0.036175 0.035501 0.035634 0.035501 0.035733 
9.287519 0.035427 0.035076 0.035337 0.035076 0.035883 0.035201 0.035337 0.035201 0.035560 
9.299684 0.033538 0.034261 0.034215 0.034261 0.034202 0.034771 0.034215 0.034771 0.034774 
9.311848 0.033598 0.032724 0.033928 0.032724 0.033124 0.033450 0.033928 0.033450 0.033389 
9.324012 0.032610 0.032147 0.033196 0.032147 0.032265 0.032246 0.033196 0.032246 0.032087 
9.336177 0.032685 0.031848 0.031939 0.031848 0.032305 0.031550 0.031939 0.031550 0.031636 
9.348341 0.031460 0.030831 0.031506 0.030831 0.031945 0.031067 0.031506 0.031067 0.030838 
9.360506 0.030218 0.030610 0.030441 0.030610 0.030394 0.030303 0.030441 0.030303 0.030611 
9.372670 0.028859 0.029698 0.029377 0.029698 0.030323 0.030031 0.029377 0.030031 0.029463 
9.384835 0.029384 0.029008 0.028626 0.029008 0.028967 0.029081 0.028626 0.029081 0.028099 
9.396999 0.028927 0.028392 0.028761 0.028392 0.029032 0.028309 0.028761 0.028309 0.028477 
9.409163 0.027048 0.027212 0.026883 0.027212 0.027038 0.027030 0.026883 0.027030 0.027293 
9.421328 0.026692 0.027039 0.026833 0.027039 0.026926 0.026595 0.026833 0.026595 0.026338 
9.433492 0.025038 0.025648 0.025829 0.025648 0.025252 0.026145 0.025829 0.026145 0.026692 
9.445656 0.025103 0.024821 0.025782 0.024821 0.024929 0.025214 0.025782 0.025214 0.026267 
9.457821 0.024927 0.024684 0.023941 0.024684 0.024008 0.024426 0.023941 0.024426 0.024868 
9.469985 0.023771 0.024227 0.023098 0.024227 0.025008 0.024223 0.023098 0.024223 0.024693 
9.482150 0.023307 0.023332 0.022997 0.023332 0.023017 0.023180 0.022997 0.023180 0.023042 
9.494314 0.022996 0.022858 0.022665 0.022858 0.022039 0.022455 0.022665 0.022455 0.022623 
9.506479 0.022254 0.022255 0.021804 0.022255 0.022151 0.021463 0.021804 0.021463 0.022376 
9.518643 0.021031 0.021413 0.021542 0.021413 0.021958 0.021299 0.021542 0.021299 0.020816 
9.530807 0.020416 0.020717 0.020554 0.020717 0.020976 0.020595 0.020554 0.020595 0.020689 
9.542972 0.020235 0.020078 0.020121 0.020078 0.020385 0.019693 0.020121 0.019693 0.020473 
9.555136 0.019515 0.019863 0.019127 0.019863 0.019859 0.019346 0.019127 0.019346 0.019907 
9.567300 0.018582 0.018676 0.019083 0.018676 0.019190 0.018910 0.019083 0.018910 0.019504 
9.579465 0.018264 0.018848 0.018301 0.018848 0.018182 0.018171 0.018301 0.018171 0.018500 
9.591630 0.017796 0.017732 0.018098 0.017732 0.017868 0.017492 0.018098 0.017492 0.018272 
9.603794 0.017305 0.017443 0.017219 0.017443 0.016625 0.017121 0.017219 0.017121 0.017157 
9.615958 0.016433 0.016445 0.016890 0.016445 0.017031 0.017007 0.016890 0.017007 0.016729 
9.628123 0.016326 0.016319 0.016547 0.016319 0.015940 0.016467 0.016547 0.016467 0.016545 
9.640287 0.015752 0.015814 0.015757 0.015814 0.015862 0.015809 0.015757 0.015809 0.015581 
9.652451 0.015314 0.015398 0.015041 0.015398 0.015471 0.015561 0.015041 0.015561 0.015921 
9.664616 0.014943 0.014794 0.015061 0.014794 0.015341 0.015247 0.015061 0.015247 0.015407 
9.676780 0.014548 0.014274 0.014142 0.014274 0.014449 0.014281 0.014142 0.014281 0.014694 
9.688944 0.014422 0.013553 0.013980 0.013553 0.014078 0.013945 0.013980 0.013945 0.013386 
9.701109 0.013854 0.013574 0.013438 0.013574 0.013056 0.013583 0.013438 0.013583 0.013009 
9.713274 0.012663 0.013167 0.012850 0.013167 0.013713 0.013139 0.012850 0.013139 0.012968 
9.725438 0.012809 0.012128 0.012378 0.012128 0.012767 0.012664 0.012378 0.012664 0.012720 
9.737602 0.012133 0.011637 0.012260 0.011637 0.012338 0.011853 0.012260 0.011853 0.012198 
9.749767 0.011657 0.011591 0.011808 0.011591 0.011867 0.011866 0.011808 0.011866 0.011667 
9.761931 0.011406 0.011169 0.011636 0.011169 0.011559 0.011562 0.011636 0.011562 0.011355 
9.774095 0.010845 0.011132 0.010934 0.011132 0.011030 0.010874 0.010934 0.010874 0.011174 
9.786260 0.010527 0.010388 0.010498 0.010388 0.009899 0.010383 0.010498 0.010383 0.010291 
9.798424 0.010069 0.009863 0.010526 0.009863 0.010082 0.010159 0.010526 0.010159 0.010138 
9.810588 0.010241 0.009790 0.009793 0.009790 0.009750 0.009736 0.009793 0.009736 0.009543 
9.822753 0.009514 0.009444 0.009626 0.009444 0.010064 0.009434 0.009626 0.009434 0.009560 
9.834918 0.009267 0.008927 0.009107 0.008927 0.008856 0.009063 0.009107 0.009063 0.008925 
9.847082 0.008543 0.008807 0.008703 0.008807 0.009003 0.008669 0.008703 0.008669 0.009021 
9.859246 0.008575 0.008612 0.008499 0.008612 0.008412 0.008286 0.008499 0.008286 0.008844 
9.871411 0.008224 0.007997 0.008106 0.007997 0.007838 0.007925 0.008106 0.007925 0.007906 
9.883575 0.008267 0.007622 0.007678 0.007622 0.007529 0.007576 0.007678 0.007576 0.007624 
9.895739 0.007895 0.007445 0.007223 0.007445 0.007208 0.007556 0.007223 0.007556 0.007353 
9.907904 0.007037 0.007034 0.007056 0.007034 0.007001 0.007067 0.007056 0.007067 0.007321 
9.920068 0.006814 0.006849 0.006697 0.006849 0.006904 0.006453 0.006697 0.006453 0.006769 
9.932232 0.006228 0.006529 0.006683 0.006529 0.006604 0.006348 0.006683 0.006348 0.006699 
9.944397 0.006177 0.006038 0.006154 0.006038 0.006163 0.006414 0.006154 0.006414 0.006235 
9.956562 0.006300 0.005839 0.005895 0.005839 0.006189 0.005808 0.005895 0.005808 0.006015 
9.968726 0.005751 0.005934 0.005836 0.005934 0.005627 0.005586 0.005836 0.005586 0.005422 
9.980890 0.005266 0.005437 0.005200 0.005437 0.005337 0.005386 0.005200 0.005386 0.005209 
9.993055 0.005121 0.005232 0.005278 0.005232 0.005387 0.005093 0.005278 0.005093 0.005258 
10.005219 0.004689 0.004905 0.004726 0.004905 0.004954 0.004971 0.004726 0.004971 0.004875 
10.017383 0.004453 0.004678 0.004737 0.004678 0.004621 0.004651 0.004737 0.004651 0.004814 
10.029548 0.004468 0.004480 0.004252 0.004480 0.004280 0.004383 0.004252 0.004383 0.004442 
10.041712 0.004419 0.004231 0.004240 0.004231 0.004177 0.004264 0.004240 0.004264 0.004024 
10.053876 0.004320 0.003885 0.003896 0.003885 0.004207 0.004051 0.003896 0.004051 0.004080 
10.066041 0.003769 0.003597 0.003876 0.003597 0.003969 0.003943 0.003876 0.003943 0.004161 
10.078206 0.003542 0.003539 0.003574 0.003539 0.003582 0.003810 0.003574 0.003810 0.003529 
10.090370 0.003599 0.003265 0.003466 0.003265 0.003434 0.003410 0.003466 0.003410 0.003425 
10.102534 0.003096 0.003047 0.003021 0.003047 0.003244 0.003263 0.003021 0.003263 0.003170 
10.114699 0.002860 0.002958 0.002842 0.002958 0.003150 0.002904 0.002842 0.002904 0.002981 
10.126863 0.002849 0.002814 0.002820 0.002814 0.002991 0.002706 0.002820 0.002706 0.002694 
10.139027 0.002687 0.002629 0.002546 0.002629 0.002597 0.002747 0.002546 0.002747 0.002386 
10.151192 0.002320 0.002402 0.002663 0.002402 0.002573 0.002413 0.002663 0.002413 0.002526 
10.163356 0.002259 0.002503 0.002358 0.002503 0.002294 0.002056 0.002358 0.002056 0.002379 
10.175520 0.001930 0.002264 0.002038 0.002264 0.002327 0.002195 0.002038 0.002195 0.002263 
10.187685 0.001967 0.001974 0.001999 0.001974 0.001967 0.002086 0.001999 0.002086 0.001801 
10.199850 0.001971 0.001975 0.001939 0.001975 0.001699 0.001821 0.001939 0.001821 0.001895 
10.212014 0.001666 0.001599 0.001662 0.001599 0.001738 0.001643 0.001662 0.001643 0.001797 
10.224178 0.001497 0.001650 0.001486 0.001650 0.001636 0.001578 0.001486 0.001578 0.001674 
10.236342 0.001481 0.001427 0.001408 0.001427 0.001367 0.001505 0.001408 0.001505 0.001569 
10.248507 0.001347 0.001321 0.001340 0.001321 0.001414 0.001290 0.001340 0.001290 0.001300 
10.260671 0.001301 0.001239 0.001255 0.001239 0.001180 0.001203 0.001255 0.001203 0.001184 
10.272836 0.001068 0.001206 0.001092 0.001206 0.001076 0.001146 0.001092 0.001146 0.001093 
10.285000 0.001053 0.000964 0.001058 0.000964 0.001300 0.000929 0.001058 0.000929 0.001024 
10.297164 0.000942 0.000910 0.000931 0.000910 0.000942 0.000939 0.000931 0.000939 0.000855 
10.309329 0.000815 0.000752 0.000775 0.000752 0.000665 0.000752 0.000775 0.000752 0.000886 
10.321494 0.000817 0.000707 0.000736 0.000707 0.000792 0.000707 0.000736 0.000707 0.000705 
10.333658 0.000679 0.000576 0.000687 0.000576 0.000563 0.000637 0.000687 0.000637 0.000617 
10.345822 0.000566 0.000613 0.000564 0.000613 0.000586 0.000584 0.000564 0.000584 0.000586 
10.357986 0.000461 0.000478 0.000517 0.000478 0.000515 0.000470 0.000517 0.000470 0.000490 
10.370151 0.000427 0.000428 0.000422 0.000428 0.000349 0.000467 0.000422 0.000467 0.000460 
10.382315 0.000324 0.000380 0.000380 0.000380 0.000336 0.000356 0.000380 0.000356 0.000344 
10.394480 0.000270 0.000259 0.000300 0.000259 0.000413 0.000318 0.000300 0.000318 0.000262 
10.406644 0.000180 0.000250 0.000238 0.000250 0.000290 0.000252 0.000238 0.000252 0.000200 
10.418808 0.000240 0.000199 0.000217 0.000199 0.000191 0.000241 0.000217 0.000241 0.000195 
10.430973 0.000097 0.000178 0.000162 0.000178 0.000179 0.000188 0.000162 0.000188 0.000077 
10.443138 0.000097 0.000121 0.000135 0.000121 0.000158 0.000133 0.000135 0.000133 0.000182 
10.455302 0.000162 0.000097 0.000097 0.000097 0.000049 0.000097 0.000097 0.000097 0.000133 
10.467466 0.000073 0.000072 0.000080 0.000072 0.000077 0.000062 0.000080 0.000062 0.000085 
10.479630 0.000048 0.000032 0.000050 0.000032 0.000048 0.000048 0.000050 0.000048 0.000020 
10.491795 0.000036 0.000028 0.000024 0.000028 0.000016 0.000018 0.000024 0.000018 0.000028 
10.503959 0.000012 0.000012 0.000004 0.000012 0.000008 0.000016 0.000004 0.000016 0.000008 
10.516124 0.000012 0.000002 0.000004 0.000002 0.000000 0.000006 0.000004 0.000006 0.000012 
10.528288 0.000000 0.000000 0.000002 0.000000 0.000000 0.000004 0.000002 0.000004 0.000000 
10.540452 0.000000 0.000000 0.000000 0.000000 0.000000 0.000000 0.000000 0.000000 0.000000 
10.552617 0.000000 0.000000 0.000000 0.000000 0.000000 0.000000 0.000000 0.000000 0.000000 
10.564782 0.000000 0.000000 0.000000 0.000000 0.000000 0.000000 0.000000 0.000000 0.000000 
10.576946 0.000000 0.000000 0.000000 0.000000 0.000000 0.000000 0.000000 0.000000 0.000000 
10.589110 0.000000 0.000000 0.000000 0.000000 0.000000 0.000000 0.000000 0.000000 0.000000 
10.601274 0.000000 0.000000 0.000000 0.000000 0.000000 0.000000 0.000000 0.000000 0.000000 
10.613439 0.000000 0.000000 0.000000 0.000000 0.000000 0.000000 0.000000 0.000000 0.000000 
10.625603 0.000000 0.000000 0.000000 0.000000 0.000000 0.000000 0.000000 0.000000 0.000000 
10.637768 0.000000 0.000000 0.000000 0.000000 0.000000 0.000000 0.000000 0.000000 0.000000 
10.649932 0.000000 0.000000 0.000000 0.000000 0.000000 0.000000 0.000000 0.000000 0.000000 
10.662097 0.000000 0.000000 0.000000 0.000000 0.000000 0.000000 0.000000 0.000000 0.000000 
10.674261 0.000000 0.000000 0.000000 0.000000 0.000000 0.000000 0.000000 0.000000 0.000000 
10.686426 0.000000 0.000000 0.000000 0.000000 0.000000 0.000000 0.000000 0.000000 0.000000 
10.698590 0.000000 0.000000 0.000000 0.000000 0.000000 0.000000 0.000000 0.000000 0.000000 
10.710754 0.000000 0.000000 0.000000 0.000000 0.000000 0.000000 0.000000 0.000000 0.000000 
10.722919 0.000000 0.000000 0.000000 0.000000 0.000000 0.000000 0.000000 0.000000 0.000000 
10.735083 0.000000 0.000000 0.000000 0.000000 0.000000 0.000000 0.000000 0.000000 0.000000 
10.747247 0.000000 0.000000 0.000000 0.000000 0.000000 0.000000 0.000000 0.000000 0.000000 
10.759412 0.000000 0.000000 0.000000 0.000000 0.000000 0.000000 0.000000 0.000000 0.000000 
10.771576 0.000000 0.000000 0.000000 0.000000 0.000000 0.000000 0.000000 0.000000 0.000000 
10.783741 0.000000 0.000000 0.000000 0.000000 0.000000 0.000000 0.000000 0.000000 0.000000 
10.795905 0.000000 0.000000 0.000000 0.000000 0.000000 0.000000 0.000000 0.000000 0.000000 
10.808069 0.000000 0.000000 0.000000 0.000000 0.000000 0.000000 0.000000 0.000000 0.000000 
10.820234 0.000000 0.000000 0.000000 0.000000 0.000000 0.000000 0.000000 0.000000 0.000000 
10.832398 0.000000 0.000000 0.000000 0.000000 0.000000 0.000000 0.000000 0.000000 0.000000 
10.844563 0.000000 0.000000 0.000000 0.000000 0.000000 0.000000 0.000000 0.000000 0.000000 
10.856727 0.000000 0.000000 0.000000 0.000000 0.000000 0.000000 0.000000 0.000000 0.000000 
10.868891 0.000000 0.000000 0.000000 0.000000 0.000000 0.000000 0.000000 0.000000 0.000000 
10.881056 0.000000 0.000000 0.000000 0.000000 0.000000 0.000000 0.000000 0.000000 0.000000 
10.893220 0.000000 0.000000 0.000000 0.000000 0.000000 0.000000 0.000000 0.000000 0.000000 
10.905385 0.000000 0.000000 0.000000 0.000000 0.000000 0.000000 0.000000 0.000000 0.000000 
10.917549 0.000000 0.000000 0.000000 0.000000 0.000000 0.000000 0.000000 0.000000 0.000000 
10.929713 0.000000 0.000000 0.000000 0.000000 0.000000 0.000000 0.000000 0.000000 0.000000 
10.941878 0.000000 0.000000 0.000000 0.000000 0.000000 0.000000 0.000000 0.000000 0.000000 
10.954042 0.000000 0.000000 0.000000 0.000000 0.000000 0.000000 0.000000 0.000000 0.000000 
10.966207 0.000000 0.000000 0.000000 0.000000 0.000000 0.000000 0.000000 0.000000 0.000000 
10.978371 0.000000 0.000000 0.000000 0.000000 0.000000 0.000000 0.000000 0.000000 0.000000 
10.990535 0.000000 0.000000 0.000000 0.000000 0.000000 0.000000 0.000000 0.000000 0.000000 
11.002700 0.000000 0.000000 0.000000 0.000000 0.000000 0.000000 0.000000 0.000000 0.000000 
11.014864 0.000000 0.000000 0.000000 0.000000 0.000000 0.000000 0.000000 0.000000 0.000000 
11.027029 0.000000 0.000000 0.000000 0.000000 0.000000 0.000000 0.000000 0.000000 0.000000 
11.039193 0.000000 0.000000 0.000000 0.000000 0.000000 0.000000 0.000000 0.000000 0.000000 
11.051357 0.000000 0.000000 0.000000 0.000000 0.000000 0.000000 0.000000 0.000000 0.000000 
11.063522 0.000000 0.000000 0.000000 0.000000 0.000000 0.000000 0.000000 0.000000 0.000000 
11.075686 0.000000 0.000000 0.000000 0.000000 0.000000 0.000000 0.000000 0.000000 0.000000 
11.087851 0.000000 0.000000 0.000000 0.000000 0.000000 0.000000 0.000000 0.000000 0.000000 
11.100015 0.000000 0.000000 0.000000 0.000000 0.000000 0.000000 0.000000 0.000000 0.000000 
11.112179 0.000000 0.000000 0.000000 0.000000 0.000000 0.000000 0.000000 0.000000 0.000000 
11.124344 0.000000 0.000000 0.000000 0.000000 0.000000 0.000000 0.000000 0.000000 0.000000 
11.136508 0.000000 0.000000 0.000000 0.000000 0.000000 0.000000 0.000000 0.000000 0.000000 
11.148673 0.000000 0.000000 0.000000 0.000000 0.000000 0.000000 0.000000 0.000000 0.000000 
11.160837 0.000000 0.000000 0.000000 0.000000 0.000000 0.000000 0.000000 0.000000 0.000000 
11.173001 0.000000 0.000000 0.000000 0.000000 0.000000 0.000000 0.000000 0.000000 0.000000 
11.185166 0.000000 0.000000 0.000000 0.000000 0.000000 0.000000 0.000000 0.000000 0.000000 
11.197330 0.000000 0.000000 0.000000 0.000000 0.000000 0.000000 0.000000 0.000000 0.000000 
11.209495 0.000000 0.000000 0.000000 0.000000 0.000000 0.000000 0.000000 0.000000 0.000000 
11.221659 0.000000 0.000000 0.000000 0.000000 0.000000 0.000000 0.000000 0.000000 0.000000 
11.233823 0.000000 0.000000 0.000000 0.000000 0.000000 0.000000 0.000000 0.000000 0.000000 
11.245988 0.000000 0.000000 0.000000 0.000000 0.000000 0.000000 0.000000 0.000000 0.000000 
11.258152 0.000000 0.000000 0.000000 0.000000 0.000000 0.000000 0.000000 0.000000 0.000000 
11.270317 0.000000 0.000000 0.000000 0.000000 0.000000 0.000000 0.000000 0.000000 0.000000 
11.282481 0.000000 0.000000 0.000000 0.000000 0.000000 0.000000 0.000000 0.000000 0.000000 
11.294645 0.000000 0.000000 0.000000 0.000000 0.000000 0.000000 0.000000 0.000000 0.000000 
11.306810 0.000000 0.000000 0.000000 0.000000 0.000000 0.000000 0.000000 0.000000 0.000000 
11.318974 0.000000 0.000000 0.000000 0.000000 0.000000 0.000000 0.000000 0.000000 0.000000 
11.331139 0.000000 0.000000 0.000000 0.000000 0.000000 0.000000 0.000000 0.000000 0.000000 
11.343303 0.000000 0.000000 0.000000 0.000000 0.000000 0.000000 0.000000 0.000000 0.000000 
11.355467 0.000000 0.000000 0.000000 0.000000 0.000000 0.000000 0.000000 0.000000 0.000000 
11.367631 0.000000 0.000000 0.000000 0.000000 0.000000 0.000000 0.000000 0.000000 0.000000 
11.379796 0.000000 0.000000 0.000000 0.000000 0.000000 0.000000 0.000000 0.000000 0.000000 
11.391961 0.000000 0.000000 0.000000 0.000000 0.000000 0.000000 0.000000 0.000000 0.000000 
11.404125 0.000000 0.000000 0.000000 0.000000 0.000000 0.000000 0.000000 0.000000 0.000000 
11.416289 0.000000 0.000000 0.000000 0.000000 0.000000 0.000000 0.000000 0.000000 0.000000 
11.428454 0.000000 0.000000 0.000000 0.000000 0.000000 0.000000 0.000000 0.000000 0.000000 
11.440618 0.000000 0.000000 0.000000 0.000000 0.000000 0.000000 0.000000 0.000000 0.000000 
11.452783 0.000000 0.000000 0.000000 0.000000 0.000000 0.000000 0.000000 0.000000 0.000000 
11.464947 0.000000 0.000000 0.000000 0.000000 0.000000 0.000000 0.000000 0.000000 0.000000 
11.477111 0.000000 0.000000 0.000000 0.000000 0.000000 0.000000 0.000000 0.000000 0.000000 
11.489275 0.000000 0.000000 0.000000 0.000000 0.000000 0.000000 0.000000 0.000000 0.000000 
11.501440 0.000000 0.000000 0.000000 0.000000 0.000000 0.000000 0.000000 0.000000 0.000000 
11.513605 0.000000 0.000000 0.000000 0.000000 0.000000 0.000000 0.000000 0.000000 0.000000 
11.525769 0.000000 0.000000 0.000000 0.000000 0.000000 0.000000 0.000000 0.000000 0.000000 
11.537933 0.000000 0.000000 0.000000 0.000000 0.000000 0.000000 0.000000 0.000000 0.000000 
11.550098 0.000000 0.000000 0.000000 0.000000 0.000000 0.000000 0.000000 0.000000 0.000000 
11.562262 0.000000 0.000000 0.000000 0.000000 0.000000 0.000000 0.000000 0.000000 0.000000 
11.574427 0.000000 0.000000 0.000000 0.000000 0.000000 0.000000 0.000000 0.000000 0.000000 
11.586591 0.000000 0.000000 0.000000 0.000000 0.000000 0.000000 0.000000 0.000000 0.000000 
11.598755 0.000000 0.000000 0.000000 0.000000 0.000000 0.000000 0.000000 0.000000 0.000000 
11.610919 0.000000 0.000000 0.000000 0.000000 0.000000 0.000000 0.000000 0.000000 0.000000 
11.623084 0.000000 0.000000 0.000000 0.000000 0.000000 0.000000 0.000000 0.000000 0.000000 
11.635249 0.000000 0.000000 0.000000 0.000000 0.000000 0.000000 0.000000 0.000000 0.000000 
11.647413 0.000000 0.000000 0.000000 0.000000 0.000000 0.000000 0.000000 0.000000 0.000000 
11.659577 0.000000 0.000000 0.000000 0.000000 0.000000 0.000000 0.000000 0.000000 0.000000 
11.671742 0.000000 0.000000 0.000000 0.000000 0.000000 0.000000 0.000000 0.000000 0.000000 
11.683906 0.000000 0.000000 0.000000 0.000000 0.000000 0.000000 0.000000 0.000000 0.000000 
11.696071 0.000000 0.000000 0.000000 0.000000 0.000000 0.000000 0.000000 0.000000 0.000000 
11.708235 0.000000 0.000000 0.000000 0.000000 0.000000 0.000000 0.000000 0.000000 0.000000 
11.720399 0.000000 0.000000 0.000000 0.000000 0.000000 0.000000 0.000000 0.000000 0.000000 
11.732563 0.000000 0.000000 0.000000 0.000000 0.000000 0.000000 0.000000 0.000000 0.000000 
11.744728 0.000000 0.000000 0.000000 0.000000 0.000000 0.000000 0.000000 0.000000 0.000000 
11.756893 0.000000 0.000000 0.000000 0.000000 0.000000 0.000000 0.000000 0.000000 0.000000 
11.769057 0.000000 0.000000 0.000000 0.000000 0.000000 0.000000 0.000000 0.000000 0.000000 
11.781221 0.000000 0.000000 0.000000 0.000000 0.000000 0.000000 0.000000 0.000000 0.000000 
11.793386 0.000000 0.000000 0.000000 0.000000 0.000000 0.000000 0.000000 0.000000 0.000000 
11.805550 0.000000 0.000000 0.000000 0.000000 0.000000 0.000000 0.000000 0.000000 0.000000 
11.817715 0.000000 0.000000 0.000000 0.000000 0.000000 0.000000 0.000000 0.000000 0.000000 
11.829879 0.000000 0.000000 0.000000 0.000000 0.000000 0.000000 0.000000 0.000000 0.000000 
11.842043 0.000000 0.000000 0.000000 0.000000 0.000000 0.000000 0.000000 0.000000 0.000000 
11.854208 0.000000 0.000000 0.000000 0.000000 0.000000 0.000000 0.000000 0.000000 0.000000 
11.866372 0.000000 0.000000 0.000000 0.000000 0.000000 0.000000 0.000000 0.000000 0.000000 
11.878537 0.000000 0.000000 0.000000 0.000000 0.000000 0.000000 0.000000 0.000000 0.000000 
11.890701 0.000000 0.000000 0.000000 0.000000 0.000000 0.000000 0.000000 0.000000 0.000000 
11.902865 0.000000 0.000000 0.000000 0.000000 0.000000 0.000000 0.000000 0.000000 0.000000 
11.915030 0.000000 0.000000 0.000000 0.000000 0.000000 0.000000 0.000000 0.000000 0.000000 
11.927194 0.000000 0.000000 0.000000 0.000000 0.000000 0.000000 0.000000 0.000000 0.000000 
11.939358 0.000000 0.000000 0.000000 0.000000 0.000000 0.000000 0.000000 0.000000 0.000000 
11.951523 0.000000 0.000000 0.000000 0.000000 0.000000 0.000000 0.000000 0.000000 0.000000 
11.963687 0.000000 0.000000 0.000000 0.000000 0.000000 0.000000 0.000000 0.000000 0.000000 
11.975852 0.000000 0.000000 0.000000 0.000000 0.000000 0.000000 0.000000 0.000000 0.000000 
11.988016 0.000000 0.000000 0.000000 0.000000 0.000000 0.000000 0.000000 0.000000 0.000000 
12.000181 0.000000 0.000000 0.000000 0.000000 0.000000 0.000000 0.000000 0.000000 0.000000 
12.012345 0.000000 0.000000 0.000000 0.000000 0.000000 0.000000 0.000000 0.000000 0.000000 
12.024509 0.000000 0.000000 0.000000 0.000000 0.000000 0.000000 0.000000 0.000000 0.000000 
12.036674 0.000000 0.000000 0.000000 0.000000 0.000000 0.000000 0.000000 0.000000 0.000000 
12.048838 0.000000 0.000000 0.000000 0.000000 0.000000 0.000000 0.000000 0.000000 0.000000 
12.061002 0.000000 0.000000 0.000000 0.000000 0.000000 0.000000 0.000000 0.000000 0.000000 
12.073167 0.000000 0.000000 0.000000 0.000000 0.000000 0.000000 0.000000 0.000000 0.000000 
12.085331 0.000000 0.000000 0.000000 0.000000 0.000000 0.000000 0.000000 0.000000 0.000000 
12.097496 0.000000 0.000000 0.000000 0.000000 0.000000 0.000000 0.000000 0.000000 0.000000 
12.109660 0.000000 0.000000 0.000000 0.000000 0.000000 0.000000 0.000000 0.000000 0.000000 
12.121825 0.000000 0.000000 0.000000 0.000000 0.000000 0.000000 0.000000 0.000000 0.000000 
12.133989 0.000000 0.000000 0.000000 0.000000 0.000000 0.000000 0.000000 0.000000 0.000000 
12.146153 0.000000 0.000000 0.000000 0.000000 0.000000 0.000000 0.000000 0.000000 0.000000 
12.158318 0.000000 0.000000 0.000000 0.000000 0.000000 0.000000 0.000000 0.000000 0.000000 
