# concentrations: 0.666667 0.166667 0.166667
0.010000 0.000000 0.000000 0.000000 0.000000 0.000000 0.000000 0.000000 0.000000 0.000000 
0.030000 0.000000 0.000000 0.000000 0.000000 0.000000 0.000000 0.000000 0.000000 0.000000 
0.050000 0.000000 0.000000 0.000000 0.000000 0.000000 0.000000 0.000000 0.000000 0.000000 
0.070000 0.000000 0.000000 0.000000 0.000000 0.000000 0.000000 0.000000 0.000000 0.000000 
0.090000 0.000000 0.000000 0.000000 0.000000 0.000000 0.000000 0.000000 0.000000 0.000000 
0.110000 0.000000 0.000000 0.000000 0.000000 0.000000 0.000000 0.000000 0.000000 0.000000 
0.130000 0.000000 0.000000 0.000000 0.000000 0.000000 0.000000 0.000000 0.000000 0.000000 
0.150000 0.000000 0.000000 0.000000 0.000000 0.000000 0.000000 0.000000 0.000000 0.000000 
0.170000 0.000000 0.000000 0.000000 0.000000 0.000000 0.000000 0.000000 0.000000 0.000000 
0.190000 0.000000 0.000000 0.000000 0.000000 0.000000 0.000000 0.000000 0.000000 0.000000 
0.210000 0.000000 0.000000 0.000000 0.000000 0.000000 0.000000 0.000000 0.000000 0.000000 
0.230000 0.000000 0.000000 0.000000 0.000000 0.000000 0.000000 0.000000 0.000000 0.000000 
0.250000 0.000000 0.000000 0.000000 0.000000 0.000000 0.000000 0.000000 0.000000 0.000000 
0.270000 0.000000 0.000000 0.000000 0.000000 0.000000 0.000000 0.000000 0.000000 0.000000 
0.290000 0.000000 0.000000 0.000000 0.000000 0.000000 0.000000 0.000000 0.000000 0.000000 
0.310000 0.000000 0.000000 0.000000 0.000000 0.000000 0.000000 0.000000 0.000000 0.000000 
0.330000 0.000000 0.000000 0.000000 0.000000 0.000000 0.000000 0.000000 0.000000 0.000000 
0.350000 0.000000 0.000000 0.000000 0.000000 0.000000 0.000000 0.000000 0.000000 0.000000 
0.370000 0.000000 0.000000 0.000000 0.000000 0.000000 0.000000 0.000000 0.000000 0.000000 
0.390000 0.000000 0.000000 0.000000 0.000000 0.000000 0.000000 0.000000 0.000000 0.000000 
0.410000 0.000000 0.000000 0.000000 0.000000 0.000000 0.000000 0.000000 0.000000 0.000000 
0.430000 0.000000 0.000000 0.000000 0.000000 0.000000 0.000000 0.000000 0.000000 0.000000 
0.450000 0.000000 0.000000 0.000000 0.000000 0.000000 0.000000 0.000000 0.000000 0.000000 
0.470000 0.000000 0.000000 0.000000 0.000000 0.000000 0.000000 0.000000 0.000000 0.000000 
0.490000 0.000000 0.000000 0.000000 0.000000 0.000000 0.000000 0.000000 0.000000 0.000000 
0.510000 0.000000 0.000000 0.000000 0.000000 0.000000 0.000000 0.000000 0.000000 0.000000 
0.530000 0.000000 0.000000 0.000000 0.000000 0.000000 0.000000 0.000000 0.000000 0.000000 
0.550000 0.000000 0.000000 0.000000 0.000000 0.000000 0.000000 0.000000 0.000000 0.000000 
0.570000 0.000000 0.000000 0.000000 0.000000 0.000000 0.000000 0.000000 0.000000 0.000000 
0.590000 0.000000 0.000000 0.000000 0.000000 0.000000 0.000000 0.000000 0.000000 0.000000 
0.610000 0.000000 0.000000 0.000000 0.000000 0.000000 0.000000 0.000000 0.000000 0.000000 
0.630000 0.000000 0.000000 0.000000 0.000000 0.000000 0.000000 0.000000 0.000000 0.000000 
0.650000 0.000000 0.000032 0.000000 0.000032 0.000000 0.000000 0.000000 0.000000 0.000000 
0.670000 0.000000 0.001015 0.000000 0.001015 0.000000 0.000000 0.000000 0.000000 0.000000 
0.690000 0.000000 0.025914 0.000000 0.025914 0.000676 0.001069 0.000000 0.001069 0.000000 
0.710000 0.000000 0.209324 0.000000 0.209324 0.009571 0.019293 0.000000 0.019293 0.000000 
0.730000 0.000000 0.786768 0.000038 0.786768 0.048893 0.123075 0.000038 0.123075 0.000000 
0.750000 0.000000 1.749281 0.003941 1.749281 0.158594 0.385379 0.003941 0.385379 0.000858 
0.770000 0.000000 2.746887 0.052227 2.746887 0.327057 0.832011 0.052227 0.832011 0.007324 
0.790000 0.000021 3.442127 0.285010 3.442127 0.533366 1.277413 0.285010 1.277413 0.057211 
0.810000 0.000786 3.690767 0.881899 3.690767 0.737291 1.631838 0.881899 1.631838 0.218254 
0.830000 0.013755 3.589383 1.784847 3.589383 0.852388 1.815931 1.784847 1.815931 0.522499 
0.850000 0.098436 3.252764 2.699966 3.252764 0.964718 1.860349 2.699966 1.860349 0.922793 
0.870000 0.377347 2.839631 3.336482 2.839631 1.012598 1.806947 3.336482 1.806947 1.275593 
0.890000 0.922832 2.436336 3.580631 2.436336 0.986352 1.686507 3.580631 1.686507 1.506500 
0.910000 1.628938 2.062175 3.498938 2.062175 0.985685 1.557251 3.498938 1.557251 1.627983 
0.930000 2.300732 1.741222 3.211156 1.741222 0.928310 1.391707 3.211156 1.391707 1.653429 
0.950000 2.741944 1.484202 2.836682 1.484202 0.901104 1.256367 2.836682 1.256367 1.573799 
0.970000 2.919781 1.265135 2.434442 1.265135 0.870939 1.150364 2.434442 1.150364 1.459771 
0.990000 2.868826 1.096370 2.084472 1.096370 0.852897 1.042106 2.084472 1.042106 1.356037 
1.010000 2.670560 0.956564 1.757909 0.956564 0.816566 0.953314 1.757909 0.953314 1.211106 
1.030000 2.406729 0.851116 1.496645 0.851116 0.806389 0.894252 1.496645 0.894252 1.113289 
1.050000 2.111034 0.758928 1.278523 0.758928 0.792107 0.827095 1.278523 0.827095 1.015895 
1.070000 1.832174 0.688834 1.096614 0.688834 0.797613 0.776480 1.096614 0.776480 0.911919 
1.090000 1.582973 0.635787 0.954579 0.635787 0.813958 0.743485 0.954579 0.743485 0.852494 
1.110000 1.370168 0.590394 0.831311 0.590394 0.798037 0.734749 0.831311 0.734749 0.778586 
1.130000 1.193862 0.557427 0.747747 0.557427 0.807995 0.720218 0.747747 0.720218 0.729857 
1.150000 1.048008 0.536445 0.678934 0.536445 0.830891 0.700916 0.678934 0.700916 0.701571 
1.170000 0.929655 0.518722 0.624106 0.518722 0.867389 0.711959 0.624106 0.711959 0.676185 
1.190000 0.832289 0.509219 0.579990 0.509219 0.884706 0.710517 0.579990 0.710517 0.656033 
1.210000 0.753114 0.506727 0.537535 0.506727 0.911503 0.721825 0.537535 0.721825 0.643457 
1.230000 0.691730 0.507798 0.518247 0.507798 0.943768 0.737614 0.518247 0.737614 0.631636 
1.250000 0.646220 0.519823 0.500943 0.519823 0.978592 0.758561 0.500943 0.758561 0.646070 
1.270000 0.612709 0.534889 0.495294 0.534889 1.002128 0.787401 0.495294 0.787401 0.640341 
1.290000 0.588147 0.549478 0.489245 0.549478 1.042046 0.824117 0.489245 0.824117 0.664488 
1.310000 0.571400 0.573024 0.497907 0.573024 1.069955 0.859801 0.497907 0.859801 0.682031 
1.330000 0.563769 0.606715 0.502137 0.606715 1.101364 0.903541 0.502137 0.903541 0.702378 
1.350000 0.564097 0.646814 0.518394 0.646814 1.124154 0.951292 0.518394 0.951292 0.742552 
1.370000 0.572964 0.687859 0.540638 0.687859 1.150336 0.987423 0.540638 0.987423 0.778964 
1.390000 0.585637 0.730992 0.570702 0.730992 1.154100 1.027856 0.570702 1.027856 0.805659 
1.410000 0.607454 0.780896 0.606351 0.780896 1.175257 1.072717 0.606351 1.072717 0.872065 
1.430000 0.637542 0.834591 0.648336 0.834591 1.196282 1.100062 0.648336 1.100062 0.928385 
1.450000 0.670458 0.889457 0.693818 0.889457 1.208823 1.133821 0.693818 1.133821 0.971368 
1.470000 0.714510 0.945379 0.749275 0.945379 1.239935 1.152496 0.749275 1.152496 1.038696 
1.490000 0.760883 0.999517 0.808164 0.999517 1.263219 1.186568 0.808164 1.186568 1.081617 
1.510000 0.814052 1.045813 0.867742 1.045813 1.261722 1.209916 0.867742 1.209916 1.119158 
1.530000 0.864185 1.096150 0.925537 1.096150 1.292943 1.230615 0.925537 1.230615 1.163999 
1.550000 0.916643 1.127665 0.988672 1.127665 1.284719 1.239969 0.988672 1.239969 1.202842 
1.570000 0.969081 1.166162 1.047579 1.166162 1.285627 1.265962 1.047579 1.265962 1.219896 
1.590000 1.020401 1.193257 1.097057 1.193257 1.273105 1.275097 1.097057 1.275097 1.249014 
1.610000 1.062140 1.220443 1.137495 1.220443 1.249255 1.290710 1.137495 1.290710 1.264085 
1.630000 1.102350 1.245468 1.173518 1.245468 1.229590 1.296390 1.173518 1.296390 1.292004 
1.650000 1.137741 1.261783 1.201740 1.261783 1.178419 1.290859 1.201740 1.290859 1.310400 
1.670000 1.161542 1.276573 1.225478 1.276573 1.135945 1.277092 1.225478 1.277092 1.310498 
1.690000 1.180837 1.285350 1.246747 1.285350 1.086880 1.257260 1.246747 1.257260 1.311163 
1.710000 1.194303 1.291784 1.254777 1.291784 1.045873 1.229892 1.254777 1.229892 1.314941 
1.730000 1.199471 1.282775 1.266528 1.282775 0.999361 1.187263 1.266528 1.187263 1.315034 
1.750000 1.204913 1.263960 1.277464 1.263960 0.949450 1.138118 1.277464 1.138118 1.290267 
1.770000 1.206343 1.238281 1.278329 1.238281 0.917265 1.093523 1.278329 1.093523 1.271987 
1.790000 1.205157 1.204807 1.279455 1.204807 0.883663 1.043484 1.279455 1.043484 1.228629 
1.810000 1.201733 1.165286 1.264223 1.165286 0.859661 1.002706 1.264223 1.002706 1.193084 
1.830000 1.194720 1.124291 1.245976 1.124291 0.828022 0.961403 1.245976 0.961403 1.142638 
1.850000 1.188791 1.087799 1.219294 1.087799 0.814832 0.911734 1.219294 0.911734 1.098619 
1.870000 1.177401 1.044439 1.189534 1.044439 0.805948 0.880879 1.189534 0.880879 1.047317 
1.890000 1.162873 0.999254 1.144017 0.999254 0.797657 0.852359 1.144017 0.852359 0.994411 
1.910000 1.147551 0.965118 1.104897 0.965118 0.791004 0.830247 1.104897 0.830247 0.948461 
1.930000 1.120271 0.930130 1.066897 0.930130 0.795594 0.813855 1.066897 0.813855 0.911475 
1.950000 1.090933 0.900230 1.022038 0.900230 0.795967 0.793308 1.022038 0.793308 0.870230 
1.970000 1.063010 0.881828 0.981594 0.881828 0.815199 0.791552 0.981594 0.791552 0.846351 
1.990000 1.029591 0.860275 0.947992 0.860275 0.832547 0.789107 0.947992 0.789107 0.830421 
2.010000 0.998272 0.844893 0.915293 0.844893 0.840351 0.789847 0.915293 0.789847 0.806657 
2.030000 0.964572 0.838365 0.885979 0.838365 0.861708 0.794757 0.885979 0.794757 0.780771 
2.050000 0.937059 0.833548 0.864986 0.833548 0.878006 0.811949 0.864986 0.811949 0.783638 
2.070000 0.911698 0.833719 0.845968 0.833719 0.899084 0.823392 0.845968 0.823392 0.783721 
2.090000 0.885779 0.837480 0.831341 0.837480 0.921567 0.839538 0.831341 0.839538 0.785461 
2.110000 0.866834 0.849302 0.821459 0.849302 0.955553 0.864309 0.821459 0.864309 0.794847 
2.130000 0.850613 0.857941 0.821820 0.857941 0.971171 0.881137 0.821820 0.881137 0.803672 
2.150000 0.842676 0.872944 0.824144 0.872944 0.994350 0.902392 0.824144 0.902392 0.814875 
2.170000 0.838147 0.891518 0.830400 0.891518 1.017047 0.928550 0.830400 0.928550 0.829459 
2.190000 0.837631 0.909991 0.840731 0.909991 1.037772 0.956293 0.840731 0.956293 0.860590 
2.210000 0.842002 0.928609 0.854886 0.928609 1.056374 0.983882 0.854886 0.983882 0.879234 
2.230000 0.849047 0.950842 0.873671 0.950842 1.069413 1.005203 0.873671 1.005203 0.912481 
2.250000 0.861344 0.969590 0.891073 0.969590 1.084724 1.029018 0.891073 1.029018 0.937157 
2.270000 0.878853 0.990407 0.910557 0.990407 1.087263 1.045751 0.910557 1.045751 0.959900 
2.290000 0.896205 1.009741 0.931599 1.009741 1.093771 1.070324 0.931599 1.070324 0.995317 
2.310000 0.916333 1.028918 0.958538 1.028918 1.103237 1.078654 0.958538 1.078654 1.009967 
2.330000 0.937477 1.045251 0.981929 1.045251 1.106974 1.097226 0.981929 1.097226 1.034230 
2.350000 0.958873 1.060265 1.004254 1.060265 1.118590 1.106202 1.004254 1.106202 1.058777 
2.370000 0.980133 1.071573 1.025086 1.071573 1.108658 1.110918 1.025086 1.110918 1.071403 
2.390000 1.002234 1.079846 1.045372 1.079846 1.097783 1.110744 1.045372 1.110744 1.089899 
2.410000 1.020878 1.083848 1.059952 1.083848 1.097279 1.114519 1.059952 1.114519 1.103648 
2.430000 1.041636 1.089719 1.076432 1.089719 1.091181 1.110564 1.076432 1.110564 1.114597 
2.450000 1.057807 1.088482 1.085293 1.088482 1.078204 1.105344 1.085293 1.105344 1.118013 
2.470000 1.070174 1.088543 1.093735 1.088543 1.069039 1.099686 1.093735 1.099686 1.123752 
2.490000 1.082737 1.085623 1.100292 1.085623 1.058057 1.095138 1.100292 1.095138 1.114956 
2.510000 1.089281 1.079401 1.100652 1.079401 1.043909 1.085555 1.100652 1.085555 1.119402 
2.530000 1.097142 1.072725 1.101108 1.072725 1.035863 1.075940 1.101108 1.075940 1.111130 
2.550000 1.096959 1.065103 1.095635 1.065103 1.022721 1.060134 1.095635 1.060134 1.098848 
2.570000 1.096214 1.059672 1.092543 1.059672 1.004584 1.050603 1.092543 1.050603 1.093322 
2.590000 1.095099 1.047145 1.083023 1.047145 0.991814 1.034320 1.083023 1.034320 1.081026 
2.610000 1.089748 1.037731 1.075143 1.037731 0.986149 1.025834 1.075143 1.025834 1.071000 
2.630000 1.082791 1.027280 1.065417 1.027280 0.973912 1.013049 1.065417 1.013049 1.053780 
2.650000 1.073544 1.019586 1.054506 1.019586 0.956221 0.999303 1.054506 0.999303 1.043401 
2.670000 1.064100 1.009565 1.045705 1.009565 0.952576 0.990139 1.045705 0.990139 1.027828 
2.690000 1.052675 0.998997 1.033862 0.998997 0.946077 0.979910 1.033862 0.979910 1.011596 
2.710000 1.041557 0.985103 1.024120 0.985103 0.937351 0.965237 1.024120 0.965237 1.004587 
2.730000 1.031741 0.975931 1.010988 0.975931 0.942702 0.955205 1.010988 0.955205 0.991094 
2.750000 1.019816 0.970048 0.999324 0.970048 0.937831 0.948476 0.999324 0.948476 0.979950 
2.770000 1.010147 0.963084 0.988800 0.963084 0.936537 0.943999 0.988800 0.943999 0.969155 
2.790000 0.999315 0.955788 0.982063 0.955788 0.937402 0.934211 0.982063 0.934211 0.955193 
2.810000 0.991071 0.950803 0.970261 0.950803 0.936885 0.933454 0.970261 0.933454 0.946139 
2.830000 0.980302 0.945023 0.963154 0.945023 0.943705 0.933906 0.963154 0.933906 0.933262 
2.850000 0.973510 0.943468 0.953455 0.943468 0.950599 0.932763 0.953455 0.932763 0.933847 
2.870000 0.965015 0.942522 0.948737 0.942522 0.957933 0.939043 0.948737 0.939043 0.933719 
2.890000 0.957365 0.941962 0.941223 0.941962 0.964517 0.938624 0.941223 0.938624 0.933320 
2.910000 0.953723 0.943875 0.941395 0.943875 0.970907 0.944900 0.941395 0.944900 0.931247 
2.930000 0.949403 0.947587 0.938898 0.947587 0.993657 0.948080 0.938898 0.948080 0.928663 
2.950000 0.945391 0.951264 0.937728 0.951264 0.985972 0.957375 0.937728 0.957375 0.931295 
2.970000 0.943975 0.956681 0.939439 0.956681 1.000258 0.968220 0.939439 0.968220 0.937235 
2.990000 0.944214 0.963553 0.941420 0.963553 1.000661 0.978162 0.941420 0.978162 0.943527 
3.010000 0.943705 0.970288 0.944866 0.970288 1.016380 0.987934 0.944866 0.987934 0.952535 
3.030000 0.945389 0.980491 0.948357 0.980491 1.017781 0.993671 0.948357 0.993671 0.959442 
3.050000 0.949737 0.988337 0.957662 0.988337 1.023468 1.000150 0.957662 1.000150 0.977620 
3.070000 0.953531 0.997452 0.965005 0.997452 1.032282 1.012429 0.965005 1.012429 0.986022 
3.090000 0.959786 1.002952 0.972659 1.002952 1.032495 1.019977 0.972659 1.019977 0.991274 
3.110000 0.965600 1.010525 0.980925 1.010525 1.033027 1.024347 0.980925 1.024347 0.998233 
3.130000 0.974747 1.019453 0.990465 1.019453 1.031596 1.032444 0.990465 1.032444 1.005639 
3.150000 0.981083 1.021912 1.000658 1.021912 1.037146 1.035618 1.000658 1.035618 1.018429 
3.170000 0.989658 1.027934 1.009337 1.027934 1.038287 1.039445 1.009337 1.039445 1.027281 
3.190000 0.997264 1.031736 1.015852 1.031736 1.041626 1.042182 1.015852 1.042182 1.031110 
3.210000 1.005065 1.038090 1.022676 1.038090 1.036682 1.042618 1.022676 1.042618 1.034877 
3.230000 1.011629 1.040095 1.028351 1.040095 1.028911 1.039474 1.028351 1.039474 1.045027 
3.250000 1.019253 1.038393 1.033559 1.038393 1.029992 1.042622 1.033559 1.042622 1.047483 
3.270000 1.026395 1.039030 1.039083 1.039030 1.020104 1.035598 1.039083 1.035598 1.049095 
3.290000 1.030094 1.038066 1.041179 1.038066 1.019483 1.032491 1.041179 1.032491 1.043452 
3.310000 1.033944 1.036226 1.041188 1.036226 1.015010 1.030421 1.041188 1.030421 1.045566 
3.330000 1.037227 1.033824 1.043365 1.033824 1.009169 1.028618 1.043365 1.028618 1.044242 
3.350000 1.037320 1.029651 1.040578 1.029651 1.002043 1.018467 1.040578 1.018467 1.038141 
3.370000 1.037964 1.025899 1.040996 1.025899 0.999890 1.015108 1.040996 1.015108 1.031166 
3.390000 1.037792 1.022130 1.039148 1.022130 0.990408 1.011542 1.039148 1.011542 1.032853 
3.410000 1.037162 1.016328 1.034560 1.016328 0.990970 1.009117 1.034560 1.009117 1.030082 
3.430000 1.035404 1.010167 1.029469 1.010167 0.985840 0.999944 1.029469 0.999944 1.017298 
3.450000 1.032639 1.004605 1.024379 1.004605 0.985706 0.996381 1.024379 0.996381 1.015242 
3.470000 1.029134 1.000389 1.019993 1.000389 0.979375 0.992352 1.019993 0.992352 1.007534 
3.490000 1.023741 0.996540 1.016204 0.996540 0.976374 0.993671 1.016204 0.993671 1.004317 
3.510000 1.020472 0.993247 1.009317 0.993247 0.976607 0.981562 1.009317 0.981562 1.002273 
3.530000 1.014509 0.989813 1.002658 0.989813 0.977438 0.979902 1.002658 0.979902 0.994907 
3.550000 1.010717 0.986540 0.998647 0.986540 0.977657 0.979248 0.998647 0.979248 0.987476 
3.570000 1.005049 0.981405 0.992594 0.981405 0.982564 0.976588 0.992594 0.976588 0.987153 
3.590000 0.999776 0.979492 0.989846 0.979492 0.978082 0.975529 0.989846 0.975529 0.980578 
3.610000 0.995857 0.977848 0.986614 0.977848 0.979127 0.975397 0.986614 0.975397 0.976182 
3.630000 0.991318 0.977494 0.981962 0.977494 0.985383 0.980033 0.981962 0.980033 0.971313 
3.650000 0.987494 0.975267 0.979876 0.975267 0.983987 0.976520 0.979876 0.976520 0.970401 
3.670000 0.984839 0.975826 0.977797 0.975826 0.984975 0.976521 0.977797 0.976521 0.972308 
3.690000 0.982633 0.977134 0.974262 0.977134 0.987813 0.979922 0.974262 0.979922 0.975311 
3.710000 0.979124 0.977159 0.973918 0.977159 0.990524 0.979679 0.973918 0.979679 0.971746 
3.730000 0.978120 0.978224 0.974546 0.978224 0.995742 0.982002 0.974546 0.982002 0.964231 
3.750000 0.976083 0.980351 0.973968 0.980351 0.995504 0.986295 0.973968 0.986295 0.973970 
3.770000 0.975995 0.984404 0.975074 0.984404 0.999723 0.986438 0.975074 0.986438 0.977553 
3.790000 0.976774 0.984690 0.975935 0.984690 1.002950 0.989906 0.975935 0.989906 0.977729 
3.810000 0.975971 0.988162 0.978051 0.988162 1.001752 0.992998 0.978051 0.992998 0.983373 
3.830000 0.977558 0.992723 0.979803 0.992723 1.008758 0.997324 0.979803 0.997324 0.987161 
3.850000 0.979350 0.994742 0.983345 0.994742 1.012050 1.001721 0.983345 1.001721 0.988948 
3.870000 0.982421 0.998499 0.987697 0.998499 1.013065 1.006427 0.987697 1.006427 0.996773 
3.890000 0.983936 1.001688 0.989693 1.001688 1.015933 1.007421 0.989693 1.007421 0.991960 
3.910000 0.987626 1.002664 0.991896 1.002664 1.013208 1.008677 0.991896 1.008677 1.002690 
3.930000 0.990303 1.005177 0.997287 1.005177 1.021146 1.011188 0.997287 1.011188 0.999599 
3.950000 0.993045 1.009227 1.000407 1.009227 1.020614 1.014020 1.000407 1.014020 1.005045 
3.970000 0.996097 1.012730 1.002914 1.012730 1.016519 1.016162 1.002914 1.016162 1.015209 
3.990000 0.998462 1.013065 1.005525 1.013065 1.013391 1.017363 1.005525 1.017363 1.015701 
4.010000 1.001227 1.014136 1.008294 1.014136 1.012246 1.019072 1.008294 1.019072 1.020289 
4.030000 1.005097 1.015979 1.010008 1.015979 1.009579 1.018155 1.010008 1.018155 1.018803 
4.050000 1.007822 1.016587 1.013805 1.016587 1.008661 1.017270 1.013805 1.017270 1.012472 
4.070000 1.010610 1.015775 1.015117 1.015775 1.013434 1.015868 1.015117 1.015868 1.016341 
4.090000 1.012326 1.015589 1.017733 1.015589 1.008867 1.015652 1.017733 1.015652 1.024437 
4.110000 1.013491 1.016849 1.018507 1.016849 1.008331 1.015927 1.018507 1.015927 1.021893 
4.130000 1.015519 1.013284 1.017403 1.013284 1.002958 1.013038 1.017403 1.013038 1.018608 
4.150000 1.015802 1.012165 1.016158 1.012165 1.000073 1.009170 1.016158 1.009170 1.017284 
4.170000 1.017083 1.011421 1.016136 1.011421 1.003159 1.006784 1.016136 1.006784 1.019948 
4.190000 1.016567 1.009261 1.015531 1.009261 0.998299 1.003949 1.015531 1.003949 1.011901 
4.210000 1.015104 1.007000 1.015283 1.007000 0.994490 1.002580 1.015283 1.002580 1.012713 
4.230000 1.015623 1.004653 1.013090 1.004653 0.993627 0.999060 1.013090 0.999060 1.007330 
4.250000 1.013418 1.004274 1.011465 1.004274 0.991911 0.999940 1.011465 0.999940 1.011923 
4.270000 1.012863 1.001667 1.009707 1.001667 0.993721 0.997721 1.009707 0.997721 1.008156 
4.290000 1.010953 0.999043 1.006943 0.999043 0.988098 0.995636 1.006943 0.995636 1.002038 
4.310000 1.008051 0.997132 1.005383 0.997132 0.990722 0.994773 1.005383 0.994773 0.998367 
4.330000 1.006672 0.994640 1.002981 0.994640 0.989821 0.992980 1.002981 0.992980 1.000095 
4.350000 1.005055 0.995258 1.000101 0.995258 0.988287 0.990933 1.000101 0.990933 0.994186 
4.370000 1.003053 0.993105 0.997707 0.993105 0.986014 0.990217 0.997707 0.990217 0.991079 
4.390000 1.000189 0.991464 0.995883 0.991464 0.991982 0.987971 0.995883 0.987971 0.988738 
4.410000 0.998516 0.990859 0.994019 0.990859 0.991192 0.988341 0.994019 0.988341 0.988907 
4.430000 0.996877 0.989911 0.992006 0.989911 0.992286 0.990224 0.992006 0.990224 0.984623 
4.450000 0.995639 0.989096 0.991097 0.989096 0.993661 0.986514 0.991097 0.986514 0.985431 
4.470000 0.993149 0.989984 0.988821 0.989984 0.991903 0.990223 0.988821 0.990223 0.986888 
4.490000 0.992120 0.989682 0.989424 0.989682 0.993588 0.987455 0.989424 0.987455 0.985687 
4.510000 0.991091 0.989469 0.988209 0.989469 0.998739 0.990468 0.988209 0.990468 0.985876 
4.530000 0.989710 0.990179 0.988441 0.990179 0.998084 0.991338 0.988441 0.991338 0.991011 
4.550000 0.989339 0.991539 0.987911 0.991539 0.994272 0.991154 0.987911 0.991154 0.991336 
4.570000 0.989341 0.991825 0.987661 0.991825 0.999356 0.994191 0.987661 0.994191 0.990115 
4.590000 0.988618 0.992922 0.989427 0.992922 1.003495 0.999371 0.989427 0.999371 0.988165 
4.610000 0.989941 0.994946 0.992038 0.994946 1.004935 0.997252 0.992038 0.997252 0.992102 
4.630000 0.989982 0.996484 0.992775 0.996484 1.002867 1.001160 0.992775 1.001160 0.994251 
4.650000 0.991724 0.998335 0.992696 0.998335 1.002278 0.999466 0.992696 0.999466 0.996027 
4.670000 0.991183 0.998055 0.994953 0.998055 1.005652 1.003368 0.994953 1.003368 0.998129 
4.690000 0.992964 1.001497 0.994903 1.001497 1.009139 1.005232 0.994903 1.005232 1.001744 
4.710000 0.994116 1.002757 0.997320 1.002757 1.007625 1.004359 0.997320 1.004359 1.001409 
4.730000 0.995963 1.003021 0.997955 1.003021 1.005180 1.005952 0.997955 1.005952 1.001147 
4.750000 0.997152 1.003628 1.000949 1.003628 1.005421 1.009131 1.000949 1.009131 1.004107 
4.770000 0.998790 1.005163 1.000890 1.005163 1.006275 1.007891 1.000890 1.007891 1.005224 
4.790000 1.000027 1.005351 1.002771 1.005351 1.007108 1.005803 1.002771 1.005803 1.006301 
4.810000 1.000951 1.006970 1.004514 1.006970 1.005955 1.009584 1.004514 1.009584 1.009377 
4.830000 1.001692 1.007553 1.005092 1.007553 1.003157 1.007071 1.005092 1.007071 1.007783 
4.850000 1.003360 1.004969 1.006002 1.004969 1.010910 1.005912 1.006002 1.005912 1.008125 
4.870000 1.005508 1.007130 1.006732 1.007130 1.003981 1.005904 1.006732 1.005904 1.008018 
4.890000 1.005656 1.006712 1.007134 1.006712 1.001979 1.007423 1.007134 1.007423 1.005372 
4.910000 1.006245 1.007219 1.007472 1.007219 1.003714 1.006893 1.007472 1.006893 1.008925 
4.930000 1.007308 1.006943 1.007460 1.006943 1.001485 1.006808 1.007460 1.006808 1.010382 
4.950000 1.006686 1.005872 1.007775 1.005872 1.001225 1.005455 1.007775 1.005455 1.005770 
4.970000 1.007298 1.005248 1.006621 1.005248 1.002968 1.003051 1.006621 1.003051 1.005789 
4.990000 1.007070 1.004264 1.007425 1.004264 1.000288 1.004956 1.007425 1.004956 1.003466 
5.010000 1.006272 1.002879 1.006476 1.002879 0.995507 1.001529 1.006476 1.001529 1.002314 
5.030000 1.006744 1.002482 1.005768 1.002482 0.995949 1.001094 1.005768 1.001094 1.001132 
5.050000 1.006540 1.001188 1.005260 1.001188 0.999546 0.998765 1.005260 0.998765 1.001709 
5.070000 1.005723 1.000127 1.003030 1.000127 0.995036 1.000438 1.003030 1.000438 1.002711 
5.090000 1.005716 0.999527 1.002490 0.999527 0.997326 0.998275 1.002490 0.998275 1.003394 
5.110000 1.004723 0.999396 1.002402 0.999396 0.992569 0.996795 1.002402 0.996795 1.002125 
5.130000 1.003137 0.997131 1.000720 0.997131 0.994078 0.996310 1.000720 0.996310 1.000561 
5.150000 1.002861 0.996660 0.999570 0.996660 0.996922 0.996121 0.999570 0.996121 0.998697 
5.170000 1.001355 0.997641 0.999641 0.997641 0.996507 0.996056 0.999641 0.996056 0.999199 
5.190000 1.000153 0.996935 0.998408 0.996935 0.994994 0.996086 0.998408 0.996086 0.999578 
5.210000 0.998894 0.995363 0.997232 0.995363 0.994860 0.994264 0.997232 0.994264 0.998026 
5.230000 0.998522 0.994817 0.996705 0.994817 0.994047 0.995362 0.996705 0.995362 0.993765 
5.250000 0.998133 0.995732 0.996556 0.995732 0.996556 0.992611 0.996556 0.992611 0.992559 
5.270000 0.996730 0.994567 0.994756 0.994567 0.995974 0.996366 0.994756 0.996366 0.996122 
5.290000 0.996426 0.994873 0.995433 0.994873 0.997107 0.994105 0.995433 0.994105 0.994277 
5.310000 0.995741 0.995515 0.995211 0.995515 0.998950 0.996644 0.995211 0.996644 0.994073 
5.330000 0.996211 0.996863 0.994543 0.996863 0.999894 0.995489 0.994543 0.995489 0.996201 
5.350000 0.995182 0.997029 0.993912 0.997029 1.005110 0.998983 0.993912 0.998983 0.997819 
5.370000 0.994828 0.996634 0.994336 0.996634 1.000822 0.997445 0.994336 0.997445 0.997380 
5.390000 0.995209 0.998175 0.995044 0.998175 0.998653 0.996285 0.995044 0.996285 0.995316 
5.410000 0.995142 0.997488 0.995608 0.997488 1.002820 0.998123 0.995608 0.998123 0.996426 
5.430000 0.995774 0.998369 0.997055 0.998369 1.003132 1.000559 0.997055 1.000559 0.994329 
5.450000 0.995873 0.998281 0.997304 0.998281 1.004758 0.999687 0.997304 0.999687 0.996592 
5.470000 0.996382 0.999677 0.997631 0.999677 1.002158 0.998619 0.997631 0.998619 1.002361 
5.490000 0.996166 1.000799 0.998994 1.000799 1.001352 1.002198 0.998994 1.002198 0.997004 
5.510000 0.997833 1.001589 0.998453 1.001589 1.000884 1.003231 0.998453 1.003231 0.996898 
5.530000 0.997217 1.001504 1.000013 1.001504 1.005805 1.002577 1.000013 1.002577 1.000835 
5.550000 0.998288 1.002083 1.000313 1.002083 1.001593 1.002851 1.000313 1.002851 1.001580 
5.570000 0.999212 1.002145 1.000697 1.002145 1.003012 1.004116 1.000697 1.004116 1.001904 
5.590000 1.000170 1.002418 1.001548 1.002418 1.005430 1.003020 1.001548 1.003020 1.001451 
5.610000 1.000644 1.002951 1.001866 1.002951 1.003766 1.002207 1.001866 1.002207 1.001531 
5.630000 1.001384 1.002770 1.003235 1.002770 1.000115 1.003218 1.003235 1.003218 1.004257 
5.650000 1.001779 1.002959 1.002740 1.002959 1.007629 1.003642 1.002740 1.003642 1.003277 
5.670000 1.002534 1.003744 1.003334 1.003744 1.002697 1.002876 1.003334 1.002876 1.004325 
5.690000 1.002829 1.002955 1.003060 1.002955 1.002243 1.003049 1.003060 1.003049 1.005102 
5.710000 1.002634 1.003554 1.001850 1.003554 0.999921 1.002117 1.001850 1.002117 1.004509 
5.730000 1.003333 1.002460 1.003150 1.002460 0.998350 1.004252 1.003150 1.004252 1.004005 
5.750000 1.002933 1.003101 1.003863 1.003101 1.001604 1.000691 1.003863 1.000691 1.002429 
5.770000 1.002922 1.002002 1.003143 1.002002 1.001576 1.001710 1.003143 1.001710 1.003499 
5.790000 1.004153 1.002085 1.004131 1.002085 1.001627 1.000717 1.004131 1.000717 1.003300 
5.810000 1.003137 1.001701 1.003890 1.001701 0.997123 1.000951 1.003890 1.000951 1.005339 
5.830000 1.003139 1.000963 1.001624 1.000963 0.997371 1.000914 1.001624 1.000914 1.002422 
5.850000 1.002879 1.000581 1.001716 1.000581 0.996991 0.999213 1.001716 0.999213 1.002216 
5.870000 1.002292 1.000055 1.002735 1.000055 0.998404 1.000154 1.002735 1.000154 0.999439 
5.890000 1.002627 0.999521 1.002011 0.999521 0.998148 1.000037 1.002011 1.000037 1.000718 
5.910000 1.002215 1.000060 1.000600 1.000060 0.997463 0.999142 1.000600 0.999142 1.001933 
5.930000 1.002253 0.998801 0.999779 0.998801 0.996359 0.996617 0.999779 0.996617 1.001561 
5.950000 1.000898 0.998041 1.000113 0.998041 1.000933 0.997931 1.000113 0.997931 0.998234 
5.970000 1.001155 0.998758 1.000310 0.998758 0.998500 0.999392 1.000310 0.999392 1.002907 
5.990000 1.000396 0.998504 0.998871 0.998504 0.999444 0.997817 0.998871 0.997817 0.997678 
6.010000 1.000076 0.998444 0.997821 0.998444 0.995355 0.997573 0.997821 0.997573 0.997941 
6.030000 0.998729 0.997159 0.998149 0.997159 0.998878 0.995823 0.998149 0.995823 0.996336 
6.050000 0.999663 0.997474 0.998617 0.997474 0.997690 0.996236 0.998617 0.996236 0.998890 
6.070000 0.998877 0.997666 0.997391 0.997666 1.001093 0.998733 0.997391 0.998733 0.996998 
6.090000 0.998514 0.997360 0.997784 0.997360 0.997707 0.998264 0.997784 0.998264 0.998626 
6.110000 0.998069 0.997874 0.998535 0.997874 0.998650 0.998967 0.998535 0.998967 0.995852 
6.130000 0.998133 0.997518 0.996682 0.997518 1.000033 0.998282 0.996682 0.998282 0.997059 
6.150000 0.997981 0.998841 0.997212 0.998841 1.000322 0.997535 0.997212 0.997535 0.996079 
6.170000 0.997859 0.998653 0.997964 0.998653 1.000812 1.000227 0.997964 1.000227 0.998574 
6.190000 0.997116 0.998526 0.997248 0.998526 1.002466 0.999550 0.997248 0.999550 0.996736 
6.210000 0.997721 0.998531 0.997492 0.998531 1.000245 0.999644 0.997492 0.999644 1.000128 
6.230000 0.997673 0.999385 0.997642 0.999385 0.997643 1.000102 0.997642 1.000102 0.997176 
6.250000 0.998564 0.999742 0.998798 0.999742 1.001713 1.002723 0.998798 1.002723 0.999301 
6.270000 0.998709 0.999457 0.998981 0.999457 0.999528 1.002412 0.998981 1.002412 1.002128 
6.290000 0.998753 1.000053 1.000163 1.000053 1.002026 1.000765 1.000163 1.000765 0.999701 
6.310000 0.998225 1.000401 1.000113 1.000401 1.002362 1.003160 1.000113 1.003160 1.001539 
6.330000 0.999254 1.000542 0.998667 1.000542 1.003041 1.001223 0.998667 1.001223 0.999077 
6.350000 0.999231 1.002430 1.000171 1.002430 0.997860 1.001235 1.000171 1.001235 1.002454 
6.370000 0.999703 1.001935 0.999747 1.001935 1.002288 1.000760 0.999747 1.000760 1.000383 
6.390000 1.000185 1.001029 1.000287 1.001029 1.000646 1.001559 1.000287 1.001559 0.998991 
6.410000 1.000342 1.000910 1.001220 1.000910 1.002946 1.003256 1.001220 1.003256 1.000506 
6.430000 1.000080 1.001050 1.002286 1.001050 0.999890 1.001779 1.002286 1.001779 1.001446 
6.450000 1.001203 1.001463 1.002011 1.001463 1.000158 1.003137 1.002011 1.003137 1.002802 
6.470000 1.000913 1.001627 1.001120 1.001627 1.004111 1.002051 1.001120 1.002051 1.002631 
6.490000 1.000853 1.002467 1.001662 1.002467 1.000629 0.999674 1.001662 0.999674 1.002772 
6.510000 1.001612 1.002118 1.001830 1.002118 0.998296 1.002740 1.001830 1.002740 1.000395 
6.530000 1.001718 1.001669 1.001661 1.001669 1.000475 1.000907 1.001661 1.000907 1.000943 
6.550000 1.001361 1.000971 1.002575 1.000971 1.001099 1.000912 1.002575 1.000912 1.001975 
6.570000 1.002029 1.000488 1.000990 1.000488 1.001155 1.000659 1.000990 1.000659 1.000948 
6.590000 1.001514 1.000100 1.001002 1.000100 1.001904 1.000916 1.001002 1.000916 1.002681 
6.610000 1.002347 1.001204 1.001053 1.001204 0.999472 0.998871 1.001053 0.998871 1.002072 
6.630000 1.000946 1.000920 1.001110 1.000920 1.001595 1.001914 1.001110 1.001914 1.003386 
6.650000 1.002001 0.999820 1.001304 0.999820 1.000711 0.999544 1.001304 0.999544 0.999099 
6.670000 1.001596 1.000446 1.000457 1.000446 0.993983 1.001842 1.000457 1.001842 1.002490 
6.690000 1.000666 0.999424 1.001340 0.999424 1.000527 0.998787 1.001340 0.998787 0.996020 
6.710000 1.000514 0.999758 1.001670 0.999758 0.999684 0.999974 1.001670 0.999974 1.000000 
6.730000 1.000918 0.999323 1.000345 0.999323 1.000372 0.996853 1.000345 0.996853 0.998515 
6.750000 1.000830 0.999110 0.999763 0.999110 0.999068 1.000051 0.999763 1.000051 1.000326 
6.770000 0.999837 0.999653 0.999891 0.999653 0.998517 0.997811 0.999891 0.997811 1.000341 
6.790000 0.999527 0.999006 0.999414 0.999006 0.999970 0.998338 0.999414 0.998338 0.998952 
6.810000 0.999757 0.998940 0.999615 0.998940 1.001475 0.997183 0.999615 0.997183 0.999819 
6.830000 1.000057 0.999039 1.000115 0.999039 1.000318 0.999234 1.000115 0.999234 0.997943 
6.850000 1.000094 0.999576 0.998892 0.999576 0.999144 0.999113 0.998892 0.999113 0.999759 
6.870000 1.000066 0.998353 0.998589 0.998353 0.999652 0.998914 0.998589 0.998914 0.997433 
6.890000 0.999172 0.998263 0.999555 0.998263 0.998296 1.000311 0.999555 1.000311 1.000756 
6.910000 0.999495 0.999614 0.999783 0.999614 0.997304 0.999181 0.999783 0.999181 0.998258 
6.930000 0.998321 0.999228 0.998445 0.999228 0.998133 0.998524 0.998445 0.998524 0.998918 
6.950000 0.999498 0.999020 0.998862 0.999020 0.999928 0.998469 0.998862 0.998469 0.999323 
6.970000 0.998926 0.998326 0.998382 0.998326 1.000723 1.000018 0.998382 1.000018 0.996712 
6.990000 0.998836 0.999403 0.999318 0.999403 1.002675 0.997277 0.999318 0.997277 0.996786 
7.010000 0.999197 0.999461 0.999031 0.999461 0.999380 1.000156 0.999031 1.000156 0.998852 
7.030000 0.999337 1.000030 0.999204 1.000030 1.000401 1.000669 0.999204 1.000669 0.998737 
7.050000 0.999146 1.000418 0.999147 1.000418 0.999551 0.999280 0.999147 0.999280 1.000862 
7.070000 0.999209 1.000456 0.998950 1.000456 1.000240 1.000990 0.998950 1.000990 0.999273 
7.090000 0.999395 1.000172 0.999663 1.000172 1.001801 1.000704 0.999663 1.000704 1.001950 
7.110000 1.000094 1.000204 1.000012 1.000204 1.002398 1.001594 1.000012 1.001594 0.998851 
7.130000 0.999314 1.000460 1.000130 1.000460 1.001406 1.000866 1.000130 1.000866 1.001340 
7.150000 0.999738 1.000288 1.000334 1.000288 0.997899 0.999862 1.000334 0.999862 1.001848 
7.170000 0.999881 1.000179 1.000232 1.000179 1.001958 1.002205 1.000232 1.002205 1.003625 
7.190000 0.999617 1.000180 0.999144 1.000180 1.003135 1.001303 0.999144 1.001303 1.001079 
7.210000 1.000497 1.000989 1.000705 1.000989 1.000133 1.002561 1.000705 1.002561 1.001601 
7.230000 1.000700 1.000889 1.000291 1.000889 0.999611 1.001303 1.000291 1.001303 1.001031 
7.250000 1.000482 1.000069 1.000721 1.000069 1.001327 1.000618 1.000721 1.000618 0.999962 
7.270000 1.000587 1.001228 1.000796 1.001228 1.003349 1.001663 1.000796 1.001663 1.001445 
7.290000 1.000693 1.000660 1.000820 1.000660 1.001594 1.001232 1.000820 1.001232 0.999616 
7.310000 1.000905 1.000906 1.000284 1.000906 1.001799 1.000860 1.000284 1.000860 1.000870 
7.330000 1.000818 0.999982 1.000347 0.999982 1.001466 1.000590 1.000347 1.000590 1.002617 
7.350000 1.000918 1.001366 1.001319 1.001366 0.998526 0.999278 1.001319 0.999278 0.999982 
7.370000 1.000992 1.000406 1.000751 1.000406 1.001231 1.001765 1.000751 1.001765 1.002023 
7.390000 1.000876 1.000438 1.000706 1.000438 1.002301 1.000997 1.000706 1.000997 0.999479 
7.410000 1.000475 1.000063 1.001058 1.000063 1.000761 1.000470 1.001058 1.000470 0.999867 
7.430000 1.000581 1.000146 1.001566 1.000146 0.998071 0.999959 1.001566 0.999959 1.001929 
7.450000 1.000826 0.999832 0.999861 0.999832 0.998743 0.999038 0.999861 0.999038 1.002074 
7.470000 1.000830 0.999225 1.000032 0.999225 0.997911 0.999852 1.000032 0.999852 1.001659 
7.490000 1.000634 1.000377 1.000935 1.000377 1.000304 0.999885 1.000935 0.999885 0.999634 
7.510000 1.000012 0.999764 1.000307 0.999764 0.999290 0.999670 1.000307 0.999670 1.000190 
7.530000 1.000453 0.999337 0.999780 0.999337 0.998080 1.000351 0.999780 1.000351 0.999860 
7.550000 1.000074 1.000451 0.999974 1.000451 0.998554 1.000266 0.999974 1.000266 0.999932 
7.570000 1.000279 0.999513 1.000161 0.999513 1.000663 0.998876 1.000161 0.998876 1.000729 
7.590000 1.000604 0.999788 1.000123 0.999788 0.999469 0.998704 1.000123 0.998704 0.999841 
7.610000 0.999662 0.999848 0.999568 0.999848 0.999140 0.999749 0.999568 0.999749 1.000236 
7.630000 0.999919 0.999350 0.999321 0.999350 0.999124 1.000505 0.999321 1.000505 0.998974 
7.650000 0.999314 0.999331 0.999514 0.999331 1.000306 1.000171 0.999514 1.000171 0.999783 
7.670000 1.000138 0.999523 0.999726 0.999523 0.999756 1.000386 0.999726 1.000386 0.999940 
7.690000 0.999333 0.999098 0.999101 0.999098 0.999631 1.000943 0.999101 1.000943 0.998522 
7.710000 1.000000 0.999022 0.999370 0.999022 1.001667 0.999484 0.999370 0.999484 0.999382 
7.730000 1.000166 0.999816 0.999120 0.999816 0.999928 0.998586 0.999120 0.998586 0.998866 
7.750000 0.999862 0.999675 0.999929 0.999675 0.999705 1.000018 0.999929 1.000018 1.000657 
7.770000 0.999888 0.999507 0.999418 0.999507 0.999784 0.999992 0.999418 0.999992 1.000393 
7.790000 0.999610 0.999903 0.999533 0.999903 1.002719 0.999635 0.999533 0.999635 1.000835 
7.810000 0.999844 1.000008 0.999746 1.000008 0.998963 0.998533 0.999746 0.998533 0.999719 
7.830000 0.999415 0.999789 0.999424 0.999789 0.998607 1.000156 0.999424 1.000156 1.000723 
7.850000 0.999675 0.999696 0.998616 0.999696 1.000071 1.000750 0.998616 1.000750 1.000278 
7.870000 1.000022 1.000785 1.000125 1.000785 1.001512 0.998600 1.000125 0.998600 0.999959 
7.890000 0.999278 1.000565 0.999736 1.000565 1.001311 0.999409 0.999736 0.999409 1.001505 
7.910000 1.000068 0.999995 1.000148 0.999995 1.000902 0.999663 1.000148 0.999663 0.998847 
7.930000 0.999697 1.000366 1.000105 1.000366 0.999001 1.001071 1.000105 1.001071 1.000574 
7.950000 0.999635 1.000068 1.000300 1.000068 1.002002 1.001596 1.000300 1.001596 1.000277 
7.970000 0.999845 1.000307 1.000605 1.000307 1.003332 1.000365 1.000605 1.000365 0.999748 
7.990000 0.999895 1.000193 1.000281 1.000193 1.000882 1.000527 1.000281 1.000527 0.999495 
8.010000 1.000374 1.001058 1.000118 1.001058 0.999886 1.001127 1.000118 1.001127 1.002731 
8.030000 1.000422 1.000343 1.000536 1.000343 1.000712 0.999836 1.000536 0.999836 0.999759 
8.050000 1.001148 1.000876 1.000288 1.000876 1.002393 1.000671 1.000288 1.000671 1.001947 
8.070000 1.000101 1.000610 1.000801 1.000610 1.001067 1.000379 1.000801 1.000379 0.999555 
8.090000 0.999892 0.999992 1.000666 0.999992 1.001837 1.000636 1.000666 1.000636 0.998252 
8.110000 1.000249 1.000115 1.000016 1.000115 1.002008 1.001223 1.000016 1.001223 0.998176 
8.130000 1.000801 1.000050 1.000793 1.000050 0.999523 1.000275 1.000793 1.000275 1.002243 
8.150000 1.000497 0.999499 0.999578 0.999499 1.000004 1.001077 0.999578 1.001077 1.001404 
8.170000 1.000463 0.999989 1.000531 0.999989 0.999749 0.999131 1.000531 0.999131 1.001078 
8.190000 1.000735 0.999956 1.000078 0.999956 1.002394 1.001069 1.000078 1.001069 1.001400 
8.210000 1.000259 0.999832 1.000305 0.999832 1.000460 1.000617 1.000305 1.000617 1.000004 
8.230000 1.000100 1.000193 1.000155 1.000193 1.000175 1.000041 1.000155 1.000041 1.001113 
8.250000 1.000472 1.000038 1.000473 1.000038 0.998733 0.999191 1.000473 0.999191 0.998769 
8.270000 1.000096 0.999756 0.999781 0.999756 1.000355 0.999245 0.999781 0.999245 1.000546 
8.290000 1.000363 1.000070 1.000380 1.000070 1.000633 1.000138 1.000380 1.000138 1.001257 
8.310000 1.000077 0.999693 1.000522 0.999693 1.000062 0.998908 1.000522 0.998908 0.999313 
8.330000 0.999993 0.999532 0.999787 0.999532 0.999433 1.000727 0.999787 1.000727 1.000949 
8.350000 1.000359 0.999880 1.000201 0.999880 0.999667 0.999671 1.000201 0.999671 0.999523 
8.370000 1.000858 1.000097 0.999490 1.000097 1.000410 0.998813 0.999490 0.998813 0.999524 
8.390000 1.000430 0.999654 1.000122 0.999654 1.000122 1.000493 1.000122 1.000493 1.000077 
8.410000 1.000132 1.000026 1.000091 1.000026 1.000469 0.998279 1.000091 0.998279 0.998933 
8.430000 1.000665 0.999456 1.000086 0.999456 1.001967 1.000400 1.000086 1.000400 1.000909 
8.450000 0.999839 0.999985 0.999970 0.999985 1.000046 0.998001 0.999970 0.998001 0.999320 
8.470000 0.999652 0.999089 0.999735 0.999089 1.000509 1.000596 0.999735 1.000596 0.999054 
8.490000 0.999612 0.999246 1.000322 0.999246 1.000647 1.000150 1.000322 1.000150 0.998955 
8.510000 0.999599 0.999516 1.000018 0.999516 0.999368 1.000042 1.000018 1.000042 1.000513 
8.530000 0.999709 0.999562 0.999974 0.999562 1.002924 1.000477 0.999974 1.000477 1.000895 
8.550000 1.000132 1.000344 0.999644 1.000344 1.001274 1.000050 0.999644 1.000050 0.998205 
8.570000 0.999708 1.000590 0.999761 1.000590 1.000688 1.000475 0.999761 1.000475 0.999919 
8.590000 0.999564 1.000040 0.999973 1.000040 0.999627 0.999410 0.999973 0.999410 1.000445 
8.610000 0.999428 0.999549 0.999989 0.999549 1.000247 0.999688 0.999989 0.999688 1.001995 
8.630000 0.999946 0.999679 0.999844 0.999679 0.999481 1.001037 0.999844 1.001037 1.001615 
8.650000 1.000500 1.000369 0.999275 1.000369 0.999835 1.000639 0.999275 1.000639 0.999593 
8.670000 1.000342 1.000459 0.999725 1.000459 1.000526 0.999997 0.999725 0.999997 1.001674 
8.690000 1.000121 1.000381 0.999828 1.000381 1.002326 1.000215 0.999828 1.000215 0.999486 
8.710000 1.000285 1.000093 0.999777 1.000093 0.999435 1.001531 0.999777 1.001531 0.999095 
8.730000 1.000085 0.999519 0.999860 0.999519 0.998542 1.001487 0.999860 1.001487 1.001249 
8.750000 1.000170 1.000687 0.999840 1.000687 0.999151 1.000265 0.999840 1.000265 0.999803 
8.770000 0.999885 0.999443 1.000153 0.999443 0.998064 0.998913 1.000153 0.998913 1.000784 
8.790000 1.000321 1.000519 0.999389 1.000519 1.000478 0.999576 0.999389 0.999576 1.001312 
8.810000 1.000009 1.000392 1.000730 1.000392 1.001925 0.999900 1.000730 0.999900 1.000351 
8.830000 1.000090 1.000271 0.999797 1.000271 0.999209 0.998564 0.999797 0.998564 0.999420 
8.850000 1.000182 1.001399 0.999549 1.001399 1.000777 0.999666 0.999549 0.999666 1.001742 
8.870000 1.000155 1.000399 0.999460 1.000399 1.000129 1.000519 0.999460 1.000519 1.000844 
8.890000 1.000336 0.999994 1.000153 0.999994 1.000389 1.001161 1.000153 1.001161 0.999271 
8.910000 1.000040 1.000240 1.000876 1.000240 1.001260 0.999187 1.000876 0.999187 1.001673 
8.930000 0.999911 0.999980 1.000213 0.999980 0.999053 1.000061 1.000213 1.000061 1.000284 
8.950000 1.000125 1.000251 1.000498 1.000251 1.000369 1.000530 1.000498 1.000530 1.001732 
8.970000 1.000549 1.000164 1.000315 1.000164 0.998902 0.999995 1.000315 0.999995 1.000984 
8.990000 0.999916 1.000005 1.000511 1.000005 1.000323 1.000031 1.000511 1.000031 0.998090 
9.010000 0.999947 0.999827 1.000770 0.999827 0.999376 1.000580 1.000770 1.000580 1.001586 
9.030000 1.000436 0.999878 0.999726 0.999878 0.999646 1.000389 0.999726 1.000389 0.999190 
9.050000 1.000738 0.999518 1.000551 0.999518 1.000319 1.000091 1.000551 1.000091 1.001208 
9.070000 1.000393 0.999840 1.000149 0.999840 0.999308 0.999933 1.000149 0.999933 1.000264 
9.090000 1.000029 0.999894 1.000720 0.999894 0.998965 0.999686 1.000720 0.999686 1.001453 
9.110000 1.000100 1.000018 0.999940 1.000018 1.000950 1.000842 0.999940 1.000842 1.000897 
9.130000 1.000324 0.999734 0.999666 0.999734 1.000702 0.999830 0.999666 0.999830 1.000530 
9.150000 0.999861 1.000181 1.000395 1.000181 1.000786 1.000740 1.000395 1.000740 0.998622 
9.170000 1.000383 1.000117 0.999653 1.000117 0.998460 1.000031 0.999653 1.000031 0.999864 
9.190000 1.000051 0.999877 0.999690 0.999877 1.002046 1.000189 0.999690 1.000189 0.999801 
9.210000 1.000139 0.999561 1.000051 0.999561 0.998353 1.000573 1.000051 1.000573 0.999382 
9.230000 0.999963 1.000050 1.000632 1.000050 1.001241 1.000069 1.000632 1.000069 1.000256 
9.250000 1.000016 0.999637 1.000029 0.999637 1.000758 1.000193 1.000029 1.000193 0.998003 
9.270000 1.000057 0.999837 1.000044 0.999837 1.000947 0.999553 1.000044 0.999553 1.001291 
9.290000 1.000050 1.000534 0.999946 1.000534 1.001959 0.999891 0.999946 0.999891 1.000466 
9.310000 0.999716 1.000056 0.999089 1.000056 1.003493 0.998420 0.999089 0.998420 1.000373 
9.330000 1.000545 0.999724 0.999903 0.999724 0.999627 0.998588 0.999903 0.998588 0.998434 
9.350000 0.999838 0.999712 0.999858 0.999712 0.999920 0.999785 0.999858 0.999785 1.001067 
9.370000 1.000264 1.000410 0.999992 1.000410 1.000697 0.999407 0.999992 0.999407 1.002245 
9.390000 1.000047 0.999353 0.999944 0.999353 0.999499 1.000332 0.999944 1.000332 0.999746 
9.410000 0.999861 0.999857 1.000199 0.999857 0.998740 0.999556 1.000199 0.999556 0.998646 
9.430000 1.000112 1.000129 0.999731 1.000129 0.999547 1.000147 0.999731 1.000147 0.999593 
9.450000 0.999764 1.000057 0.999562 1.000057 1.001629 1.000148 0.999562 1.000148 0.999718 
9.470000 0.999731 1.000276 1.000170 1.000276 1.000823 1.000739 1.000170 1.000739 0.999554 
9.490000 1.000409 1.000186 0.999930 1.000186 1.001255 1.000836 0.999930 1.000836 1.000221 
9.510000 1.000176 0.999768 1.000564 0.999768 1.001115 1.001285 1.000564 1.001285 0.999841 
9.530000 1.000235 1.000067 0.999920 1.000067 1.000659 0.998881 0.999920 0.998881 1.001353 
9.550000 1.000379 0.999700 1.000446 0.999700 0.999856 0.999455 1.000446 0.999455 1.001010 
9.570000 1.000070 0.999484 0.999934 0.999484 0.999505 1.000112 0.999934 1.000112 1.003031 
9.590000 1.000224 1.000265 0.999397 1.000265 0.999348 1.000340 0.999397 1.000340 1.000702 
9.610000 1.000238 1.000495 1.000124 1.000495 1.001358 1.000281 1.000124 1.000281 1.000143 
9.630000 0.999844 0.999677 0.999590 0.999677 1.001257 1.000421 0.999590 1.000421 1.002308 
9.650000 1.000305 1.000595 1.000100 1.000595 1.000038 1.000796 1.000100 1.000796 1.000216 
9.670000 1.000283 0.999517 1.000253 0.999517 1.000261 0.999821 1.000253 0.999821 1.001382 
9.690000 1.000303 1.000251 0.999242 1.000251 0.999586 1.000242 0.999242 1.000242 0.998964 
9.710000 1.000189 1.000729 1.000378 1.000729 0.998149 0.998987 1.000378 0.998987 1.000229 
9.730000 1.000418 1.000115 0.999713 1.000115 0.999028 0.999814 0.999713 0.999814 1.001284 
9.750000 0.999776 1.000032 1.000570 1.000032 1.000013 0.999822 1.000570 0.999822 0.999558 
9.770000 0.999942 0.999770 1.000250 0.999770 1.000235 1.000754 1.000250 1.000754 1.001349 
9.790000 0.999887 1.000252 0.999957 1.000252 1.000923 1.000500 0.999957 1.000500 1.000683 
9.810000 1.000435 1.000183 1.000231 1.000183 0.999729 1.000107 1.000231 1.000107 1.001016 
9.830000 1.000401 0.999830 0.999752 0.999830 1.000719 1.001275 0.999752 1.001275 0.998815 
9.850000 0.999767 0.999983 0.999603 0.999983 0.999795 1.001939 0.999603 1.001939 0.999757 
9.870000 0.999815 0.999866 0.999592 0.999866 0.999608 0.999887 0.999592 0.999887 1.001896 
9.890000 1.000052 0.999897 1.000901 0.999897 0.999901 1.000454 1.000901 1.000454 0.999807 
9.910000 1.000363 0.999792 1.000136 0.999792 1.000772 0.999213 1.000136 0.999213 1.001080 
9.930000 1.000399 1.000434 0.999743 1.000434 1.000107 1.000447 0.999743 1.000447 0.999336 
9.950000 1.000167 1.000028 1.000094 1.000028 0.999153 1.000355 1.000094 1.000355 1.000430 
9.970000 0.999941 1.000130 1.000269 1.000130 1.000069 0.998767 1.000269 0.998767 0.999377 
9.990000 0.999938 1.000724 1.000004 1.000724 1.001046 1.001537 1.000004 1.001537 0.999549 
10.010000 0.997061 0.996843 0.996603 0.996843 0.997102 0.996970 0.996603 0.996970 0.996364 
10.030000 0.991550 0.990440 0.991587 0.990440 0.991989 0.990432 0.991587 0.990432 0.992194 
10.050000 0.985319 0.985250 0.985479 0.985250 0.986777 0.984138 0.985479 0.984138 0.984524 
10.070000 0.979395 0.978656 0.979259 0.978656 0.977812 0.979856 0.979259 0.979856 0.979082 
10.090000 0.973082 0.972987 0.973237 0.972987 0.973395 0.973108 0.973237 0.973108 0.973921 
10.110000 0.967344 0.967290 0.967646 0.967290 0.967360 0.967137 0.967646 0.967137 0.967313 
10.130000 0.961630 0.961100 0.961466 0.961100 0.961994 0.961718 0.961466 0.961718 0.963621 
10.150000 0.956013 0.955440 0.955221 0.955440 0.956674 0.955491 0.955221 0.955491 0.954147 
10.170000 0.950039 0.949737 0.950285 0.949737 0.949487 0.949560 0.950285 0.949560 0.950701 
10.190000 0.944178 0.944739 0.943370 0.944739 0.943202 0.944691 0.943370 0.944691 0.943818 
10.210000 0.938408 0.938491 0.937945 0.938491 0.937851 0.939374 0.937945 0.939374 0.939357 
10.230000 0.932516 0.932390 0.932397 0.932390 0.933062 0.933776 0.932397 0.933776 0.933566 
10.250000 0.926688 0.926771 0.926991 0.926771 0.926881 0.927667 0.926991 0.927667 0.926678 
10.270000 0.921241 0.920735 0.921548 0.920735 0.921400 0.921478 0.921548 0.921478 0.920702 
10.290000 0.915619 0.915308 0.915666 0.915308 0.914873 0.915429 0.915666 0.915429 0.914314 
10.310000 0.909945 0.910439 0.910006 0.910439 0.910182 0.909095 0.910006 0.909095 0.909698 
10.330000 0.904248 0.904191 0.904476 0.904191 0.904692 0.904380 0.904476 0.904380 0.903882 
10.350000 0.898205 0.898788 0.898894 0.898788 0.899750 0.899173 0.898894 0.899173 0.899402 
10.370000 0.893216 0.893073 0.892591 0.893073 0.892469 0.892761 0.892591 0.892761 0.892752 
10.390000 0.887145 0.887127 0.887041 0.887127 0.887988 0.887805 0.887041 0.887805 0.887394 
10.410000 0.882390 0.881748 0.882022 0.881748 0.880130 0.881927 0.882022 0.881927 0.883149 
10.430000 0.876227 0.875985 0.877092 0.875985 0.875372 0.877483 0.877092 0.877483 0.875768 
10.450000 0.870790 0.870576 0.870782 0.870576 0.870729 0.870656 0.870782 0.870656 0.870170 
10.470000 0.865532 0.865558 0.865221 0.865558 0.864299 0.864897 0.865221 0.864897 0.867611 
10.490000 0.859798 0.859939 0.859405 0.859939 0.859444 0.859370 0.859405 0.859370 0.859267 
10.510000 0.854376 0.854669 0.853765 0.854669 0.854804 0.854288 0.853765 0.854288 0.852604 
10.530000 0.849363 0.848767 0.849127 0.848767 0.851056 0.848754 0.849127 0.848754 0.849750 
10.550000 0.843521 0.843653 0.843855 0.843653 0.844230 0.842624 0.843855 0.842624 0.843688 
10.570000 0.838189 0.838250 0.838108 0.838250 0.838404 0.838401 0.838108 0.838401 0.837986 
10.590000 0.833395 0.833297 0.832700 0.833297 0.832743 0.834207 0.832700 0.834207 0.833180 
10.610000 0.827619 0.827594 0.827625 0.827594 0.826631 0.827708 0.827625 0.827708 0.828898 
10.630000 0.822542 0.822686 0.822627 0.822686 0.823486 0.822891 0.822627 0.822891 0.821704 
10.650000 0.816899 0.816477 0.817087 0.816477 0.816288 0.816634 0.817087 0.816634 0.817106 
10.670000 0.811901 0.811986 0.811443 0.811986 0.811756 0.810723 0.811443 0.810723 0.811995 
10.690000 0.806494 0.806249 0.806494 0.806249 0.807630 0.806530 0.806494 0.806530 0.806653 
10.710000 0.801195 0.800809 0.801086 0.800809 0.801019 0.801140 0.801086 0.801140 0.801163 
10.730000 0.796008 0.795897 0.796280 0.795897 0.797766 0.795527 0.796280 0.795527 0.795482 
10.750000 0.791126 0.790423 0.790561 0.790423 0.790584 0.790617 0.790561 0.790617 0.792468 
10.770000 0.785503 0.785390 0.785495 0.785390 0.787673 0.785363 0.785495 0.785363 0.785019 
10.790000 0.780570 0.780276 0.780621 0.780276 0.781270 0.780078 0.780621 0.780078 0.780066 
10.810000 0.775189 0.775170 0.774613 0.775170 0.774591 0.775768 0.774613 0.775768 0.776409 
10.830000 0.769882 0.769607 0.770229 0.769607 0.770091 0.769725 0.770229 0.769725 0.771861 
10.850000 0.764815 0.765206 0.765150 0.765206 0.765860 0.764815 0.765150 0.764815 0.765192 
10.870000 0.759854 0.760098 0.760060 0.760098 0.759729 0.760038 0.760060 0.760038 0.760780 
10.890000 0.754828 0.754873 0.755117 0.754873 0.756133 0.755419 0.755117 0.755419 0.755093 
10.910000 0.750111 0.750021 0.749757 0.750021 0.750735 0.750768 0.749757 0.750768 0.750034 
10.930000 0.744952 0.745015 0.744809 0.745015 0.744784 0.745056 0.744809 0.745056 0.744251 
10.950000 0.739783 0.740261 0.739853 0.740261 0.739943 0.739086 0.739853 0.739086 0.739641 
10.970000 0.734603 0.734073 0.734755 0.734073 0.734888 0.734596 0.734755 0.734596 0.734373 
10.990000 0.729847 0.729799 0.729645 0.729799 0.730426 0.729634 0.729645 0.729634 0.728964 
11.010000 0.725101 0.724622 0.724785 0.724622 0.724351 0.724916 0.724785 0.724916 0.725245 
11.030000 0.720016 0.719755 0.720184 0.719755 0.717951 0.720532 0.720184 0.720532 0.720665 
11.050000 0.714980 0.715057 0.714637 0.715057 0.715335 0.714962 0.714637 0.714962 0.715768 
11.070000 0.710040 0.710193 0.710123 0.710193 0.709782 0.709174 0.710123 0.709174 0.710034 
11.090000 0.705064 0.704927 0.705143 0.704927 0.706200 0.705781 0.705143 0.705781 0.706481 
11.110000 0.700550 0.700459 0.700135 0.700459 0.701094 0.701424 0.700135 0.701424 0.700453 
11.130000 0.695715 0.695450 0.695436 0.695450 0.696299 0.694736 0.695436 0.694736 0.696611 
11.150000 0.690775 0.690677 0.690993 0.690677 0.691046 0.690530 0.690993 0.690530 0.690937 
11.170000 0.686045 0.685713 0.685522 0.685713 0.685305 0.685469 0.685522 0.685469 0.685142 
11.190000 0.681028 0.681313 0.680387 0.681313 0.682234 0.681267 0.680387 0.681267 0.680520 
11.210000 0.676049 0.676225 0.676292 0.676225 0.674737 0.676030 0.676292 0.676030 0.675548 
11.230000 0.671498 0.671162 0.671251 0.671162 0.671808 0.671853 0.671251 0.671853 0.672662 
11.250000 0.666685 0.666508 0.666791 0.666508 0.666749 0.667067 0.666791 0.667067 0.666982 
11.270000 0.662001 0.661751 0.661741 0.661751 0.661305 0.662071 0.661741 0.662071 0.663567 
11.290000 0.656877 0.657232 0.657045 0.657232 0.656071 0.657465 0.657045 0.657465 0.656959 
11.310000 0.652568 0.652718 0.652347 0.652718 0.652166 0.652189 0.652347 0.652189 0.652787 
11.330000 0.647772 0.647757 0.647824 0.647757 0.648133 0.648446 0.647824 0.648446 0.648763 
11.350000 0.643281 0.643378 0.643394 0.643378 0.643357 0.643548 0.643394 0.643548 0.642483 
11.370000 0.638568 0.638240 0.638475 0.638240 0.638612 0.638781 0.638475 0.638781 0.639261 
11.390000 0.634133 0.633794 0.633669 0.633794 0.632885 0.633522 0.633669 0.633522 0.633735 
11.410000 0.629287 0.629204 0.629155 0.629204 0.630382 0.629404 0.629155 0.629404 0.628390 
11.430000 0.624839 0.624889 0.624887 0.624889 0.626098 0.625213 0.624887 0.625213 0.623933 
11.450000 0.620326 0.620047 0.619884 0.620047 0.620601 0.619875 0.619884 0.619875 0.619879 
11.470000 0.615527 0.615611 0.615536 0.615611 0.615452 0.616309 0.615536 0.616309 0.615381 
11.490000 0.611087 0.611010 0.611491 0.611010 0.611530 0.611256 0.611491 0.611256 0.611156 
11.510000 0.606294 0.606608 0.606488 0.606608 0.605736 0.606934 0.606488 0.606934 0.606519 
11.530000 0.601800 0.601716 0.601992 0.601716 0.600647 0.602849 0.601992 0.602849 0.602544 
11.550000 0.597619 0.597120 0.597187 0.597120 0.598107 0.597984 0.597187 0.597984 0.597373 
11.570000 0.593103 0.592581 0.593196 0.592581 0.593386 0.592196 0.593196 0.592196 0.592797 
11.590000 0.588760 0.588283 0.588602 0.588283 0.588067 0.588371 0.588602 0.588371 0.587489 
11.610000 0.584029 0.583676 0.583626 0.583676 0.583805 0.583740 0.583626 0.583740 0.583379 
11.630000 0.579471 0.579595 0.579545 0.579595 0.579280 0.579995 0.579545 0.579995 0.579699 
11.650000 0.575256 0.575157 0.575145 0.575157 0.575877 0.575501 0.575145 0.575501 0.576246 
11.670000 0.570860 0.570729 0.571029 0.570729 0.570581 0.569364 0.571029 0.569364 0.571426 
11.690000 0.566455 0.566124 0.566490 0.566124 0.566220 0.566263 0.566490 0.566263 0.566524 
11.710000 0.561968 0.562555 0.562283 0.562555 0.561741 0.562049 0.562283 0.562049 0.562212 
11.730000 0.557634 0.557528 0.557413 0.557528 0.557588 0.557275 0.557413 0.557275 0.557480 
11.750000 0.553116 0.553564 0.552799 0.553564 0.553602 0.553846 0.552799 0.553846 0.553001 
11.770000 0.549042 0.548711 0.548777 0.548711 0.549990 0.548500 0.548777 0.548500 0.548165 
11.790000 0.544723 0.544167 0.544737 0.544167 0.544834 0.544482 0.544737 0.544482 0.543992 
11.810000 0.540319 0.540274 0.540477 0.540274 0.541346 0.540502 0.540477 0.540502 0.540041 
11.830000 0.535975 0.536354 0.535930 0.536354 0.536483 0.535945 0.535930 0.535945 0.536267 
11.850000 0.531744 0.531644 0.531395 0.531644 0.530874 0.531513 0.531395 0.531513 0.531112 
11.870000 0.527259 0.527408 0.527370 0.527408 0.526747 0.527897 0.527370 0.527897 0.528585 
11.890000 0.523076 0.523078 0.523245 0.523078 0.522946 0.523289 0.523245 0.523289 0.523244 
11.910000 0.519104 0.518802 0.518759 0.518802 0.520121 0.519518 0.518759 0.519518 0.519172 
11.930000 0.514822 0.514670 0.514752 0.514670 0.515424 0.514147 0.514752 0.514147 0.514403 
11.950000 0.510583 0.510493 0.510195 0.510493 0.510888 0.510288 0.510195 0.510288 0.510439 
11.970000 0.506297 0.506343 0.506010 0.506343 0.506558 0.506303 0.506010 0.506303 0.506739 
11.990000 0.502057 0.502000 0.502535 0.502000 0.501606 0.502022 0.502535 0.502022 0.502122 
12.010000 0.497680 0.498059 0.498078 0.498059 0.498402 0.497781 0.498078 0.497781 0.498439 
12.030000 0.493855 0.493485 0.493655 0.493485 0.494188 0.493439 0.493655 0.493439 0.494312 
12.050000 0.489445 0.489919 0.489962 0.489919 0.488702 0.489905 0.489962 0.489905 0.489859 
12.070000 0.485439 0.485448 0.485410 0.485448 0.485588 0.485344 0.485410 0.485344 0.486418 
12.090000 0.481596 0.481234 0.481193 0.481234 0.481225 0.481239 0.481193 0.481239 0.481235 
12.110000 0.477277 0.477593 0.477329 0.477593 0.477948 0.477764 0.477329 0.477764 0.477118 
12.130000 0.473315 0.473127 0.473262 0.473127 0.473673 0.473213 0.473262 0.473213 0.472762 
12.150000 0.469060 0.468997 0.469115 0.468997 0.468968 0.469318 0.469115 0.469318 0.469742 
12.170000 0.465182 0.465120 0.464907 0.465120 0.464144 0.464674 0.464907 0.464674 0.465272 
12.190000 0.460955 0.460945 0.461211 0.460945 0.460928 0.460963 0.461211 0.460963 0.461896 
12.210000 0.457045 0.456964 0.457204 0.456964 0.456752 0.457423 0.457204 0.457423 0.457383 
12.230000 0.453115 0.453240 0.452896 0.453240 0.453338 0.453732 0.452896 0.453732 0.452399 
12.250000 0.449093 0.448881 0.449049 0.448881 0.449200 0.449001 0.449049 0.449001 0.448944 
12.270000 0.445002 0.445184 0.445139 0.445184 0.445734 0.445065 0.445139 0.445065 0.446082 
12.290000 0.441045 0.440775 0.440834 0.440775 0.440131 0.441561 0.440834 0.441561 0.440286 
12.310000 0.437070 0.437131 0.437037 0.437131 0.437150 0.437787 0.437037 0.437787 0.436808 
12.330000 0.433265 0.433186 0.433165 0.433186 0.432889 0.432954 0.433165 0.432954 0.432881 
12.350000 0.429337 0.429129 0.429452 0.429129 0.428439 0.428906 0.429452 0.428906 0.429167 
12.370000 0.425221 0.424908 0.425298 0.424908 0.423939 0.425520 0.425298 0.425520 0.424857 
12.390000 0.421418 0.421152 0.421266 0.421152 0.420618 0.421293 0.421266 0.421293 0.421098 
12.410000 0.417543 0.417195 0.417494 0.417195 0.417005 0.417556 0.417494 0.417556 0.417357 
12.430000 0.413634 0.413436 0.413549 0.413436 0.413740 0.414161 0.413549 0.414161 0.413859 
12.450000 0.409625 0.409530 0.409924 0.409530 0.409987 0.409082 0.409924 0.409082 0.409500 
12.470000 0.405707 0.406014 0.405836 0.406014 0.406725 0.405655 0.405836 0.405655 0.405888 
12.490000 0.401878 0.402004 0.401705 0.402004 0.401463 0.402045 0.401705 0.402045 0.402345 
12.510000 0.398054 0.398087 0.397962 0.398087 0.399179 0.398744 0.397962 0.398744 0.398731 
12.530000 0.394244 0.394314 0.394054 0.394314 0.394312 0.394497 0.394054 0.394497 0.394164 
12.550000 0.390511 0.390451 0.390155 0.390451 0.391128 0.390227 0.390155 0.390227 0.390255 
12.570000 0.386791 0.386622 0.386562 0.386622 0.386073 0.386890 0.386562 0.386890 0.387010 
12.590000 0.383033 0.383039 0.382934 0.383039 0.382320 0.383190 0.382934 0.383190 0.383976 
12.610000 0.379182 0.379022 0.379313 0.379022 0.379087 0.378849 0.379313 0.378849 0.378958 
12.630000 0.375526 0.375469 0.375377 0.375469 0.374998 0.375617 0.375377 0.375617 0.374933 
12.650000 0.371529 0.371682 0.371413 0.371682 0.371909 0.371738 0.371413 0.371738 0.371734 
12.670000 0.367794 0.367848 0.367669 0.367848 0.367676 0.367740 0.367669 0.367740 0.367639 
12.690000 0.364059 0.364096 0.363883 0.364096 0.363631 0.364447 0.363883 0.364447 0.364419 
12.710000 0.360670 0.360509 0.360266 0.360509 0.360340 0.360438 0.360266 0.360438 0.360637 
12.730000 0.356552 0.356533 0.356714 0.356533 0.356645 0.356764 0.356714 0.356764 0.357108 
12.750000 0.352992 0.352796 0.352801 0.352796 0.353050 0.352929 0.352801 0.352929 0.353668 
12.770000 0.349373 0.349127 0.349220 0.349127 0.349389 0.349323 0.349220 0.349323 0.349780 
12.789999 0.345566 0.345618 0.345628 0.345618 0.346494 0.345686 0.345628 0.345686 0.345404 
12.809999 0.341925 0.341916 0.341866 0.341916 0.341881 0.341868 0.341866 0.341868 0.342598 
12.830000 0.338241 0.338231 0.338300 0.338231 0.338575 0.337883 0.338300 0.337883 0.338635 
12.850000 0.334630 0.334789 0.334497 0.334789 0.334126 0.334453 0.334497 0.334453 0.334938 
12.870000 0.331150 0.330935 0.330932 0.330935 0.331208 0.330955 0.330932 0.330955 0.331331 
12.890000 0.327379 0.327500 0.327474 0.327500 0.328750 0.327362 0.327474 0.327362 0.327307 
12.910000 0.323796 0.323773 0.323977 0.323773 0.323929 0.323279 0.323977 0.323279 0.323718 
12.930000 0.320184 0.320191 0.319879 0.320191 0.320621 0.319952 0.319879 0.319952 0.320634 
12.950000 0.316512 0.316449 0.316203 0.316449 0.316742 0.316690 0.316203 0.316690 0.317089 
12.970000 0.313023 0.312976 0.313299 0.312976 0.313310 0.313800 0.313299 0.313800 0.313286 
12.990000 0.309539 0.309535 0.309565 0.309535 0.309587 0.309174 0.309565 0.309174 0.310007 
13.010000 0.305958 0.305957 0.305762 0.305957 0.305663 0.306017 0.305762 0.306017 0.306562 
13.030000 0.302493 0.302450 0.302408 0.302450 0.301977 0.301978 0.302408 0.301978 0.303103 
13.050000 0.298999 0.298746 0.298912 0.298746 0.299141 0.298638 0.298912 0.298638 0.298476 
13.070000 0.295160 0.295378 0.295316 0.295378 0.295258 0.295320 0.295316 0.295320 0.294300 
13.090000 0.292033 0.291657 0.291876 0.291657 0.292580 0.291655 0.291876 0.291655 0.292578 
13.110000 0.288252 0.288472 0.288385 0.288472 0.288699 0.288056 0.288385 0.288056 0.287610 
13.130000 0.284854 0.284878 0.284950 0.284878 0.284938 0.285209 0.284950 0.285209 0.285256 
13.150000 0.281353 0.281377 0.281289 0.281377 0.281578 0.281276 0.281289 0.281276 0.281533 
13.170000 0.277830 0.277920 0.277955 0.277920 0.278424 0.277287 0.277955 0.277287 0.277428 
13.190000 0.274435 0.274532 0.274655 0.274532 0.274370 0.274166 0.274655 0.274166 0.275222 
13.210000 0.271013 0.270946 0.271056 0.270946 0.271494 0.270868 0.271056 0.270868 0.271206 
13.230000 0.267614 0.267631 0.267544 0.267631 0.267784 0.267564 0.267544 0.267564 0.267742 
13.250000 0.264156 0.264290 0.264182 0.264290 0.263686 0.264396 0.264182 0.264396 0.263960 
13.270000 0.260845 0.260804 0.260872 0.260804 0.261236 0.260621 0.260872 0.260621 0.260870 
13.289999 0.257426 0.257175 0.257171 0.257175 0.257624 0.257352 0.257171 0.257352 0.257254 
13.309999 0.253931 0.253789 0.254053 0.253789 0.253779 0.254001 0.254053 0.254001 0.253921 
13.330000 0.250642 0.250524 0.250648 0.250524 0.250798 0.250942 0.250648 0.250942 0.250523 
13.350000 0.247281 0.247285 0.247155 0.247285 0.247453 0.247461 0.247155 0.247461 0.247208 
13.370000 0.243871 0.243718 0.243859 0.243718 0.244104 0.243782 0.243859 0.243782 0.244150 
13.390000 0.240517 0.240480 0.240572 0.240480 0.240292 0.240084 0.240572 0.240084 0.240299 
13.410000 0.237224 0.237182 0.237086 0.237182 0.237247 0.237510 0.237086 0.237510 0.236589 
13.430000 0.233726 0.234055 0.233863 0.234055 0.233358 0.234280 0.233863 0.234280 0.234388 
13.450000 0.230503 0.230341 0.230505 0.230341 0.229977 0.230512 0.230505 0.230512 0.230364 
13.470000 0.227392 0.227346 0.227361 0.227346 0.227114 0.227156 0.227361 0.227156 0.227244 
13.490000 0.223901 0.223873 0.223840 0.223873 0.224168 0.223481 0.223840 0.223481 0.224004 
13.510000 0.220533 0.220552 0.220636 0.220552 0.220614 0.220765 0.220636 0.220765 0.220988 
13.530000 0.217369 0.217178 0.217387 0.217178 0.217052 0.217388 0.217387 0.217388 0.217146 
13.550000 0.214055 0.214088 0.213956 0.214088 0.213919 0.213830 0.213956 0.213830 0.214040 
13.570000 0.210795 0.210634 0.210701 0.210634 0.210756 0.211045 0.210701 0.211045 0.210722 
13.590000 0.207524 0.207411 0.207477 0.207411 0.207406 0.207603 0.207477 0.207603 0.207139 
13.610000 0.204319 0.204264 0.204240 0.204264 0.204429 0.204332 0.204240 0.204332 0.204194 
13.630000 0.201087 0.200887 0.200848 0.200887 0.201282 0.201394 0.200848 0.201394 0.200875 
13.650000 0.197777 0.197742 0.197826 0.197742 0.197983 0.198024 0.197826 0.198024 0.197814 
13.670000 0.194589 0.194604 0.194515 0.194604 0.194290 0.194432 0.194515 0.194432 0.195348 
13.690000 0.191368 0.191368 0.191273 0.191368 0.191532 0.191449 0.191273 0.191449 0.191165 
13.710000 0.188198 0.188092 0.188227 0.188092 0.188482 0.188161 0.188227 0.188161 0.188313 
13.730000 0.184972 0.185050 0.185090 0.185050 0.184791 0.184746 0.185090 0.184746 0.184716 
13.750000 0.181846 0.181864 0.181877 0.181864 0.182106 0.181680 0.181877 0.181680 0.181734 
13.770000 0.178628 0.178537 0.178614 0.178537 0.178753 0.178839 0.178614 0.178839 0.178934 
13.789999 0.175507 0.175575 0.175485 0.175575 0.175052 0.175736 0.175485 0.175736 0.175367 
13.809999 0.172350 0.172339 0.172223 0.172339 0.172395 0.172630 0.172223 0.172630 0.172152 
13.830000 0.169193 0.169302 0.169295 0.169302 0.169372 0.169157 0.169295 0.169157 0.169073 
13.850000 0.166142 0.165972 0.166091 0.165972 0.166436 0.166142 0.166091 0.166142 0.166235 
13.870000 0.162945 0.162974 0.162956 0.162974 0.162982 0.163112 0.162956 0.163112 0.162398 
13.890000 0.159907 0.159762 0.159861 0.159762 0.160405 0.159881 0.159861 0.159881 0.159606 
13.910000 0.156731 0.156730 0.156721 0.156730 0.156968 0.156640 0.156721 0.156640 0.156649 
13.930000 0.153642 0.153542 0.153602 0.153542 0.153487 0.153582 0.153602 0.153582 0.153278 
13.950000 0.150514 0.150468 0.150730 0.150468 0.150699 0.150669 0.150730 0.150669 0.151059 
13.970000 0.147484 0.147537 0.147393 0.147537 0.147753 0.147278 0.147393 0.147278 0.147684 
13.990000 0.144434 0.144376 0.144305 0.144376 0.144143 0.144567 0.144305 0.144567 0.144888 
14.010000 0.141333 0.141267 0.141402 0.141267 0.141183 0.141503 0.141402 0.141503 0.141061 
14.030000 0.138208 0.138327 0.138352 0.138327 0.138371 0.138040 0.138352 0.138040 0.138540 
14.050000 0.135300 0.135339 0.135318 0.135339 0.135056 0.135367 0.135318 0.135367 0.135238 
14.070000 0.132287 0.132141 0.132215 0.132141 0.132379 0.132437 0.132215 0.132437 0.132409 
14.090000 0.129137 0.129270 0.129055 0.129270 0.129151 0.129240 0.129055 0.129240 0.129169 
14.110000 0.126184 0.126239 0.126071 0.126239 0.126278 0.126074 0.126071 0.126074 0.125994 
14.130000 0.122981 0.123194 0.123193 0.123194 0.123511 0.123348 0.123193 0.123348 0.123541 
14.150000 0.120198 0.120157 0.120018 0.120157 0.120110 0.119934 0.120018 0.119934 0.120171 
14.170000 0.117502 0.117325 0.117516 0.117325 0.117554 0.117144 0.117516 0.117144 0.117479 
14.190000 0.114855 0.114891 0.114942 0.114891 0.114978 0.114787 0.114942 0.114787 0.114857 
14.210000 0.112455 0.112310 0.112404 0.112310 0.112525 0.112508 0.112404 0.112508 0.111975 
14.230000 0.110104 0.109953 0.109984 0.109953 0.110106 0.110005 0.109984 0.110005 0.109973 
14.250000 0.107646 0.107469 0.107671 0.107469 0.107782 0.107693 0.107671 0.107693 0.107535 
14.270000 0.105399 0.105312 0.105453 0.105312 0.105606 0.105425 0.105453 0.105425 0.105397 
14.289999 0.103227 0.103138 0.103103 0.103138 0.103174 0.103015 0.103103 0.103015 0.103216 
14.309999 0.100937 0.101095 0.101159 0.101095 0.100805 0.101005 0.101159 0.101005 0.101230 
14.330000 0.098990 0.098982 0.098967 0.098982 0.098794 0.098992 0.098967 0.098992 0.098659 
14.350000 0.096774 0.096843 0.096864 0.096843 0.096689 0.096873 0.096864 0.096873 0.096854 
14.370000 0.094817 0.094831 0.094793 0.094831 0.094561 0.094668 0.094793 0.094668 0.095063 
14.390000 0.092856 0.092864 0.092841 0.092864 0.092568 0.092934 0.092841 0.092934 0.093228 
14.410000 0.091000 0.090982 0.091009 0.090982 0.091226 0.090973 0.091009 0.090973 0.091034 
14.430000 0.089122 0.089209 0.089021 0.089209 0.089347 0.089050 0.089021 0.089050 0.088973 
14.450000 0.087249 0.087256 0.087229 0.087256 0.087318 0.087518 0.087229 0.087518 0.086770 
14.470000 0.085469 0.085443 0.085397 0.085443 0.085299 0.085543 0.085397 0.085543 0.085344 
14.490000 0.083646 0.083725 0.083664 0.083725 0.083855 0.083539 0.083664 0.083539 0.083999 
14.510000 0.081968 0.081827 0.081996 0.081827 0.082268 0.082117 0.081996 0.082117 0.082010 
14.530000 0.080264 0.080299 0.080297 0.080299 0.080480 0.080202 0.080297 0.080202 0.080503 
14.550000 0.078541 0.078609 0.078616 0.078609 0.078651 0.078784 0.078616 0.078784 0.078649 
14.570000 0.077016 0.076967 0.077082 0.076967 0.077159 0.076851 0.077082 0.076851 0.076945 
14.590000 0.075389 0.075432 0.075311 0.075432 0.075400 0.075456 0.075311 0.075456 0.075216 
14.610000 0.073782 0.073726 0.073725 0.073726 0.073913 0.073760 0.073725 0.073760 0.073936 
14.630000 0.072273 0.072204 0.072250 0.072204 0.072299 0.072211 0.072250 0.072211 0.071914 
14.650000 0.070739 0.070820 0.070745 0.070820 0.070684 0.070675 0.070745 0.070675 0.070773 
14.670000 0.069227 0.069279 0.069216 0.069279 0.069286 0.069161 0.069216 0.069161 0.069274 
14.690000 0.067793 0.067777 0.067755 0.067777 0.067327 0.067797 0.067755 0.067797 0.067767 
14.710000 0.066427 0.066367 0.066378 0.066367 0.066391 0.066346 0.066378 0.066346 0.066540 
14.730000 0.064969 0.065007 0.064993 0.065007 0.065206 0.064905 0.064993 0.064905 0.065028 
14.750000 0.063707 0.063644 0.063587 0.063644 0.063543 0.063623 0.063587 0.063623 0.063668 
14.770000 0.062341 0.062330 0.062350 0.062330 0.062365 0.062202 0.062350 0.062202 0.062545 
14.789999 0.060976 0.061090 0.060934 0.061090 0.060682 0.060804 0.060934 0.060804 0.061154 
14.809999 0.059618 0.059607 0.059603 0.059607 0.059355 0.059697 0.059603 0.059697 0.059599 
14.829999 0.058343 0.058353 0.058337 0.058353 0.058332 0.058252 0.058337 0.058252 0.058266 
14.849999 0.057108 0.057066 0.057095 0.057066 0.057071 0.056901 0.057095 0.056901 0.057091 
14.870000 0.055848 0.055802 0.055848 0.055802 0.056062 0.055885 0.055848 0.055885 0.055965 
14.890000 0.054598 0.054655 0.054593 0.054655 0.054262 0.054804 0.054593 0.054804 0.054844 
14.910000 0.053441 0.053520 0.053526 0.053520 0.053544 0.053260 0.053526 0.053260 0.053692 
14.930000 0.052275 0.052217 0.052247 0.052217 0.052272 0.052377 0.052247 0.052377 0.052121 
14.950000 0.051163 0.051128 0.051048 0.051128 0.051184 0.051158 0.051048 0.051158 0.051043 
14.970000 0.050027 0.050011 0.049975 0.050011 0.049944 0.049992 0.049975 0.049992 0.050184 
14.990000 0.048892 0.048916 0.048895 0.048916 0.048908 0.048885 0.048895 0.048885 0.048740 
15.010000 0.047718 0.047787 0.047774 0.047787 0.047841 0.047897 0.047774 0.047897 0.047642 
15.030000 0.046687 0.046690 0.046666 0.046690 0.046505 0.046635 0.046666 0.046635 0.046652 
15.050000 0.045633 0.045642 0.045653 0.045642 0.045723 0.045667 0.045653 0.045667 0.045798 
15.070000 0.044573 0.044589 0.044623 0.044589 0.044684 0.044857 0.044623 0.044857 0.044485 
15.090000 0.043636 0.043586 0.043635 0.043586 0.043460 0.043601 0.043635 0.043601 0.043522 
15.110000 0.042643 0.042572 0.042582 0.042572 0.042731 0.042537 0.042582 0.042537 0.042754 
15.130000 0.041640 0.041654 0.041609 0.041654 0.041589 0.041620 0.041609 0.041620 0.041905 
15.150000 0.040637 0.040592 0.040645 0.040592 0.040865 0.040594 0.040645 0.040594 0.040789 
15.170000 0.039770 0.039641 0.039719 0.039641 0.039778 0.039748 0.039719 0.039748 0.039881 
15.190000 0.038804 0.038852 0.038844 0.038852 0.038794 0.038649 0.038844 0.038649 0.038806 
15.210000 0.037824 0.037842 0.037891 0.037842 0.038098 0.037785 0.037891 0.037785 0.037928 
15.230000 0.036937 0.036944 0.036958 0.036944 0.037255 0.036935 0.036958 0.036935 0.036910 
15.250000 0.036070 0.036053 0.036126 0.036053 0.036066 0.036013 0.036126 0.036013 0.036077 
15.270000 0.035213 0.035255 0.035226 0.035255 0.035156 0.035353 0.035226 0.035353 0.035229 
15.289999 0.034359 0.034272 0.034307 0.034272 0.034220 0.034314 0.034307 0.034314 0.034279 
15.309999 0.033535 0.033466 0.033517 0.033466 0.033703 0.033439 0.033517 0.033439 0.033529 
15.329999 0.032680 0.032653 0.032728 0.032653 0.032635 0.032757 0.032728 0.032757 0.032678 
15.349999 0.031901 0.031904 0.031902 0.031904 0.031960 0.031779 0.031902 0.031779 0.031893 
15.370000 0.031120 0.031098 0.031065 0.031098 0.031088 0.031129 0.031065 0.031129 0.031084 
15.390000 0.030326 0.030300 0.030242 0.030300 0.030143 0.030292 0.030242 0.030292 0.030239 
15.410000 0.029520 0.029441 0.029562 0.029441 0.029579 0.029569 0.029562 0.029569 0.029497 
15.430000 0.028761 0.028763 0.028747 0.028763 0.028818 0.028842 0.028747 0.028842 0.028679 
15.450000 0.028049 0.028058 0.028074 0.028058 0.028173 0.028168 0.028074 0.028168 0.028067 
15.470000 0.027336 0.027330 0.027323 0.027330 0.027266 0.027369 0.027323 0.027369 0.027381 
15.490000 0.026566 0.026679 0.026566 0.026679 0.026639 0.026539 0.026566 0.026539 0.026516 
15.510000 0.025897 0.025883 0.025873 0.025883 0.025834 0.025872 0.025873 0.025872 0.025839 
15.530000 0.025213 0.025242 0.025178 0.025242 0.025163 0.025124 0.025178 0.025124 0.025254 
15.550000 0.024514 0.024528 0.024564 0.024528 0.024482 0.024619 0.024564 0.024619 0.024398 
15.570000 0.023895 0.023917 0.023884 0.023917 0.023860 0.023930 0.023884 0.023930 0.023799 
15.590000 0.023255 0.023251 0.023248 0.023251 0.023164 0.023182 0.023248 0.023182 0.023332 
15.610000 0.022613 0.022573 0.022587 0.022573 0.022642 0.022513 0.022587 0.022513 0.022600 
15.630000 0.021955 0.021979 0.021933 0.021979 0.022018 0.021944 0.021933 0.021944 0.021957 
15.650000 0.021375 0.021361 0.021362 0.021361 0.021239 0.021384 0.021362 0.021384 0.021272 
15.670000 0.020754 0.020757 0.020780 0.020757 0.020750 0.020732 0.020780 0.020732 0.020920 
15.690000 0.020143 0.020201 0.020160 0.020201 0.020175 0.020184 0.020160 0.020184 0.020227 
15.710000 0.019543 0.019511 0.019548 0.019511 0.019601 0.019622 0.019548 0.019622 0.019625 
15.730000 0.019011 0.019038 0.018994 0.019038 0.019041 0.018973 0.018994 0.018973 0.019023 
15.750000 0.018474 0.018498 0.018502 0.018498 0.018462 0.018579 0.018502 0.018579 0.018556 
15.770000 0.017915 0.017899 0.017895 0.017899 0.017919 0.017909 0.017895 0.017909 0.017866 
15.789999 0.017358 0.017355 0.017409 0.017355 0.017279 0.017448 0.017409 0.017448 0.017373 
15.809999 0.016831 0.016825 0.016834 0.016825 0.016815 0.016771 0.016834 0.016771 0.016878 
15.829999 0.016333 0.016375 0.016334 0.016375 0.016361 0.016392 0.016334 0.016392 0.016467 
15.849999 0.015818 0.015800 0.015852 0.015800 0.015930 0.015925 0.015852 0.015925 0.015773 
15.870000 0.015336 0.015356 0.015338 0.015356 0.015232 0.015278 0.015338 0.015278 0.015419 
15.890000 0.014850 0.014827 0.014849 0.014827 0.014909 0.014846 0.014849 0.014846 0.014830 
15.910000 0.014400 0.014404 0.014383 0.014404 0.014340 0.014460 0.014383 0.014460 0.014300 
15.930000 0.013938 0.013930 0.013884 0.013930 0.014005 0.013911 0.013884 0.013911 0.013981 
15.950000 0.013495 0.013420 0.013422 0.013420 0.013539 0.013459 0.013422 0.013459 0.013585 
15.970000 0.012995 0.012960 0.013052 0.012960 0.013015 0.013011 0.013052 0.013011 0.013019 
15.990000 0.012589 0.012607 0.012573 0.012607 0.012541 0.012524 0.012573 0.012524 0.012605 
16.010000 0.012159 0.012133 0.012146 0.012133 0.012174 0.012217 0.012146 0.012217 0.012148 
16.030000 0.011742 0.011748 0.011740 0.011748 0.011771 0.011778 0.011740 0.011778 0.011633 
16.049999 0.011311 0.011344 0.011310 0.011344 0.011292 0.011284 0.011310 0.011284 0.011293 
16.070000 0.010912 0.010908 0.010918 0.010908 0.010886 0.010876 0.010918 0.010876 0.010955 
16.090000 0.010537 0.010552 0.010549 0.010552 0.010468 0.010573 0.010549 0.010573 0.010535 
16.110000 0.010159 0.010148 0.010161 0.010148 0.010164 0.010138 0.010161 0.010138 0.010006 
16.129999 0.009772 0.009812 0.009757 0.009812 0.009795 0.009742 0.009757 0.009742 0.009749 
16.150000 0.009439 0.009395 0.009443 0.009395 0.009392 0.009378 0.009443 0.009378 0.009345 
16.170000 0.009070 0.009030 0.009007 0.009030 0.009076 0.009061 0.009007 0.009061 0.009167 
16.190000 0.008715 0.008715 0.008708 0.008715 0.008755 0.008726 0.008708 0.008726 0.008667 
16.209999 0.008366 0.008355 0.008363 0.008355 0.008324 0.008359 0.008363 0.008359 0.008449 
16.230000 0.008045 0.008029 0.008062 0.008029 0.008129 0.007977 0.008062 0.007977 0.008072 
16.250000 0.007693 0.007726 0.007711 0.007726 0.007734 0.007683 0.007711 0.007683 0.007756 
16.270000 0.007398 0.007392 0.007402 0.007392 0.007457 0.007374 0.007402 0.007374 0.007372 
16.289999 0.007093 0.007114 0.007089 0.007114 0.007052 0.007083 0.007089 0.007083 0.007142 
16.309999 0.006790 0.006781 0.006787 0.006781 0.006752 0.006811 0.006787 0.006811 0.006730 
16.330000 0.006493 0.006520 0.006497 0.006520 0.006542 0.006521 0.006497 0.006521 0.006477 
16.349999 0.006216 0.006219 0.006224 0.006219 0.006226 0.006247 0.006224 0.006247 0.006213 
16.369999 0.005939 0.005930 0.005966 0.005930 0.006063 0.005946 0.005966 0.005946 0.005981 
16.389999 0.005662 0.005672 0.005676 0.005672 0.005627 0.005624 0.005676 0.005624 0.005729 
16.410000 0.005407 0.005413 0.005390 0.005413 0.005354 0.005410 0.005390 0.005410 0.005373 
16.430000 0.005137 0.005144 0.005171 0.005144 0.005122 0.005196 0.005171 0.005196 0.005167 
16.450000 0.004899 0.004877 0.004901 0.004877 0.004884 0.004891 0.004901 0.004891 0.004866 
16.469999 0.004674 0.004670 0.004671 0.004670 0.004693 0.004647 0.004671 0.004647 0.004697 
16.490000 0.004435 0.004433 0.004453 0.004433 0.004407 0.004353 0.004453 0.004353 0.004462 
16.510000 0.004208 0.004210 0.004202 0.004210 0.004191 0.004182 0.004202 0.004182 0.004219 
16.530000 0.003978 0.003965 0.003980 0.003965 0.003982 0.003993 0.003980 0.003993 0.003951 
16.549999 0.003770 0.003783 0.003764 0.003783 0.003796 0.003801 0.003764 0.003801 0.003766 
16.570000 0.003555 0.003540 0.003569 0.003540 0.003533 0.003585 0.003569 0.003585 0.003606 
16.590000 0.003365 0.003374 0.003341 0.003374 0.003390 0.003338 0.003341 0.003338 0.003368 
16.610000 0.003170 0.003175 0.003169 0.003175 0.003177 0.003130 0.003169 0.003130 0.003161 
16.629999 0.002994 0.003005 0.002975 0.003005 0.003022 0.003028 0.002975 0.003028 0.002946 
16.650000 0.002790 0.002794 0.002787 0.002794 0.002813 0.002791 0.002787 0.002791 0.002792 
16.670000 0.002635 0.002610 0.002617 0.002610 0.002635 0.002644 0.002617 0.002644 0.002615 
16.690000 0.002463 0.002464 0.002475 0.002464 0.002462 0.002480 0.002475 0.002480 0.002440 
16.709999 0.002292 0.002291 0.002290 0.002291 0.002337 0.002304 0.002290 0.002304 0.002339 
16.730000 0.002132 0.002145 0.002134 0.002145 0.002121 0.002160 0.002134 0.002160 0.002116 
16.750000 0.001980 0.001983 0.001991 0.001983 0.001977 0.001979 0.001991 0.001979 0.001967 
16.770000 0.001847 0.001853 0.001841 0.001853 0.001850 0.001799 0.001841 0.001799 0.001857 
16.789999 0.001710 0.001696 0.001707 0.001696 0.001677 0.001722 0.001707 0.001722 0.001727 
16.809999 0.001567 0.001582 0.001559 0.001582 0.001565 0.001553 0.001559 0.001553 0.001594 
16.830000 0.001449 0.001450 0.001447 0.001450 0.001439 0.001443 0.001447 0.001443 0.001421 
16.849999 0.001334 0.001318 0.001347 0.001318 0.001342 0.001314 0.001347 0.001314 0.001331 
16.869999 0.001206 0.001218 0.001198 0.001218 0.001188 0.001196 0.001198 0.001196 0.001234 
16.889999 0.001102 0.001085 0.001095 0.001085 0.001094 0.001108 0.001095 0.001108 0.001136 
16.910000 0.001001 0.001001 0.001005 0.001001 0.001015 0.001001 0.001005 0.001001 0.000966 
16.930000 0.000896 0.000901 0.000906 0.000901 0.000906 0.000900 0.000906 0.000900 0.000891 
16.950000 0.000813 0.000809 0.000817 0.000809 0.000818 0.000799 0.000817 0.000799 0.000786 
16.969999 0.000716 0.000721 0.000710 0.000721 0.000713 0.000729 0.000710 0.000729 0.000723 
16.990000 0.000638 0.000648 0.000644 0.000648 0.000629 0.000635 0.000644 0.000635 0.000643 
17.010000 0.000557 0.000563 0.000553 0.000563 0.000555 0.000567 0.000553 0.000567 0.000571 
17.030000 0.000490 0.000490 0.000487 0.000490 0.000471 0.000496 0.000487 0.000496 0.000492 
17.049999 0.000423 0.000425 0.000423 0.000425 0.000417 0.000425 0.000423 0.000425 0.000433 
17.070000 0.000366 0.000358 0.000361 0.000358 0.000352 0.000372 0.000361 0.000372 0.000383 
17.090000 0.000309 0.000314 0.000310 0.000314 0.000313 0.000321 0.000310 0.000321 0.000299 
17.110000 0.000256 0.000251 0.000248 0.000251 0.000260 0.000250 0.000248 0.000250 0.000258 
17.129999 0.000208 0.000206 0.000205 0.000206 0.000210 0.000209 0.000205 0.000209 0.000212 
17.150000 0.000165 0.000166 0.000167 0.000166 0.000169 0.000163 0.000167 0.000163 0.000158 
17.170000 0.000128 0.000130 0.000128 0.000130 0.000132 0.000130 0.000128 0.000130 0.000131 
17.190000 0.000097 0.000095 0.000099 0.000095 0.000097 0.000099 0.000099 0.000099 0.000098 
17.209999 0.000070 0.000066 0.000065 0.000066 0.000077 0.000070 0.000065 0.000070 0.000071 
17.230000 0.000047 0.000047 0.000047 0.000047 0.000046 0.000045 0.000047 0.000045 0.000046 
17.250000 0.000028 0.000029 0.000028 0.000029 0.000028 0.000028 0.000028 0.000028 0.000025 
17.270000 0.000014 0.000014 0.000015 0.000014 0.000013 0.000013 0.000015 0.000013 0.000018 
17.289999 0.000005 0.000005 0.000005 0.000005 0.000006 0.000006 0.000005 0.000006 0.000005 
17.309999 0.000001 0.000001 0.000001 0.000001 0.000000 0.000001 0.000001 0.000001 0.000001 
17.330000 0.000000 0.000000 0.000000 0.000000 0.000000 0.000000 0.000000 0.000000 0.000000 
17.349999 0.000000 0.000000 0.000000 0.000000 0.000000 0.000000 0.000000 0.000000 0.000000 
17.369999 0.000000 0.000000 0.000000 0.000000 0.000000 0.000000 0.000000 0.000000 0.000000 
17.389999 0.000000 0.000000 0.000000 0.000000 0.000000 0.000000 0.000000 0.000000 0.000000 
17.410000 0.000000 0.000000 0.000000 0.000000 0.000000 0.000000 0.000000 0.000000 0.000000 
17.430000 0.000000 0.000000 0.000000 0.000000 0.000000 0.000000 0.000000 0.000000 0.000000 
17.450000 0.000000 0.000000 0.000000 0.000000 0.000000 0.000000 0.000000 0.000000 0.000000 
17.469999 0.000000 0.000000 0.000000 0.000000 0.000000 0.000000 0.000000 0.000000 0.000000 
17.490000 0.000000 0.000000 0.000000 0.000000 0.000000 0.000000 0.000000 0.000000 0.000000 
17.510000 0.000000 0.000000 0.000000 0.000000 0.000000 0.000000 0.000000 0.000000 0.000000 
17.530000 0.000000 0.000000 0.000000 0.000000 0.000000 0.000000 0.000000 0.000000 0.000000 
17.549999 0.000000 0.000000 0.000000 0.000000 0.000000 0.000000 0.000000 0.000000 0.000000 
17.570000 0.000000 0.000000 0.000000 0.000000 0.000000 0.000000 0.000000 0.000000 0.000000 
17.590000 0.000000 0.000000 0.000000 0.000000 0.000000 0.000000 0.000000 0.000000 0.000000 
17.610000 0.000000 0.000000 0.000000 0.000000 0.000000 0.000000 0.000000 0.000000 0.000000 
17.629999 0.000000 0.000000 0.000000 0.000000 0.000000 0.000000 0.000000 0.000000 0.000000 
17.650000 0.000000 0.000000 0.000000 0.000000 0.000000 0.000000 0.000000 0.000000 0.000000 
17.670000 0.000000 0.000000 0.000000 0.000000 0.000000 0.000000 0.000000 0.000000 0.000000 
17.690000 0.000000 0.000000 0.000000 0.000000 0.000000 0.000000 0.000000 0.000000 0.000000 
17.709999 0.000000 0.000000 0.000000 0.000000 0.000000 0.000000 0.000000 0.000000 0.000000 
17.730000 0.000000 0.000000 0.000000 0.000000 0.000000 0.000000 0.000000 0.000000 0.000000 
17.750000 0.000000 0.000000 0.000000 0.000000 0.000000 0.000000 0.000000 0.000000 0.000000 
17.770000 0.000000 0.000000 0.000000 0.000000 0.000000 0.000000 0.000000 0.000000 0.000000 
17.789999 0.000000 0.000000 0.000000 0.000000 0.000000 0.000000 0.000000 0.000000 0.000000 
17.809999 0.000000 0.000000 0.000000 0.000000 0.000000 0.000000 0.000000 0.000000 0.000000 
17.830000 0.000000 0.000000 0.000000 0.000000 0.000000 0.000000 0.000000 0.000000 0.000000 
17.849999 0.000000 0.000000 0.000000 0.000000 0.000000 0.000000 0.000000 0.000000 0.000000 
17.869999 0.000000 0.000000 0.000000 0.000000 0.000000 0.000000 0.000000 0.000000 0.000000 
17.889999 0.000000 0.000000 0.000000 0.000000 0.000000 0.000000 0.000000 0.000000 0.000000 
17.910000 0.000000 0.000000 0.000000 0.000000 0.000000 0.000000 0.000000 0.000000 0.000000 
17.930000 0.000000 0.000000 0.000000 0.000000 0.000000 0.000000 0.000000 0.000000 0.000000 
17.950000 0.000000 0.000000 0.000000 0.000000 0.000000 0.000000 0.000000 0.000000 0.000000 
17.969999 0.000000 0.000000 0.000000 0.000000 0.000000 0.000000 0.000000 0.000000 0.000000 
17.990000 0.000000 0.000000 0.000000 0.000000 0.000000 0.000000 0.000000 0.000000 0.000000 
18.010000 0.000000 0.000000 0.000000 0.000000 0.000000 0.000000 0.000000 0.000000 0.000000 
18.030000 0.000000 0.000000 0.000000 0.000000 0.000000 0.000000 0.000000 0.000000 0.000000 
18.049999 0.000000 0.000000 0.000000 0.000000 0.000000 0.000000 0.000000 0.000000 0.000000 
18.070000 0.000000 0.000000 0.000000 0.000000 0.000000 0.000000 0.000000 0.000000 0.000000 
18.090000 0.000000 0.000000 0.000000 0.000000 0.000000 0.000000 0.000000 0.000000 0.000000 
18.110000 0.000000 0.000000 0.000000 0.000000 0.000000 0.000000 0.000000 0.000000 0.000000 
18.129999 0.000000 0.000000 0.000000 0.000000 0.000000 0.000000 0.000000 0.000000 0.000000 
18.150000 0.000000 0.000000 0.000000 0.000000 0.000000 0.000000 0.000000 0.000000 0.000000 
18.170000 0.000000 0.000000 0.000000 0.000000 0.000000 0.000000 0.000000 0.000000 0.000000 
18.190000 0.000000 0.000000 0.000000 0.000000 0.000000 0.000000 0.000000 0.000000 0.000000 
18.209999 0.000000 0.000000 0.000000 0.000000 0.000000 0.000000 0.000000 0.000000 0.000000 
18.230000 0.000000 0.000000 0.000000 0.000000 0.000000 0.000000 0.000000 0.000000 0.000000 
18.250000 0.000000 0.000000 0.000000 0.000000 0.000000 0.000000 0.000000 0.000000 0.000000 
18.270000 0.000000 0.000000 0.000000 0.000000 0.000000 0.000000 0.000000 0.000000 0.000000 
18.289999 0.000000 0.000000 0.000000 0.000000 0.000000 0.000000 0.000000 0.000000 0.000000 
18.309999 0.000000 0.000000 0.000000 0.000000 0.000000 0.000000 0.000000 0.000000 0.000000 
18.330000 0.000000 0.000000 0.000000 0.000000 0.000000 0.000000 0.000000 0.000000 0.000000 
18.349999 0.000000 0.000000 0.000000 0.000000 0.000000 0.000000 0.000000 0.000000 0.000000 
18.369999 0.000000 0.000000 0.000000 0.000000 0.000000 0.000000 0.000000 0.000000 0.000000 
18.389999 0.000000 0.000000 0.000000 0.000000 0.000000 0.000000 0.000000 0.000000 0.000000 
18.410000 0.000000 0.000000 0.000000 0.000000 0.000000 0.000000 0.000000 0.000000 0.000000 
18.430000 0.000000 0.000000 0.000000 0.000000 0.000000 0.000000 0.000000 0.000000 0.000000 
18.450000 0.000000 0.000000 0.000000 0.000000 0.000000 0.000000 0.000000 0.000000 0.000000 
18.469999 0.000000 0.000000 0.000000 0.000000 0.000000 0.000000 0.000000 0.000000 0.000000 
18.490000 0.000000 0.000000 0.000000 0.000000 0.000000 0.000000 0.000000 0.000000 0.000000 
18.510000 0.000000 0.000000 0.000000 0.000000 0.000000 0.000000 0.000000 0.000000 0.000000 
18.530000 0.000000 0.000000 0.000000 0.000000 0.000000 0.000000 0.000000 0.000000 0.000000 
18.549999 0.000000 0.000000 0.000000 0.000000 0.000000 0.000000 0.000000 0.000000 0.000000 
18.570000 0.000000 0.000000 0.000000 0.000000 0.000000 0.000000 0.000000 0.000000 0.000000 
18.590000 0.000000 0.000000 0.000000 0.000000 0.000000 0.000000 0.000000 0.000000 0.000000 
18.610000 0.000000 0.000000 0.000000 0.000000 0.000000 0.000000 0.000000 0.000000 0.000000 
18.629999 0.000000 0.000000 0.000000 0.000000 0.000000 0.000000 0.000000 0.000000 0.000000 
18.650000 0.000000 0.000000 0.000000 0.000000 0.000000 0.000000 0.000000 0.000000 0.000000 
18.670000 0.000000 0.000000 0.000000 0.000000 0.000000 0.000000 0.000000 0.000000 0.000000 
18.690000 0.000000 0.000000 0.000000 0.000000 0.000000 0.000000 0.000000 0.000000 0.000000 
18.709999 0.000000 0.000000 0.000000 0.000000 0.000000 0.000000 0.000000 0.000000 0.000000 
18.730000 0.000000 0.000000 0.000000 0.000000 0.000000 0.000000 0.000000 0.000000 0.000000 
18.750000 0.000000 0.000000 0.000000 0.000000 0.000000 0.000000 0.000000 0.000000 0.000000 
18.770000 0.000000 0.000000 0.000000 0.000000 0.000000 0.000000 0.000000 0.000000 0.000000 
18.789999 0.000000 0.000000 0.000000 0.000000 0.000000 0.000000 0.000000 0.000000 0.000000 
18.809999 0.000000 0.000000 0.000000 0.000000 0.000000 0.000000 0.000000 0.000000 0.000000 
18.830000 0.000000 0.000000 0.000000 0.000000 0.000000 0.000000 0.000000 0.000000 0.000000 
18.849999 0.000000 0.000000 0.000000 0.000000 0.000000 0.000000 0.000000 0.000000 0.000000 
18.869999 0.000000 0.000000 0.000000 0.000000 0.000000 0.000000 0.000000 0.000000 0.000000 
18.889999 0.000000 0.000000 0.000000 0.000000 0.000000 0.000000 0.000000 0.000000 0.000000 
18.910000 0.000000 0.000000 0.000000 0.000000 0.000000 0.000000 0.000000 0.000000 0.000000 
18.929999 0.000000 0.000000 0.000000 0.000000 0.000000 0.000000 0.000000 0.000000 0.000000 
18.949999 0.000000 0.000000 0.000000 0.000000 0.000000 0.000000 0.000000 0.000000 0.000000 
18.969999 0.000000 0.000000 0.000000 0.000000 0.000000 0.000000 0.000000 0.000000 0.000000 
18.990000 0.000000 0.000000 0.000000 0.000000 0.000000 0.000000 0.000000 0.000000 0.000000 
19.010000 0.000000 0.000000 0.000000 0.000000 0.000000 0.000000 0.000000 0.000000 0.000000 
19.030000 0.000000 0.000000 0.000000 0.000000 0.000000 0.000000 0.000000 0.000000 0.000000 
19.049999 0.000000 0.000000 0.000000 0.000000 0.000000 0.000000 0.000000 0.000000 0.000000 
19.070000 0.000000 0.000000 0.000000 0.000000 0.000000 0.000000 0.000000 0.000000 0.000000 
19.090000 0.000000 0.000000 0.000000 0.000000 0.000000 0.000000 0.000000 0.000000 0.000000 
19.110000 0.000000 0.000000 0.000000 0.000000 0.000000 0.000000 0.000000 0.000000 0.000000 
19.129999 0.000000 0.000000 0.000000 0.000000 0.000000 0.000000 0.000000 0.000000 0.000000 
19.150000 0.000000 0.000000 0.000000 0.000000 0.000000 0.000000 0.000000 0.000000 0.000000 
19.170000 0.000000 0.000000 0.000000 0.000000 0.000000 0.000000 0.000000 0.000000 0.000000 
19.190000 0.000000 0.000000 0.000000 0.000000 0.000000 0.000000 0.000000 0.000000 0.000000 
19.209999 0.000000 0.000000 0.000000 0.000000 0.000000 0.000000 0.000000 0.000000 0.000000 
19.230000 0.000000 0.000000 0.000000 0.000000 0.000000 0.000000 0.000000 0.000000 0.000000 
19.250000 0.000000 0.000000 0.000000 0.000000 0.000000 0.000000 0.000000 0.000000 0.000000 
19.270000 0.000000 0.000000 0.000000 0.000000 0.000000 0.000000 0.000000 0.000000 0.000000 
19.289999 0.000000 0.000000 0.000000 0.000000 0.000000 0.000000 0.000000 0.000000 0.000000 
19.309999 0.000000 0.000000 0.000000 0.000000 0.000000 0.000000 0.000000 0.000000 0.000000 
19.330000 0.000000 0.000000 0.000000 0.000000 0.000000 0.000000 0.000000 0.000000 0.000000 
19.349999 0.000000 0.000000 0.000000 0.000000 0.000000 0.000000 0.000000 0.000000 0.000000 
19.369999 0.000000 0.000000 0.000000 0.000000 0.000000 0.000000 0.000000 0.000000 0.000000 
19.389999 0.000000 0.000000 0.000000 0.000000 0.000000 0.000000 0.000000 0.000000 0.000000 
19.410000 0.000000 0.000000 0.000000 0.000000 0.000000 0.000000 0.000000 0.000000 0.000000 
19.429999 0.000000 0.000000 0.000000 0.000000 0.000000 0.000000 0.000000 0.000000 0.000000 
19.449999 0.000000 0.000000 0.000000 0.000000 0.000000 0.000000 0.000000 0.000000 0.000000 
19.469999 0.000000 0.000000 0.000000 0.000000 0.000000 0.000000 0.000000 0.000000 0.000000 
19.490000 0.000000 0.000000 0.000000 0.000000 0.000000 0.000000 0.000000 0.000000 0.000000 
19.510000 0.000000 0.000000 0.000000 0.000000 0.000000 0.000000 0.000000 0.000000 0.000000 
19.530000 0.000000 0.000000 0.000000 0.000000 0.000000 0.000000 0.000000 0.000000 0.000000 
19.549999 0.000000 0.000000 0.000000 0.000000 0.000000 0.000000 0.000000 0.000000 0.000000 
19.570000 0.000000 0.000000 0.000000 0.000000 0.000000 0.000000 0.000000 0.000000 0.000000 
19.590000 0.000000 0.000000 0.000000 0.000000 0.000000 0.000000 0.000000 0.000000 0.000000 
19.610000 0.000000 0.000000 0.000000 0.000000 0.000000 0.000000 0.000000 0.000000 0.000000 
19.629999 0.000000 0.000000 0.000000 0.000000 0.000000 0.000000 0.000000 0.000000 0.000000 
19.650000 0.000000 0.000000 0.000000 0.000000 0.000000 0.000000 0.000000 0.000000 0.000000 
19.670000 0.000000 0.000000 0.000000 0.000000 0.000000 0.000000 0.000000 0.000000 0.000000 
19.690000 0.000000 0.000000 0.000000 0.000000 0.000000 0.000000 0.000000 0.000000 0.000000 
19.709999 0.000000 0.000000 0.000000 0.000000 0.000000 0.000000 0.000000 0.000000 0.000000 
19.730000 0.000000 0.000000 0.000000 0.000000 0.000000 0.000000 0.000000 0.000000 0.000000 
19.750000 0.000000 0.000000 0.000000 0.000000 0.000000 0.000000 0.000000 0.000000 0.000000 
19.770000 0.000000 0.000000 0.000000 0.000000 0.000000 0.000000 0.000000 0.000000 0.000000 
19.789999 0.000000 0.000000 0.000000 0.000000 0.000000 0.000000 0.000000 0.000000 0.000000 
19.809999 0.000000 0.000000 0.000000 0.000000 0.000000 0.000000 0.000000 0.000000 0.000000 
19.830000 0.000000 0.000000 0.000000 0.000000 0.000000 0.000000 0.000000 0.000000 0.000000 
19.849999 0.000000 0.000000 0.000000 0.000000 0.000000 0.000000 0.000000 0.000000 0.000000 
19.869999 0.000000 0.000000 0.000000 0.000000 0.000000 0.000000 0.000000 0.000000 0.000000 
19.889999 0.000000 0.000000 0.000000 0.000000 0.000000 0.000000 0.000000 0.000000 0.000000 
19.910000 0.000000 0.000000 0.000000 0.000000 0.000000 0.000000 0.000000 0.000000 0.000000 
19.929999 0.000000 0.000000 0.000000 0.000000 0.000000 0.000000 0.000000 0.000000 0.000000 
19.949999 0.000000 0.000000 0.000000 0.000000 0.000000 0.000000 0.000000 0.000000 0.000000 
19.969999 0.000000 0.000000 0.000000 0.000000 0.000000 0.000000 0.000000 0.000000 0.000000 
19.990000 0.000000 0.000000 0.000000 0.000000 0.000000 0.000000 0.000000 0.000000 0.000000 
