# concentrations: 0.666667 0.166667 0.166667
0.010357 0.000000 0.000000 0.000000 0.000000 0.000000 0.000000 0.000000 0.000000 0.000000 
0.031072 0.000000 0.000000 0.000000 0.000000 0.000000 0.000000 0.000000 0.000000 0.000000 
0.051787 0.000000 0.000000 0.000000 0.000000 0.000000 0.000000 0.000000 0.000000 0.000000 
0.072502 0.000000 0.000000 0.000000 0.000000 0.000000 0.000000 0.000000 0.000000 0.000000 
0.093217 0.000000 0.000000 0.000000 0.000000 0.000000 0.000000 0.000000 0.000000 0.000000 
0.113932 0.000000 0.000000 0.000000 0.000000 0.000000 0.000000 0.000000 0.000000 0.000000 
0.134647 0.000000 0.000000 0.000000 0.000000 0.000000 0.000000 0.000000 0.000000 0.000000 
0.155362 0.000000 0.000000 0.000000 0.000000 0.000000 0.000000 0.000000 0.000000 0.000000 
0.176077 0.000000 0.000000 0.000000 0.000000 0.000000 0.000000 0.000000 0.000000 0.000000 
0.196792 0.000000 0.000000 0.000000 0.000000 0.000000 0.000000 0.000000 0.000000 0.000000 
0.217506 0.000000 0.000000 0.000000 0.000000 0.000000 0.000000 0.000000 0.000000 0.000000 
0.238221 0.000000 0.000000 0.000000 0.000000 0.000000 0.000000 0.000000 0.000000 0.000000 
0.258936 0.000000 0.000000 0.000000 0.000000 0.000000 0.000000 0.000000 0.000000 0.000000 
0.279651 0.000000 0.000000 0.000000 0.000000 0.000000 0.000000 0.000000 0.000000 0.000000 
0.300366 0.000000 0.000000 0.000000 0.000000 0.000000 0.000000 0.000000 0.000000 0.000000 
0.321081 0.000000 0.000000 0.000000 0.000000 0.000000 0.000000 0.000000 0.000000 0.000000 
0.341796 0.000000 0.000000 0.000000 0.000000 0.000000 0.000000 0.000000 0.000000 0.000000 
0.362511 0.000000 0.000000 0.000000 0.000000 0.000000 0.000000 0.000000 0.000000 0.000000 
0.383226 0.000000 0.000000 0.000000 0.000000 0.000000 0.000000 0.000000 0.000000 0.000000 
0.403941 0.000000 0.000000 0.000000 0.000000 0.000000 0.000000 0.000000 0.000000 0.000000 
0.424655 0.000000 0.000000 0.000000 0.000000 0.000000 0.000000 0.000000 0.000000 0.000000 
0.445370 0.000000 0.000000 0.000000 0.000000 0.000000 0.000000 0.000000 0.000000 0.000000 
0.466085 0.000000 0.000000 0.000000 0.000000 0.000000 0.000000 0.000000 0.000000 0.000000 
0.486800 0.000000 0.000000 0.000000 0.000000 0.000000 0.000000 0.000000 0.000000 0.000000 
0.507515 0.000000 0.000000 0.000000 0.000000 0.000000 0.000000 0.000000 0.000000 0.000000 
0.528230 0.000000 0.000000 0.000000 0.000000 0.000000 0.000000 0.000000 0.000000 0.000000 
0.548945 0.000000 0.000000 0.000000 0.000000 0.000000 0.000000 0.000000 0.000000 0.000000 
0.569660 0.000000 0.000000 0.000000 0.000000 0.000000 0.000000 0.000000 0.000000 0.000000 
0.590375 0.000000 0.000000 0.000000 0.000000 0.000000 0.000000 0.000000 0.000000 0.000000 
0.611090 0.000000 0.000000 0.000000 0.000000 0.000000 0.000000 0.000000 0.000000 0.000000 
0.631804 0.000000 0.000000 0.000000 0.000000 0.000000 0.000000 0.000000 0.000000 0.000000 
0.652519 0.000000 0.000000 0.000000 0.000000 0.000000 0.000000 0.000000 0.000000 0.000000 
0.673234 0.000000 0.000000 0.000000 0.000000 0.000000 0.000000 0.000000 0.000000 0.000000 
0.693949 0.000000 0.000000 0.000000 0.000000 0.000000 0.000000 0.000000 0.000000 0.000000 
0.714664 0.000000 0.000019 0.000000 0.000019 0.000000 0.000000 0.000000 0.000000 0.000000 
0.735379 0.000000 0.002660 0.000000 0.002660 0.000000 0.000009 0.000000 0.000009 0.000000 
0.756094 0.000000 0.065551 0.000000 0.065551 0.000167 0.000985 0.000000 0.000985 0.000000 
0.776809 0.000000 0.503500 0.000000 0.503500 0.003325 0.019510 0.000000 0.019510 0.000000 
0.797524 0.000000 1.736951 0.000064 1.736951 0.022935 0.134660 0.000064 0.134660 0.000000 
0.818239 0.000000 3.464202 0.004016 3.464202 0.084615 0.465213 0.004016 0.465213 0.000157 
0.838953 0.000000 4.774694 0.066320 4.774694 0.207953 0.982179 0.066320 0.982179 0.003380 
0.859668 0.000002 5.158858 0.440949 5.158858 0.359910 1.493301 0.440949 1.493301 0.033429 
0.880383 0.000235 4.782907 1.455826 4.782907 0.512329 1.819076 1.455826 1.819076 0.148709 
0.901098 0.007086 4.030519 2.951184 4.030519 0.626645 1.925024 2.951184 1.925024 0.407383 
0.921813 0.077348 3.211426 4.244043 3.211426 0.701232 1.855225 4.244043 1.855225 0.767980 
0.942528 0.388443 2.497049 4.834432 2.497049 0.743336 1.700615 4.834432 1.700615 1.099367 
0.963243 1.117959 1.922386 4.712762 1.922386 0.755657 1.513892 4.712762 1.513892 1.324906 
0.983958 2.144569 1.488028 4.145691 1.488028 0.752633 1.331372 4.145691 1.331372 1.421294 
1.004673 3.080181 1.165323 3.419062 1.165323 0.741217 1.161048 3.419062 1.161048 1.403071 
1.025388 3.607889 0.930629 2.729919 0.930629 0.739953 1.035214 2.729919 1.035214 1.317273 
1.046102 3.665423 0.757511 2.142799 0.757511 0.732568 0.926002 2.142799 0.926002 1.200416 
1.066817 3.378263 0.630139 1.674586 0.630139 0.738266 0.838960 1.674586 0.838960 1.084261 
1.087532 2.931627 0.537482 1.317075 0.537482 0.748472 0.771406 1.317075 0.771406 0.971161 
1.108247 2.451912 0.467759 1.051103 0.467759 0.764313 0.723647 1.051103 0.723647 0.872440 
1.128962 2.008692 0.418992 0.851281 0.418992 0.803398 0.691410 0.851281 0.691410 0.793407 
1.149677 1.632346 0.382823 0.705509 0.382823 0.845891 0.666939 0.705509 0.666939 0.727029 
1.170392 1.330039 0.357684 0.593854 0.357684 0.892825 0.655997 0.593854 0.655997 0.676767 
1.191107 1.095385 0.343015 0.511105 0.343015 0.943271 0.659793 0.511105 0.659793 0.643736 
1.211822 0.913541 0.334577 0.451850 0.334577 1.001473 0.667954 0.451850 0.667954 0.624057 
1.232536 0.774695 0.332416 0.406942 0.332416 1.075789 0.694823 0.406942 0.694823 0.604810 
1.253251 0.668696 0.334621 0.376069 0.334621 1.138706 0.723617 0.376069 0.723617 0.597446 
1.273966 0.588749 0.341925 0.353816 0.341925 1.200850 0.764743 0.353816 0.764743 0.595442 
1.294681 0.530293 0.356145 0.339764 0.356145 1.261807 0.816443 0.339764 0.816443 0.596669 
1.315396 0.486244 0.374961 0.333416 0.374961 1.306454 0.874970 0.333416 0.874970 0.611479 
1.336111 0.456481 0.401064 0.332724 0.401064 1.343878 0.941233 0.332724 0.941233 0.635618 
1.356826 0.437475 0.433572 0.338115 0.433572 1.369489 1.007677 0.338115 1.007677 0.668761 
1.377541 0.428513 0.472964 0.346865 0.472964 1.379156 1.069082 0.346865 1.069082 0.707840 
1.398256 0.428499 0.523276 0.364320 0.523276 1.371904 1.138377 0.364320 1.138377 0.756977 
1.418971 0.436934 0.576982 0.384348 0.576982 1.348160 1.192042 0.384348 1.192042 0.816060 
1.439686 0.454324 0.643652 0.412546 0.643652 1.318646 1.243851 0.412546 1.243851 0.886199 
1.460400 0.480774 0.717217 0.448010 0.717217 1.281248 1.279502 0.448010 1.279502 0.959763 
1.481115 0.515071 0.794435 0.491602 0.794435 1.239023 1.302151 0.491602 1.302151 1.036562 
1.501830 0.558476 0.878443 0.544827 0.878443 1.213976 1.311789 0.544827 1.311789 1.119956 
1.522545 0.610763 0.960564 0.610141 0.960564 1.183594 1.304854 0.610141 1.304854 1.194750 
1.543260 0.673054 1.039591 0.686888 1.039591 1.178239 1.289002 0.686888 1.289002 1.268808 
1.563975 0.743811 1.111560 0.774437 1.111560 1.182239 1.267265 0.774437 1.267265 1.326035 
1.584690 0.823587 1.171104 0.869043 1.171104 1.207765 1.242220 0.869043 1.242220 1.368499 
1.605405 0.905960 1.217316 0.964855 1.217316 1.252325 1.213477 0.964855 1.213477 1.388046 
1.626120 0.988798 1.250500 1.059577 1.250500 1.297163 1.198797 1.059577 1.198797 1.395984 
1.646835 1.064310 1.269726 1.144183 1.269726 1.338609 1.203486 1.144183 1.203486 1.389681 
1.667549 1.131806 1.278081 1.214586 1.278081 1.354304 1.215453 1.214586 1.215453 1.370088 
1.688264 1.188928 1.279842 1.270199 1.279842 1.345803 1.243133 1.270199 1.243133 1.337869 
1.708979 1.232197 1.283336 1.305202 1.283336 1.302133 1.282895 1.305202 1.282895 1.313006 
1.729694 1.260889 1.291627 1.323263 1.291627 1.244861 1.319376 1.323263 1.319376 1.292175 
1.750409 1.280411 1.306837 1.328251 1.306837 1.164555 1.342038 1.328251 1.342038 1.282790 
1.771124 1.285440 1.327555 1.319026 1.327555 1.075167 1.339942 1.319026 1.339942 1.289422 
1.791839 1.283070 1.351766 1.307343 1.351766 0.990294 1.312339 1.307343 1.312339 1.308605 
1.812554 1.269720 1.370353 1.298433 1.370353 0.909222 1.262957 1.298433 1.262957 1.335010 
1.833269 1.248525 1.377102 1.291494 1.377102 0.836231 1.192571 1.291494 1.192571 1.353241 
1.853983 1.221698 1.363598 1.295154 1.363598 0.773867 1.114238 1.295154 1.114238 1.353364 
1.874698 1.194642 1.332120 1.306328 1.332120 0.719138 1.027000 1.306328 1.027000 1.328669 
1.895413 1.168614 1.281830 1.319430 1.281830 0.682695 0.944746 1.319430 0.944746 1.288795 
1.916128 1.148320 1.217159 1.325056 1.217159 0.649503 0.869664 1.325056 0.869664 1.220977 
1.936843 1.137166 1.144493 1.319465 1.144493 0.631245 0.803304 1.319465 0.803304 1.144337 
1.957558 1.134175 1.070025 1.298972 1.070025 0.624613 0.748218 1.298972 0.748218 1.062202 
1.978273 1.136832 0.998187 1.259849 0.998187 0.620736 0.701377 1.259849 0.701377 0.983497 
1.998988 1.140911 0.932023 1.207237 0.932023 0.629542 0.668306 1.207237 0.668306 0.900737 
2.019703 1.140163 0.874105 1.140220 0.874105 0.643694 0.643530 1.140220 0.643530 0.834186 
2.040418 1.129783 0.825465 1.072787 0.825465 0.665848 0.630371 1.072787 0.630371 0.771656 
2.061133 1.106823 0.787735 1.003156 0.787735 0.691079 0.625954 1.003156 0.625954 0.721647 
2.081847 1.073925 0.759815 0.935605 0.759815 0.727568 0.629505 0.935605 0.629505 0.683427 
2.102562 1.031366 0.740417 0.877332 0.740417 0.768880 0.640305 0.877332 0.640305 0.654070 
2.123277 0.984160 0.731244 0.828051 0.731244 0.808333 0.659280 0.828051 0.659280 0.633520 
2.143992 0.934140 0.730647 0.785729 0.730647 0.853596 0.686222 0.785729 0.686222 0.623398 
2.164707 0.886434 0.735979 0.753845 0.735979 0.899348 0.714876 0.753845 0.714876 0.623453 
2.185422 0.842921 0.749757 0.732285 0.749757 0.944932 0.751923 0.732285 0.751923 0.629862 
2.206137 0.806497 0.768168 0.718886 0.768168 0.995346 0.794128 0.718886 0.794128 0.646382 
2.226852 0.777769 0.790399 0.716517 0.790399 1.038868 0.837594 0.716517 0.837594 0.668921 
2.247567 0.756947 0.818751 0.721337 0.818751 1.080645 0.884041 0.721337 0.884041 0.696993 
2.268281 0.745616 0.850468 0.733328 0.850468 1.114024 0.931147 0.733328 0.931147 0.733722 
2.288996 0.743322 0.883383 0.753021 0.883383 1.147271 0.978938 0.753021 0.978938 0.772998 
2.309711 0.749284 0.916890 0.777306 0.916890 1.169781 1.024491 0.777306 1.024491 0.819367 
2.330426 0.763752 0.952253 0.807760 0.952253 1.188170 1.067589 0.807760 1.067589 0.863173 
2.351141 0.785245 0.985390 0.842568 0.985390 1.199859 1.106040 0.842568 1.106040 0.911849 
2.371856 0.813376 1.018226 0.879120 1.018226 1.203733 1.139130 0.879120 1.139130 0.959742 
2.392571 0.846345 1.047799 0.916744 1.047799 1.205964 1.166048 0.916744 1.166048 1.008650 
2.413286 0.883366 1.075072 0.956238 1.075072 1.201227 1.189809 0.956238 1.189809 1.053668 
2.434001 0.922207 1.096903 0.993849 1.096903 1.191800 1.205216 0.993849 1.205216 1.096837 
2.454716 0.962400 1.115503 1.030052 1.115503 1.183184 1.211390 1.030052 1.211390 1.135252 
2.475430 1.001777 1.128758 1.063018 1.128758 1.168774 1.215786 1.063018 1.215786 1.165949 
2.496145 1.039896 1.136757 1.092380 1.136757 1.157155 1.213237 1.092380 1.213237 1.187926 
2.516860 1.074253 1.141182 1.117027 1.141182 1.139217 1.202536 1.117027 1.202536 1.207605 
2.537575 1.104818 1.139727 1.136124 1.139727 1.120966 1.190340 1.136124 1.190340 1.218034 
2.558290 1.129062 1.135699 1.149524 1.135699 1.106296 1.174400 1.149524 1.174400 1.222700 
2.579005 1.149291 1.127316 1.158382 1.127316 1.088502 1.157481 1.158382 1.157481 1.221396 
2.599720 1.162638 1.115619 1.161255 1.115619 1.071529 1.138785 1.161255 1.138785 1.210785 
2.620435 1.170573 1.102958 1.158866 1.102958 1.058126 1.119141 1.158866 1.119141 1.199643 
2.641150 1.172336 1.088562 1.153026 1.088562 1.040300 1.099429 1.153026 1.099429 1.180258 
2.661865 1.168856 1.073412 1.141837 1.073412 1.022685 1.082621 1.141837 1.082621 1.160257 
2.682580 1.160842 1.058690 1.128598 1.058690 1.005968 1.067427 1.128598 1.067427 1.138090 
2.703294 1.148553 1.042989 1.113587 1.042989 0.984644 1.050701 1.113587 1.050701 1.117966 
2.724009 1.133655 1.029143 1.095796 1.029143 0.964893 1.032324 1.095796 1.032324 1.093935 
2.744724 1.115408 1.016290 1.077432 1.016290 0.944826 1.014539 1.077432 1.014539 1.075702 
2.765439 1.096526 1.005255 1.058883 1.005255 0.927397 0.999440 1.058883 0.999440 1.055681 
2.786154 1.076294 0.994361 1.040373 0.994361 0.908362 0.979945 1.040373 0.979945 1.039448 
2.806869 1.055791 0.985072 1.023765 0.985072 0.893690 0.960675 1.023765 0.960675 1.019883 
2.827584 1.036018 0.973814 1.008322 0.973814 0.882554 0.940935 1.008322 0.940935 1.008083 
2.848299 1.016605 0.965247 0.994700 0.965247 0.876000 0.923566 0.994700 0.923566 0.988432 
2.869014 0.998957 0.954490 0.983345 0.954490 0.871120 0.907921 0.983345 0.907921 0.970964 
2.889728 0.982623 0.944879 0.971531 0.944879 0.871837 0.893638 0.971531 0.893638 0.956607 
2.910443 0.968997 0.934411 0.962506 0.934411 0.875681 0.883268 0.962506 0.883268 0.938555 
2.931158 0.956741 0.924806 0.952892 0.924806 0.883083 0.875544 0.952892 0.875544 0.920780 
2.951873 0.946789 0.917185 0.943792 0.917185 0.894069 0.871684 0.943792 0.871684 0.905718 
2.972588 0.939483 0.911773 0.934354 0.911773 0.907664 0.870755 0.934354 0.870755 0.892693 
2.993303 0.932636 0.907830 0.926383 0.907830 0.922865 0.875681 0.926383 0.875681 0.883265 
3.014018 0.927953 0.907693 0.918070 0.907693 0.939585 0.882326 0.918070 0.882326 0.876152 
3.034733 0.923809 0.909087 0.911114 0.909087 0.958342 0.893883 0.911114 0.893883 0.871144 
3.055448 0.919720 0.914498 0.906082 0.914498 0.975681 0.906066 0.906082 0.906066 0.868765 
3.076163 0.917628 0.922465 0.903337 0.922465 0.990995 0.923008 0.903337 0.923008 0.872635 
3.096877 0.915862 0.932501 0.901627 0.932501 1.009644 0.941726 0.901627 0.941726 0.882024 
3.117592 0.915518 0.945594 0.903873 0.945594 1.024073 0.957282 0.903873 0.957282 0.893432 
3.138307 0.915763 0.960329 0.909672 0.960329 1.036240 0.977835 0.909672 0.977835 0.906512 
3.159022 0.917811 0.975711 0.918299 0.975711 1.047680 0.995543 0.918299 0.995543 0.923486 
3.179737 0.921951 0.990948 0.928953 0.990948 1.056919 1.012863 0.928953 1.012863 0.943341 
3.200452 0.927958 1.007803 0.941928 1.007803 1.063671 1.029409 0.941928 1.029409 0.961124 
3.221167 0.936985 1.022275 0.957701 1.022275 1.068916 1.044140 0.957701 1.044140 0.981294 
3.241882 0.947062 1.035796 0.974172 1.035796 1.068971 1.054373 0.974172 1.054373 1.000669 
3.262597 0.958907 1.047474 0.991681 1.047474 1.069661 1.064368 0.991681 1.064368 1.019030 
3.283312 0.972395 1.057636 1.009246 1.057636 1.069724 1.071169 1.009246 1.071169 1.038131 
3.304026 0.986936 1.065969 1.024162 1.065969 1.064842 1.074168 1.024162 1.074168 1.051986 
3.324741 1.001421 1.071713 1.039409 1.071713 1.061539 1.077397 1.039409 1.077397 1.064089 
3.345456 1.015719 1.074362 1.053186 1.074362 1.057300 1.077528 1.053186 1.077528 1.073486 
3.366171 1.029721 1.076162 1.064087 1.076162 1.050266 1.074722 1.064087 1.074722 1.079689 
3.386886 1.042280 1.074513 1.072783 1.074513 1.043366 1.070422 1.072783 1.070422 1.084973 
3.407601 1.053553 1.071131 1.079215 1.071131 1.035891 1.064989 1.079215 1.064989 1.085736 
3.428316 1.061822 1.066495 1.082529 1.066495 1.024979 1.057646 1.082529 1.057646 1.085348 
3.449031 1.069406 1.060308 1.083213 1.060308 1.017462 1.049371 1.083213 1.049371 1.081323 
3.469746 1.073846 1.051957 1.082356 1.051957 1.008631 1.041517 1.082356 1.041517 1.077933 
3.490461 1.076205 1.043906 1.078620 1.043906 1.000652 1.032120 1.078620 1.032120 1.069711 
3.511176 1.076128 1.034813 1.073060 1.034813 0.992874 1.021965 1.073060 1.021965 1.059042 
3.531890 1.073915 1.024929 1.065216 1.024929 0.986550 1.012469 1.065216 1.012469 1.052512 
3.552605 1.069888 1.015256 1.057100 1.015256 0.979303 1.004376 1.057100 1.004376 1.041807 
3.573320 1.064335 1.006010 1.047051 1.006010 0.973331 0.996123 1.047051 0.996123 1.030950 
3.594035 1.056890 0.995967 1.037213 0.995967 0.969729 0.987259 1.037213 0.987259 1.020551 
3.614750 1.048045 0.987531 1.026207 0.987531 0.964959 0.979912 1.026207 0.979912 1.010122 
3.635465 1.039453 0.979388 1.016206 0.979388 0.964794 0.972934 1.016206 0.972934 1.000880 
3.656180 1.029537 0.971348 1.004637 0.971348 0.960559 0.967660 1.004637 0.967660 0.990579 
3.676895 1.019335 0.966684 0.995145 0.966684 0.959053 0.963590 0.995145 0.963590 0.981488 
3.697610 1.009073 0.960785 0.985973 0.960785 0.960363 0.960013 0.985973 0.960013 0.973777 
3.718324 0.999591 0.957595 0.976491 0.957595 0.960481 0.957987 0.976491 0.957987 0.965775 
3.739039 0.990196 0.954587 0.968967 0.954587 0.961780 0.956194 0.968967 0.956194 0.959460 
3.759754 0.981697 0.952446 0.962325 0.952446 0.964508 0.955229 0.962325 0.955229 0.956986 
3.780469 0.973446 0.952375 0.956696 0.952375 0.969286 0.955518 0.956696 0.955518 0.953747 
3.801184 0.967259 0.952660 0.952589 0.952660 0.970819 0.955853 0.952589 0.955853 0.951225 
3.821899 0.961603 0.954689 0.949243 0.954689 0.977021 0.958160 0.949243 0.958160 0.949909 
3.842614 0.956453 0.956879 0.948596 0.956879 0.984206 0.962336 0.948596 0.962336 0.951504 
3.863329 0.953776 0.960423 0.947982 0.960423 0.990093 0.966271 0.947982 0.966271 0.951691 
3.884044 0.951335 0.964249 0.948216 0.964249 0.994703 0.970718 0.948216 0.970718 0.953218 
3.904759 0.951047 0.968900 0.950404 0.968900 1.000902 0.976685 0.950404 0.976685 0.955589 
3.925473 0.951659 0.974316 0.953107 0.974316 1.006008 0.982483 0.953107 0.982483 0.958901 
3.946188 0.953233 0.979292 0.956664 0.979292 1.012442 0.989944 0.956664 0.989944 0.964943 
3.966903 0.956419 0.985251 0.961505 0.985251 1.018136 0.995506 0.961505 0.995506 0.970290 
3.987618 0.960065 0.991612 0.966234 0.991612 1.024556 1.003113 0.966234 1.003113 0.976830 
4.008333 0.964682 0.997777 0.973087 0.997777 1.027847 1.009617 0.973087 1.009617 0.982135 
4.029048 0.969912 1.003469 0.978861 1.003469 1.029244 1.015267 0.978861 1.015267 0.991194 
4.049763 0.975322 1.009509 0.985557 1.009509 1.030918 1.021596 0.985557 1.021596 0.997630 
4.070478 0.981685 1.015302 0.992372 1.015302 1.033747 1.026551 0.992372 1.026551 1.005398 
4.091193 0.987532 1.020318 0.998475 1.020318 1.033332 1.030196 0.998475 1.030196 1.012492 
4.111907 0.994062 1.024987 1.005693 1.024987 1.034314 1.032701 1.005693 1.032701 1.019381 
4.132622 0.999774 1.029671 1.011694 1.029671 1.031420 1.034972 1.011694 1.034972 1.026229 
4.153337 1.005528 1.031889 1.017755 1.031889 1.029984 1.038626 1.017755 1.038626 1.029925 
4.174052 1.011163 1.035023 1.023496 1.035023 1.025647 1.036855 1.023496 1.036855 1.033350 
4.194767 1.016272 1.035583 1.028376 1.035583 1.021773 1.036183 1.028376 1.036183 1.038464 
4.215482 1.020894 1.035596 1.032550 1.035596 1.018432 1.033669 1.032550 1.033669 1.040770 
4.236197 1.025253 1.035488 1.035483 1.035488 1.012557 1.031549 1.035483 1.031549 1.040620 
4.256912 1.028111 1.033340 1.037137 1.033340 1.007885 1.028899 1.037137 1.028899 1.041389 
4.277627 1.031047 1.031421 1.038969 1.031421 1.003641 1.024692 1.038969 1.024692 1.039530 
4.298342 1.032497 1.028393 1.038625 1.028393 1.000419 1.019724 1.038625 1.019724 1.037820 
4.319057 1.033395 1.024195 1.037293 1.024195 0.994977 1.013519 1.037293 1.013519 1.034771 
4.339772 1.033680 1.020640 1.035891 1.020640 0.990806 1.009256 1.035891 1.009256 1.031555 
4.360487 1.033057 1.015754 1.033150 1.015754 0.989036 1.005341 1.033150 1.005341 1.026365 
4.381201 1.031425 1.011374 1.029470 1.011374 0.985061 0.999039 1.029470 0.999039 1.021133 
4.401916 1.028810 1.006473 1.025963 1.006473 0.980601 0.995501 1.025963 0.995501 1.015414 
4.422631 1.026250 1.001720 1.021210 1.001720 0.978782 0.990073 1.021210 0.990073 1.010141 
4.443346 1.022467 0.996875 1.016498 0.996875 0.977829 0.985049 1.016498 0.985049 1.002944 
4.464061 1.018560 0.992797 1.011388 0.992797 0.974872 0.982581 1.011388 0.982581 0.997292 
4.484776 1.014665 0.988297 1.006071 0.988297 0.975189 0.978901 1.006071 0.978901 0.994549 
4.505491 1.009872 0.984090 1.000731 0.984090 0.975790 0.976151 1.000731 0.976151 0.987846 
4.526206 1.005766 0.981298 0.995748 0.981298 0.976047 0.974378 0.995748 0.974378 0.984323 
4.546920 1.001099 0.978269 0.991561 0.978269 0.978004 0.973061 0.991561 0.973061 0.979324 
4.567635 0.996633 0.976757 0.986823 0.976757 0.979533 0.972791 0.986823 0.972791 0.976491 
4.588350 0.992353 0.974573 0.982507 0.974573 0.981093 0.972384 0.982507 0.972384 0.972899 
4.609065 0.988337 0.974757 0.979329 0.974757 0.984321 0.973846 0.979329 0.973846 0.972205 
4.629780 0.985076 0.974345 0.976279 0.974345 0.986107 0.975234 0.976279 0.975234 0.969897 
4.650495 0.982169 0.975342 0.974438 0.975342 0.990950 0.976835 0.974438 0.976835 0.970744 
4.671210 0.979369 0.976422 0.973206 0.976422 0.993319 0.980665 0.973206 0.980665 0.970998 
4.691925 0.977478 0.978247 0.972170 0.978247 0.997104 0.982419 0.972170 0.982419 0.971179 
4.712640 0.976046 0.980303 0.972205 0.980303 0.999604 0.986970 0.972205 0.986970 0.973688 
4.733355 0.975548 0.982474 0.972741 0.982474 1.002617 0.989275 0.972741 0.989275 0.975732 
4.754069 0.975491 0.986424 0.974032 0.986424 1.005589 0.993781 0.974032 0.993781 0.978188 
4.774784 0.975794 0.989304 0.976473 0.989304 1.008020 0.997147 0.976473 0.997147 0.980630 
4.795499 0.977008 0.992351 0.978745 0.992351 1.012852 1.000789 0.978745 1.000789 0.986441 
4.816214 0.978810 0.996198 0.982258 0.996198 1.014047 1.005392 0.982258 1.005392 0.990467 
4.836929 0.980868 0.999956 0.985490 0.999956 1.015508 1.006848 0.985490 1.006848 0.992248 
4.857644 0.983613 1.002483 0.988220 1.002483 1.016494 1.011147 0.988220 1.011147 0.997878 
4.878359 0.986335 1.005721 0.992546 1.005721 1.017682 1.013802 0.992546 1.013802 1.003123 
4.899074 0.989846 1.008330 0.996447 1.008330 1.018890 1.015363 0.996447 1.015363 1.005623 
4.919789 0.993289 1.011569 1.000147 1.011569 1.017837 1.017700 1.000147 1.017700 1.008642 
4.940504 0.996832 1.013115 1.003884 1.013115 1.018451 1.018673 1.003884 1.018673 1.012660 
4.961218 1.000117 1.015338 1.006862 1.015338 1.016632 1.019711 1.006862 1.019711 1.015108 
4.981933 1.003639 1.015951 1.010043 1.015951 1.015285 1.019955 1.010043 1.019955 1.018543 
5.002648 1.006607 1.016690 1.012593 1.016690 1.015105 1.019416 1.012593 1.019416 1.018879 
5.023363 1.009911 1.017500 1.015162 1.017500 1.012461 1.018502 1.015162 1.018502 1.021230 
5.044078 1.012300 1.017847 1.016909 1.017847 1.010729 1.018899 1.016909 1.018899 1.021650 
5.064793 1.014179 1.017134 1.018446 1.017134 1.009555 1.016197 1.018446 1.016197 1.021246 
5.085508 1.015952 1.016356 1.019285 1.016356 1.005592 1.014196 1.019285 1.014196 1.022931 
5.106223 1.017016 1.014769 1.019495 1.014769 1.003496 1.013493 1.019495 1.013493 1.020160 
5.126938 1.017934 1.013290 1.019251 1.013290 1.001159 1.010868 1.019251 1.010868 1.019079 
5.147653 1.017983 1.011877 1.018444 1.011877 0.998492 1.007901 1.018444 1.007901 1.017926 
5.168367 1.017786 1.009430 1.017649 1.009430 0.996013 1.005857 1.017649 1.005857 1.016240 
5.189082 1.017012 1.007458 1.016068 1.007458 0.993752 1.003439 1.016068 1.003439 1.014466 
5.209797 1.016315 1.005514 1.014005 1.005514 0.992165 1.000364 1.014005 1.000364 1.011702 
5.230512 1.014861 1.002654 1.012167 1.002654 0.990643 0.997848 1.012167 0.997848 1.008924 
5.251227 1.013098 1.000556 1.009789 1.000556 0.989351 0.995276 1.009789 0.995276 1.006510 
5.271942 1.011027 0.998557 1.007600 0.998557 0.986737 0.993161 1.007600 0.993161 1.002453 
5.292657 1.009030 0.996466 1.005306 0.996466 0.987103 0.991103 1.005306 0.991103 1.001533 
5.313372 1.006757 0.994328 1.002302 0.994328 0.986818 0.988730 1.002302 0.988730 0.998346 
5.334087 1.004481 0.992400 1.000098 0.992400 0.986852 0.988149 1.000098 0.988149 0.994534 
5.354802 1.002406 0.990634 0.997904 0.990634 0.987843 0.987411 0.997904 0.987411 0.993179 
5.375516 0.999549 0.989510 0.995022 0.989510 0.987927 0.985715 0.995022 0.985715 0.990143 
5.396231 0.997531 0.988706 0.993236 0.988706 0.988112 0.985432 0.993236 0.985432 0.988676 
5.416946 0.995466 0.988033 0.991183 0.988033 0.990409 0.984781 0.991183 0.984781 0.985841 
5.437661 0.993911 0.987865 0.989772 0.987865 0.992043 0.985326 0.989772 0.985326 0.985286 
5.458376 0.991837 0.987314 0.988547 0.987314 0.992294 0.985847 0.988547 0.985847 0.984542 
5.479091 0.990458 0.987336 0.986954 0.987336 0.993733 0.986796 0.986954 0.986796 0.984180 
5.499806 0.989171 0.987893 0.986615 0.987893 0.996433 0.988362 0.986615 0.988362 0.985534 
5.520521 0.988655 0.988645 0.986740 0.988645 0.997442 0.990693 0.986740 0.990693 0.985498 
5.541236 0.987376 0.989720 0.986307 0.989720 0.998870 0.992360 0.986307 0.992360 0.985810 
5.561951 0.987456 0.991141 0.986377 0.991141 1.002363 0.993853 0.986377 0.993853 0.986933 
5.582665 0.987518 0.992770 0.987121 0.992770 1.003821 0.996314 0.987121 0.996314 0.987996 
5.603380 0.987821 0.994487 0.988428 0.994487 1.003817 0.997425 0.988428 0.997425 0.989231 
5.624095 0.988372 0.996002 0.989552 0.996002 1.006032 0.999275 0.989552 0.999275 0.991867 
5.644810 0.989386 0.997978 0.990932 0.997978 1.007515 1.001573 0.990932 1.001573 0.994188 
5.665525 0.990257 0.999934 0.992254 0.999934 1.007751 1.003142 0.992254 1.003142 0.995683 
5.686240 0.991741 1.001526 0.994175 1.001526 1.009762 1.005716 0.994175 1.005716 0.997358 
5.706955 0.993060 1.003191 0.996082 1.003191 1.009729 1.006838 0.996082 1.006838 0.999678 
5.727670 0.994756 1.004851 0.998073 1.004851 1.010037 1.007677 0.998073 1.007677 1.002745 
5.748384 0.996513 1.005987 1.000246 1.005987 1.009251 1.009555 1.000246 1.009555 1.004827 
5.769099 0.998234 1.007019 1.001840 1.007019 1.009216 1.009591 1.001840 1.009591 1.005549 
5.789814 1.000077 1.008213 1.003397 1.008213 1.009198 1.010600 1.003397 1.010600 1.006992 
5.810529 1.001862 1.008842 1.005160 1.008842 1.008176 1.010167 1.005160 1.010167 1.008396 
5.831244 1.003391 1.009507 1.006899 1.009507 1.007756 1.011145 1.006899 1.011145 1.010016 
5.851959 1.004816 1.009436 1.008056 1.009436 1.006434 1.009683 1.008056 1.009683 1.010966 
5.872674 1.006157 1.009539 1.008916 1.009539 1.004557 1.010128 1.008916 1.010128 1.012087 
5.893389 1.007487 1.009331 1.009782 1.009331 1.004097 1.009466 1.009782 1.009466 1.012063 
5.914104 1.008485 1.008618 1.010350 1.008618 1.002120 1.008104 1.010350 1.008104 1.010985 
5.934819 1.009221 1.007758 1.010193 1.007758 1.002668 1.007389 1.010193 1.007389 1.011510 
5.955534 1.009462 1.006765 1.010522 1.006765 0.999696 1.006139 1.010522 1.006139 1.009684 
5.976249 1.009714 1.006029 1.009985 1.006029 0.998822 1.003955 1.009985 1.003955 1.008773 
5.996964 1.009772 1.004413 1.009322 1.004413 0.998284 1.002765 1.009322 1.002765 1.009024 
6.017678 1.009536 1.003686 1.008509 1.003686 0.996348 1.002393 1.008509 1.002393 1.008547 
6.038393 1.008878 1.001933 1.007669 1.001933 0.995969 1.000612 1.007669 1.000612 1.006650 
6.059108 1.008153 1.000873 1.006282 1.000873 0.995036 0.999866 1.006282 0.999866 1.005234 
6.079823 1.007325 0.999919 1.005075 0.999919 0.994379 0.997451 1.005075 0.997451 1.002472 
6.100538 1.006294 0.998731 1.004072 0.998731 0.995008 0.996947 1.004072 0.996947 1.001475 
6.121253 1.004795 0.997584 1.002451 0.997584 0.993271 0.996326 1.002451 0.996326 0.999650 
6.141968 1.003722 0.996671 1.001246 0.996671 0.993707 0.994509 1.001246 0.994509 0.998543 
6.162683 1.002447 0.995438 0.999772 0.995438 0.992875 0.994637 0.999772 0.994637 0.997398 
6.183398 1.001101 0.994909 0.998447 0.994909 0.993633 0.992840 0.998447 0.992840 0.994992 
6.204113 0.999832 0.994389 0.997178 0.994389 0.993502 0.993474 0.997178 0.993474 0.995355 
6.224827 0.998707 0.994083 0.995877 0.994083 0.993912 0.993490 0.995877 0.993490 0.994521 
6.245542 0.997551 0.993301 0.995082 0.993301 0.994372 0.992743 0.995082 0.992743 0.993646 
6.266257 0.996393 0.993272 0.994156 0.993272 0.995358 0.993641 0.994156 0.993641 0.993263 
6.286972 0.995573 0.993184 0.993502 0.993184 0.997168 0.993164 0.993502 0.993164 0.992560 
6.307687 0.994606 0.993490 0.992994 0.993490 0.996867 0.994357 0.992994 0.994357 0.991987 
6.328402 0.994374 0.993584 0.992573 0.993584 0.997790 0.994110 0.992573 0.994110 0.991705 
6.349117 0.993606 0.994486 0.992732 0.994486 0.999356 0.995484 0.992732 0.995484 0.992698 
6.369832 0.993286 0.995029 0.992735 0.995029 0.999005 0.995776 0.992735 0.995776 0.992877 
6.390547 0.993409 0.995550 0.992804 0.995550 1.001432 0.996249 0.992804 0.996249 0.993663 
6.411262 0.993327 0.996385 0.993112 0.996385 1.002358 0.997578 0.993112 0.997578 0.994726 
6.431976 0.993664 0.997342 0.993812 0.997342 1.002686 0.998401 0.993812 0.998401 0.995531 
6.452691 0.993831 0.998240 0.994666 0.998240 1.002785 0.999438 0.994666 0.999438 0.996661 
6.473406 0.994275 0.998819 0.994895 0.998819 1.004468 1.000455 0.994895 1.000455 0.998125 
6.494121 0.994817 0.999954 0.996077 0.999954 1.004608 1.002099 0.996077 1.002099 0.997545 
6.514836 0.995898 1.000945 0.997131 1.000945 1.005664 1.003077 0.997131 1.003077 0.999372 
6.535551 0.996319 1.001765 0.998099 1.001765 1.005768 1.004087 0.998099 1.004087 1.000761 
6.556266 0.997476 1.002420 0.999494 1.002420 1.005276 1.005050 0.999494 1.005050 1.002052 
6.576981 0.998240 1.003261 0.999983 1.003261 1.005001 1.004745 0.999983 1.004745 1.002368 
6.597695 0.999361 1.003548 1.000953 1.003548 1.005310 1.005780 1.000953 1.005780 1.002606 
6.618410 1.000287 1.003996 1.002106 1.003996 1.004273 1.005630 1.002106 1.005630 1.004249 
6.639125 1.001031 1.004228 1.002706 1.004228 1.003901 1.005953 1.002706 1.005953 1.004112 
6.659840 1.002063 1.004935 1.003807 1.004935 1.005210 1.005128 1.003807 1.005128 1.004871 
6.680555 1.002728 1.005210 1.004292 1.005210 1.002813 1.005299 1.004292 1.005299 1.006659 
6.701270 1.003538 1.005476 1.004883 1.005476 1.002199 1.005168 1.004883 1.005168 1.006096 
6.721985 1.004019 1.005011 1.005251 1.005011 1.001493 1.004406 1.005251 1.004406 1.006374 
6.742700 1.004304 1.004921 1.005333 1.004921 1.000968 1.003194 1.005333 1.003194 1.005794 
6.763415 1.004891 1.004395 1.006041 1.004395 1.000462 1.003615 1.006041 1.003615 1.006038 
6.784130 1.005107 1.003803 1.005567 1.003803 1.000062 1.002819 1.005567 1.002819 1.005814 
6.804844 1.004998 1.003209 1.005673 1.003209 0.998811 1.002767 1.005673 1.002767 1.005858 
6.825559 1.005324 1.002815 1.004988 1.002815 0.998700 1.001542 1.004988 1.001542 1.005421 
6.846274 1.004974 1.002060 1.004741 1.002060 0.998257 1.000714 1.004741 1.000714 1.003937 
6.866989 1.004777 1.001442 1.003869 1.001442 0.997709 0.999982 1.003869 0.999982 1.003381 
6.887704 1.004343 1.000756 1.003552 1.000756 0.997099 0.999534 1.003552 0.999534 1.002848 
6.908419 1.004038 0.999903 1.003158 0.999903 0.997545 0.998514 1.003158 0.998514 1.002407 
6.929134 1.003516 0.999221 1.001983 0.999221 0.997065 0.997721 1.001983 0.997721 1.000567 
6.949849 1.002644 0.998559 1.001335 0.998559 0.997383 0.997403 1.001335 0.997403 1.000070 
6.970564 1.002104 0.998052 1.000404 0.998052 0.997161 0.997261 1.000404 0.997261 0.999011 
6.991279 1.001516 0.997590 1.000002 0.997590 0.996857 0.996733 1.000002 0.996733 0.998779 
7.011993 1.000667 0.996970 0.998875 0.996970 0.996818 0.996354 0.998875 0.996354 0.997769 
7.032708 1.000097 0.996593 0.998320 0.996593 0.996428 0.996182 0.998320 0.996182 0.997288 
7.053423 0.999509 0.996414 0.997757 0.996414 0.997285 0.996450 0.997757 0.996450 0.996566 
7.074138 0.998756 0.996243 0.997443 0.996243 0.996678 0.995921 0.997443 0.995921 0.995367 
7.094853 0.998136 0.996397 0.996601 0.996397 0.998513 0.996548 0.996601 0.996548 0.996335 
7.115568 0.997587 0.996174 0.996440 0.996174 0.998944 0.996783 0.996440 0.996783 0.996625 
7.136283 0.997298 0.996549 0.996189 0.996549 0.998631 0.996558 0.996189 0.996558 0.995555 
7.156998 0.997021 0.996624 0.995745 0.996624 0.998679 0.997574 0.995745 0.997574 0.995736 
7.177713 0.996457 0.996812 0.995991 0.996812 0.998985 0.998084 0.995991 0.998084 0.996466 
7.198428 0.996327 0.997305 0.995919 0.997305 1.000163 0.998122 0.995919 0.998122 0.996616 
7.219142 0.996577 0.997632 0.995804 0.997632 1.000153 0.999457 0.995804 0.999457 0.997115 
7.239857 0.996220 0.998160 0.996357 0.998160 1.000803 0.998598 0.996357 0.998598 0.997468 
7.260572 0.996406 0.998234 0.996810 0.998234 1.001792 0.999419 0.996810 0.999419 0.996835 
7.281287 0.996646 0.999209 0.997091 0.999209 1.001607 1.000049 0.997091 1.000049 0.998243 
7.302002 0.996877 0.999598 0.997447 0.999598 1.002365 1.000941 0.997447 1.000941 0.999211 
7.322717 0.997142 0.999926 0.998192 0.999926 1.002407 1.001511 0.998192 1.001511 0.999266 
7.343432 0.997889 1.000926 0.998487 1.000926 1.003144 1.001478 0.998487 1.001478 1.000133 
7.364147 0.998387 1.001089 0.998911 1.001089 1.003110 1.001852 0.998911 1.001852 1.000473 
7.384862 0.998594 1.001632 0.999333 1.001632 1.002448 1.002210 0.999333 1.002210 1.000893 
7.405577 0.999404 1.001706 1.000363 1.001706 1.003670 1.002713 1.000363 1.002713 1.001903 
7.426291 0.999665 1.002231 1.000632 1.002231 1.002689 1.002613 1.000632 1.002613 1.002342 
7.447006 1.000161 1.002384 1.001169 1.002384 1.003787 1.002407 1.001169 1.002407 1.002779 
7.467721 1.000749 1.002665 1.001539 1.002665 1.003287 1.002549 1.001539 1.002549 1.003569 
7.488436 1.001187 1.002626 1.002158 1.002626 1.003076 1.002951 1.002158 1.002951 1.002796 
7.509151 1.001472 1.002831 1.002515 1.002831 1.001538 1.003267 1.002515 1.003267 1.003647 
7.529866 1.001781 1.002335 1.002643 1.002335 1.001150 1.002808 1.002643 1.002808 1.004058 
7.550581 1.002445 1.002686 1.002859 1.002686 1.001423 1.002257 1.002859 1.002257 1.004243 
7.571296 1.002501 1.002404 1.002713 1.002404 1.001200 1.003169 1.002713 1.003169 1.003145 
7.592011 1.002730 1.002238 1.003081 1.002238 1.000946 1.002065 1.003081 1.002065 1.003292 
7.612726 1.002968 1.001994 1.002979 1.001994 1.000010 1.001802 1.002979 1.001802 1.003348 
7.633440 1.002600 1.001479 1.002929 1.001479 1.000118 1.001576 1.002929 1.001576 1.002663 
7.654155 1.002976 1.001558 1.002822 1.001558 0.999526 1.001086 1.002822 1.001086 1.002522 
7.674870 1.002767 1.001193 1.002764 1.001193 0.999147 0.999196 1.002764 0.999196 1.002627 
7.695585 1.002773 1.000614 1.002063 1.000614 1.000290 0.999796 1.002063 0.999796 1.001298 
7.716300 1.002363 1.000047 1.002107 1.000047 0.999154 1.000045 1.002107 1.000045 1.001439 
7.737015 1.002263 1.000145 1.001532 1.000145 0.998742 0.999479 1.001532 0.999479 1.000683 
7.757730 1.001830 0.999640 1.001442 0.999640 0.998166 0.999015 1.001442 0.999015 1.001489 
7.778445 1.001755 0.999305 1.000708 0.999305 0.998907 0.998443 1.000708 0.998443 1.000650 
7.799160 1.000958 0.998697 1.000130 0.998697 0.999012 0.997860 1.000130 0.997860 0.999987 
7.819875 1.000566 0.998879 0.999901 0.998879 0.998569 0.997912 0.999901 0.997912 0.998919 
7.840590 1.000410 0.998199 0.999350 0.998199 0.997938 0.997684 0.999350 0.997684 0.998809 
7.861304 1.000098 0.998421 0.999143 0.998421 0.998114 0.997888 0.999143 0.997888 0.998893 
7.882019 0.999698 0.998092 0.998592 0.998092 0.998983 0.997380 0.998592 0.997380 0.998794 
7.902734 0.999491 0.998002 0.998450 0.998002 0.998642 0.997808 0.998450 0.997808 0.997638 
7.923449 0.999215 0.998039 0.998110 0.998039 0.999019 0.997086 0.998110 0.997086 0.997358 
7.944164 0.998953 0.998034 0.998290 0.998034 0.999780 0.998613 0.998290 0.998613 0.997081 
7.964879 0.998483 0.998054 0.997915 0.998054 1.000213 0.998324 0.997915 0.998324 0.998262 
7.985594 0.998283 0.998158 0.998071 0.998158 0.999614 0.998352 0.998071 0.998352 0.997349 
8.006309 0.998140 0.998011 0.997875 0.998011 1.000063 0.998731 0.997875 0.998731 0.998408 
8.027024 0.998065 0.998756 0.997745 0.998756 1.000879 0.999245 0.997745 0.999245 0.998591 
8.047739 0.998023 0.998942 0.997871 0.998942 1.000095 0.998711 0.997871 0.998711 0.998700 
8.068453 0.998112 0.999192 0.997957 0.999192 1.000851 1.000018 0.997957 1.000018 0.998606 
8.089168 0.998252 0.999236 0.998202 0.999236 1.001299 0.999354 0.998202 0.999354 0.999555 
8.109883 0.998157 0.999300 0.998409 0.999300 1.001569 0.999706 0.998409 0.999706 0.998204 
8.130598 0.998172 0.999516 0.998625 0.999516 1.001134 1.000886 0.998625 1.000886 0.999181 
8.151313 0.998629 0.999917 0.998805 0.999917 1.002169 1.000470 0.998805 1.000470 1.000337 
8.172028 0.998637 1.000056 0.999576 1.000056 1.001864 1.001271 0.999576 1.001271 1.000297 
8.192743 0.999173 1.000638 0.999228 1.000638 1.001836 1.001645 0.999228 1.001645 0.999922 
8.213458 0.999446 1.000783 0.999714 1.000783 1.001564 1.001260 0.999714 1.001260 1.000097 
8.234172 0.999618 1.001016 0.999926 1.001016 1.001288 1.001499 0.999926 1.001499 1.001229 
8.254887 0.999860 1.001243 1.000390 1.001243 1.002014 1.001889 1.000390 1.001889 1.001486 
8.275602 1.000157 1.001271 1.000689 1.001271 1.001259 1.002153 1.000689 1.002153 1.001453 
8.296318 1.000607 1.001340 1.000967 1.001340 1.001164 1.001504 1.000967 1.001504 1.001325 
8.317032 1.000672 1.001740 1.001200 1.001740 1.001085 1.002235 1.001200 1.002235 1.002303 
8.337747 1.001064 1.001354 1.001474 1.001354 1.001172 1.002284 1.001474 1.002284 1.001703 
8.358462 1.001164 1.001578 1.001496 1.001578 1.001616 1.001338 1.001496 1.001338 1.002469 
8.379177 1.001232 1.001339 1.001758 1.001339 1.000624 1.000797 1.001758 1.000797 1.001838 
8.399891 1.001448 1.001735 1.002037 1.001735 1.000204 1.000786 1.002037 1.000786 1.002052 
8.420607 1.001665 1.001040 1.001474 1.001040 1.000386 1.001244 1.001474 1.001244 1.002379 
8.441322 1.001624 1.001232 1.001939 1.001232 0.999950 1.000658 1.001939 1.000658 1.001935 
8.462037 1.001516 1.001130 1.001592 1.001130 1.000813 1.000711 1.001592 1.000711 1.001117 
8.482751 1.001602 1.000824 1.001436 1.000824 1.000152 1.000443 1.001436 1.000443 1.001571 
8.503466 1.001416 1.000699 1.001474 1.000699 0.998758 1.000182 1.001474 1.000182 1.000637 
8.524181 1.001463 1.000226 1.001141 1.000226 1.000196 1.000238 1.001141 1.000238 1.002087 
8.544896 1.001434 1.000232 1.001184 1.000232 0.999225 0.999856 1.001184 0.999856 1.001121 
8.565611 1.001178 0.999798 1.000768 0.999798 0.999322 0.999317 1.000768 0.999317 1.000833 
8.586326 1.001135 0.999785 1.000459 0.999785 0.999146 0.999621 1.000459 0.999621 1.000526 
8.607041 1.000847 0.999390 1.000468 0.999390 0.998935 0.999513 1.000468 0.999513 1.000280 
8.627756 1.000646 0.999623 1.000038 0.999623 0.998506 0.999543 1.000038 0.999543 0.999789 
8.648470 1.000516 0.999273 1.000075 0.999273 0.999092 0.998956 1.000075 0.998956 0.999596 
8.669185 1.000306 0.999067 0.999787 0.999067 0.999278 0.998721 0.999787 0.998721 0.999587 
8.689900 0.999948 0.999066 0.999547 0.999066 0.999727 0.998437 0.999547 0.998437 0.999052 
8.710616 1.000003 0.998733 0.999187 0.998733 0.999376 0.998872 0.999187 0.998872 0.999216 
8.731330 0.999640 0.998876 0.999145 0.998876 0.999138 0.999166 0.999145 0.999166 0.999172 
8.752045 0.999471 0.998858 0.998892 0.998858 0.999780 0.998873 0.998892 0.998873 0.999093 
8.772760 0.999318 0.999009 0.999014 0.999009 0.999417 0.999151 0.999014 0.999151 0.998743 
8.793475 0.999253 0.998958 0.998768 0.998958 0.999874 0.999561 0.998768 0.999561 0.998823 
8.814189 0.999131 0.999051 0.998768 0.999051 0.999596 0.999278 0.998768 0.999278 0.998596 
8.834905 0.999129 0.999017 0.998749 0.999017 0.999686 0.999316 0.998749 0.999316 0.999278 
8.855620 0.999000 0.999280 0.998853 0.999280 1.000205 0.999199 0.998853 0.999199 0.999091 
8.876335 0.999036 0.999275 0.999100 0.999275 1.000286 0.999895 0.999100 0.999895 0.998679 
8.897049 0.999049 0.999219 0.998818 0.999219 1.001037 0.999825 0.998818 0.999825 0.999620 
8.917764 0.999018 0.999748 0.999100 0.999748 1.000398 0.999845 0.999100 0.999845 0.999200 
8.938479 0.999089 0.999784 0.998884 0.999784 1.000699 0.999961 0.998884 0.999961 1.000323 
8.959194 0.999217 1.000007 0.999390 1.000007 1.000832 1.000074 0.999390 1.000074 0.999438 
8.979909 0.999189 1.000040 0.999152 1.000040 1.001282 1.001055 0.999152 1.001055 0.999841 
9.000624 0.999521 1.000192 0.999735 1.000192 1.001163 1.000765 0.999735 1.000765 1.000191 
9.021339 0.999437 1.000360 0.999665 1.000360 1.000857 1.000786 0.999665 1.000786 1.000804 
9.042054 0.999859 1.000386 1.000127 1.000386 1.001463 1.000655 1.000127 1.000655 1.000109 
9.062768 0.999904 1.000400 1.000050 1.000400 1.001597 1.001082 1.000050 1.001082 1.000653 
9.083483 1.000195 1.000607 1.000174 1.000607 1.001241 1.001331 1.000174 1.001331 1.000979 
9.104198 1.000104 1.000541 1.000380 1.000541 1.001528 1.001105 1.000380 1.001105 1.000967 
9.124913 1.000315 1.000647 1.000377 1.000647 1.001077 1.001279 1.000377 1.001279 1.001094 
9.145628 1.000488 1.000941 1.000590 1.000941 1.000845 1.001089 1.000590 1.001089 1.001427 
9.166343 1.000527 1.000784 1.000754 1.000784 1.000941 1.000429 1.000754 1.000429 1.001062 
9.187058 1.000497 1.000914 1.000969 1.000914 1.000583 1.000905 1.000969 1.000905 1.001689 
9.207773 1.000657 1.000791 1.001037 1.000791 1.000609 1.000387 1.001037 1.000387 1.001724 
9.228487 1.000911 1.000541 1.000984 1.000541 1.000360 1.000709 1.000984 1.000709 1.001382 
9.249202 1.000985 1.000626 1.000957 1.000626 1.000762 1.000985 1.000957 1.000985 1.001375 
9.269917 1.000967 1.000592 1.000804 1.000592 0.999884 1.000781 1.000804 1.000781 1.001146 
9.290633 1.000946 1.000636 1.000962 1.000636 0.999865 1.000185 1.000962 1.000185 1.001213 
9.311347 1.000952 1.000368 1.000905 1.000368 1.000736 1.000330 1.000905 1.000330 1.000828 
9.332062 1.001007 1.000181 1.000887 1.000181 0.999748 0.999886 1.000887 0.999886 1.001177 
9.352777 1.000881 1.000220 1.000525 1.000220 0.999848 0.999901 1.000525 0.999901 1.001221 
9.373492 1.001004 1.000090 1.000480 1.000090 0.999530 1.000544 1.000480 1.000544 1.001266 
9.394207 1.000842 0.999823 1.000277 0.999823 0.999608 0.999396 1.000277 0.999396 1.000099 
9.414922 1.000622 0.999930 1.000337 0.999930 0.999542 0.999827 1.000337 0.999827 0.999784 
9.435637 1.000548 0.999859 1.000196 0.999859 0.999276 0.999966 1.000196 0.999966 1.000888 
9.456352 1.000357 0.999778 1.000075 0.999778 1.000081 0.999753 1.000075 0.999753 1.000008 
9.477067 1.000122 0.999738 0.999859 0.999738 0.999714 0.999772 0.999859 0.999772 1.000539 
9.497781 1.000172 0.999680 0.999956 0.999680 0.999905 0.999279 0.999956 0.999279 0.999520 
9.518496 1.000162 0.999282 0.999700 0.999282 0.999117 0.999869 0.999700 0.999869 0.999714 
9.539211 0.999855 0.999334 0.999772 0.999334 1.000649 0.999441 0.999772 0.999441 0.999307 
9.559927 0.999854 0.999438 0.999452 0.999438 0.999475 0.999551 0.999452 0.999551 1.000186 
9.580641 0.999754 0.999385 0.999555 0.999385 0.999912 0.999748 0.999555 0.999748 0.999562 
9.601356 0.999553 0.999305 0.999379 0.999305 0.999624 0.999708 0.999379 0.999708 0.999271 
9.622071 0.999661 0.999464 0.999491 0.999464 0.999424 0.999818 0.999491 0.999818 0.999620 
9.642786 0.999735 0.999406 0.999307 0.999406 0.999434 1.000041 0.999307 1.000041 0.999633 
9.663500 0.999382 0.999363 0.999290 0.999363 1.000542 0.999770 0.999290 0.999770 0.999150 
9.684216 0.999468 0.999366 0.999223 0.999366 0.999592 0.999613 0.999223 0.999613 1.000109 
9.704931 0.999415 0.999574 0.999534 0.999574 1.000656 0.999590 0.999534 0.999590 1.000009 
9.725646 0.999578 0.999800 0.999137 0.999800 1.000454 1.000472 0.999137 1.000472 0.999662 
9.746360 0.999554 0.999728 0.999497 0.999728 1.000504 1.000090 0.999497 1.000090 0.999869 
9.767075 0.999603 1.000026 0.999620 1.000026 1.000762 1.000372 0.999620 1.000372 0.999778 
9.787790 0.999711 0.999913 0.999471 0.999913 1.001075 1.000410 0.999471 1.000410 0.999882 
9.808505 0.999597 1.000171 0.999637 1.000171 1.001241 1.000282 0.999637 1.000282 1.000245 
9.829220 0.999780 1.000169 0.999694 1.000169 1.000431 1.000192 0.999694 1.000192 0.999673 
9.849935 0.999991 1.000145 0.999993 1.000145 1.000317 1.000510 0.999993 1.000510 1.000129 
9.870650 0.999632 1.000176 0.999996 1.000176 1.001009 1.000241 0.999996 1.000241 1.000479 
9.891365 0.999988 1.000231 1.000118 1.000231 1.000470 1.000214 1.000118 1.000214 1.000761 
9.912079 1.000051 1.000542 1.000295 1.000542 1.000393 1.000118 1.000295 1.000118 1.000378 
9.932794 1.000128 1.000370 1.000287 1.000370 1.000203 1.000315 1.000287 1.000315 1.000588 
9.953509 1.000259 1.000286 1.000448 1.000286 1.001366 1.000684 1.000448 1.000684 1.000088 
9.974224 1.000447 1.000542 1.000412 1.000542 0.999904 1.000796 1.000412 1.000796 1.000618 
9.994939 1.000487 1.000733 1.000581 1.000733 1.000710 1.000565 1.000581 1.000565 1.000286 
10.015654 1.000416 1.000456 1.000448 1.000456 1.001239 1.000470 1.000448 1.000470 1.000675 
10.036369 1.000515 1.000374 1.000516 1.000374 1.000484 1.000837 1.000516 1.000837 1.000688 
10.057084 1.000667 1.000336 1.000713 1.000336 1.000699 1.000414 1.000713 1.000414 1.000400 
10.077798 1.000415 1.000217 1.000417 1.000217 1.000203 1.000428 1.000417 1.000428 1.000848 
10.098513 1.000554 1.000379 1.000591 1.000379 0.999596 1.000083 1.000591 1.000083 1.000467 
10.119228 1.000544 1.000215 1.000518 1.000215 1.000027 1.000350 1.000518 1.000350 1.000112 
10.139944 1.000560 1.000172 1.000349 1.000172 0.999946 1.000491 1.000349 1.000491 1.000609 
10.160658 1.000578 1.000216 1.000652 1.000216 0.999839 1.000144 1.000652 1.000144 1.000787 
10.181373 1.000557 1.000157 1.000502 1.000157 1.000010 0.999860 1.000502 0.999860 1.000268 
10.202088 1.000390 0.999917 1.000551 0.999917 1.000051 0.999991 1.000551 0.999991 1.000880 
10.222803 1.000455 1.000255 1.000284 1.000255 1.000390 1.000045 1.000284 1.000045 1.000125 
10.243518 1.000279 0.999881 1.000244 0.999881 1.000388 0.999536 1.000244 0.999536 1.000449 
10.264233 1.000422 0.999701 1.000221 0.999701 0.999659 0.999709 1.000221 0.999709 0.999769 
10.284948 1.000345 0.999729 0.999996 0.999729 0.999833 0.999888 0.999996 0.999888 0.999668 
10.305663 1.000073 0.999759 1.000233 0.999759 0.999892 1.000465 1.000233 1.000465 0.999824 
10.326377 1.000087 0.999781 0.999852 0.999781 1.000391 0.999309 0.999852 0.999309 0.999832 
10.347092 1.000208 0.999636 1.000130 0.999636 1.000386 0.999850 1.000130 0.999850 0.999921 
10.367807 0.996957 0.996570 0.996748 0.996570 0.997358 0.996770 0.996748 0.996770 0.997028 
10.388522 0.991011 0.990666 0.990725 0.990666 0.991421 0.990779 0.990725 0.990779 0.990794 
10.409237 0.984995 0.984767 0.984831 0.984767 0.984821 0.985352 0.984831 0.985352 0.984828 
10.429952 0.979041 0.978774 0.978825 0.978774 0.979032 0.979403 0.978825 0.979403 0.978776 
10.450667 0.973056 0.972898 0.972727 0.972898 0.973047 0.973118 0.972727 0.973118 0.973487 
10.471382 0.967176 0.967052 0.967034 0.967052 0.967896 0.967592 0.967034 0.967592 0.967351 
10.492096 0.961469 0.961170 0.961223 0.961170 0.961960 0.961401 0.961223 0.961401 0.960600 
10.512811 0.955306 0.955625 0.955201 0.955625 0.955810 0.955508 0.955201 0.955508 0.956266 
10.533526 0.949578 0.949644 0.949393 0.949644 0.949845 0.949717 0.949393 0.949717 0.949964 
10.554242 0.943781 0.943959 0.943742 0.943959 0.944425 0.944488 0.943742 0.944488 0.944210 
10.574956 0.938120 0.938120 0.937848 0.938120 0.938490 0.938526 0.937848 0.938526 0.938525 
10.595671 0.932276 0.932598 0.932215 0.932598 0.933206 0.932514 0.932215 0.932514 0.932486 
10.616386 0.926653 0.926772 0.926565 0.926772 0.927840 0.927087 0.926565 0.927087 0.927302 
10.637101 0.921143 0.921275 0.920951 0.921275 0.921822 0.921855 0.920951 0.921855 0.921109 
10.657815 0.915396 0.915321 0.915326 0.915321 0.915566 0.915417 0.915326 0.915417 0.915580 
10.678531 0.909530 0.909940 0.909789 0.909940 0.910190 0.910410 0.909789 0.910410 0.910375 
10.699246 0.904268 0.904262 0.904285 0.904262 0.904809 0.904443 0.904285 0.904443 0.904608 
10.719961 0.898613 0.898680 0.898535 0.898680 0.898645 0.898727 0.898535 0.898727 0.899308 
10.740675 0.893068 0.893093 0.892974 0.893093 0.893907 0.893128 0.892974 0.893128 0.893464 
10.761390 0.887674 0.887515 0.887544 0.887515 0.887994 0.887951 0.887544 0.887951 0.888330 
10.782105 0.882155 0.881934 0.881985 0.881934 0.882184 0.882235 0.881985 0.882235 0.882385 
10.802820 0.876506 0.876466 0.876420 0.876466 0.876478 0.876516 0.876420 0.876516 0.876927 
10.823535 0.871104 0.871014 0.870815 0.871014 0.870748 0.871289 0.870815 0.871289 0.871483 
10.844250 0.865603 0.865506 0.865725 0.865506 0.865659 0.865409 0.865725 0.865409 0.866024 
10.864965 0.860221 0.860151 0.859982 0.860151 0.859897 0.860199 0.859982 0.860199 0.860552 
10.885680 0.854765 0.854656 0.854615 0.854656 0.854284 0.854877 0.854615 0.854877 0.854884 
10.906394 0.849454 0.849165 0.849325 0.849165 0.849335 0.848986 0.849325 0.848986 0.849378 
10.927109 0.843780 0.843758 0.843970 0.843758 0.843172 0.843930 0.843970 0.843930 0.844188 
10.947824 0.838550 0.838179 0.838410 0.838179 0.838111 0.838084 0.838410 0.838084 0.838730 
10.968539 0.833250 0.833087 0.833092 0.833087 0.832858 0.832895 0.833092 0.832895 0.833077 
10.989254 0.827866 0.827681 0.827702 0.827681 0.827994 0.827518 0.827702 0.827518 0.827231 
11.009969 0.822432 0.822181 0.822384 0.822181 0.822158 0.822683 0.822384 0.822683 0.822815 
11.030684 0.817190 0.816918 0.817125 0.816918 0.816619 0.817018 0.817125 0.817018 0.817309 
11.051399 0.811839 0.811533 0.811921 0.811533 0.811651 0.811951 0.811921 0.811951 0.811619 
11.072114 0.806535 0.806365 0.806360 0.806365 0.806748 0.806614 0.806360 0.806614 0.806715 
11.092829 0.801327 0.800910 0.801072 0.800910 0.801443 0.801423 0.801072 0.801423 0.801322 
11.113544 0.796163 0.795973 0.795846 0.795973 0.795629 0.796176 0.795846 0.796176 0.796591 
11.134259 0.790735 0.790573 0.790798 0.790573 0.790468 0.790768 0.790798 0.790768 0.790752 
11.154974 0.785521 0.785409 0.785289 0.785409 0.785403 0.785417 0.785289 0.785417 0.785358 
11.175688 0.780414 0.780209 0.780483 0.780209 0.780526 0.780571 0.780483 0.780571 0.781057 
11.196403 0.775239 0.775090 0.775303 0.775090 0.775707 0.775091 0.775303 0.775091 0.775588 
11.217118 0.770092 0.770006 0.770085 0.770006 0.770265 0.769826 0.770085 0.769826 0.770537 
11.237833 0.764905 0.764865 0.764881 0.764865 0.765191 0.765152 0.764881 0.765152 0.764998 
11.258548 0.759865 0.759868 0.759783 0.759868 0.759888 0.759735 0.759783 0.759735 0.760028 
11.279263 0.754799 0.754820 0.754577 0.754820 0.754745 0.754542 0.754577 0.754542 0.754909 
11.299978 0.749783 0.749593 0.749551 0.749593 0.749504 0.749572 0.749551 0.749572 0.749579 
11.320693 0.744702 0.744653 0.744501 0.744653 0.745042 0.744617 0.744501 0.744617 0.745411 
11.341407 0.739738 0.739610 0.739627 0.739610 0.739416 0.739738 0.739627 0.739738 0.739797 
11.362122 0.734596 0.734754 0.734464 0.734754 0.735235 0.734808 0.734464 0.734808 0.734877 
11.382837 0.729647 0.729706 0.729674 0.729706 0.730007 0.730012 0.729674 0.730012 0.729469 
11.403553 0.724754 0.724557 0.724765 0.724557 0.724691 0.724798 0.724765 0.724798 0.724859 
11.424267 0.719833 0.719816 0.719734 0.719816 0.720021 0.719957 0.719734 0.719957 0.719962 
11.444982 0.714775 0.714865 0.714837 0.714865 0.715367 0.715287 0.714837 0.715287 0.715204 
11.465697 0.710096 0.709913 0.709944 0.709913 0.710376 0.709984 0.709944 0.709984 0.710155 
11.486412 0.705068 0.705218 0.704988 0.705218 0.705393 0.705401 0.704988 0.705401 0.705233 
11.507126 0.700302 0.700342 0.700097 0.700342 0.700977 0.700566 0.700097 0.700566 0.700556 
11.527842 0.695383 0.695488 0.695285 0.695488 0.695180 0.695487 0.695285 0.695487 0.695259 
11.548557 0.690729 0.690673 0.690698 0.690673 0.690900 0.690947 0.690698 0.690947 0.690975 
11.569272 0.685762 0.685991 0.685801 0.685991 0.686056 0.685935 0.685801 0.685935 0.686339 
11.589986 0.681173 0.681044 0.681016 0.681044 0.681065 0.681277 0.681016 0.681277 0.681158 
11.610701 0.676342 0.676140 0.676255 0.676140 0.676429 0.676313 0.676255 0.676313 0.676267 
11.631416 0.671477 0.671464 0.671463 0.671464 0.671908 0.671752 0.671463 0.671752 0.672169 
11.652131 0.666847 0.666691 0.666845 0.666691 0.667030 0.666932 0.666845 0.666932 0.667092 
11.672846 0.662025 0.662005 0.662063 0.662005 0.662209 0.661817 0.662063 0.661817 0.661811 
11.693561 0.657449 0.657386 0.657361 0.657386 0.657705 0.657607 0.657361 0.657607 0.657387 
11.714276 0.652748 0.652550 0.652608 0.652550 0.652744 0.652745 0.652608 0.652745 0.652998 
11.734991 0.648048 0.647791 0.647963 0.647791 0.647644 0.647871 0.647963 0.647871 0.648450 
11.755705 0.643431 0.643112 0.643346 0.643112 0.642969 0.642963 0.643346 0.642963 0.643377 
11.776420 0.638681 0.638455 0.638635 0.638455 0.638808 0.638713 0.638635 0.638713 0.638688 
11.797135 0.634080 0.633864 0.633997 0.633864 0.634001 0.633918 0.633997 0.633918 0.634177 
11.817850 0.629482 0.629313 0.629392 0.629313 0.629181 0.629441 0.629392 0.629441 0.629480 
11.838565 0.624893 0.624745 0.624843 0.624745 0.624742 0.625049 0.624843 0.625049 0.625254 
11.859280 0.620327 0.620053 0.620174 0.620053 0.619669 0.620326 0.620174 0.620326 0.620302 
11.879995 0.615655 0.615481 0.615449 0.615481 0.615900 0.615626 0.615449 0.615626 0.615766 
11.900710 0.611077 0.610933 0.611096 0.610933 0.610819 0.610815 0.611096 0.610815 0.611546 
11.921424 0.606409 0.606504 0.606461 0.606504 0.606463 0.606318 0.606461 0.606318 0.606545 
11.942140 0.602012 0.601973 0.601906 0.601973 0.601911 0.601792 0.601906 0.601792 0.601854 
11.962855 0.597483 0.597436 0.597442 0.597436 0.597743 0.597704 0.597442 0.597704 0.597247 
11.983570 0.593038 0.592984 0.593001 0.592984 0.593370 0.593086 0.593001 0.593086 0.593265 
12.004284 0.588525 0.588411 0.588306 0.588411 0.588211 0.588870 0.588306 0.588870 0.588976 
12.024999 0.583912 0.583956 0.584015 0.583956 0.584084 0.583804 0.584015 0.583804 0.583919 
12.045714 0.579559 0.579542 0.579341 0.579542 0.579598 0.579251 0.579341 0.579251 0.579595 
12.066429 0.575196 0.574885 0.575048 0.574885 0.575026 0.575114 0.575048 0.575114 0.575101 
12.087144 0.570669 0.570769 0.570597 0.570769 0.570299 0.570708 0.570597 0.570708 0.570720 
12.107859 0.566320 0.566191 0.566109 0.566191 0.566365 0.566261 0.566109 0.566261 0.566451 
12.128574 0.561891 0.561893 0.561826 0.561893 0.562067 0.561817 0.561826 0.561817 0.562147 
12.149289 0.557592 0.557479 0.557446 0.557479 0.557319 0.557501 0.557446 0.557501 0.557485 
12.170003 0.553143 0.553215 0.553097 0.553215 0.553214 0.553224 0.553097 0.553224 0.553533 
12.190718 0.548808 0.548785 0.548896 0.548785 0.548794 0.548960 0.548896 0.548960 0.549278 
12.211433 0.544516 0.544563 0.544505 0.544563 0.544505 0.544693 0.544505 0.544693 0.544720 
12.232148 0.540211 0.540247 0.540039 0.540247 0.539981 0.540209 0.540039 0.540209 0.540851 
12.252863 0.535942 0.535981 0.535881 0.535981 0.535992 0.535736 0.535881 0.535736 0.536264 
12.273578 0.531610 0.531733 0.531691 0.531733 0.531437 0.531484 0.531691 0.531484 0.532003 
12.294293 0.527301 0.527474 0.527332 0.527474 0.527561 0.527407 0.527332 0.527407 0.527881 
12.315008 0.523125 0.523062 0.523221 0.523062 0.523319 0.523154 0.523221 0.523154 0.523552 
12.335722 0.518910 0.518859 0.518884 0.518859 0.519091 0.519438 0.518884 0.519438 0.519070 
12.356437 0.514715 0.514711 0.514663 0.514711 0.515008 0.514808 0.514663 0.514808 0.514622 
12.377152 0.510508 0.510531 0.510394 0.510531 0.510496 0.510391 0.510394 0.510391 0.510840 
12.397868 0.506294 0.506211 0.506186 0.506211 0.506412 0.506261 0.506186 0.506261 0.506397 
12.418582 0.502214 0.502246 0.502173 0.502246 0.502171 0.502110 0.502173 0.502110 0.502070 
12.439297 0.497958 0.498032 0.497934 0.498032 0.498010 0.498015 0.497934 0.498015 0.498100 
12.460012 0.493913 0.493722 0.493792 0.493722 0.493749 0.493737 0.493792 0.493737 0.493919 
12.480727 0.489682 0.489753 0.489668 0.489753 0.489802 0.489643 0.489668 0.489643 0.489990 
12.501441 0.485645 0.485513 0.485578 0.485513 0.485750 0.485602 0.485578 0.485602 0.485753 
12.522157 0.481435 0.481349 0.481370 0.481349 0.481487 0.481558 0.481370 0.481558 0.481687 
12.542872 0.477416 0.477304 0.477410 0.477304 0.477458 0.477254 0.477410 0.477254 0.477505 
12.563587 0.473294 0.473299 0.473119 0.473299 0.473263 0.473027 0.473119 0.473027 0.473076 
12.584301 0.469214 0.469270 0.469244 0.469270 0.469241 0.469188 0.469244 0.469188 0.469252 
12.605016 0.465199 0.465083 0.465155 0.465083 0.465231 0.464967 0.465155 0.464967 0.465116 
12.625731 0.461138 0.460988 0.461130 0.460988 0.461301 0.461049 0.461130 0.461049 0.461185 
12.646446 0.457112 0.456941 0.457087 0.456941 0.457382 0.457233 0.457087 0.457233 0.457250 
12.667161 0.453141 0.452934 0.453035 0.452934 0.453216 0.453198 0.453035 0.453198 0.453098 
12.687876 0.449086 0.448897 0.449102 0.448897 0.449289 0.449030 0.449102 0.449030 0.448822 
12.708591 0.445038 0.444895 0.445094 0.444895 0.445429 0.445193 0.445094 0.445193 0.445065 
12.729306 0.441113 0.440977 0.441181 0.440977 0.441382 0.440915 0.441181 0.440915 0.441353 
12.750021 0.437103 0.436884 0.436981 0.436884 0.437143 0.437042 0.436981 0.437042 0.437368 
12.770735 0.433193 0.433150 0.433211 0.433150 0.433244 0.433150 0.433211 0.433150 0.433128 
12.791451 0.429302 0.429050 0.429216 0.429050 0.429233 0.429154 0.429216 0.429154 0.428979 
12.812166 0.425268 0.425150 0.425120 0.425150 0.425362 0.425260 0.425120 0.425260 0.425304 
12.832880 0.421397 0.421265 0.421262 0.421265 0.421575 0.421427 0.421262 0.421427 0.421290 
12.853595 0.417533 0.417377 0.417408 0.417377 0.417638 0.417334 0.417408 0.417334 0.417657 
12.874310 0.413550 0.413483 0.413425 0.413483 0.413472 0.413607 0.413425 0.413607 0.413707 
12.895025 0.409710 0.409574 0.409579 0.409574 0.409752 0.409562 0.409579 0.409562 0.409638 
12.915740 0.405756 0.405841 0.405760 0.405841 0.405776 0.405957 0.405760 0.405957 0.405761 
12.936455 0.401902 0.401791 0.401854 0.401791 0.402092 0.402034 0.401854 0.402034 0.401963 
12.957170 0.398102 0.398063 0.398213 0.398063 0.398359 0.398160 0.398213 0.398160 0.398484 
12.977885 0.394245 0.394272 0.394269 0.394272 0.394292 0.394155 0.394269 0.394155 0.394230 
12.998600 0.390481 0.390462 0.390449 0.390462 0.390429 0.390458 0.390449 0.390458 0.390718 
13.019314 0.386636 0.386719 0.386510 0.386719 0.386499 0.386589 0.386510 0.386589 0.386627 
13.040029 0.382874 0.382853 0.382697 0.382853 0.382855 0.382774 0.382697 0.382774 0.383180 
13.060744 0.378985 0.379042 0.378988 0.379042 0.378702 0.379139 0.378988 0.379139 0.379080 
13.081459 0.375287 0.375368 0.375291 0.375368 0.375514 0.375394 0.375291 0.375394 0.375470 
13.102174 0.371576 0.371551 0.371512 0.371551 0.371807 0.371448 0.371512 0.371448 0.371657 
13.122889 0.367812 0.367830 0.367791 0.367830 0.367848 0.367859 0.367791 0.367859 0.367708 
13.143604 0.364012 0.364107 0.364018 0.364107 0.363970 0.364230 0.364018 0.364230 0.364029 
13.164319 0.360348 0.360297 0.360418 0.360297 0.360190 0.360446 0.360418 0.360446 0.360345 
13.185033 0.356654 0.356698 0.356799 0.356698 0.356741 0.356772 0.356799 0.356772 0.356914 
13.205748 0.353010 0.353085 0.352896 0.353085 0.352850 0.352991 0.352896 0.352991 0.352962 
13.226463 0.349278 0.349281 0.349335 0.349281 0.349364 0.349109 0.349335 0.349109 0.349321 
13.247179 0.345622 0.345622 0.345529 0.345622 0.345527 0.345584 0.345529 0.345584 0.345837 
13.267893 0.341905 0.341957 0.341948 0.341957 0.342145 0.342106 0.341948 0.342106 0.341917 
13.288608 0.338303 0.338257 0.338211 0.338257 0.338379 0.338158 0.338211 0.338158 0.338316 
13.309323 0.334691 0.334617 0.334622 0.334617 0.334734 0.334672 0.334622 0.334672 0.334799 
13.330038 0.331082 0.331048 0.330956 0.331048 0.331146 0.330993 0.330956 0.330993 0.330973 
13.350752 0.327424 0.327433 0.327401 0.327433 0.327459 0.327514 0.327401 0.327514 0.327756 
13.371468 0.323798 0.323820 0.323868 0.323820 0.323807 0.323719 0.323868 0.323719 0.323920 
13.392183 0.320247 0.320217 0.320239 0.320217 0.320209 0.320054 0.320239 0.320054 0.320485 
13.412898 0.316649 0.316608 0.316631 0.316608 0.316628 0.316844 0.316631 0.316844 0.316497 
13.433612 0.313115 0.312981 0.313098 0.312981 0.313222 0.312989 0.313098 0.312989 0.312994 
13.454327 0.309563 0.309400 0.309525 0.309400 0.309606 0.309379 0.309525 0.309379 0.309661 
13.475042 0.305968 0.305930 0.305886 0.305930 0.306003 0.305961 0.305886 0.305961 0.306116 
13.495757 0.302392 0.302416 0.302437 0.302416 0.302374 0.302480 0.302437 0.302480 0.302501 
13.516472 0.298934 0.298834 0.298897 0.298834 0.299147 0.298881 0.298897 0.298881 0.299144 
13.537187 0.295418 0.295293 0.295388 0.295293 0.295375 0.295478 0.295388 0.295478 0.295315 
13.557902 0.291810 0.291826 0.291895 0.291826 0.291937 0.291793 0.291895 0.291793 0.292036 
13.578617 0.288420 0.288368 0.288313 0.288368 0.288206 0.288432 0.288313 0.288432 0.288625 
13.599331 0.284946 0.284804 0.284868 0.284804 0.285127 0.284913 0.284868 0.284913 0.284913 
13.620046 0.281447 0.281365 0.281346 0.281365 0.281183 0.281446 0.281346 0.281446 0.281389 
13.640761 0.277909 0.277814 0.277868 0.277814 0.278072 0.277951 0.277868 0.277951 0.277772 
13.661477 0.274496 0.274481 0.274466 0.274481 0.274424 0.274506 0.274466 0.274506 0.274504 
13.682191 0.271069 0.271016 0.271026 0.271016 0.271150 0.271025 0.271026 0.271025 0.271078 
13.702906 0.267625 0.267635 0.267608 0.267635 0.267599 0.267542 0.267608 0.267542 0.267622 
13.723621 0.264192 0.264131 0.264154 0.264131 0.264262 0.264174 0.264154 0.264174 0.264185 
13.744336 0.260789 0.260630 0.260669 0.260630 0.260955 0.260719 0.260669 0.260719 0.261060 
13.765050 0.257440 0.257316 0.257309 0.257316 0.257226 0.257442 0.257309 0.257442 0.257393 
13.785766 0.253969 0.253923 0.253902 0.253923 0.254061 0.254132 0.253902 0.254132 0.254044 
13.806481 0.250554 0.250431 0.250620 0.250431 0.250651 0.250535 0.250620 0.250535 0.250597 
13.827196 0.247212 0.247280 0.247165 0.247280 0.247157 0.247134 0.247165 0.247134 0.247218 
13.847910 0.243841 0.243836 0.243830 0.243836 0.244083 0.243837 0.243830 0.243837 0.243798 
13.868625 0.240492 0.240429 0.240380 0.240429 0.240794 0.240835 0.240380 0.240835 0.240364 
13.889340 0.237172 0.237171 0.237109 0.237171 0.237191 0.237211 0.237109 0.237211 0.237142 
13.910055 0.233848 0.233806 0.233799 0.233806 0.233865 0.233788 0.233799 0.233788 0.233863 
13.930770 0.230414 0.230473 0.230507 0.230473 0.230643 0.230562 0.230507 0.230562 0.230560 
13.951485 0.227209 0.227213 0.227237 0.227213 0.227197 0.227097 0.227237 0.227097 0.227197 
13.972200 0.223878 0.223833 0.223844 0.223833 0.223998 0.223957 0.223844 0.223957 0.223880 
13.992915 0.220542 0.220617 0.220513 0.220617 0.220622 0.220704 0.220513 0.220704 0.220457 
14.013629 0.217308 0.217272 0.217298 0.217272 0.217478 0.217325 0.217298 0.217325 0.217206 
14.034344 0.213987 0.213980 0.214065 0.213980 0.214229 0.214084 0.214065 0.214084 0.214011 
14.055059 0.210780 0.210750 0.210754 0.210750 0.210967 0.210788 0.210754 0.210788 0.210777 
14.075774 0.207502 0.207505 0.207521 0.207505 0.207591 0.207543 0.207521 0.207543 0.207663 
14.096489 0.204289 0.204293 0.204313 0.204293 0.204297 0.204138 0.204313 0.204138 0.204355 
14.117204 0.201043 0.200971 0.201057 0.200971 0.200865 0.200985 0.201057 0.200985 0.200868 
14.137919 0.197822 0.197786 0.197896 0.197786 0.198011 0.197799 0.197896 0.197799 0.197760 
14.158634 0.194653 0.194563 0.194554 0.194563 0.194623 0.194433 0.194554 0.194433 0.194609 
14.179348 0.191441 0.191410 0.191391 0.191410 0.191462 0.191286 0.191391 0.191286 0.191607 
14.200063 0.188166 0.188222 0.188263 0.188222 0.188172 0.188204 0.188263 0.188204 0.188141 
14.220778 0.185010 0.185030 0.185079 0.185030 0.185174 0.185027 0.185079 0.185027 0.185048 
14.241494 0.181822 0.181806 0.181845 0.181806 0.181924 0.181862 0.181845 0.181862 0.181840 
14.262208 0.178696 0.178672 0.178657 0.178672 0.178750 0.178588 0.178657 0.178588 0.178757 
14.282923 0.175522 0.175534 0.175462 0.175534 0.175637 0.175524 0.175462 0.175524 0.175648 
14.303638 0.172346 0.172390 0.172320 0.172390 0.172452 0.172419 0.172320 0.172419 0.172487 
14.324353 0.169203 0.169191 0.169196 0.169191 0.169161 0.169211 0.169196 0.169211 0.169504 
14.345068 0.166128 0.166060 0.166099 0.166060 0.165872 0.166072 0.166099 0.166072 0.165999 
14.365783 0.162941 0.162951 0.162997 0.162951 0.162997 0.162959 0.162997 0.162959 0.163124 
14.386498 0.159861 0.159778 0.159843 0.159778 0.159800 0.159814 0.159843 0.159814 0.159955 
14.407213 0.156715 0.156742 0.156729 0.156742 0.156812 0.156788 0.156729 0.156788 0.156848 
14.427927 0.153672 0.153637 0.153634 0.153637 0.153772 0.153769 0.153634 0.153769 0.153633 
14.448642 0.150588 0.150553 0.150559 0.150553 0.150741 0.150566 0.150559 0.150566 0.150660 
14.469357 0.147475 0.147420 0.147443 0.147420 0.147441 0.147517 0.147443 0.147517 0.147512 
14.490072 0.144451 0.144316 0.144356 0.144316 0.144330 0.144413 0.144356 0.144413 0.144437 
14.510787 0.141386 0.141348 0.141303 0.141348 0.141287 0.141359 0.141303 0.141359 0.141317 
14.531502 0.138276 0.138237 0.138277 0.138237 0.138336 0.138230 0.138277 0.138230 0.138512 
14.552217 0.135244 0.135203 0.135156 0.135203 0.135188 0.135231 0.135156 0.135231 0.135177 
14.572932 0.132198 0.132200 0.132203 0.132200 0.132100 0.132336 0.132203 0.132336 0.132305 
14.593647 0.129157 0.129146 0.129184 0.129146 0.129309 0.129216 0.129184 0.129216 0.129104 
14.614361 0.126163 0.126182 0.126191 0.126182 0.126267 0.126200 0.126191 0.126200 0.126187 
14.635077 0.123124 0.123111 0.123109 0.123111 0.123157 0.123196 0.123109 0.123196 0.123187 
14.655792 0.120225 0.120200 0.120175 0.120200 0.120191 0.120166 0.120175 0.120166 0.120161 
14.676507 0.117482 0.117454 0.117423 0.117454 0.117394 0.117520 0.117423 0.117520 0.117483 
14.697221 0.114923 0.114851 0.114884 0.114851 0.114803 0.114990 0.114884 0.114990 0.114764 
14.717936 0.112397 0.112356 0.112389 0.112356 0.112384 0.112399 0.112389 0.112399 0.112447 
14.738651 0.109940 0.110003 0.109923 0.110003 0.110032 0.109972 0.109923 0.109972 0.109855 
14.759366 0.107621 0.107690 0.107565 0.107690 0.107696 0.107663 0.107565 0.107663 0.107671 
14.780081 0.105383 0.105367 0.105359 0.105367 0.105252 0.105402 0.105359 0.105402 0.105333 
14.800796 0.103188 0.103122 0.103129 0.103122 0.103043 0.103150 0.103129 0.103150 0.103133 
14.821511 0.101014 0.101002 0.100988 0.101002 0.101017 0.101036 0.100988 0.101036 0.101087 
14.842226 0.098920 0.098843 0.098869 0.098843 0.098839 0.098875 0.098869 0.098875 0.099000 
14.862940 0.096826 0.096855 0.096795 0.096855 0.096728 0.096871 0.096795 0.096871 0.096847 
14.883655 0.094843 0.094840 0.094850 0.094840 0.094834 0.094835 0.094850 0.094835 0.094966 
14.904370 0.092887 0.092902 0.092865 0.092902 0.092749 0.092851 0.092865 0.092851 0.092959 
14.925085 0.090935 0.090960 0.090959 0.090960 0.090911 0.090956 0.090959 0.090956 0.091075 
14.945800 0.089104 0.089083 0.089110 0.089083 0.089110 0.089148 0.089110 0.089148 0.089139 
14.966515 0.087257 0.087220 0.087278 0.087220 0.087254 0.087268 0.087278 0.087268 0.087266 
14.987230 0.085434 0.085419 0.085475 0.085419 0.085485 0.085393 0.085475 0.085393 0.085474 
15.007945 0.083675 0.083668 0.083712 0.083668 0.083688 0.083708 0.083712 0.083708 0.083756 
15.028659 0.081958 0.081969 0.082020 0.081969 0.082014 0.081948 0.082020 0.081948 0.082016 
15.049374 0.080282 0.080275 0.080282 0.080275 0.080243 0.080205 0.080282 0.080205 0.080271 
15.070089 0.078619 0.078627 0.078582 0.078627 0.078705 0.078657 0.078582 0.078657 0.078512 
15.090805 0.076987 0.076960 0.077010 0.076960 0.077013 0.077003 0.077010 0.077003 0.077021 
15.111519 0.075391 0.075384 0.075425 0.075384 0.075347 0.075460 0.075425 0.075460 0.075364 
15.132234 0.073794 0.073824 0.073808 0.073824 0.073862 0.073869 0.073808 0.073869 0.073805 
15.152949 0.072275 0.072265 0.072275 0.072265 0.072221 0.072343 0.072275 0.072343 0.072200 
15.173664 0.070767 0.070759 0.070744 0.070759 0.070770 0.070735 0.070744 0.070735 0.070764 
15.194379 0.069310 0.069297 0.069271 0.069297 0.069272 0.069312 0.069271 0.069312 0.069188 
15.215094 0.067837 0.067821 0.067795 0.067821 0.067749 0.067870 0.067795 0.067870 0.067875 
15.235809 0.066412 0.066392 0.066404 0.066392 0.066408 0.066396 0.066404 0.066396 0.066552 
15.256524 0.064999 0.064969 0.065034 0.064969 0.064966 0.064955 0.065034 0.064955 0.065003 
15.277238 0.063596 0.063619 0.063614 0.063619 0.063704 0.063564 0.063614 0.063564 0.063651 
15.297953 0.062286 0.062266 0.062234 0.062266 0.062290 0.062274 0.062234 0.062274 0.062298 
15.318668 0.060945 0.060938 0.060945 0.060938 0.060918 0.060932 0.060945 0.060932 0.060982 
15.339383 0.059641 0.059629 0.059629 0.059629 0.059644 0.059616 0.059629 0.059616 0.059593 
15.360098 0.058365 0.058344 0.058353 0.058344 0.058476 0.058307 0.058353 0.058307 0.058359 
15.380813 0.057103 0.057104 0.057099 0.057104 0.057127 0.057123 0.057099 0.057123 0.057044 
15.401528 0.055825 0.055854 0.055826 0.055854 0.055878 0.055834 0.055826 0.055834 0.055795 
15.422243 0.054625 0.054635 0.054643 0.054635 0.054622 0.054668 0.054643 0.054668 0.054546 
15.442957 0.053446 0.053427 0.053390 0.053427 0.053463 0.053479 0.053390 0.053479 0.053432 
15.463672 0.052274 0.052280 0.052272 0.052280 0.052275 0.052330 0.052272 0.052330 0.052266 
15.484387 0.051113 0.051095 0.051095 0.051095 0.051078 0.051120 0.051095 0.051120 0.051117 
15.505103 0.049991 0.049968 0.050003 0.049968 0.049979 0.049975 0.050003 0.049975 0.050050 
15.525817 0.048895 0.048874 0.048870 0.048874 0.048900 0.048803 0.048870 0.048803 0.048893 
15.546532 0.047794 0.047806 0.047761 0.047806 0.047858 0.047777 0.047761 0.047777 0.047845 
15.567247 0.046712 0.046709 0.046705 0.046709 0.046679 0.046734 0.046705 0.046734 0.046682 
15.587962 0.045657 0.045647 0.045667 0.045647 0.045710 0.045656 0.045667 0.045656 0.045667 
15.608676 0.044637 0.044607 0.044627 0.044607 0.044620 0.044677 0.044627 0.044677 0.044579 
15.629392 0.043617 0.043576 0.043598 0.043576 0.043588 0.043658 0.043598 0.043658 0.043611 
15.650107 0.042613 0.042598 0.042606 0.042598 0.042562 0.042617 0.042606 0.042617 0.042664 
15.670822 0.041598 0.041621 0.041598 0.041621 0.041579 0.041645 0.041598 0.041645 0.041582 
15.691536 0.040654 0.040657 0.040653 0.040657 0.040725 0.040674 0.040653 0.040674 0.040655 
15.712251 0.039710 0.039694 0.039698 0.039694 0.039667 0.039720 0.039698 0.039720 0.039832 
15.732966 0.038769 0.038756 0.038764 0.038756 0.038823 0.038781 0.038764 0.038781 0.038761 
15.753681 0.037855 0.037853 0.037891 0.037853 0.037907 0.037869 0.037891 0.037869 0.037829 
15.774396 0.036958 0.036966 0.036962 0.036966 0.036952 0.036989 0.036962 0.036989 0.036989 
15.795111 0.036073 0.036057 0.036061 0.036057 0.036047 0.036051 0.036061 0.036051 0.036112 
15.815826 0.035228 0.035204 0.035241 0.035204 0.035214 0.035180 0.035241 0.035180 0.035223 
15.836541 0.034376 0.034359 0.034346 0.034359 0.034285 0.034375 0.034346 0.034375 0.034347 
15.857255 0.033506 0.033507 0.033485 0.033507 0.033525 0.033517 0.033485 0.033517 0.033550 
15.877970 0.032683 0.032694 0.032708 0.032694 0.032646 0.032698 0.032708 0.032698 0.032729 
15.898685 0.031885 0.031872 0.031879 0.031872 0.031906 0.031830 0.031879 0.031830 0.031841 
15.919400 0.031084 0.031087 0.031078 0.031087 0.031099 0.031101 0.031078 0.031101 0.031168 
15.940115 0.030311 0.030312 0.030313 0.030312 0.030327 0.030315 0.030313 0.030315 0.030294 
15.960830 0.029531 0.029522 0.029523 0.029522 0.029498 0.029527 0.029523 0.029527 0.029501 
15.981545 0.028776 0.028791 0.028774 0.028791 0.028776 0.028774 0.028774 0.028774 0.028821 
16.002260 0.028025 0.028042 0.028029 0.028042 0.028084 0.028047 0.028029 0.028047 0.028064 
16.022975 0.027321 0.027316 0.027317 0.027316 0.027320 0.027314 0.027317 0.027314 0.027341 
16.043690 0.026617 0.026611 0.026615 0.026611 0.026593 0.026578 0.026615 0.026578 0.026622 
16.064404 0.025916 0.025903 0.025914 0.025903 0.025911 0.025947 0.025914 0.025947 0.025920 
16.085119 0.025222 0.025213 0.025222 0.025213 0.025163 0.025243 0.025222 0.025243 0.025247 
16.105834 0.024539 0.024534 0.024534 0.024534 0.024521 0.024538 0.024534 0.024538 0.024576 
16.126550 0.023887 0.023886 0.023887 0.023886 0.023934 0.023885 0.023887 0.023885 0.023865 
16.147264 0.023226 0.023230 0.023221 0.023230 0.023241 0.023238 0.023221 0.023238 0.023220 
16.167979 0.022593 0.022598 0.022598 0.022598 0.022579 0.022584 0.022598 0.022584 0.022607 
16.188694 0.021970 0.021972 0.021959 0.021972 0.021951 0.021948 0.021959 0.021948 0.022004 
16.209409 0.021360 0.021369 0.021359 0.021369 0.021346 0.021356 0.021359 0.021356 0.021357 
16.230124 0.020757 0.020766 0.020755 0.020766 0.020718 0.020742 0.020755 0.020742 0.020771 
16.250838 0.020161 0.020159 0.020144 0.020159 0.020152 0.020143 0.020144 0.020143 0.020223 
16.271554 0.019572 0.019594 0.019589 0.019594 0.019584 0.019546 0.019589 0.019546 0.019624 
16.292269 0.019014 0.019023 0.019007 0.019023 0.018988 0.019000 0.019007 0.019000 0.019054 
16.312984 0.018466 0.018447 0.018445 0.018447 0.018453 0.018453 0.018445 0.018453 0.018459 
16.333698 0.017917 0.017909 0.017895 0.017909 0.017938 0.017942 0.017895 0.017942 0.017886 
16.354413 0.017375 0.017375 0.017367 0.017375 0.017410 0.017350 0.017367 0.017350 0.017373 
16.375128 0.016847 0.016862 0.016854 0.016862 0.016871 0.016855 0.016854 0.016855 0.016838 
16.395843 0.016341 0.016338 0.016344 0.016338 0.016322 0.016331 0.016344 0.016331 0.016296 
16.416558 0.015827 0.015814 0.015824 0.015814 0.015791 0.015805 0.015824 0.015805 0.015840 
16.437273 0.015329 0.015346 0.015338 0.015346 0.015328 0.015352 0.015338 0.015352 0.015324 
16.457988 0.014852 0.014838 0.014854 0.014838 0.014856 0.014844 0.014854 0.014844 0.014849 
16.478703 0.014370 0.014370 0.014373 0.014370 0.014398 0.014395 0.014373 0.014395 0.014376 
16.499417 0.013914 0.013925 0.013915 0.013925 0.013907 0.013908 0.013915 0.013908 0.013916 
16.520132 0.013460 0.013454 0.013444 0.013454 0.013451 0.013482 0.013444 0.013482 0.013433 
16.540847 0.013014 0.013005 0.013011 0.013005 0.012964 0.012995 0.013011 0.012995 0.013025 
16.561563 0.012577 0.012577 0.012586 0.012577 0.012567 0.012596 0.012586 0.012596 0.012600 
16.582277 0.012153 0.012147 0.012151 0.012147 0.012123 0.012178 0.012151 0.012178 0.012137 
16.602992 0.011725 0.011739 0.011732 0.011739 0.011743 0.011748 0.011732 0.011748 0.011656 
16.623707 0.011331 0.011320 0.011326 0.011320 0.011330 0.011320 0.011326 0.011320 0.011317 
16.644422 0.010930 0.010913 0.010930 0.010913 0.010907 0.010949 0.010930 0.010949 0.010895 
16.665136 0.010538 0.010533 0.010533 0.010533 0.010549 0.010549 0.010533 0.010549 0.010525 
16.685851 0.010146 0.010147 0.010147 0.010147 0.010156 0.010164 0.010147 0.010164 0.010181 
16.706567 0.009780 0.009772 0.009786 0.009772 0.009758 0.009770 0.009786 0.009770 0.009768 
16.727282 0.009425 0.009412 0.009420 0.009412 0.009392 0.009392 0.009420 0.009392 0.009423 
16.747996 0.009058 0.009062 0.009066 0.009062 0.009046 0.009063 0.009066 0.009063 0.009046 
16.768711 0.008710 0.008715 0.008707 0.008715 0.008737 0.008710 0.008707 0.008710 0.008741 
16.789426 0.008368 0.008366 0.008376 0.008366 0.008373 0.008386 0.008376 0.008386 0.008326 
16.810141 0.008040 0.008034 0.008045 0.008034 0.008074 0.008034 0.008045 0.008034 0.008031 
16.830855 0.007718 0.007721 0.007713 0.007721 0.007731 0.007724 0.007713 0.007724 0.007740 
16.851571 0.007397 0.007396 0.007404 0.007396 0.007434 0.007406 0.007404 0.007406 0.007417 
16.872286 0.007092 0.007096 0.007106 0.007096 0.007099 0.007093 0.007106 0.007093 0.007079 
16.893001 0.006793 0.006786 0.006791 0.006786 0.006793 0.006795 0.006791 0.006795 0.006814 
16.913715 0.006495 0.006499 0.006509 0.006499 0.006501 0.006500 0.006509 0.006500 0.006490 
16.934430 0.006216 0.006211 0.006204 0.006211 0.006198 0.006204 0.006204 0.006204 0.006205 
16.955145 0.005947 0.005943 0.005943 0.005943 0.005970 0.005927 0.005943 0.005927 0.005935 
16.975860 0.005670 0.005660 0.005672 0.005660 0.005658 0.005668 0.005672 0.005668 0.005667 
16.996575 0.005412 0.005415 0.005401 0.005415 0.005426 0.005435 0.005401 0.005435 0.005391 
17.017290 0.005151 0.005155 0.005149 0.005155 0.005170 0.005175 0.005149 0.005175 0.005120 
17.038005 0.004904 0.004901 0.004903 0.004901 0.004905 0.004902 0.004903 0.004902 0.004886 
17.058720 0.004657 0.004659 0.004656 0.004659 0.004671 0.004682 0.004656 0.004682 0.004665 
17.079434 0.004434 0.004424 0.004424 0.004424 0.004393 0.004435 0.004424 0.004435 0.004429 
17.100149 0.004204 0.004209 0.004197 0.004209 0.004211 0.004212 0.004197 0.004212 0.004185 
17.120864 0.003974 0.003973 0.003986 0.003973 0.003970 0.003994 0.003986 0.003994 0.003978 
17.141580 0.003765 0.003771 0.003769 0.003771 0.003759 0.003768 0.003769 0.003768 0.003782 
17.162294 0.003562 0.003562 0.003560 0.003562 0.003560 0.003544 0.003560 0.003544 0.003584 
17.183009 0.003365 0.003358 0.003362 0.003358 0.003364 0.003356 0.003362 0.003356 0.003369 
17.203724 0.003166 0.003167 0.003165 0.003167 0.003170 0.003175 0.003165 0.003175 0.003163 
17.224439 0.002979 0.002983 0.002978 0.002983 0.002974 0.002976 0.002978 0.002976 0.002978 
17.245154 0.002801 0.002798 0.002804 0.002798 0.002790 0.002801 0.002804 0.002801 0.002799 
17.265869 0.002628 0.002625 0.002628 0.002625 0.002637 0.002626 0.002628 0.002626 0.002613 
17.286584 0.002457 0.002452 0.002448 0.002452 0.002431 0.002457 0.002448 0.002457 0.002452 
17.307299 0.002295 0.002298 0.002292 0.002298 0.002289 0.002293 0.002292 0.002293 0.002300 
17.328013 0.002138 0.002141 0.002138 0.002141 0.002152 0.002133 0.002138 0.002133 0.002137 
17.348728 0.001989 0.001989 0.001986 0.001989 0.001987 0.001994 0.001986 0.001994 0.001990 
17.369443 0.001845 0.001842 0.001852 0.001842 0.001825 0.001835 0.001852 0.001835 0.001853 
17.390159 0.001706 0.001711 0.001707 0.001711 0.001704 0.001695 0.001707 0.001695 0.001720 
17.410873 0.001572 0.001568 0.001575 0.001568 0.001579 0.001576 0.001575 0.001576 0.001569 
17.431588 0.001449 0.001447 0.001450 0.001447 0.001453 0.001442 0.001450 0.001442 0.001434 
17.452303 0.001331 0.001327 0.001327 0.001327 0.001317 0.001336 0.001327 0.001336 0.001333 
17.473018 0.001212 0.001213 0.001211 0.001213 0.001207 0.001210 0.001211 0.001210 0.001204 
17.493732 0.001104 0.001103 0.001104 0.001103 0.001113 0.001097 0.001104 0.001097 0.001108 
17.514447 0.000999 0.001003 0.001003 0.001003 0.001001 0.000997 0.001003 0.000997 0.001002 
17.535163 0.000900 0.000902 0.000906 0.000902 0.000901 0.000894 0.000906 0.000894 0.000908 
17.555878 0.000806 0.000810 0.000804 0.000810 0.000819 0.000805 0.000804 0.000805 0.000806 
17.576592 0.000721 0.000720 0.000725 0.000720 0.000721 0.000716 0.000725 0.000716 0.000719 
17.597307 0.000637 0.000639 0.000641 0.000639 0.000636 0.000640 0.000641 0.000640 0.000632 
17.618022 0.000563 0.000561 0.000562 0.000561 0.000567 0.000566 0.000562 0.000566 0.000555 
17.638737 0.000490 0.000490 0.000490 0.000490 0.000489 0.000492 0.000490 0.000492 0.000488 
17.659451 0.000423 0.000421 0.000424 0.000421 0.000424 0.000423 0.000424 0.000423 0.000426 
17.680167 0.000362 0.000361 0.000360 0.000361 0.000363 0.000360 0.000360 0.000360 0.000369 
17.700882 0.000305 0.000307 0.000305 0.000307 0.000310 0.000305 0.000305 0.000305 0.000304 
17.721597 0.000253 0.000254 0.000253 0.000254 0.000247 0.000258 0.000253 0.000258 0.000258 
17.742311 0.000206 0.000208 0.000207 0.000208 0.000204 0.000209 0.000207 0.000209 0.000203 
17.763026 0.000165 0.000166 0.000165 0.000166 0.000166 0.000168 0.000165 0.000168 0.000165 
17.783741 0.000129 0.000129 0.000128 0.000129 0.000128 0.000128 0.000128 0.000128 0.000129 
17.804456 0.000096 0.000096 0.000095 0.000096 0.000102 0.000098 0.000095 0.000098 0.000100 
17.825171 0.000068 0.000069 0.000069 0.000069 0.000070 0.000069 0.000069 0.000069 0.000070 
17.845886 0.000046 0.000046 0.000046 0.000046 0.000044 0.000047 0.000046 0.000047 0.000049 
17.866601 0.000028 0.000028 0.000028 0.000028 0.000029 0.000028 0.000028 0.000028 0.000027 
17.887316 0.000014 0.000014 0.000014 0.000014 0.000013 0.000014 0.000014 0.000014 0.000013 
17.908031 0.000005 0.000005 0.000005 0.000005 0.000005 0.000005 0.000005 0.000005 0.000005 
17.928745 0.000001 0.000001 0.000001 0.000001 0.000001 0.000001 0.000001 0.000001 0.000001 
17.949460 0.000000 0.000000 0.000000 0.000000 0.000000 0.000000 0.000000 0.000000 0.000000 
17.970176 0.000000 0.000000 0.000000 0.000000 0.000000 0.000000 0.000000 0.000000 0.000000 
17.990891 0.000000 0.000000 0.000000 0.000000 0.000000 0.000000 0.000000 0.000000 0.000000 
18.011605 0.000000 0.000000 0.000000 0.000000 0.000000 0.000000 0.000000 0.000000 0.000000 
18.032320 0.000000 0.000000 0.000000 0.000000 0.000000 0.000000 0.000000 0.000000 0.000000 
18.053035 0.000000 0.000000 0.000000 0.000000 0.000000 0.000000 0.000000 0.000000 0.000000 
18.073750 0.000000 0.000000 0.000000 0.000000 0.000000 0.000000 0.000000 0.000000 0.000000 
18.094464 0.000000 0.000000 0.000000 0.000000 0.000000 0.000000 0.000000 0.000000 0.000000 
18.115180 0.000000 0.000000 0.000000 0.000000 0.000000 0.000000 0.000000 0.000000 0.000000 
18.135895 0.000000 0.000000 0.000000 0.000000 0.000000 0.000000 0.000000 0.000000 0.000000 
18.156610 0.000000 0.000000 0.000000 0.000000 0.000000 0.000000 0.000000 0.000000 0.000000 
18.177324 0.000000 0.000000 0.000000 0.000000 0.000000 0.000000 0.000000 0.000000 0.000000 
18.198039 0.000000 0.000000 0.000000 0.000000 0.000000 0.000000 0.000000 0.000000 0.000000 
18.218754 0.000000 0.000000 0.000000 0.000000 0.000000 0.000000 0.000000 0.000000 0.000000 
18.239469 0.000000 0.000000 0.000000 0.000000 0.000000 0.000000 0.000000 0.000000 0.000000 
18.260184 0.000000 0.000000 0.000000 0.000000 0.000000 0.000000 0.000000 0.000000 0.000000 
18.280899 0.000000 0.000000 0.000000 0.000000 0.000000 0.000000 0.000000 0.000000 0.000000 
18.301614 0.000000 0.000000 0.000000 0.000000 0.000000 0.000000 0.000000 0.000000 0.000000 
18.322329 0.000000 0.000000 0.000000 0.000000 0.000000 0.000000 0.000000 0.000000 0.000000 
18.343043 0.000000 0.000000 0.000000 0.000000 0.000000 0.000000 0.000000 0.000000 0.000000 
18.363758 0.000000 0.000000 0.000000 0.000000 0.000000 0.000000 0.000000 0.000000 0.000000 
18.384473 0.000000 0.000000 0.000000 0.000000 0.000000 0.000000 0.000000 0.000000 0.000000 
18.405189 0.000000 0.000000 0.000000 0.000000 0.000000 0.000000 0.000000 0.000000 0.000000 
18.425903 0.000000 0.000000 0.000000 0.000000 0.000000 0.000000 0.000000 0.000000 0.000000 
18.446618 0.000000 0.000000 0.000000 0.000000 0.000000 0.000000 0.000000 0.000000 0.000000 
18.467333 0.000000 0.000000 0.000000 0.000000 0.000000 0.000000 0.000000 0.000000 0.000000 
18.488048 0.000000 0.000000 0.000000 0.000000 0.000000 0.000000 0.000000 0.000000 0.000000 
18.508762 0.000000 0.000000 0.000000 0.000000 0.000000 0.000000 0.000000 0.000000 0.000000 
18.529477 0.000000 0.000000 0.000000 0.000000 0.000000 0.000000 0.000000 0.000000 0.000000 
18.550193 0.000000 0.000000 0.000000 0.000000 0.000000 0.000000 0.000000 0.000000 0.000000 
18.570908 0.000000 0.000000 0.000000 0.000000 0.000000 0.000000 0.000000 0.000000 0.000000 
18.591622 0.000000 0.000000 0.000000 0.000000 0.000000 0.000000 0.000000 0.000000 0.000000 
18.612337 0.000000 0.000000 0.000000 0.000000 0.000000 0.000000 0.000000 0.000000 0.000000 
18.633052 0.000000 0.000000 0.000000 0.000000 0.000000 0.000000 0.000000 0.000000 0.000000 
18.653767 0.000000 0.000000 0.000000 0.000000 0.000000 0.000000 0.000000 0.000000 0.000000 
18.674481 0.000000 0.000000 0.000000 0.000000 0.000000 0.000000 0.000000 0.000000 0.000000 
18.695197 0.000000 0.000000 0.000000 0.000000 0.000000 0.000000 0.000000 0.000000 0.000000 
18.715912 0.000000 0.000000 0.000000 0.000000 0.000000 0.000000 0.000000 0.000000 0.000000 
18.736627 0.000000 0.000000 0.000000 0.000000 0.000000 0.000000 0.000000 0.000000 0.000000 
18.757341 0.000000 0.000000 0.000000 0.000000 0.000000 0.000000 0.000000 0.000000 0.000000 
18.778056 0.000000 0.000000 0.000000 0.000000 0.000000 0.000000 0.000000 0.000000 0.000000 
18.798772 0.000000 0.000000 0.000000 0.000000 0.000000 0.000000 0.000000 0.000000 0.000000 
18.819487 0.000000 0.000000 0.000000 0.000000 0.000000 0.000000 0.000000 0.000000 0.000000 
18.840201 0.000000 0.000000 0.000000 0.000000 0.000000 0.000000 0.000000 0.000000 0.000000 
18.860916 0.000000 0.000000 0.000000 0.000000 0.000000 0.000000 0.000000 0.000000 0.000000 
18.881631 0.000000 0.000000 0.000000 0.000000 0.000000 0.000000 0.000000 0.000000 0.000000 
18.902346 0.000000 0.000000 0.000000 0.000000 0.000000 0.000000 0.000000 0.000000 0.000000 
18.923060 0.000000 0.000000 0.000000 0.000000 0.000000 0.000000 0.000000 0.000000 0.000000 
18.943776 0.000000 0.000000 0.000000 0.000000 0.000000 0.000000 0.000000 0.000000 0.000000 
18.964491 0.000000 0.000000 0.000000 0.000000 0.000000 0.000000 0.000000 0.000000 0.000000 
18.985206 0.000000 0.000000 0.000000 0.000000 0.000000 0.000000 0.000000 0.000000 0.000000 
19.005920 0.000000 0.000000 0.000000 0.000000 0.000000 0.000000 0.000000 0.000000 0.000000 
19.026635 0.000000 0.000000 0.000000 0.000000 0.000000 0.000000 0.000000 0.000000 0.000000 
19.047350 0.000000 0.000000 0.000000 0.000000 0.000000 0.000000 0.000000 0.000000 0.000000 
19.068065 0.000000 0.000000 0.000000 0.000000 0.000000 0.000000 0.000000 0.000000 0.000000 
19.088780 0.000000 0.000000 0.000000 0.000000 0.000000 0.000000 0.000000 0.000000 0.000000 
19.109495 0.000000 0.000000 0.000000 0.000000 0.000000 0.000000 0.000000 0.000000 0.000000 
19.130210 0.000000 0.000000 0.000000 0.000000 0.000000 0.000000 0.000000 0.000000 0.000000 
19.150925 0.000000 0.000000 0.000000 0.000000 0.000000 0.000000 0.000000 0.000000 0.000000 
19.171639 0.000000 0.000000 0.000000 0.000000 0.000000 0.000000 0.000000 0.000000 0.000000 
19.192354 0.000000 0.000000 0.000000 0.000000 0.000000 0.000000 0.000000 0.000000 0.000000 
19.213069 0.000000 0.000000 0.000000 0.000000 0.000000 0.000000 0.000000 0.000000 0.000000 
19.233785 0.000000 0.000000 0.000000 0.000000 0.000000 0.000000 0.000000 0.000000 0.000000 
19.254499 0.000000 0.000000 0.000000 0.000000 0.000000 0.000000 0.000000 0.000000 0.000000 
19.275214 0.000000 0.000000 0.000000 0.000000 0.000000 0.000000 0.000000 0.000000 0.000000 
19.295929 0.000000 0.000000 0.000000 0.000000 0.000000 0.000000 0.000000 0.000000 0.000000 
19.316644 0.000000 0.000000 0.000000 0.000000 0.000000 0.000000 0.000000 0.000000 0.000000 
19.337358 0.000000 0.000000 0.000000 0.000000 0.000000 0.000000 0.000000 0.000000 0.000000 
19.358073 0.000000 0.000000 0.000000 0.000000 0.000000 0.000000 0.000000 0.000000 0.000000 
19.378789 0.000000 0.000000 0.000000 0.000000 0.000000 0.000000 0.000000 0.000000 0.000000 
19.399504 0.000000 0.000000 0.000000 0.000000 0.000000 0.000000 0.000000 0.000000 0.000000 
19.420218 0.000000 0.000000 0.000000 0.000000 0.000000 0.000000 0.000000 0.000000 0.000000 
19.440933 0.000000 0.000000 0.000000 0.000000 0.000000 0.000000 0.000000 0.000000 0.000000 
19.461648 0.000000 0.000000 0.000000 0.000000 0.000000 0.000000 0.000000 0.000000 0.000000 
19.482363 0.000000 0.000000 0.000000 0.000000 0.000000 0.000000 0.000000 0.000000 0.000000 
19.503078 0.000000 0.000000 0.000000 0.000000 0.000000 0.000000 0.000000 0.000000 0.000000 
19.523793 0.000000 0.000000 0.000000 0.000000 0.000000 0.000000 0.000000 0.000000 0.000000 
19.544508 0.000000 0.000000 0.000000 0.000000 0.000000 0.000000 0.000000 0.000000 0.000000 
19.565223 0.000000 0.000000 0.000000 0.000000 0.000000 0.000000 0.000000 0.000000 0.000000 
19.585938 0.000000 0.000000 0.000000 0.000000 0.000000 0.000000 0.000000 0.000000 0.000000 
19.606652 0.000000 0.000000 0.000000 0.000000 0.000000 0.000000 0.000000 0.000000 0.000000 
19.627367 0.000000 0.000000 0.000000 0.000000 0.000000 0.000000 0.000000 0.000000 0.000000 
19.648082 0.000000 0.000000 0.000000 0.000000 0.000000 0.000000 0.000000 0.000000 0.000000 
19.668797 0.000000 0.000000 0.000000 0.000000 0.000000 0.000000 0.000000 0.000000 0.000000 
19.689512 0.000000 0.000000 0.000000 0.000000 0.000000 0.000000 0.000000 0.000000 0.000000 
19.710227 0.000000 0.000000 0.000000 0.000000 0.000000 0.000000 0.000000 0.000000 0.000000 
19.730942 0.000000 0.000000 0.000000 0.000000 0.000000 0.000000 0.000000 0.000000 0.000000 
19.751657 0.000000 0.000000 0.000000 0.000000 0.000000 0.000000 0.000000 0.000000 0.000000 
19.772371 0.000000 0.000000 0.000000 0.000000 0.000000 0.000000 0.000000 0.000000 0.000000 
19.793086 0.000000 0.000000 0.000000 0.000000 0.000000 0.000000 0.000000 0.000000 0.000000 
19.813802 0.000000 0.000000 0.000000 0.000000 0.000000 0.000000 0.000000 0.000000 0.000000 
19.834517 0.000000 0.000000 0.000000 0.000000 0.000000 0.000000 0.000000 0.000000 0.000000 
19.855231 0.000000 0.000000 0.000000 0.000000 0.000000 0.000000 0.000000 0.000000 0.000000 
19.875946 0.000000 0.000000 0.000000 0.000000 0.000000 0.000000 0.000000 0.000000 0.000000 
19.896661 0.000000 0.000000 0.000000 0.000000 0.000000 0.000000 0.000000 0.000000 0.000000 
19.917376 0.000000 0.000000 0.000000 0.000000 0.000000 0.000000 0.000000 0.000000 0.000000 
19.938090 0.000000 0.000000 0.000000 0.000000 0.000000 0.000000 0.000000 0.000000 0.000000 
19.958806 0.000000 0.000000 0.000000 0.000000 0.000000 0.000000 0.000000 0.000000 0.000000 
19.979521 0.000000 0.000000 0.000000 0.000000 0.000000 0.000000 0.000000 0.000000 0.000000 
20.000236 0.000000 0.000000 0.000000 0.000000 0.000000 0.000000 0.000000 0.000000 0.000000 
20.020950 0.000000 0.000000 0.000000 0.000000 0.000000 0.000000 0.000000 0.000000 0.000000 
20.041665 0.000000 0.000000 0.000000 0.000000 0.000000 0.000000 0.000000 0.000000 0.000000 
20.062380 0.000000 0.000000 0.000000 0.000000 0.000000 0.000000 0.000000 0.000000 0.000000 
20.083095 0.000000 0.000000 0.000000 0.000000 0.000000 0.000000 0.000000 0.000000 0.000000 
20.103810 0.000000 0.000000 0.000000 0.000000 0.000000 0.000000 0.000000 0.000000 0.000000 
20.124525 0.000000 0.000000 0.000000 0.000000 0.000000 0.000000 0.000000 0.000000 0.000000 
20.145240 0.000000 0.000000 0.000000 0.000000 0.000000 0.000000 0.000000 0.000000 0.000000 
20.165955 0.000000 0.000000 0.000000 0.000000 0.000000 0.000000 0.000000 0.000000 0.000000 
20.186669 0.000000 0.000000 0.000000 0.000000 0.000000 0.000000 0.000000 0.000000 0.000000 
20.207384 0.000000 0.000000 0.000000 0.000000 0.000000 0.000000 0.000000 0.000000 0.000000 
20.228099 0.000000 0.000000 0.000000 0.000000 0.000000 0.000000 0.000000 0.000000 0.000000 
20.248815 0.000000 0.000000 0.000000 0.000000 0.000000 0.000000 0.000000 0.000000 0.000000 
20.269529 0.000000 0.000000 0.000000 0.000000 0.000000 0.000000 0.000000 0.000000 0.000000 
20.290244 0.000000 0.000000 0.000000 0.000000 0.000000 0.000000 0.000000 0.000000 0.000000 
20.310959 0.000000 0.000000 0.000000 0.000000 0.000000 0.000000 0.000000 0.000000 0.000000 
20.331674 0.000000 0.000000 0.000000 0.000000 0.000000 0.000000 0.000000 0.000000 0.000000 
20.352388 0.000000 0.000000 0.000000 0.000000 0.000000 0.000000 0.000000 0.000000 0.000000 
20.373103 0.000000 0.000000 0.000000 0.000000 0.000000 0.000000 0.000000 0.000000 0.000000 
20.393819 0.000000 0.000000 0.000000 0.000000 0.000000 0.000000 0.000000 0.000000 0.000000 
20.414534 0.000000 0.000000 0.000000 0.000000 0.000000 0.000000 0.000000 0.000000 0.000000 
20.435248 0.000000 0.000000 0.000000 0.000000 0.000000 0.000000 0.000000 0.000000 0.000000 
20.455963 0.000000 0.000000 0.000000 0.000000 0.000000 0.000000 0.000000 0.000000 0.000000 
20.476678 0.000000 0.000000 0.000000 0.000000 0.000000 0.000000 0.000000 0.000000 0.000000 
20.497394 0.000000 0.000000 0.000000 0.000000 0.000000 0.000000 0.000000 0.000000 0.000000 
20.518108 0.000000 0.000000 0.000000 0.000000 0.000000 0.000000 0.000000 0.000000 0.000000 
20.538823 0.000000 0.000000 0.000000 0.000000 0.000000 0.000000 0.000000 0.000000 0.000000 
20.559538 0.000000 0.000000 0.000000 0.000000 0.000000 0.000000 0.000000 0.000000 0.000000 
20.580253 0.000000 0.000000 0.000000 0.000000 0.000000 0.000000 0.000000 0.000000 0.000000 
20.600967 0.000000 0.000000 0.000000 0.000000 0.000000 0.000000 0.000000 0.000000 0.000000 
20.621682 0.000000 0.000000 0.000000 0.000000 0.000000 0.000000 0.000000 0.000000 0.000000 
20.642398 0.000000 0.000000 0.000000 0.000000 0.000000 0.000000 0.000000 0.000000 0.000000 
20.663113 0.000000 0.000000 0.000000 0.000000 0.000000 0.000000 0.000000 0.000000 0.000000 
20.683827 0.000000 0.000000 0.000000 0.000000 0.000000 0.000000 0.000000 0.000000 0.000000 
20.704542 0.000000 0.000000 0.000000 0.000000 0.000000 0.000000 0.000000 0.000000 0.000000 
