# concentrations: 0.333333 0.333333 0.333333
0.005724 0.000000 0.000000 0.000000 0.000000 0.000000 0.000000 0.000000 0.000000 0.000000 
0.017171 0.000000 0.000000 0.000000 0.000000 0.000000 0.000000 0.000000 0.000000 0.000000 
0.028618 0.000000 0.000000 0.000000 0.000000 0.000000 0.000000 0.000000 0.000000 0.000000 
0.040065 0.000000 0.000000 0.000000 0.000000 0.000000 0.000000 0.000000 0.000000 0.000000 
0.051512 0.000000 0.000000 0.000000 0.000000 0.000000 0.000000 0.000000 0.000000 0.000000 
0.062959 0.000000 0.000000 0.000000 0.000000 0.000000 0.000000 0.000000 0.000000 0.000000 
0.074406 0.000000 0.000000 0.000000 0.000000 0.000000 0.000000 0.000000 0.000000 0.000000 
0.085853 0.000000 0.000000 0.000000 0.000000 0.000000 0.000000 0.000000 0.000000 0.000000 
0.097300 0.000000 0.000000 0.000000 0.000000 0.000000 0.000000 0.000000 0.000000 0.000000 
0.108747 0.000000 0.000000 0.000000 0.000000 0.000000 0.000000 0.000000 0.000000 0.000000 
0.120195 0.000000 0.000000 0.000000 0.000000 0.000000 0.000000 0.000000 0.000000 0.000000 
0.131642 0.000000 0.000000 0.000000 0.000000 0.000000 0.000000 0.000000 0.000000 0.000000 
0.143089 0.000000 0.000000 0.000000 0.000000 0.000000 0.000000 0.000000 0.000000 0.000000 
0.154536 0.000000 0.000000 0.000000 0.000000 0.000000 0.000000 0.000000 0.000000 0.000000 
0.165983 0.000000 0.000000 0.000000 0.000000 0.000000 0.000000 0.000000 0.000000 0.000000 
0.177430 0.000000 0.000000 0.000000 0.000000 0.000000 0.000000 0.000000 0.000000 0.000000 
0.188877 0.000000 0.000000 0.000000 0.000000 0.000000 0.000000 0.000000 0.000000 0.000000 
0.200324 0.000000 0.000000 0.000000 0.000000 0.000000 0.000000 0.000000 0.000000 0.000000 
0.211771 0.000000 0.000000 0.000000 0.000000 0.000000 0.000000 0.000000 0.000000 0.000000 
0.223218 0.000000 0.000000 0.000000 0.000000 0.000000 0.000000 0.000000 0.000000 0.000000 
0.234666 0.000000 0.000000 0.000000 0.000000 0.000000 0.000000 0.000000 0.000000 0.000000 
0.246113 0.000000 0.000000 0.000000 0.000000 0.000000 0.000000 0.000000 0.000000 0.000000 
0.257560 0.000000 0.000000 0.000000 0.000000 0.000000 0.000000 0.000000 0.000000 0.000000 
0.269007 0.000000 0.000000 0.000000 0.000000 0.000000 0.000000 0.000000 0.000000 0.000000 
0.280454 0.000000 0.000000 0.000000 0.000000 0.000000 0.000000 0.000000 0.000000 0.000000 
0.291901 0.000000 0.000000 0.000000 0.000000 0.000000 0.000000 0.000000 0.000000 0.000000 
0.303348 0.000000 0.000000 0.000000 0.000000 0.000000 0.000000 0.000000 0.000000 0.000000 
0.314795 0.000000 0.000000 0.000000 0.000000 0.000000 0.000000 0.000000 0.000000 0.000000 
0.326242 0.000000 0.000000 0.000000 0.000000 0.000000 0.000000 0.000000 0.000000 0.000000 
0.337689 0.000000 0.000000 0.000000 0.000000 0.000000 0.000000 0.000000 0.000000 0.000000 
0.349137 0.000000 0.000000 0.000000 0.000000 0.000000 0.000000 0.000000 0.000000 0.000000 
0.360584 0.000000 0.000000 0.000000 0.000000 0.000000 0.000000 0.000000 0.000000 0.000000 
0.372031 0.000000 0.000000 0.000000 0.000000 0.000000 0.000000 0.000000 0.000000 0.000000 
0.383478 0.000000 0.000000 0.000000 0.000000 0.000000 0.000000 0.000000 0.000000 0.000000 
0.394925 0.000000 0.000000 0.000000 0.000000 0.000000 0.000000 0.000000 0.000000 0.000000 
0.406372 0.000000 0.000000 0.000000 0.000000 0.000000 0.000000 0.000000 0.000000 0.000000 
0.417819 0.000000 0.000000 0.000000 0.000000 0.000000 0.000000 0.000000 0.000000 0.000000 
0.429266 0.000000 0.000000 0.000000 0.000000 0.000000 0.000000 0.000000 0.000000 0.000000 
0.440713 0.000000 0.000000 0.000000 0.000000 0.000000 0.000000 0.000000 0.000000 0.000000 
0.452160 0.000000 0.000000 0.000000 0.000000 0.000000 0.000000 0.000000 0.000000 0.000000 
0.463608 0.000000 0.000000 0.000000 0.000000 0.000000 0.000000 0.000000 0.000000 0.000000 
0.475055 0.000000 0.000000 0.000000 0.000000 0.000000 0.000000 0.000000 0.000000 0.000000 
0.486502 0.000000 0.000000 0.000000 0.000000 0.000000 0.000000 0.000000 0.000000 0.000000 
0.497949 0.000000 0.000000 0.000000 0.000000 0.000000 0.000000 0.000000 0.000000 0.000000 
0.509396 0.000000 0.000000 0.000000 0.000000 0.000000 0.000000 0.000000 0.000000 0.000000 
0.520843 0.000000 0.000000 0.000000 0.000000 0.000000 0.000000 0.000000 0.000000 0.000000 
0.532290 0.000000 0.000000 0.000000 0.000000 0.000000 0.000000 0.000000 0.000000 0.000000 
0.543737 0.000000 0.000000 0.000000 0.000000 0.000000 0.000000 0.000000 0.000000 0.000000 
0.555184 0.000000 0.000000 0.000000 0.000000 0.000000 0.000000 0.000000 0.000000 0.000000 
0.566631 0.000000 0.000000 0.000000 0.000000 0.000000 0.000000 0.000000 0.000000 0.000000 
0.578079 0.000000 0.000000 0.000000 0.000000 0.000000 0.000000 0.000000 0.000000 0.000000 
0.589526 0.000000 0.000000 0.000000 0.000000 0.000000 0.000000 0.000000 0.000000 0.000000 
0.600973 0.000000 0.000000 0.000000 0.000000 0.000000 0.000000 0.000000 0.000000 0.000000 
0.612420 0.000000 0.000000 0.000000 0.000000 0.000000 0.000000 0.000000 0.000000 0.000000 
0.623867 0.000000 0.000000 0.000000 0.000000 0.000000 0.000000 0.000000 0.000000 0.000000 
0.635314 0.000000 0.000000 0.000000 0.000000 0.000000 0.000000 0.000000 0.000000 0.000000 
0.646761 0.000000 0.000000 0.000000 0.000000 0.000000 0.000000 0.000000 0.000000 0.000000 
0.658208 0.000000 0.000000 0.000000 0.000000 0.000000 0.000000 0.000000 0.000000 0.000000 
0.669655 0.000000 0.000000 0.000000 0.000000 0.000000 0.000000 0.000000 0.000000 0.000000 
0.681102 0.000000 0.000000 0.000000 0.000000 0.000000 0.000000 0.000000 0.000000 0.000000 
0.692550 0.000000 0.000000 0.000000 0.000000 0.000000 0.000000 0.000000 0.000000 0.000000 
0.703997 0.000000 0.000000 0.000000 0.000000 0.000000 0.000000 0.000000 0.000000 0.000000 
0.715444 0.000000 0.000000 0.000000 0.000000 0.000000 0.000000 0.000000 0.000000 0.000000 
0.726891 0.000000 0.000000 0.000000 0.000000 0.000000 0.000000 0.000000 0.000000 0.000000 
0.738338 0.000000 0.000000 0.000000 0.000000 0.000000 0.000000 0.000000 0.000000 0.000000 
0.749785 0.000000 0.000000 0.000000 0.000000 0.000000 0.000000 0.000000 0.000000 0.000000 
0.761232 0.000000 0.000000 0.000000 0.000000 0.000000 0.000000 0.000000 0.000000 0.000000 
0.772679 0.000000 0.000000 0.000000 0.000000 0.000000 0.000000 0.000000 0.000000 0.000000 
0.784126 0.000000 0.000000 0.000000 0.000000 0.000000 0.000000 0.000000 0.000000 0.000000 
0.795573 0.000000 0.000000 0.000000 0.000000 0.000000 0.000000 0.000000 0.000000 0.000000 
0.807021 0.000000 0.000000 0.000000 0.000000 0.000000 0.000000 0.000000 0.000000 0.000000 
0.818468 0.000000 0.000000 0.000000 0.000000 0.000000 0.000000 0.000000 0.000000 0.000000 
0.829915 0.000000 0.000000 0.000000 0.000000 0.000000 0.000000 0.000000 0.000000 0.000000 
0.841362 0.000000 0.000000 0.000000 0.000000 0.000617 0.000000 0.000000 0.000000 0.000000 
0.852809 0.000000 0.000000 0.000000 0.000000 0.001302 0.000000 0.000000 0.000000 0.000000 
0.864256 0.000000 0.000000 0.000000 0.000000 0.005656 0.000000 0.000000 0.000000 0.000000 
0.875703 0.000000 0.000000 0.000000 0.000000 0.020991 0.000095 0.000000 0.000095 0.000000 
0.887150 0.000000 0.000000 0.000000 0.000000 0.048216 0.000553 0.000000 0.000553 0.000000 
0.898597 0.000000 0.000000 0.000000 0.000000 0.112934 0.001753 0.000000 0.001753 0.000000 
0.910044 0.000000 0.000000 0.000000 0.000000 0.211250 0.008546 0.000000 0.008546 0.000088 
0.921492 0.000000 0.000043 0.000000 0.000043 0.370040 0.025519 0.000000 0.025519 0.000257 
0.932939 0.000000 0.000876 0.000000 0.000876 0.581691 0.060552 0.000000 0.060552 0.000502 
0.944386 0.000000 0.003378 0.000000 0.003378 0.803529 0.128768 0.000000 0.128768 0.003185 
0.955833 0.000000 0.010488 0.000040 0.010488 1.046932 0.229435 0.000040 0.229435 0.010284 
0.967280 0.000000 0.030725 0.000349 0.030725 1.310408 0.377621 0.000349 0.377621 0.030127 
0.978727 0.000000 0.066917 0.001250 0.066917 1.563866 0.558757 0.001250 0.558757 0.067369 
0.990174 0.000000 0.133275 0.004887 0.133275 1.775441 0.788766 0.004887 0.788766 0.132458 
1.001621 0.000000 0.241028 0.016100 0.241028 1.931623 1.039980 0.016100 1.039980 0.249675 
1.013068 0.000639 0.386134 0.039151 0.386134 2.106105 1.291840 0.039151 1.291840 0.405735 
1.024515 0.002290 0.568266 0.079155 0.568266 2.220921 1.508450 0.079155 1.508450 0.579500 
1.035963 0.007262 0.777507 0.145700 0.777507 2.262240 1.732607 0.145700 1.732607 0.788353 
1.047410 0.020515 1.022302 0.262201 1.022302 2.297092 1.912329 0.262201 1.912329 1.025356 
1.058857 0.044371 1.248573 0.400371 1.248573 2.305796 2.055271 0.400371 2.055271 1.269932 
1.070304 0.082339 1.475491 0.569766 1.475491 2.313327 2.146048 0.569766 2.146048 1.473082 
1.081751 0.163017 1.693724 0.770340 1.693724 2.269295 2.246718 0.770340 2.246718 1.683952 
1.093198 0.270180 1.871014 1.000063 1.871014 2.218424 2.276846 1.000063 2.276846 1.870110 
1.104645 0.399864 2.004318 1.225548 2.004318 2.181437 2.294724 1.225548 2.294724 2.012752 
1.116092 0.588937 2.124981 1.456069 2.124981 2.125656 2.300106 1.456069 2.300106 2.116651 
1.127539 0.784663 2.212386 1.658940 2.212386 2.016544 2.277566 1.658940 2.277566 2.216262 
1.138986 1.001863 2.247685 1.814734 2.247685 1.962795 2.241249 1.814734 2.241249 2.258571 
1.150434 1.205284 2.283592 1.968370 2.283592 1.895127 2.188866 1.968370 2.188866 2.277388 
1.161881 1.421548 2.285732 2.099428 2.285732 1.810670 2.121073 2.099428 2.121073 2.273710 
1.173328 1.634726 2.262047 2.189621 2.262047 1.750487 2.069210 2.189621 2.069210 2.253370 
1.184775 1.811264 2.236390 2.224495 2.236390 1.678686 1.968368 2.224495 1.968368 2.236138 
1.196222 1.933420 2.181722 2.278212 2.181722 1.619157 1.913480 2.278212 1.913480 2.193065 
1.207669 2.072404 2.131422 2.275569 2.131422 1.554215 1.833646 2.275569 1.833646 2.124692 
1.219116 2.175153 2.083915 2.264614 2.083915 1.498456 1.769724 2.264614 1.769724 2.073070 
1.230563 2.217991 1.999711 2.231619 1.999711 1.422608 1.712096 2.231619 1.712096 2.001300 
1.242010 2.249420 1.917022 2.198250 1.917022 1.384073 1.643088 2.198250 1.643088 1.932971 
1.253457 2.259401 1.874610 2.152045 1.874610 1.315531 1.587634 2.152045 1.587634 1.863773 
1.264905 2.255476 1.805262 2.069532 1.805262 1.274074 1.500181 2.069532 1.500181 1.792044 
1.276352 2.244754 1.743281 2.020055 1.743281 1.226330 1.442690 2.020055 1.442690 1.728925 
1.287799 2.191366 1.656617 1.956791 1.656617 1.182183 1.399909 1.956791 1.399909 1.681724 
1.299246 2.138963 1.599283 1.892597 1.599283 1.160956 1.344222 1.892597 1.344222 1.615527 
1.310693 2.090550 1.540744 1.826171 1.540744 1.118646 1.300406 1.826171 1.300406 1.540428 
1.322140 2.031882 1.489201 1.743419 1.489201 1.079317 1.247670 1.743419 1.247670 1.475327 
1.333587 1.970365 1.431457 1.687086 1.431457 1.047762 1.217566 1.687086 1.217566 1.428975 
1.345034 1.899587 1.369362 1.608437 1.369362 1.013406 1.166121 1.608437 1.166121 1.360253 
1.356481 1.824139 1.321566 1.554416 1.321566 0.992822 1.132982 1.554416 1.132982 1.315555 
1.367928 1.770265 1.276128 1.499529 1.276128 0.964909 1.105681 1.499529 1.105681 1.254822 
1.379376 1.696676 1.223978 1.444088 1.223978 0.942874 1.055414 1.444088 1.055414 1.234426 
1.390823 1.627538 1.193843 1.390978 1.193843 0.921986 1.024685 1.390978 1.024685 1.197459 
1.402270 1.573384 1.153585 1.341388 1.153585 0.907078 1.007610 1.341388 1.007610 1.144478 
1.413717 1.524538 1.115274 1.289787 1.115274 0.894635 0.973197 1.289787 0.973197 1.118257 
1.425164 1.461774 1.075359 1.246401 1.075359 0.875802 0.953284 1.246401 0.953284 1.082076 
1.436611 1.397795 1.048695 1.195986 1.048695 0.858998 0.929173 1.195986 0.929173 1.046361 
1.448058 1.356866 1.015867 1.163956 1.015867 0.836726 0.908700 1.163956 0.908700 1.018744 
1.459505 1.298634 0.988765 1.121505 0.988765 0.809872 0.887600 1.121505 0.887600 0.981866 
1.470952 1.251738 0.959730 1.097642 0.959730 0.810580 0.872867 1.097642 0.872867 0.969808 
1.482399 1.206164 0.938375 1.060803 0.938375 0.786973 0.859653 1.060803 0.859653 0.940735 
1.493847 1.173865 0.916102 1.023159 0.916102 0.805794 0.843511 1.023159 0.843511 0.911479 
1.505294 1.137223 0.902664 1.001196 0.902664 0.782600 0.825789 1.001196 0.825789 0.893725 
1.516741 1.088619 0.871545 0.965014 0.871545 0.772637 0.807313 0.965014 0.807313 0.873637 
1.528188 1.070094 0.870754 0.940897 0.870754 0.771584 0.803548 0.940897 0.803548 0.861409 
1.539635 1.027252 0.845871 0.927913 0.845871 0.753509 0.790441 0.927913 0.790441 0.836962 
1.551082 1.005859 0.820752 0.897726 0.820752 0.763325 0.788737 0.897726 0.788737 0.819183 
1.562529 0.979272 0.817379 0.872549 0.817379 0.758507 0.780732 0.872549 0.780732 0.825005 
1.573976 0.953966 0.802544 0.855421 0.802544 0.749925 0.758824 0.855421 0.758824 0.806551 
1.585423 0.921540 0.794079 0.843855 0.794079 0.747676 0.763003 0.843855 0.763003 0.793779 
1.596870 0.898759 0.781960 0.832534 0.781960 0.752998 0.751100 0.832534 0.751100 0.775678 
1.608318 0.887672 0.768708 0.816797 0.768708 0.748569 0.745316 0.816797 0.745316 0.778051 
1.619765 0.853904 0.770401 0.795830 0.770401 0.743412 0.752624 0.795830 0.752624 0.766926 
1.631212 0.847181 0.764230 0.797705 0.764230 0.756165 0.745350 0.797705 0.745350 0.764048 
1.642659 0.822521 0.751619 0.784872 0.751619 0.759086 0.745619 0.784872 0.745619 0.748909 
1.654106 0.808487 0.752687 0.766882 0.752687 0.751465 0.749305 0.766882 0.749305 0.750613 
1.665553 0.802191 0.749757 0.764765 0.749757 0.763883 0.741736 0.764765 0.741736 0.744059 
1.677000 0.794877 0.745493 0.751275 0.745493 0.765818 0.744706 0.751275 0.744706 0.737147 
1.688447 0.775850 0.741573 0.749633 0.741573 0.763944 0.746030 0.749633 0.746030 0.735124 
1.699894 0.773711 0.743472 0.749715 0.743472 0.768695 0.749037 0.749715 0.749037 0.745354 
1.711341 0.763296 0.735233 0.740265 0.735233 0.785679 0.753923 0.740265 0.753923 0.742529 
1.722789 0.754192 0.741870 0.734227 0.741870 0.780230 0.758074 0.734227 0.758074 0.735615 
1.734236 0.745835 0.742842 0.737327 0.742842 0.791292 0.758990 0.737327 0.758990 0.736632 
1.745683 0.735807 0.749255 0.735141 0.749255 0.808133 0.762131 0.735141 0.762131 0.745558 
1.757130 0.733564 0.743134 0.735269 0.743134 0.809480 0.772148 0.735269 0.772148 0.744109 
1.768577 0.733926 0.751938 0.735622 0.751938 0.816081 0.779894 0.735622 0.779894 0.746431 
1.780024 0.723705 0.756312 0.733848 0.756312 0.832713 0.782740 0.733848 0.782740 0.755428 
1.791471 0.725727 0.762598 0.737196 0.762598 0.836798 0.800543 0.737196 0.800543 0.758000 
1.802918 0.725526 0.766412 0.739389 0.766412 0.849644 0.803441 0.739389 0.803441 0.763665 
1.814365 0.728570 0.777810 0.745128 0.777810 0.854246 0.810701 0.745128 0.810701 0.766361 
1.825812 0.726294 0.782071 0.750571 0.782071 0.867507 0.822880 0.750571 0.822880 0.775062 
1.837260 0.730334 0.784547 0.753944 0.784547 0.887272 0.835861 0.753944 0.835861 0.779640 
1.848707 0.732166 0.795529 0.756552 0.795529 0.889894 0.844181 0.756552 0.844181 0.795312 
1.860154 0.732150 0.804786 0.760634 0.804786 0.899162 0.852296 0.760634 0.852296 0.803426 
1.871601 0.742330 0.815872 0.772507 0.815872 0.915312 0.864844 0.772507 0.864844 0.807123 
1.883048 0.744540 0.829027 0.778091 0.829027 0.931487 0.882686 0.778091 0.882686 0.826665 
1.894495 0.748992 0.837464 0.784046 0.837464 0.948564 0.892935 0.784046 0.892935 0.839219 
1.905942 0.762499 0.854843 0.795030 0.854843 0.958698 0.906462 0.795030 0.906462 0.843646 
1.917389 0.775295 0.862171 0.812243 0.862171 0.968128 0.915269 0.812243 0.915269 0.852187 
1.928836 0.773728 0.874184 0.823305 0.874184 0.987613 0.929413 0.823305 0.929413 0.877235 
1.940283 0.776300 0.889256 0.827762 0.889256 1.000015 0.944878 0.827762 0.944878 0.888012 
1.951731 0.794200 0.898828 0.834785 0.898828 1.007842 0.955505 0.834785 0.955505 0.899214 
1.963178 0.794755 0.913692 0.853247 0.913692 1.006857 0.976227 0.853247 0.976227 0.910227 
1.974625 0.812720 0.916673 0.868844 0.916673 1.036285 0.986956 0.868844 0.986956 0.918618 
1.986072 0.823792 0.942338 0.878016 0.942338 1.035094 0.993814 0.878016 0.993814 0.936802 
1.997519 0.836410 0.953174 0.896609 0.953174 1.044623 1.007082 0.896609 1.007082 0.952711 
2.008966 0.854491 0.964142 0.911332 0.964142 1.061689 1.023417 0.911332 1.023417 0.974107 
2.020413 0.851777 0.979872 0.925862 0.979872 1.073518 1.026520 0.925862 1.026520 0.982784 
2.031860 0.877933 0.989556 0.930712 0.989556 1.085798 1.043213 0.930712 1.043213 0.987917 
2.043307 0.886966 1.010375 0.949535 1.010375 1.097084 1.051975 0.949535 1.051975 1.001882 
2.054754 0.906731 1.017104 0.966235 1.017104 1.088771 1.065677 0.966235 1.065677 1.018573 
2.066202 0.921877 1.025046 0.979441 1.025046 1.109770 1.075744 0.979441 1.075744 1.033746 
2.077649 0.926193 1.039803 0.991242 1.039803 1.116429 1.083680 0.991242 1.083680 1.046909 
2.089096 0.944807 1.053792 1.006312 1.053792 1.116088 1.093505 1.006312 1.093505 1.057041 
2.100543 0.965374 1.059811 1.017248 1.059811 1.122610 1.105961 1.017248 1.105961 1.071221 
2.111990 0.973328 1.075498 1.034834 1.075498 1.133718 1.108024 1.034834 1.108024 1.075568 
2.123437 0.985490 1.086693 1.040607 1.086693 1.133538 1.113330 1.040607 1.113330 1.078567 
2.134884 1.003800 1.091220 1.053718 1.091220 1.131075 1.116092 1.053718 1.116092 1.093072 
2.146331 1.012896 1.100949 1.068621 1.100949 1.129581 1.124547 1.068621 1.124547 1.109517 
2.157778 1.034185 1.113427 1.079570 1.113427 1.141719 1.127303 1.079570 1.127303 1.110244 
2.169225 1.043381 1.118245 1.083695 1.118245 1.134136 1.125851 1.083695 1.125851 1.124075 
2.180673 1.058795 1.123122 1.097475 1.123122 1.133847 1.140266 1.097475 1.140266 1.123830 
2.192120 1.069721 1.127573 1.103462 1.127573 1.133595 1.135451 1.103462 1.135451 1.134019 
2.203567 1.071019 1.135876 1.117577 1.135876 1.128065 1.136392 1.117577 1.136392 1.134320 
2.215014 1.090960 1.134065 1.117619 1.134065 1.128891 1.140072 1.117619 1.140072 1.133894 
2.226461 1.095736 1.138178 1.127377 1.138178 1.124565 1.133440 1.127377 1.133440 1.140155 
2.237908 1.111525 1.146580 1.135665 1.146580 1.116674 1.136948 1.135665 1.136948 1.136627 
2.249355 1.119920 1.140793 1.137335 1.140793 1.121057 1.134028 1.137335 1.134028 1.137382 
2.260802 1.115642 1.136189 1.135628 1.136189 1.114830 1.134755 1.135628 1.134755 1.141949 
2.272249 1.133044 1.148713 1.147314 1.148713 1.104407 1.129176 1.147314 1.129176 1.149648 
2.283696 1.142198 1.143346 1.148754 1.143346 1.099433 1.121951 1.148754 1.121951 1.145564 
2.295143 1.141968 1.137197 1.141324 1.137197 1.092799 1.123057 1.141324 1.123057 1.145950 
2.306591 1.148541 1.138033 1.149645 1.138033 1.087400 1.120070 1.149645 1.120070 1.141531 
2.318038 1.144460 1.131404 1.142659 1.131404 1.080668 1.113672 1.142659 1.113672 1.134307 
2.329485 1.153283 1.137700 1.143847 1.137700 1.068010 1.108196 1.143847 1.108196 1.125579 
2.340932 1.148797 1.127561 1.149538 1.127561 1.064409 1.105213 1.149538 1.105213 1.124793 
2.352379 1.152331 1.121229 1.143570 1.121229 1.057059 1.092380 1.143570 1.092380 1.127032 
2.363826 1.151810 1.112419 1.138779 1.112419 1.054958 1.084532 1.138779 1.084532 1.113239 
2.375273 1.150635 1.110984 1.129346 1.110984 1.040292 1.077182 1.129346 1.077182 1.103849 
2.386720 1.152477 1.099215 1.132393 1.099215 1.046682 1.071491 1.132393 1.071491 1.100168 
2.398167 1.141475 1.096029 1.129264 1.096029 1.036194 1.060270 1.129264 1.060270 1.093945 
2.409615 1.145395 1.087670 1.115877 1.087670 1.031738 1.056093 1.115877 1.056093 1.087776 
2.421062 1.135758 1.085226 1.108794 1.085226 1.020095 1.051589 1.108794 1.051589 1.088824 
2.432509 1.134879 1.071587 1.110540 1.071587 1.017345 1.042497 1.110540 1.042497 1.072936 
2.443956 1.136737 1.071036 1.104015 1.071036 1.009926 1.035540 1.104015 1.035540 1.066960 
2.455403 1.122538 1.059242 1.091397 1.059242 1.000942 1.024210 1.091397 1.024210 1.055077 
2.466850 1.122581 1.051503 1.085168 1.051503 0.991503 1.025418 1.085168 1.025418 1.052153 
2.478297 1.112532 1.046724 1.077868 1.046724 0.992081 1.014380 1.077868 1.014380 1.046857 
2.489744 1.109810 1.041443 1.069965 1.041443 0.983273 1.005865 1.069965 1.005865 1.050378 
2.501191 1.100175 1.028455 1.066000 1.028455 0.981660 0.999102 1.066000 0.999102 1.027126 
2.512638 1.093046 1.027966 1.057190 1.027966 0.976950 0.997214 1.057190 0.997214 1.022256 
2.524086 1.080685 1.016298 1.046385 1.016298 0.968849 0.991970 1.046385 0.991970 1.010236 
2.535533 1.079197 1.012705 1.035475 1.012705 0.964837 0.982409 1.035475 0.982409 1.009237 
2.546980 1.065813 1.001552 1.037832 1.001552 0.959395 0.977778 1.037832 0.977778 1.007619 
2.558427 1.057910 0.997987 1.023169 0.997987 0.957948 0.969816 1.023169 0.969816 0.993524 
2.569874 1.044691 0.991756 1.017719 0.991756 0.954222 0.973762 1.017719 0.973762 0.993683 
2.581321 1.043295 0.983735 1.007562 0.983735 0.951143 0.973532 1.007562 0.973532 0.988124 
2.592768 1.038523 0.984210 1.005705 0.984210 0.949656 0.957262 1.005705 0.957262 0.980806 
2.604215 1.021616 0.971681 1.000228 0.971681 0.948489 0.955196 1.000228 0.955196 0.965748 
2.615662 1.015047 0.970631 0.990993 0.970631 0.937723 0.954020 0.990993 0.954020 0.966436 
2.627109 1.011582 0.969276 0.984575 0.969276 0.948008 0.951716 0.984575 0.951716 0.964482 
2.638557 1.009676 0.959967 0.979617 0.959967 0.940093 0.946990 0.979617 0.946990 0.957700 
2.650004 0.999157 0.955277 0.974929 0.955277 0.942162 0.944170 0.974929 0.944170 0.958924 
2.661451 0.988318 0.956492 0.968042 0.956492 0.938210 0.944849 0.968042 0.944849 0.956369 
2.672898 0.983776 0.949241 0.964859 0.949241 0.934890 0.945202 0.964859 0.945202 0.948113 
2.684345 0.978203 0.943253 0.962707 0.943253 0.941814 0.943586 0.962707 0.943586 0.944846 
2.695792 0.976258 0.945483 0.953715 0.945483 0.940026 0.939365 0.953715 0.939365 0.944807 
2.707239 0.970882 0.941263 0.955046 0.941263 0.940719 0.938049 0.955046 0.938049 0.947100 
2.718686 0.965236 0.937926 0.946643 0.937926 0.942610 0.936978 0.946643 0.936978 0.938097 
2.730133 0.956484 0.941195 0.943445 0.941195 0.939383 0.934017 0.943445 0.934017 0.942686 
2.741580 0.953776 0.936099 0.939963 0.936099 0.948436 0.938079 0.939963 0.938079 0.936255 
2.753028 0.950541 0.936391 0.941146 0.936391 0.945111 0.938546 0.941146 0.938546 0.938624 
2.764475 0.944516 0.936162 0.936428 0.936162 0.945593 0.938403 0.936428 0.938403 0.936519 
2.775922 0.944133 0.935343 0.935456 0.935343 0.939029 0.940293 0.935456 0.940293 0.933745 
2.787369 0.942581 0.936258 0.933455 0.936258 0.951141 0.944088 0.933455 0.944088 0.939610 
2.798816 0.933735 0.934649 0.935516 0.934649 0.950574 0.944269 0.935516 0.944269 0.932600 
2.810263 0.935513 0.937698 0.938259 0.937698 0.949338 0.941522 0.938259 0.941522 0.937763 
2.821710 0.937700 0.936890 0.933303 0.936890 0.952008 0.947449 0.933303 0.947449 0.933135 
2.833157 0.933758 0.940177 0.936126 0.940177 0.955971 0.948946 0.936126 0.948946 0.943022 
2.844604 0.930623 0.938444 0.936039 0.938444 0.960607 0.948640 0.936039 0.948640 0.944413 
2.856051 0.934145 0.935868 0.936313 0.935868 0.965943 0.954531 0.936313 0.954531 0.938288 
2.867499 0.931572 0.942187 0.940231 0.942187 0.960689 0.953094 0.940231 0.953094 0.940271 
2.878946 0.934856 0.943743 0.935975 0.943743 0.971581 0.959693 0.935975 0.959693 0.946025 
2.890393 0.930397 0.948329 0.938710 0.948329 0.977286 0.959512 0.938710 0.959512 0.940633 
2.901840 0.927593 0.953213 0.936221 0.953213 0.976188 0.963705 0.936221 0.963705 0.946822 
2.913287 0.932000 0.952852 0.939320 0.952852 0.983098 0.966367 0.939320 0.966367 0.959686 
2.924734 0.936229 0.958551 0.945418 0.958551 0.981639 0.972129 0.945418 0.972129 0.956247 
2.936181 0.934359 0.957335 0.945887 0.957335 0.987112 0.972740 0.945887 0.972740 0.957668 
2.947628 0.934646 0.962187 0.947285 0.962187 0.984016 0.970229 0.947285 0.970229 0.955295 
2.959075 0.939230 0.962771 0.950314 0.962771 0.987485 0.978100 0.950314 0.978100 0.962938 
2.970522 0.948163 0.970062 0.950753 0.970062 0.995511 0.982234 0.950753 0.982234 0.970995 
2.981969 0.945620 0.968066 0.958175 0.968066 0.997208 0.988243 0.958175 0.988243 0.973994 
2.993417 0.945222 0.976061 0.964277 0.976061 0.999594 0.986540 0.964277 0.986540 0.968835 
3.004864 0.945079 0.977101 0.964510 0.977101 1.004582 0.991295 0.964510 0.991295 0.975089 
3.016311 0.951366 0.980805 0.969582 0.980805 1.005821 0.992287 0.969582 0.992287 0.979874 
3.027758 0.958432 0.983281 0.971708 0.983281 1.012634 0.996272 0.971708 0.996272 0.983523 
3.039205 0.963247 0.990044 0.974258 0.990044 1.012746 1.002324 0.974258 1.002324 0.984704 
3.050652 0.958892 0.991691 0.973415 0.991691 1.014437 1.004012 0.973415 1.004012 0.993039 
3.062099 0.966353 0.998866 0.982940 0.998866 1.018990 1.009291 0.982940 1.009291 0.998366 
3.073546 0.962849 0.998470 0.981110 0.998470 1.017677 1.007307 0.981110 1.007307 0.993204 
3.084993 0.973641 1.001226 0.986676 1.001226 1.023440 1.010303 0.986676 1.010303 1.004927 
3.096441 0.973897 0.999427 0.989830 0.999427 1.022783 1.013994 0.989830 1.013994 1.003715 
3.107888 0.978970 1.010238 0.992741 1.010238 1.023838 1.015450 0.992741 1.015450 1.013055 
3.119335 0.984110 1.012370 0.999344 1.012370 1.024818 1.017824 0.999344 1.017824 1.013327 
3.130782 0.986270 1.011089 1.000979 1.011089 1.026040 1.021083 1.000979 1.021083 1.011483 
3.142229 0.989498 1.015326 1.002283 1.015326 1.029555 1.023895 1.002283 1.023895 1.015760 
3.153676 0.992235 1.015877 1.009997 1.015877 1.021295 1.020742 1.009997 1.020742 1.017253 
3.165123 1.000043 1.017735 1.012064 1.017735 1.027264 1.023470 1.012064 1.023470 1.019964 
3.176570 0.995829 1.023035 1.010258 1.023035 1.030614 1.031136 1.010258 1.031136 1.028160 
3.188017 0.999225 1.024269 1.012676 1.024269 1.033231 1.027848 1.012676 1.027848 1.017106 
3.199464 1.005871 1.028271 1.016495 1.028271 1.031877 1.025296 1.016495 1.025296 1.027082 
3.210912 1.009683 1.027800 1.021467 1.027800 1.030489 1.031793 1.021467 1.031793 1.032898 
3.222359 1.016348 1.032955 1.021745 1.032955 1.034306 1.031029 1.021745 1.031029 1.030342 
3.233806 1.017440 1.031032 1.023323 1.031032 1.028089 1.032128 1.023323 1.032128 1.030994 
3.245253 1.014812 1.035373 1.027325 1.035373 1.032621 1.032533 1.027325 1.032533 1.031397 
3.256700 1.021075 1.029338 1.029998 1.029338 1.031514 1.030806 1.029998 1.030806 1.034096 
3.268147 1.023905 1.033178 1.022517 1.033178 1.030294 1.032586 1.022517 1.032586 1.034209 
3.279594 1.024030 1.035256 1.030876 1.035256 1.020847 1.032226 1.030876 1.032226 1.035664 
3.291041 1.028007 1.033009 1.034406 1.033009 1.025001 1.035572 1.034406 1.035572 1.030280 
3.302488 1.030438 1.036105 1.033975 1.036105 1.030237 1.030118 1.033975 1.030118 1.035453 
3.313935 1.025114 1.032990 1.036983 1.032990 1.028788 1.029725 1.036983 1.029725 1.037377 
3.325383 1.032177 1.035501 1.033509 1.035501 1.021902 1.028589 1.033509 1.028589 1.028824 
3.336830 1.037087 1.029509 1.031606 1.029509 1.021060 1.027687 1.031606 1.027687 1.038356 
3.348277 1.031676 1.033139 1.037202 1.033139 1.019286 1.028470 1.037202 1.028470 1.026361 
3.359724 1.041102 1.035818 1.033042 1.035818 1.026299 1.027476 1.033042 1.027476 1.034391 
3.371171 1.033964 1.031287 1.039368 1.031287 1.022421 1.026979 1.039368 1.026979 1.033009 
3.382618 1.036698 1.032313 1.035143 1.032313 1.019893 1.027628 1.035143 1.027628 1.029677 
3.394065 1.038312 1.029344 1.037706 1.029344 1.024958 1.022547 1.037706 1.022547 1.026558 
3.405512 1.038413 1.030439 1.038707 1.030439 1.021167 1.022520 1.038707 1.022520 1.030481 
3.416959 1.034605 1.032160 1.031669 1.032160 1.016395 1.022306 1.031669 1.022306 1.027543 
3.428406 1.040135 1.029800 1.031530 1.029800 1.012175 1.023513 1.031530 1.023513 1.025188 
3.439854 1.041248 1.026280 1.029375 1.026280 1.009442 1.015715 1.029375 1.015715 1.025243 
3.451301 1.031702 1.022034 1.032895 1.022034 1.013485 1.017326 1.032895 1.017326 1.022505 
3.462748 1.036849 1.021209 1.029970 1.021209 1.007911 1.015312 1.029970 1.015312 1.025356 
3.474195 1.033600 1.020625 1.030227 1.020625 1.011321 1.012247 1.030227 1.012247 1.019643 
3.485642 1.037000 1.021832 1.027174 1.021832 1.002348 1.011316 1.027174 1.011316 1.025471 
3.497089 1.028640 1.019053 1.024458 1.019053 1.007438 1.009894 1.024458 1.009894 1.010827 
3.508536 1.028972 1.017740 1.024537 1.017740 1.004191 1.012303 1.024537 1.012303 1.016599 
3.519983 1.031881 1.013679 1.020798 1.013679 1.004052 1.008562 1.020798 1.008562 1.015973 
3.531430 1.030178 1.013356 1.020769 1.013356 0.996332 1.008702 1.020769 1.008702 1.008066 
3.542877 1.025561 1.012784 1.020057 1.012784 0.996801 1.005578 1.020057 1.005578 1.018951 
3.554325 1.026532 1.008922 1.019567 1.008922 0.995127 1.003529 1.019567 1.003529 1.011645 
3.565772 1.026327 1.005175 1.016546 1.005175 0.996344 0.998884 1.016546 0.998884 1.009187 
3.577219 1.024680 1.005604 1.012840 1.005604 0.994757 1.001775 1.012840 1.001775 1.004758 
3.588666 1.022227 1.002445 1.012980 1.002445 0.994299 0.995835 1.012980 0.995835 1.004689 
3.600113 1.014094 1.002018 1.013187 1.002018 0.992542 0.997523 1.013187 0.997523 1.000106 
3.611560 1.019862 1.003923 1.007469 1.003923 0.994085 0.996118 1.007469 0.996118 1.002367 
3.623007 1.015947 0.998837 1.007395 0.998837 0.990394 0.995764 1.007395 0.995764 1.002274 
3.634454 1.012699 0.998846 1.000844 0.998846 0.983254 0.993210 1.000844 0.993210 1.004004 
3.645901 1.007688 0.995457 1.002631 0.995457 0.987458 0.989286 1.002631 0.989286 0.997529 
3.657349 1.011981 0.996842 1.000190 0.996842 0.979718 0.990422 1.000190 0.990422 0.997720 
3.668796 1.010124 0.996700 1.002525 0.996700 0.985702 0.990387 1.002525 0.990387 0.996871 
3.680243 1.004372 0.994823 0.997875 0.994823 0.983990 0.985438 0.997875 0.985438 0.989922 
3.691690 1.002139 0.990681 0.997049 0.990681 0.984657 0.988590 0.997049 0.988590 0.991161 
3.703137 0.998317 0.992681 0.995874 0.992681 0.983971 0.988073 0.995874 0.988073 0.989946 
3.714584 1.002784 0.990019 0.995196 0.990019 0.984583 0.988719 0.995196 0.988719 0.990965 
3.726031 1.002214 0.988753 0.992172 0.988753 0.979198 0.983683 0.992172 0.983683 0.988662 
3.737478 0.992904 0.990246 0.990545 0.990246 0.984613 0.986432 0.990545 0.986432 0.989895 
3.748925 0.996064 0.989916 0.991458 0.989916 0.980666 0.982439 0.991458 0.982439 0.983429 
3.760372 0.997261 0.985854 0.989248 0.985854 0.989030 0.982787 0.989248 0.982787 0.984611 
3.771819 0.988427 0.984967 0.987633 0.984967 0.986702 0.980060 0.987633 0.980060 0.986354 
3.783267 0.994287 0.984716 0.988906 0.984716 0.982175 0.986070 0.988906 0.986070 0.977137 
3.794714 0.989799 0.982678 0.986139 0.982678 0.985353 0.984649 0.986139 0.984649 0.985186 
3.806161 0.988334 0.985232 0.984789 0.985232 0.990602 0.984937 0.984789 0.984937 0.983065 
3.817608 0.986335 0.981450 0.985674 0.981450 0.987979 0.984808 0.985674 0.984808 0.984770 
3.829055 0.985915 0.984664 0.983720 0.984664 0.985592 0.985632 0.983720 0.985632 0.983352 
3.840502 0.988961 0.984710 0.986484 0.984710 0.985721 0.983474 0.986484 0.983474 0.989396 
3.851949 0.985079 0.983865 0.984531 0.983865 0.986076 0.988873 0.984531 0.988873 0.983125 
3.863396 0.986673 0.985412 0.982083 0.985412 0.986058 0.983965 0.982083 0.983965 0.985023 
3.874843 0.984918 0.986132 0.983470 0.986132 0.987775 0.987884 0.983470 0.987884 0.980722 
3.886290 0.989424 0.983843 0.985838 0.983843 0.991609 0.987309 0.985838 0.987309 0.986550 
3.897738 0.982764 0.983388 0.985151 0.983388 0.987070 0.987581 0.985151 0.987581 0.981897 
3.909185 0.978713 0.984315 0.983771 0.984315 0.990995 0.988250 0.983771 0.988250 0.986353 
3.920632 0.981497 0.985182 0.980334 0.985182 0.994997 0.990823 0.980334 0.990823 0.984374 
3.932079 0.981945 0.987023 0.984196 0.987023 0.992225 0.989567 0.984196 0.989567 0.975957 
3.943526 0.986335 0.985654 0.984259 0.985654 0.990180 0.989916 0.984259 0.989916 0.989567 
3.954973 0.980568 0.987109 0.986229 0.987109 0.993206 0.994506 0.986229 0.994506 0.983055 
3.966420 0.988039 0.985994 0.984817 0.985994 0.993030 0.991954 0.984817 0.991954 0.988424 
3.977867 0.982884 0.984553 0.983658 0.984553 0.992408 0.992327 0.983658 0.992327 0.991699 
3.989314 0.987780 0.987642 0.985564 0.987642 1.000421 0.995697 0.985564 0.995697 0.991364 
4.000761 0.984522 0.991971 0.989150 0.991971 0.997960 0.996085 0.989150 0.996085 0.990816 
4.012208 0.981824 0.990728 0.988322 0.990728 0.998987 0.993253 0.988322 0.993253 0.992059 
4.023656 0.986224 0.988902 0.987864 0.988902 1.000638 0.992853 0.987864 0.992853 0.990034 
4.035103 0.984023 0.992349 0.986836 0.992349 1.001640 0.995323 0.986836 0.995323 0.991785 
4.046550 0.989887 0.991183 0.990912 0.991183 0.996875 0.998571 0.990912 0.998571 0.995443 
4.057997 0.986494 0.995492 0.993523 0.995492 1.000267 0.998959 0.993523 0.998959 0.992151 
4.069444 0.988606 0.996097 0.989690 0.996097 1.001128 0.997320 0.989690 0.997320 0.994887 
4.080891 0.986108 0.994815 0.994691 0.994815 1.007653 1.000545 0.994691 1.000545 0.997278 
4.092338 0.989289 0.998031 0.991977 0.998031 1.004916 1.002977 0.991977 1.002977 0.998570 
4.103785 0.991461 0.999175 0.996309 0.999175 1.002580 0.999884 0.996309 0.999884 0.997455 
4.115232 0.996763 0.999054 0.998928 0.999054 1.008243 1.002115 0.998928 1.002115 0.998165 
4.126679 0.993777 1.001148 0.995474 1.001148 1.004950 1.003309 0.995474 1.003309 0.997730 
4.138127 0.998297 1.001169 0.994409 1.001169 1.004660 1.004738 0.994409 1.004738 1.000581 
4.149574 0.993899 1.003062 0.996438 1.003062 1.006357 1.004482 0.996438 1.004482 1.004094 
4.161021 0.996945 1.003372 0.997376 1.003372 1.007151 1.007469 0.997376 1.007469 1.005127 
4.172468 0.994616 1.002409 0.998010 1.002409 1.003147 1.006018 0.998010 1.006018 1.006059 
4.183915 0.996866 1.004350 1.000774 1.004350 1.008650 1.006424 1.000774 1.006424 1.002783 
4.195362 1.000360 1.010304 1.000756 1.010304 1.008711 1.008640 1.000756 1.008640 1.006654 
4.206809 0.996380 1.005475 1.003270 1.005475 1.008653 1.006004 1.003270 1.006004 1.006187 
4.218256 0.995761 1.004948 1.003353 1.004948 1.014787 1.007598 1.003353 1.007598 1.005888 
4.229703 1.001913 1.007320 1.004948 1.007320 1.006436 1.008880 1.004948 1.008880 1.003452 
4.241150 1.000363 1.006571 1.004710 1.006571 1.008316 1.009632 1.004710 1.009632 1.007976 
4.252598 1.004919 1.006428 1.006073 1.006428 1.005519 1.008323 1.006073 1.008323 1.000976 
4.264045 1.001279 1.008089 1.005200 1.008089 1.008894 1.008696 1.005200 1.008696 1.007412 
4.275492 1.000642 1.009048 1.005655 1.009048 1.008488 1.009139 1.005655 1.009139 1.010891 
4.286939 1.003943 1.005163 1.006799 1.005163 1.007720 1.009546 1.006799 1.009546 1.011236 
4.298386 1.004227 1.007829 1.009033 1.007829 1.008043 1.007039 1.009033 1.007039 1.010054 
4.309833 1.005049 1.009165 1.007047 1.009165 1.012444 1.008853 1.007047 1.008853 1.009766 
4.321280 1.010700 1.010051 1.011411 1.010051 1.006847 1.008717 1.011411 1.008717 1.005388 
4.332727 1.006103 1.011698 1.009509 1.011698 1.006476 1.010126 1.009509 1.010126 1.009626 
4.344174 1.008265 1.008847 1.009662 1.008847 1.010731 1.009924 1.009662 1.009924 1.006347 
4.355622 1.008324 1.007667 1.009702 1.007667 1.008428 1.008560 1.009702 1.008560 1.012021 
4.367069 1.005695 1.009707 1.011226 1.009707 1.007758 1.008679 1.011226 1.008679 1.008583 
4.378516 1.013054 1.008009 1.008070 1.008009 1.007237 1.010396 1.008070 1.010396 1.008506 
4.389963 1.010695 1.008110 1.011487 1.008110 1.008772 1.011135 1.011487 1.011135 1.013855 
4.401410 1.010592 1.012458 1.008426 1.012458 1.006426 1.008173 1.008426 1.008173 1.009576 
4.412857 1.012467 1.010833 1.009515 1.010833 1.003407 1.007843 1.009515 1.007843 1.007589 
4.424304 1.009679 1.011674 1.010658 1.011674 1.007249 1.006771 1.010658 1.006771 1.010204 
4.435751 1.012417 1.010076 1.010696 1.010076 1.005006 1.008545 1.010696 1.008545 1.006454 
4.447198 1.005000 1.008110 1.008966 1.008110 1.003155 1.006367 1.008966 1.006367 1.009777 
4.458645 1.011883 1.008546 1.009014 1.008546 1.004643 1.009925 1.009014 1.009925 1.007966 
4.470093 1.012005 1.009060 1.010760 1.009060 1.004244 1.005898 1.010760 1.005898 1.007051 
4.481540 1.011997 1.007695 1.006777 1.007695 1.007877 1.002389 1.006777 1.002389 1.006155 
4.492987 1.008712 1.007511 1.007026 1.007511 1.003430 1.003631 1.007026 1.003631 1.010268 
4.504434 1.010949 1.004624 1.008527 1.004624 1.004929 1.003989 1.008527 1.003989 1.006627 
4.515881 1.013244 1.006312 1.008435 1.006312 0.999639 1.006476 1.008435 1.006476 1.007476 
4.527328 1.011126 1.006912 1.010447 1.006912 1.000632 1.005682 1.010447 1.005682 1.008045 
4.538775 1.009862 1.006488 1.006404 1.006488 1.000672 1.003202 1.006404 1.003202 1.008744 
4.550222 1.009930 1.005215 1.007517 1.005215 1.005750 1.002557 1.007517 1.002557 1.001392 
4.561669 1.011025 1.005975 1.008024 1.005975 1.001759 1.002224 1.008024 1.002224 1.005078 
4.573116 1.008927 1.008509 1.009306 1.008509 0.999185 1.003403 1.009306 1.003403 1.000446 
4.584563 1.011917 1.003986 1.005345 1.003986 1.000183 1.000617 1.005345 1.000617 1.006750 
4.596011 1.005203 1.002942 1.006700 1.002942 0.998390 0.999780 1.006700 0.999780 1.003566 
4.607458 1.009832 1.003086 1.004710 1.003086 1.000301 1.002229 1.004710 1.002229 1.000812 
4.618905 1.009356 1.003633 1.008303 1.003633 1.001056 1.001694 1.008303 1.001694 1.002832 
4.630352 1.008813 1.003159 1.007976 1.003159 0.996606 1.002115 1.007976 1.002115 1.002195 
4.641799 1.004861 1.001395 1.003826 1.001395 1.001254 0.999823 1.003826 0.999823 0.999749 
4.653246 1.003554 1.002129 1.003391 1.002129 0.998795 0.998689 1.003391 0.998689 1.006478 
4.664693 1.006650 1.002863 1.003650 1.002863 0.997840 0.999568 1.003650 0.999568 1.001037 
4.676140 1.007817 1.001896 1.001705 1.001896 0.996295 0.998024 1.001705 0.998024 1.000309 
4.687587 1.003595 1.000552 1.000081 1.000552 0.994340 0.998727 1.000081 0.998727 0.998729 
4.699035 1.006601 1.001674 1.004292 1.001674 0.996579 1.001299 1.004292 1.001299 0.999838 
4.710482 1.002886 1.001740 1.001271 1.001740 0.996265 0.999622 1.001271 0.999622 0.997933 
4.721929 1.006690 0.999543 1.000266 0.999543 0.998523 0.997708 1.000266 0.997708 1.002009 
4.733376 1.001736 0.998765 1.002499 0.998765 1.000104 0.997553 1.002499 0.997553 0.997305 
4.744823 1.005038 0.997986 1.000635 0.997986 0.997306 0.998778 1.000635 0.998778 1.000114 
4.756270 0.999711 0.997992 0.999506 0.997992 0.992547 0.997670 0.999506 0.997670 0.999939 
4.767717 1.001776 0.999841 0.999568 0.999841 0.995387 0.997885 0.999568 0.997885 1.000575 
4.779164 1.002873 0.997069 0.999886 0.997069 1.000348 0.997871 0.999886 0.997871 1.000013 
4.790611 1.000067 0.995020 0.999466 0.995020 0.996474 0.993470 0.999466 0.993470 0.996718 
4.802058 1.005200 0.998662 0.996161 0.998662 0.995746 0.997966 0.996161 0.997966 0.997509 
4.813506 0.999221 0.994813 0.998980 0.994813 0.997954 0.996036 0.998980 0.996036 0.997194 
4.824953 0.999955 0.996010 0.999464 0.996010 0.997255 0.997437 0.999464 0.997437 0.998663 
4.836400 0.997910 0.996472 0.998688 0.996472 0.992003 0.994149 0.998688 0.994149 0.997459 
4.847847 0.999018 0.995864 0.997033 0.995864 0.993111 0.993870 0.997033 0.993870 0.998646 
4.859294 0.995998 0.994789 0.995362 0.994789 0.997124 0.996618 0.995362 0.996618 0.996569 
4.870741 0.999136 0.993711 0.998667 0.993711 0.994313 0.998006 0.998667 0.998006 0.997601 
4.882188 0.998351 0.997331 0.997806 0.997331 0.997034 0.995128 0.997806 0.995128 0.995662 
4.893635 0.993599 0.997596 0.997957 0.997596 0.996300 0.996635 0.997957 0.996635 0.998186 
4.905082 0.992352 0.996112 0.994283 0.996112 0.996078 0.998212 0.994283 0.998212 0.996012 
4.916529 0.995773 0.993781 0.997532 0.993781 0.998431 0.996577 0.997532 0.996577 0.993818 
4.927977 0.995189 0.995717 0.995595 0.995717 0.994529 0.997482 0.995595 0.997482 0.996883 
4.939424 0.998078 0.996658 0.997255 0.996658 0.999451 0.996496 0.997255 0.996496 0.997176 
4.950871 1.000793 0.998489 0.996360 0.998489 0.999898 0.996743 0.996360 0.996743 0.998211 
4.962318 0.997234 0.996596 0.996529 0.996596 0.997406 0.995079 0.996529 0.995079 0.995282 
4.973765 0.996047 0.997217 0.995705 0.997217 0.997990 0.995311 0.995705 0.995311 0.997219 
4.985212 0.994479 0.994182 0.999464 0.994182 0.995381 0.997315 0.999464 0.997315 0.995493 
4.996659 0.994134 0.995176 0.996723 0.995176 0.998029 0.992923 0.996723 0.992923 0.997069 
5.008106 0.995540 0.997148 0.998822 0.997148 0.998325 0.999214 0.998822 0.999214 0.994988 
5.019553 0.998506 0.999068 0.997440 0.999068 0.995644 0.997739 0.997440 0.997739 0.998928 
5.031000 0.995313 0.997908 0.999468 0.997908 0.999261 0.998659 0.999468 0.998659 0.996461 
5.042448 0.996069 0.996833 0.998347 0.996833 0.999397 0.997324 0.998347 0.997324 0.995539 
5.053895 1.000593 0.998844 0.998373 0.998844 1.000456 0.998983 0.998373 0.998983 0.997696 
5.065342 0.996298 0.999213 0.996616 0.999213 1.002728 0.996966 0.996616 0.996966 0.997326 
5.076789 0.996176 0.999563 0.994473 0.999563 1.003648 1.000091 0.994473 1.000091 1.002062 
5.088236 0.997125 0.998748 0.997078 0.998748 0.997255 0.998734 0.997078 0.998734 0.999407 
5.099683 0.998015 0.998346 0.998715 0.998346 1.002182 1.000409 0.998715 1.000409 0.995452 
5.111130 0.993842 0.997714 1.000439 0.997714 0.999881 1.000437 1.000439 1.000437 0.998297 
5.122577 0.998085 0.998583 0.998176 0.998583 1.004408 1.000880 0.998176 1.000880 0.999059 
5.134024 0.999771 0.999354 0.998737 0.999354 1.003891 1.000088 0.998737 1.000088 0.998749 
5.145472 0.996153 0.998751 0.999985 0.998751 0.998123 1.002183 0.999985 1.002183 1.001097 
5.156919 0.998027 0.999576 0.997736 0.999576 1.002382 1.001132 0.997736 1.001132 0.996463 
5.168365 0.998735 1.001235 1.002455 1.001235 1.002146 1.001785 1.002455 1.001785 0.996905 
5.179813 1.000574 0.998818 1.000166 0.998818 1.002211 0.999740 1.000166 0.999740 1.002278 
5.191260 1.000640 1.001954 0.998704 1.001954 1.001737 1.000603 0.998704 1.000603 1.003943 
5.202707 0.998225 1.004653 1.000700 1.004653 1.001648 0.999821 1.000700 0.999821 1.001101 
5.214154 1.002440 1.000049 1.001409 1.000049 1.000838 1.002513 1.001409 1.002513 1.002220 
5.225601 1.003773 1.001415 0.999284 1.001415 1.006006 1.002134 0.999284 1.002134 0.995920 
5.237048 0.999947 1.001786 1.001408 1.001786 1.004242 1.003111 1.001408 1.003111 1.003405 
5.248495 0.999541 1.006152 0.998369 1.006152 1.001913 1.001666 0.998369 1.001666 0.999721 
5.259943 1.002487 1.001611 1.002563 1.001611 1.002158 1.000342 1.002563 1.000342 1.000200 
5.271389 1.001866 1.003874 1.002587 1.003874 1.002144 1.004653 1.002587 1.004653 1.005231 
5.282837 1.000178 1.001060 1.002683 1.001060 1.002999 1.004515 1.002683 1.004515 1.001838 
5.294284 0.995961 1.004503 1.001252 1.004503 1.003009 1.005305 1.001252 1.005305 1.004347 
5.305731 1.003433 1.003521 1.000981 1.003521 1.002647 1.003453 1.000981 1.003453 1.000626 
5.317178 1.001792 1.001409 1.002560 1.001409 1.002269 1.002498 1.002560 1.002498 1.001900 
5.328625 1.001737 1.002694 1.004558 1.002694 0.999870 1.002899 1.004558 1.002899 1.005744 
5.340072 1.004441 1.001284 1.003256 1.001284 1.002053 1.002632 1.003256 1.002632 1.001787 
5.351519 0.999198 1.004189 1.002918 1.004189 1.002069 1.001994 1.002918 1.001994 1.001133 
5.362966 1.003445 1.004300 1.001403 1.004300 1.005557 1.003024 1.001403 1.003024 1.001862 
5.374413 1.002109 1.003286 1.003208 1.003286 1.002442 1.003319 1.003208 1.003319 1.002961 
5.385860 1.004048 1.002244 1.003668 1.002244 1.001042 1.002513 1.003668 1.002513 1.004131 
5.397308 1.002360 1.005187 1.004642 1.005187 1.003975 1.005626 1.004642 1.005626 1.004840 
5.408755 1.003481 1.003975 1.003640 1.003975 1.002177 1.003079 1.003640 1.003079 1.005702 
5.420202 1.001972 1.004406 1.003475 1.004406 1.005557 1.006029 1.003475 1.006029 1.005584 
5.431649 1.003024 1.003256 1.001770 1.003256 1.002654 1.003040 1.001770 1.003040 1.004377 
5.443096 1.005359 1.003647 1.003900 1.003647 1.003668 1.004678 1.003900 1.004678 1.003540 
5.454543 1.005010 1.003551 1.000789 1.003551 1.003641 1.003646 1.000789 1.003646 1.007852 
5.465990 1.003379 1.003126 1.002201 1.003126 1.004668 1.004467 1.002201 1.004467 1.002594 
5.477437 1.001887 1.002232 1.003507 1.002232 1.002501 1.002843 1.003507 1.002843 1.005346 
5.488884 1.002652 1.002582 1.003161 1.002582 1.002255 1.002937 1.003161 1.002937 1.001854 
5.500331 1.001637 1.002391 1.001276 1.002391 0.997729 1.003631 1.001276 1.003631 1.000688 
5.511779 1.003747 1.002617 1.003426 1.002617 1.002203 1.002363 1.003426 1.002363 1.003075 
5.523226 1.003698 1.003891 1.003644 1.003891 1.003853 1.001477 1.003644 1.001477 1.000642 
5.534673 1.003805 1.002048 1.003868 1.002048 0.999693 1.002391 1.003868 1.002391 1.002735 
5.546120 1.006088 1.003730 1.003853 1.003730 1.002711 1.002038 1.003853 1.002038 1.004314 
5.557567 1.005932 1.002167 1.004058 1.002167 1.000723 1.002046 1.004058 1.002046 1.002286 
5.569014 1.003067 1.000734 1.003787 1.000734 0.998863 1.000084 1.003787 1.000084 1.004655 
5.580461 1.003641 1.003840 1.003572 1.003840 1.000706 1.001012 1.003572 1.001012 1.001600 
5.591908 0.999525 1.004212 1.003168 1.004212 0.997570 1.004118 1.003168 1.004118 1.000314 
5.603355 1.001335 1.004868 1.002781 1.004868 1.001298 1.000396 1.002781 1.000396 1.002200 
5.614803 1.002720 1.003344 1.003649 1.003344 1.001981 1.000078 1.003649 1.000078 1.002739 
5.626250 1.004457 1.001424 1.005045 1.001424 1.002379 1.002285 1.005045 1.002285 1.001293 
5.637697 1.002703 1.003263 1.003090 1.003263 0.998583 1.001482 1.003090 1.001482 1.001285 
5.649144 1.004480 1.002999 1.001110 1.002999 0.999603 1.001930 1.001110 1.001930 1.003277 
5.660591 1.003490 1.001017 1.001846 1.001017 1.002455 0.998929 1.001846 0.998929 1.004376 
5.672038 1.003626 1.001906 1.002108 1.001906 1.001767 1.000684 1.002108 1.000684 1.002851 
5.683485 1.003346 0.999130 1.000748 0.999130 1.001657 1.003053 1.000748 1.003053 0.997837 
5.694932 1.001889 1.001863 1.003147 1.001863 1.002163 1.002576 1.003147 1.002576 1.000137 
5.706379 1.002205 1.001586 1.004289 1.001586 1.001501 1.000086 1.004289 1.000086 1.002040 
5.717826 1.004865 1.000289 1.002656 1.000289 0.997131 1.000211 1.002656 1.000211 1.003058 
5.729274 1.001617 0.996601 0.998207 0.996601 0.995284 0.996790 0.998207 0.996790 0.998668 
5.740721 0.990485 0.992092 0.992560 0.992092 0.989844 0.992299 0.992560 0.992299 0.992363 
5.752168 0.987418 0.984978 0.986648 0.984978 0.983352 0.985124 0.986648 0.985124 0.985061 
5.763615 0.983516 0.979970 0.978922 0.979970 0.976649 0.979508 0.978922 0.979508 0.980795 
5.775062 0.978037 0.973409 0.972797 0.973409 0.970369 0.972477 0.972797 0.972477 0.977264 
5.786509 0.967051 0.967628 0.968509 0.967628 0.964739 0.967192 0.968509 0.967192 0.969818 
5.797956 0.962511 0.961408 0.961913 0.961408 0.960649 0.962387 0.961913 0.962387 0.960883 
5.809403 0.962231 0.953510 0.957984 0.953510 0.953605 0.953910 0.957984 0.953910 0.956502 
5.820850 0.953398 0.948645 0.949747 0.948645 0.947299 0.949092 0.949747 0.949092 0.950117 
5.832297 0.944222 0.945702 0.945628 0.945702 0.942959 0.943323 0.945628 0.943323 0.943299 
5.843745 0.936783 0.938547 0.939036 0.938547 0.938681 0.937297 0.939036 0.937297 0.939242 
5.855192 0.932654 0.933242 0.934511 0.933242 0.932161 0.932800 0.934511 0.932800 0.932990 
5.866639 0.928567 0.924867 0.927961 0.924867 0.926836 0.926900 0.927961 0.926900 0.928165 
5.878086 0.923689 0.922101 0.921580 0.922101 0.918708 0.921163 0.921580 0.921163 0.921608 
5.889533 0.917820 0.913567 0.917358 0.913567 0.915711 0.914681 0.917358 0.914681 0.915655 
5.900980 0.913032 0.911759 0.907959 0.911759 0.909824 0.909661 0.907959 0.909661 0.909527 
5.912427 0.904629 0.904855 0.903588 0.904855 0.904929 0.904538 0.903588 0.904538 0.904178 
5.923874 0.898745 0.896809 0.897342 0.896809 0.897483 0.897534 0.897342 0.897534 0.894650 
5.935321 0.893509 0.890040 0.892165 0.890040 0.892081 0.892414 0.892165 0.892414 0.892399 
5.946768 0.888967 0.885971 0.887749 0.885971 0.887117 0.886478 0.887749 0.886478 0.886176 
5.958215 0.881868 0.881318 0.881357 0.881318 0.881141 0.881497 0.881357 0.881497 0.881991 
5.969663 0.879220 0.876539 0.876701 0.876539 0.877072 0.876289 0.876701 0.876289 0.878029 
5.981110 0.870739 0.868858 0.869919 0.868858 0.871273 0.867714 0.869919 0.867714 0.870051 
5.992557 0.865773 0.864519 0.865640 0.864519 0.865258 0.864426 0.865640 0.864426 0.865650 
6.004004 0.857940 0.859804 0.859018 0.859804 0.858977 0.859015 0.859018 0.859015 0.861224 
6.015451 0.856234 0.855889 0.856646 0.855889 0.853726 0.852383 0.856646 0.852383 0.852635 
6.026898 0.850268 0.848940 0.846700 0.848940 0.849934 0.848988 0.846700 0.848988 0.849817 
6.038345 0.845131 0.843427 0.843921 0.843427 0.844908 0.843075 0.843921 0.843075 0.843725 
6.049792 0.838370 0.836283 0.837219 0.836283 0.839347 0.836066 0.837219 0.836066 0.840167 
6.061239 0.831962 0.831725 0.830572 0.831725 0.834087 0.833047 0.830572 0.833047 0.831930 
6.072687 0.828452 0.826500 0.826839 0.826500 0.830885 0.827829 0.826839 0.827829 0.826868 
6.084134 0.821919 0.823985 0.820759 0.823985 0.823185 0.821532 0.820759 0.821532 0.821244 
6.095581 0.818663 0.816959 0.817440 0.816959 0.820129 0.818057 0.817440 0.818057 0.818847 
6.107028 0.813459 0.812128 0.812356 0.812128 0.811377 0.812208 0.812356 0.812208 0.811340 
6.118475 0.805210 0.806157 0.805700 0.806157 0.807228 0.806509 0.805700 0.806509 0.807821 
6.129922 0.802245 0.800593 0.800019 0.800593 0.803414 0.802744 0.800019 0.802744 0.802012 
6.141369 0.795693 0.797459 0.795654 0.797459 0.797742 0.795332 0.795654 0.795332 0.796002 
6.152816 0.789157 0.789907 0.790541 0.789907 0.789957 0.791111 0.790541 0.791111 0.792335 
6.164263 0.782535 0.785251 0.786610 0.785251 0.786223 0.787694 0.786610 0.787694 0.786710 
6.175710 0.781986 0.781578 0.781261 0.781578 0.780311 0.781448 0.781261 0.781448 0.777091 
6.187158 0.775765 0.776376 0.776464 0.776376 0.774796 0.776402 0.776464 0.776402 0.775227 
6.198605 0.768421 0.771641 0.770814 0.771641 0.773079 0.769892 0.770814 0.769892 0.767255 
6.210052 0.766885 0.765710 0.766058 0.765710 0.767153 0.765212 0.766058 0.765212 0.765955 
6.221499 0.760947 0.760997 0.762267 0.760997 0.761152 0.759256 0.762267 0.759256 0.761908 
6.232946 0.755162 0.755111 0.755715 0.755111 0.757273 0.755905 0.755715 0.755905 0.754639 
6.244393 0.750158 0.750758 0.751557 0.750758 0.749508 0.750129 0.751557 0.750129 0.750752 
6.255840 0.746642 0.744774 0.747633 0.744774 0.748181 0.744399 0.747633 0.744399 0.747459 
6.267287 0.740465 0.740096 0.741058 0.740096 0.739126 0.740611 0.741058 0.740611 0.738928 
6.278734 0.734325 0.735292 0.735929 0.735292 0.737520 0.736170 0.735929 0.736170 0.735979 
6.290181 0.729301 0.729128 0.729542 0.729128 0.730903 0.731807 0.729542 0.731807 0.728168 
6.301629 0.727638 0.727152 0.726571 0.727152 0.725408 0.724917 0.726571 0.724917 0.725202 
6.313076 0.718373 0.720458 0.721968 0.720458 0.720197 0.719961 0.721968 0.719961 0.722593 
6.324523 0.715259 0.716206 0.716563 0.716206 0.716565 0.716183 0.716563 0.716183 0.714012 
6.335970 0.712235 0.710331 0.712611 0.710331 0.710185 0.711355 0.712611 0.711355 0.710891 
6.347417 0.707485 0.704455 0.705409 0.704455 0.705765 0.705444 0.705409 0.705444 0.704697 
6.358864 0.702098 0.701242 0.700123 0.701242 0.700558 0.700892 0.700123 0.700892 0.700409 
6.370311 0.695308 0.698110 0.694263 0.698110 0.695782 0.696503 0.694263 0.696503 0.696473 
6.381758 0.691889 0.690120 0.692468 0.690120 0.693265 0.692035 0.692468 0.692035 0.691619 
6.393205 0.686172 0.687072 0.685501 0.687072 0.685459 0.687718 0.685501 0.687718 0.686814 
6.404653 0.680975 0.682361 0.683625 0.682361 0.680832 0.681950 0.683625 0.681950 0.682175 
6.416100 0.679014 0.677853 0.678694 0.677853 0.675603 0.677306 0.678694 0.677306 0.676988 
6.427547 0.672521 0.670472 0.673671 0.670472 0.673376 0.672327 0.673671 0.672327 0.673315 
6.438994 0.667285 0.667067 0.668750 0.667067 0.666234 0.669070 0.668750 0.669070 0.667907 
6.450441 0.664906 0.663005 0.664016 0.663005 0.660724 0.662959 0.664016 0.662959 0.663521 
6.461888 0.656869 0.658217 0.660292 0.658217 0.657743 0.657770 0.660292 0.657770 0.658444 
6.473335 0.655545 0.653446 0.655009 0.653446 0.653678 0.653560 0.655009 0.653560 0.654027 
6.484782 0.647952 0.649085 0.648431 0.649085 0.650431 0.648986 0.648431 0.648986 0.650244 
6.496229 0.644765 0.643825 0.643267 0.643825 0.645175 0.645585 0.643267 0.645585 0.644088 
6.507676 0.640311 0.640086 0.638845 0.640086 0.638875 0.638684 0.638845 0.638684 0.640611 
6.519124 0.632468 0.634456 0.635539 0.634456 0.633998 0.634711 0.635539 0.634711 0.634734 
6.530571 0.631887 0.629826 0.630770 0.629826 0.627711 0.629686 0.630770 0.629686 0.630051 
6.542018 0.625208 0.625907 0.625080 0.625907 0.625702 0.624965 0.625080 0.624965 0.625535 
6.553465 0.623267 0.622015 0.622215 0.622015 0.620674 0.621836 0.622215 0.621836 0.619887 
6.564912 0.616419 0.616182 0.616154 0.616182 0.615209 0.614937 0.616154 0.614937 0.615555 
6.576359 0.610386 0.612434 0.612519 0.612434 0.611403 0.612770 0.612519 0.612770 0.611257 
6.587806 0.607391 0.608828 0.608083 0.608828 0.604499 0.608198 0.608083 0.608198 0.607112 
6.599253 0.602977 0.602740 0.602639 0.602740 0.601786 0.602774 0.602639 0.602774 0.603778 
6.610700 0.598204 0.599017 0.599828 0.599017 0.597459 0.595803 0.599828 0.595803 0.599493 
6.622147 0.594259 0.595065 0.592404 0.595065 0.592449 0.593763 0.592404 0.593763 0.593743 
6.633595 0.589548 0.590319 0.589072 0.590319 0.589029 0.588555 0.589072 0.588555 0.588292 
6.645041 0.583430 0.584938 0.584429 0.584938 0.587173 0.583750 0.584429 0.583750 0.583502 
6.656489 0.582683 0.580546 0.580614 0.580546 0.576928 0.580817 0.580614 0.580817 0.578994 
6.667936 0.576283 0.575767 0.575143 0.575767 0.576796 0.576511 0.575143 0.576511 0.574463 
6.679383 0.572101 0.572909 0.570927 0.572909 0.571025 0.571194 0.570927 0.571194 0.572084 
6.690830 0.568736 0.567026 0.568038 0.567026 0.568118 0.566072 0.568038 0.566072 0.566582 
6.702277 0.562888 0.562447 0.562749 0.562447 0.562379 0.561216 0.562749 0.561216 0.563193 
6.713724 0.558888 0.557971 0.559447 0.557971 0.558631 0.558025 0.559447 0.558025 0.559969 
6.725171 0.556272 0.554598 0.553103 0.554598 0.555048 0.554203 0.553103 0.554203 0.554122 
6.736618 0.549792 0.549021 0.549675 0.549021 0.549490 0.548020 0.549675 0.548020 0.549737 
6.748065 0.545875 0.544912 0.544999 0.544912 0.544574 0.543882 0.544999 0.543882 0.544221 
6.759512 0.540732 0.540677 0.540794 0.540677 0.540020 0.541447 0.540794 0.541447 0.541809 
6.770960 0.536769 0.536112 0.537590 0.536112 0.537272 0.536389 0.537590 0.536389 0.537288 
6.782407 0.530599 0.532609 0.531047 0.532609 0.532040 0.532331 0.531047 0.532331 0.531815 
6.793854 0.528898 0.528924 0.528560 0.528924 0.527659 0.527422 0.528560 0.527422 0.528197 
6.805301 0.523089 0.523050 0.524095 0.523050 0.523774 0.523816 0.524095 0.523816 0.522868 
6.816748 0.518602 0.518324 0.518936 0.518324 0.520483 0.519784 0.518936 0.519784 0.520392 
6.828195 0.515521 0.514549 0.515349 0.514549 0.514127 0.514878 0.515349 0.514878 0.516582 
6.839642 0.513956 0.509383 0.510090 0.509383 0.510105 0.510606 0.510090 0.510606 0.510271 
6.851089 0.508004 0.507999 0.506705 0.507999 0.506487 0.506241 0.506705 0.506241 0.506858 
6.862536 0.503281 0.502986 0.502377 0.502986 0.502794 0.502078 0.502377 0.502078 0.503354 
6.873983 0.497765 0.497499 0.499108 0.497499 0.497349 0.497267 0.499108 0.497267 0.499402 
6.885431 0.493622 0.494726 0.492258 0.494726 0.494759 0.494074 0.492258 0.494074 0.494496 
6.896878 0.492858 0.490120 0.489863 0.490120 0.488498 0.488843 0.489863 0.488843 0.489667 
6.908325 0.485710 0.484849 0.485560 0.484849 0.486153 0.486498 0.485560 0.486498 0.485172 
6.919772 0.482481 0.480941 0.482021 0.480941 0.481674 0.482065 0.482021 0.482065 0.481969 
6.931219 0.477837 0.477360 0.477165 0.477360 0.476937 0.477171 0.477165 0.477171 0.478598 
6.942666 0.473183 0.472991 0.474715 0.472991 0.472790 0.473707 0.474715 0.473707 0.473713 
6.954113 0.470894 0.468783 0.470195 0.468783 0.469580 0.469491 0.470195 0.469491 0.469131 
6.965560 0.464019 0.465637 0.465428 0.465637 0.466266 0.464380 0.465428 0.464380 0.466371 
6.977007 0.460326 0.461195 0.460906 0.461195 0.460808 0.459765 0.460906 0.459765 0.461632 
6.988455 0.459061 0.456745 0.457977 0.456745 0.457813 0.457155 0.457977 0.457155 0.455880 
6.999902 0.454391 0.453746 0.452953 0.453746 0.453274 0.453496 0.452953 0.453496 0.453476 
7.011349 0.449480 0.449714 0.450475 0.449714 0.448876 0.448901 0.450475 0.448901 0.449609 
7.022796 0.445646 0.445892 0.445127 0.445892 0.446327 0.444817 0.445127 0.444817 0.445141 
7.034243 0.439167 0.440939 0.441411 0.440939 0.440788 0.441413 0.441411 0.441413 0.439228 
7.045690 0.438637 0.437799 0.436483 0.437799 0.438103 0.437272 0.436483 0.437272 0.438898 
7.057137 0.433255 0.433148 0.432875 0.433148 0.431557 0.432411 0.432875 0.432411 0.434972 
7.068584 0.428647 0.429218 0.429708 0.429218 0.429428 0.428616 0.429708 0.428616 0.428456 
7.080031 0.426371 0.426453 0.426496 0.426453 0.424609 0.426067 0.426496 0.426067 0.426441 
7.091478 0.422093 0.421306 0.422046 0.421306 0.421935 0.421298 0.422046 0.421298 0.422347 
7.102926 0.416703 0.417629 0.417066 0.417629 0.417612 0.417637 0.417066 0.417637 0.416473 
7.114373 0.412109 0.413990 0.414575 0.413990 0.413543 0.413884 0.414575 0.413884 0.414252 
7.125820 0.411337 0.409052 0.409569 0.409052 0.409365 0.411079 0.409569 0.411079 0.409891 
7.137267 0.407093 0.406362 0.405825 0.406362 0.405602 0.406468 0.405825 0.406468 0.405615 
7.148714 0.402779 0.402129 0.401970 0.402129 0.402732 0.402542 0.401970 0.402542 0.401329 
7.160161 0.397709 0.398777 0.397808 0.398777 0.398227 0.398387 0.397808 0.398387 0.399148 
7.171608 0.394923 0.395109 0.394519 0.395109 0.394346 0.395086 0.394519 0.395086 0.395841 
7.183055 0.390724 0.391425 0.390969 0.391425 0.391789 0.391379 0.390969 0.391379 0.390162 
7.194502 0.387313 0.387274 0.387820 0.387274 0.386097 0.386881 0.387820 0.386881 0.385557 
7.205949 0.382397 0.384319 0.383371 0.384319 0.382457 0.382321 0.383371 0.382321 0.383028 
7.217396 0.380130 0.378852 0.380028 0.378852 0.379600 0.379081 0.380028 0.379081 0.379780 
7.228844 0.375459 0.375496 0.375511 0.375496 0.375917 0.375298 0.375511 0.375298 0.374325 
7.240291 0.372354 0.371993 0.371599 0.371993 0.373094 0.371764 0.371599 0.371764 0.373269 
7.251738 0.366648 0.368901 0.369108 0.368901 0.368470 0.366932 0.369108 0.366932 0.368678 
7.263185 0.364612 0.364169 0.364434 0.364169 0.365429 0.364323 0.364434 0.364323 0.364358 
7.274632 0.360766 0.360641 0.360258 0.360641 0.360977 0.361685 0.360258 0.361685 0.360315 
7.286079 0.356962 0.356313 0.356849 0.356313 0.357056 0.356745 0.356849 0.356745 0.356821 
7.297526 0.352425 0.353515 0.353411 0.353515 0.353261 0.353023 0.353411 0.353023 0.353574 
7.308973 0.349101 0.349860 0.349936 0.349860 0.351167 0.350209 0.349936 0.350209 0.350320 
7.320421 0.344228 0.346133 0.346494 0.346133 0.346589 0.345677 0.346494 0.345677 0.346695 
7.331868 0.342601 0.342111 0.343010 0.342111 0.343796 0.341719 0.343010 0.341719 0.341760 
7.343315 0.339069 0.338344 0.338863 0.338344 0.338809 0.339679 0.338863 0.339679 0.338417 
7.354762 0.335902 0.335262 0.335416 0.335262 0.335361 0.335358 0.335416 0.335358 0.335374 
7.366209 0.331501 0.331727 0.330632 0.331727 0.330911 0.331508 0.330632 0.331508 0.332019 
7.377656 0.328539 0.327007 0.327430 0.327007 0.327095 0.327486 0.327430 0.327486 0.328231 
7.389103 0.324492 0.322959 0.323537 0.322959 0.323134 0.324957 0.323537 0.324957 0.323517 
7.400550 0.321717 0.320320 0.320836 0.320320 0.321929 0.320659 0.320836 0.320659 0.321886 
7.411997 0.318042 0.317049 0.317168 0.317049 0.317451 0.316841 0.317168 0.316841 0.317211 
7.423444 0.314223 0.313056 0.312675 0.313056 0.312795 0.313820 0.312675 0.313820 0.313600 
7.434891 0.309935 0.310441 0.310188 0.310441 0.309216 0.309067 0.310188 0.309067 0.309388 
7.446339 0.305004 0.306507 0.306246 0.306507 0.305971 0.306415 0.306246 0.306415 0.306681 
7.457786 0.303193 0.302713 0.302589 0.302713 0.302153 0.303136 0.302589 0.303136 0.302381 
7.469233 0.300074 0.299195 0.299558 0.299195 0.300753 0.299541 0.299558 0.299541 0.299452 
7.480680 0.297341 0.295330 0.296185 0.295330 0.295620 0.295624 0.296185 0.295624 0.295027 
7.492127 0.292102 0.292073 0.291618 0.292073 0.291475 0.291494 0.291618 0.291494 0.292138 
7.503574 0.288619 0.289463 0.289027 0.289463 0.287879 0.288831 0.289027 0.288831 0.287819 
7.515021 0.286142 0.284886 0.285762 0.284886 0.284105 0.284506 0.285762 0.284506 0.284604 
7.526468 0.280654 0.280827 0.281984 0.280827 0.280331 0.281205 0.281984 0.281205 0.281545 
7.537915 0.278838 0.278178 0.277896 0.278178 0.278934 0.277590 0.277896 0.277590 0.277962 
7.549362 0.275137 0.274128 0.274872 0.274128 0.275243 0.274476 0.274872 0.274476 0.275054 
7.560810 0.272105 0.270645 0.271792 0.270645 0.271711 0.271326 0.271792 0.271326 0.270491 
7.572257 0.268181 0.268252 0.267842 0.268252 0.267628 0.267722 0.267842 0.267722 0.268158 
7.583704 0.264011 0.264750 0.265110 0.264750 0.263806 0.264673 0.265110 0.264673 0.263236 
7.595151 0.261540 0.261183 0.261365 0.261183 0.261177 0.261207 0.261365 0.261207 0.260499 
7.606598 0.257665 0.257999 0.257523 0.257999 0.256849 0.256700 0.257523 0.256700 0.256901 
7.618045 0.254265 0.253844 0.253978 0.253844 0.254382 0.254735 0.253978 0.254735 0.254445 
7.629492 0.250281 0.249707 0.250989 0.249707 0.250591 0.250813 0.250989 0.250813 0.250535 
7.640939 0.247704 0.247437 0.247100 0.247437 0.247164 0.247325 0.247100 0.247325 0.247194 
7.652386 0.244128 0.244498 0.244103 0.244498 0.244425 0.243598 0.244103 0.243598 0.244410 
7.663833 0.240814 0.240555 0.241298 0.240555 0.240732 0.240493 0.241298 0.240493 0.241246 
7.675281 0.237239 0.238023 0.238022 0.238023 0.237228 0.237979 0.238022 0.237979 0.236405 
7.686728 0.233861 0.234288 0.232854 0.234288 0.234412 0.233686 0.232854 0.233686 0.233641 
7.698175 0.230086 0.230833 0.231082 0.230833 0.230279 0.230679 0.231082 0.230679 0.231813 
7.709622 0.227882 0.227163 0.228131 0.227163 0.227766 0.227797 0.228131 0.227797 0.227175 
7.721069 0.224808 0.223870 0.223731 0.223870 0.224151 0.224601 0.223731 0.224601 0.223671 
7.732516 0.220410 0.221120 0.220923 0.221120 0.220350 0.221082 0.220923 0.221082 0.220884 
7.743963 0.216626 0.217263 0.218136 0.217263 0.216150 0.217142 0.218136 0.217142 0.217117 
7.755410 0.214587 0.214464 0.214106 0.214464 0.214341 0.214209 0.214106 0.214209 0.214409 
7.766857 0.210626 0.209910 0.210965 0.209910 0.210494 0.211040 0.210965 0.211040 0.211191 
7.778305 0.207424 0.207739 0.208001 0.207739 0.207772 0.207375 0.208001 0.207375 0.207872 
7.789752 0.205353 0.204348 0.204755 0.204348 0.204104 0.204516 0.204755 0.204516 0.205635 
7.801198 0.202229 0.201629 0.200798 0.201629 0.201955 0.200665 0.200798 0.200665 0.201560 
7.812646 0.198874 0.198070 0.198277 0.198070 0.197619 0.197734 0.198277 0.197734 0.197965 
7.824093 0.195304 0.194342 0.195116 0.194342 0.194347 0.194898 0.195116 0.194898 0.194624 
7.835540 0.191416 0.191479 0.191669 0.191479 0.191776 0.191183 0.191669 0.191183 0.190824 
7.846987 0.189289 0.188535 0.187879 0.188535 0.188249 0.188026 0.187879 0.188026 0.188873 
7.858434 0.184389 0.185100 0.185249 0.185100 0.185151 0.185145 0.185249 0.185145 0.185381 
7.869881 0.182251 0.181652 0.181892 0.181652 0.181702 0.181754 0.181892 0.181754 0.181566 
7.881328 0.178931 0.178975 0.178933 0.178975 0.178268 0.178584 0.178933 0.178584 0.178810 
7.892776 0.175827 0.175865 0.176669 0.175865 0.175552 0.175624 0.176669 0.175624 0.175059 
7.904222 0.172942 0.172546 0.172190 0.172546 0.172929 0.172731 0.172190 0.172731 0.173195 
7.915670 0.169724 0.169658 0.169237 0.169658 0.169770 0.169534 0.169237 0.169534 0.169064 
7.927117 0.166171 0.165885 0.165903 0.165885 0.166180 0.166680 0.165903 0.166680 0.165775 
7.938564 0.163158 0.162625 0.163323 0.162625 0.163267 0.163741 0.163323 0.163741 0.162672 
7.950011 0.159848 0.159602 0.159712 0.159602 0.160276 0.160386 0.159712 0.160386 0.159080 
7.961458 0.157752 0.156741 0.156613 0.156741 0.156984 0.156675 0.156613 0.156675 0.156339 
7.972905 0.153951 0.153497 0.154199 0.153497 0.154071 0.153926 0.154199 0.153926 0.153912 
7.984352 0.151127 0.150535 0.150662 0.150535 0.150044 0.150432 0.150662 0.150432 0.151289 
7.995799 0.147191 0.147993 0.147465 0.147993 0.147315 0.147371 0.147465 0.147371 0.147355 
8.007246 0.144726 0.144259 0.144266 0.144259 0.144514 0.144740 0.144266 0.144740 0.144556 
8.018693 0.141011 0.141458 0.141044 0.141458 0.141717 0.141386 0.141044 0.141386 0.142697 
8.030140 0.138339 0.138520 0.138149 0.138520 0.138847 0.138556 0.138149 0.138556 0.137776 
8.041587 0.135720 0.135262 0.135313 0.135262 0.134941 0.135117 0.135313 0.135117 0.134673 
8.053035 0.132222 0.132362 0.132419 0.132362 0.132520 0.132030 0.132419 0.132030 0.132051 
8.064482 0.129447 0.129323 0.129626 0.129323 0.129145 0.129402 0.129626 0.129402 0.129228 
8.075929 0.126917 0.126500 0.126572 0.126500 0.126483 0.126808 0.126572 0.126808 0.126679 
8.087376 0.122155 0.122860 0.123308 0.122860 0.123364 0.123545 0.123308 0.123545 0.122966 
8.098823 0.120239 0.120351 0.120821 0.120351 0.120804 0.120375 0.120821 0.120375 0.120667 
8.110270 0.117205 0.117595 0.117963 0.117595 0.117154 0.117041 0.117963 0.117041 0.117801 
8.121717 0.115437 0.114821 0.115082 0.114821 0.114768 0.115100 0.115082 0.115100 0.114931 
8.133165 0.112203 0.112631 0.112438 0.112631 0.112162 0.112696 0.112438 0.112696 0.113024 
8.144612 0.110551 0.109827 0.109504 0.109827 0.109866 0.110305 0.109504 0.110305 0.110534 
8.156059 0.108168 0.107422 0.108191 0.107422 0.107884 0.107824 0.108191 0.107824 0.108203 
8.167506 0.105117 0.105731 0.105370 0.105731 0.105364 0.105294 0.105370 0.105294 0.105121 
8.178953 0.102597 0.103176 0.103391 0.103176 0.102612 0.103349 0.103391 0.103349 0.102859 
8.190400 0.100852 0.101140 0.100876 0.101140 0.101099 0.101585 0.100876 0.101585 0.101549 
8.201847 0.098786 0.098800 0.099136 0.098800 0.098938 0.098866 0.099136 0.098866 0.098429 
8.213295 0.096562 0.097458 0.097202 0.097458 0.096946 0.097374 0.097202 0.097374 0.097064 
8.224741 0.094721 0.094371 0.094888 0.094371 0.094870 0.095648 0.094888 0.095648 0.094671 
8.236188 0.093018 0.093129 0.092564 0.093129 0.093343 0.092438 0.092564 0.092438 0.093240 
8.247635 0.090647 0.091469 0.091473 0.091469 0.090956 0.091133 0.091473 0.091133 0.090798 
8.259082 0.090114 0.089455 0.089440 0.089455 0.089040 0.089099 0.089440 0.089099 0.088781 
8.270530 0.087029 0.087190 0.087421 0.087190 0.087049 0.087671 0.087421 0.087671 0.087454 
8.281977 0.086040 0.085626 0.085158 0.085626 0.085590 0.085859 0.085158 0.085859 0.085941 
8.293424 0.084030 0.084073 0.083493 0.084073 0.083995 0.083539 0.083493 0.083539 0.083513 
8.304871 0.081927 0.081814 0.082056 0.081814 0.081970 0.081958 0.082056 0.081958 0.082150 
8.316318 0.080855 0.080260 0.080353 0.080260 0.080145 0.080830 0.080353 0.080830 0.080788 
8.327765 0.078607 0.079025 0.078271 0.079025 0.078906 0.078554 0.078271 0.078554 0.078426 
8.339212 0.077459 0.076993 0.077002 0.076993 0.077026 0.077275 0.077002 0.077275 0.076575 
8.350659 0.075939 0.075611 0.075087 0.075611 0.075344 0.075460 0.075087 0.075460 0.075496 
8.362107 0.074089 0.074055 0.073909 0.074055 0.073446 0.073894 0.073909 0.073894 0.074025 
8.373554 0.072384 0.072653 0.072049 0.072653 0.072020 0.072343 0.072049 0.072343 0.071854 
8.385001 0.070595 0.070646 0.070555 0.070646 0.070554 0.070651 0.070555 0.070651 0.070990 
8.396448 0.069694 0.069763 0.069586 0.069763 0.069582 0.069319 0.069586 0.069319 0.069262 
8.407895 0.068020 0.067978 0.067958 0.067978 0.067764 0.068006 0.067958 0.068006 0.067763 
8.419342 0.066479 0.066264 0.066532 0.066264 0.066439 0.066261 0.066532 0.066261 0.065764 
8.430789 0.065556 0.065138 0.064813 0.065138 0.065009 0.064976 0.064813 0.064976 0.065213 
8.442236 0.063609 0.063372 0.063392 0.063372 0.063733 0.063555 0.063392 0.063555 0.063402 
8.453683 0.062615 0.062327 0.062543 0.062327 0.062101 0.062355 0.062543 0.062355 0.062764 
8.465130 0.060996 0.060766 0.061109 0.060766 0.061126 0.061108 0.061109 0.061108 0.060763 
8.476577 0.059492 0.059399 0.059837 0.059399 0.059614 0.059322 0.059837 0.059322 0.060122 
8.488024 0.058125 0.057854 0.058191 0.057854 0.058948 0.058592 0.058191 0.058592 0.057955 
8.499472 0.057230 0.056923 0.057193 0.056923 0.057063 0.057123 0.057193 0.057123 0.057512 
8.510919 0.055948 0.055855 0.055892 0.055855 0.055656 0.055661 0.055892 0.055661 0.056231 
8.522366 0.054970 0.054709 0.054881 0.054709 0.054987 0.054826 0.054881 0.054826 0.054884 
8.533813 0.054059 0.053403 0.053311 0.053403 0.053461 0.053213 0.053311 0.053213 0.053442 
8.545260 0.052557 0.052311 0.052461 0.052311 0.052385 0.052269 0.052461 0.052269 0.052299 
8.556707 0.050747 0.050938 0.051002 0.050938 0.050970 0.051196 0.051002 0.051196 0.051425 
8.568154 0.050234 0.049936 0.050132 0.049936 0.050167 0.050148 0.050132 0.050148 0.050092 
8.579602 0.048510 0.048660 0.048860 0.048660 0.048891 0.048818 0.048860 0.048818 0.048348 
8.591049 0.047740 0.048154 0.047930 0.048154 0.047578 0.047917 0.047930 0.047917 0.047937 
8.602496 0.046424 0.046523 0.046821 0.046523 0.046564 0.046491 0.046821 0.046491 0.046668 
8.613943 0.045970 0.045734 0.045753 0.045734 0.045683 0.045690 0.045753 0.045690 0.045794 
8.625390 0.044749 0.044740 0.044812 0.044740 0.044840 0.044570 0.044812 0.044570 0.044702 
8.636837 0.043366 0.043683 0.043775 0.043683 0.043788 0.043595 0.043775 0.043595 0.043081 
8.648284 0.042438 0.042678 0.042635 0.042678 0.042782 0.042529 0.042635 0.042529 0.043041 
8.659731 0.041728 0.041530 0.041547 0.041530 0.041614 0.041427 0.041547 0.041427 0.041953 
8.671178 0.040454 0.040507 0.040781 0.040507 0.040719 0.040799 0.040781 0.040799 0.040946 
8.682625 0.039842 0.039436 0.039571 0.039436 0.039651 0.039548 0.039571 0.039548 0.039842 
8.694072 0.039120 0.038903 0.038582 0.038903 0.038966 0.038940 0.038582 0.038940 0.039294 
8.705519 0.038192 0.038228 0.038003 0.038228 0.037810 0.037718 0.038003 0.037718 0.037915 
8.716967 0.036881 0.037079 0.036997 0.037079 0.036831 0.037016 0.036997 0.037016 0.037192 
8.728414 0.036148 0.036350 0.036083 0.036350 0.035680 0.035941 0.036083 0.035941 0.036074 
8.739861 0.035205 0.035105 0.035442 0.035105 0.035340 0.035472 0.035442 0.035472 0.035564 
8.751308 0.034512 0.034169 0.034690 0.034169 0.034577 0.034320 0.034690 0.034320 0.034222 
8.762755 0.034027 0.033511 0.033414 0.033511 0.033623 0.033729 0.033414 0.033729 0.033408 
8.774202 0.032683 0.032631 0.032752 0.032631 0.032787 0.032702 0.032752 0.032702 0.032615 
8.785649 0.031663 0.032091 0.031925 0.032091 0.031593 0.032073 0.031925 0.032073 0.031730 
8.797096 0.031163 0.031431 0.030997 0.031431 0.030668 0.030938 0.030997 0.030938 0.031228 
8.808544 0.030369 0.030175 0.030472 0.030175 0.030305 0.030296 0.030472 0.030296 0.030469 
8.819991 0.029537 0.029592 0.029348 0.029592 0.029781 0.029315 0.029348 0.029315 0.029881 
8.831438 0.029013 0.028727 0.028848 0.028727 0.028984 0.028728 0.028848 0.028728 0.028818 
8.842885 0.028256 0.028202 0.027885 0.028202 0.028188 0.028179 0.027885 0.028179 0.028099 
8.854331 0.027731 0.027320 0.027366 0.027320 0.027429 0.027206 0.027366 0.027206 0.027476 
8.865779 0.026503 0.026696 0.026688 0.026696 0.026664 0.026580 0.026688 0.026580 0.026963 
8.877226 0.026133 0.026068 0.025796 0.026068 0.026060 0.025883 0.025796 0.025883 0.026262 
8.888673 0.025502 0.025242 0.025115 0.025242 0.025128 0.025381 0.025115 0.025381 0.025093 
8.900120 0.024687 0.024470 0.024527 0.024470 0.024595 0.024486 0.024527 0.024486 0.024576 
8.911567 0.023682 0.023880 0.024082 0.023880 0.023959 0.023830 0.024082 0.023830 0.023828 
8.923014 0.023356 0.023302 0.023351 0.023302 0.023182 0.023184 0.023351 0.023184 0.023060 
8.934462 0.022553 0.022789 0.022685 0.022789 0.022398 0.022562 0.022685 0.022562 0.022451 
8.945909 0.021908 0.021878 0.022066 0.021878 0.021905 0.021982 0.022066 0.021982 0.021908 
8.957356 0.021711 0.021490 0.021226 0.021490 0.021495 0.021421 0.021226 0.021421 0.021461 
8.968803 0.020832 0.020714 0.020667 0.020714 0.020759 0.020880 0.020667 0.020880 0.020796 
8.980250 0.020044 0.020220 0.020195 0.020220 0.020209 0.020177 0.020195 0.020177 0.020040 
8.991697 0.019645 0.019917 0.019669 0.019917 0.019878 0.019749 0.019669 0.019749 0.019585 
9.003144 0.019005 0.018998 0.018984 0.018998 0.018851 0.019034 0.018984 0.019034 0.019127 
9.014591 0.018361 0.018336 0.018415 0.018336 0.018452 0.018526 0.018415 0.018526 0.018322 
9.026039 0.017896 0.017966 0.017820 0.017966 0.018123 0.018011 0.017820 0.018011 0.018027 
9.037486 0.017275 0.017275 0.017409 0.017275 0.017345 0.017381 0.017409 0.017381 0.017143 
9.048933 0.016867 0.016938 0.017113 0.016938 0.016823 0.016834 0.017113 0.016834 0.016854 
9.060380 0.016579 0.016276 0.016363 0.016276 0.016561 0.016279 0.016363 0.016279 0.016008 
9.071826 0.015757 0.015913 0.015729 0.015913 0.015895 0.015723 0.015729 0.015723 0.015897 
9.083274 0.015306 0.015127 0.015435 0.015127 0.015476 0.015385 0.015435 0.015385 0.015536 
9.094721 0.014926 0.015039 0.014923 0.015039 0.015033 0.014985 0.014923 0.014985 0.014975 
9.106168 0.014341 0.014487 0.014225 0.014487 0.014388 0.014329 0.014225 0.014329 0.014338 
9.117615 0.013896 0.013986 0.013957 0.013986 0.013754 0.013885 0.013957 0.013885 0.014039 
9.129062 0.013490 0.013583 0.013472 0.013583 0.013586 0.013535 0.013472 0.013535 0.013373 
9.140509 0.013030 0.013007 0.013062 0.013007 0.013097 0.012865 0.013062 0.012865 0.012875 
9.151956 0.012723 0.012512 0.012545 0.012512 0.012634 0.012570 0.012545 0.012570 0.012502 
9.163404 0.012316 0.012201 0.012254 0.012201 0.012401 0.012150 0.012254 0.012150 0.012153 
9.174851 0.011603 0.011677 0.011776 0.011677 0.011631 0.011773 0.011776 0.011773 0.011707 
9.186298 0.011383 0.011325 0.011332 0.011325 0.011167 0.011472 0.011332 0.011472 0.011364 
9.197745 0.010670 0.010876 0.011044 0.010876 0.011031 0.010891 0.011044 0.010891 0.010797 
9.209192 0.010713 0.010390 0.010586 0.010390 0.010575 0.010631 0.010586 0.010631 0.010421 
9.220639 0.010344 0.010202 0.010213 0.010202 0.010126 0.010174 0.010213 0.010174 0.010374 
9.232086 0.009518 0.009784 0.009767 0.009784 0.009646 0.009891 0.009767 0.009891 0.009998 
9.243534 0.009445 0.009353 0.009301 0.009353 0.009434 0.009408 0.009301 0.009408 0.009346 
9.254981 0.008877 0.009063 0.009096 0.009063 0.009235 0.009072 0.009096 0.009072 0.008818 
9.266428 0.008675 0.008744 0.008693 0.008744 0.008666 0.008882 0.008693 0.008882 0.008730 
9.277874 0.008509 0.008417 0.008494 0.008417 0.008103 0.008459 0.008494 0.008459 0.008487 
9.289321 0.008023 0.008070 0.007951 0.008070 0.008060 0.008059 0.007951 0.008059 0.008078 
9.300768 0.007649 0.007588 0.007784 0.007588 0.007667 0.007876 0.007784 0.007876 0.007752 
9.312216 0.007490 0.007407 0.007398 0.007407 0.007381 0.007480 0.007398 0.007480 0.007490 
9.323663 0.007104 0.007059 0.007117 0.007059 0.007042 0.007126 0.007117 0.007126 0.007137 
9.335110 0.006817 0.006851 0.006823 0.006851 0.006818 0.006882 0.006823 0.006882 0.006851 
9.346557 0.006442 0.006491 0.006491 0.006491 0.006544 0.006519 0.006491 0.006519 0.006474 
9.358004 0.006257 0.006227 0.006162 0.006227 0.006236 0.006230 0.006162 0.006230 0.006258 
9.369451 0.005923 0.005953 0.005900 0.005953 0.005844 0.005993 0.005900 0.005993 0.005945 
9.380898 0.005678 0.005612 0.005702 0.005612 0.005641 0.005719 0.005702 0.005719 0.005701 
9.392346 0.005336 0.005384 0.005554 0.005384 0.005365 0.005435 0.005554 0.005435 0.005322 
9.403793 0.005262 0.005080 0.005161 0.005080 0.005264 0.005170 0.005161 0.005170 0.004982 
9.415240 0.004932 0.004950 0.004917 0.004950 0.004950 0.004808 0.004917 0.004808 0.004841 
9.426687 0.004592 0.004595 0.004610 0.004595 0.004698 0.004583 0.004610 0.004583 0.004699 
9.438134 0.004650 0.004413 0.004433 0.004413 0.004367 0.004370 0.004433 0.004370 0.004531 
9.449581 0.004234 0.004186 0.004207 0.004186 0.004290 0.004169 0.004207 0.004169 0.004218 
9.461028 0.003900 0.003957 0.003934 0.003957 0.003947 0.003996 0.003934 0.003996 0.004033 
9.472476 0.003674 0.003837 0.003763 0.003837 0.003742 0.003700 0.003763 0.003700 0.003733 
9.483922 0.003600 0.003555 0.003521 0.003555 0.003587 0.003529 0.003521 0.003529 0.003623 
9.495369 0.003388 0.003381 0.003414 0.003381 0.003398 0.003308 0.003414 0.003308 0.003341 
9.506816 0.003211 0.003162 0.003279 0.003162 0.003147 0.003213 0.003279 0.003213 0.003158 
9.518263 0.003011 0.002956 0.002984 0.002956 0.002989 0.002985 0.002984 0.002985 0.003086 
9.529711 0.002772 0.002848 0.002836 0.002848 0.002758 0.002785 0.002836 0.002785 0.002832 
9.541158 0.002809 0.002601 0.002564 0.002601 0.002644 0.002576 0.002564 0.002576 0.002631 
9.552605 0.002426 0.002437 0.002410 0.002437 0.002529 0.002449 0.002410 0.002449 0.002389 
9.564052 0.002296 0.002358 0.002299 0.002358 0.002282 0.002244 0.002299 0.002244 0.002346 
9.575499 0.002198 0.002120 0.002141 0.002120 0.002146 0.002187 0.002141 0.002187 0.002119 
9.586946 0.001999 0.001981 0.001986 0.001981 0.002064 0.002013 0.001986 0.002013 0.001972 
9.598393 0.001832 0.001847 0.001838 0.001847 0.001761 0.001782 0.001838 0.001782 0.001880 
9.609840 0.001707 0.001705 0.001689 0.001705 0.001689 0.001748 0.001689 0.001748 0.001710 
9.621288 0.001570 0.001559 0.001517 0.001559 0.001588 0.001565 0.001517 0.001565 0.001581 
9.632735 0.001459 0.001475 0.001435 0.001475 0.001435 0.001471 0.001435 0.001471 0.001459 
9.644182 0.001305 0.001352 0.001343 0.001352 0.001324 0.001328 0.001343 0.001328 0.001267 
9.655629 0.001134 0.001219 0.001212 0.001219 0.001187 0.001251 0.001212 0.001251 0.001190 
9.667076 0.001131 0.001110 0.001142 0.001110 0.001122 0.001106 0.001142 0.001106 0.001101 
9.678523 0.000994 0.001020 0.000985 0.001020 0.000960 0.001012 0.000985 0.001012 0.000957 
9.689970 0.000932 0.000909 0.000860 0.000909 0.000876 0.000904 0.000860 0.000904 0.000939 
9.701417 0.000814 0.000796 0.000807 0.000796 0.000846 0.000810 0.000807 0.000810 0.000761 
9.712864 0.000722 0.000723 0.000690 0.000723 0.000735 0.000742 0.000690 0.000742 0.000726 
9.724311 0.000645 0.000646 0.000629 0.000646 0.000621 0.000669 0.000629 0.000669 0.000659 
9.735758 0.000559 0.000566 0.000551 0.000566 0.000540 0.000563 0.000551 0.000563 0.000567 
9.747205 0.000464 0.000439 0.000466 0.000439 0.000458 0.000484 0.000466 0.000484 0.000531 
9.758653 0.000442 0.000425 0.000394 0.000425 0.000438 0.000406 0.000394 0.000406 0.000402 
9.770100 0.000379 0.000351 0.000359 0.000351 0.000354 0.000368 0.000359 0.000368 0.000402 
9.781547 0.000282 0.000291 0.000294 0.000291 0.000312 0.000313 0.000294 0.000313 0.000315 
9.792994 0.000247 0.000238 0.000283 0.000238 0.000262 0.000267 0.000283 0.000267 0.000251 
9.804441 0.000190 0.000216 0.000205 0.000216 0.000202 0.000217 0.000205 0.000217 0.000211 
9.815888 0.000175 0.000179 0.000172 0.000179 0.000174 0.000176 0.000172 0.000176 0.000174 
9.827335 0.000134 0.000130 0.000129 0.000130 0.000120 0.000103 0.000129 0.000103 0.000128 
9.838783 0.000096 0.000096 0.000095 0.000096 0.000108 0.000091 0.000095 0.000091 0.000095 
9.850230 0.000080 0.000064 0.000070 0.000064 0.000080 0.000073 0.000070 0.000073 0.000081 
9.861677 0.000038 0.000034 0.000044 0.000034 0.000037 0.000034 0.000044 0.000034 0.000044 
9.873124 0.000025 0.000025 0.000033 0.000025 0.000031 0.000026 0.000033 0.000026 0.000031 
9.884571 0.000013 0.000016 0.000017 0.000016 0.000021 0.000014 0.000017 0.000014 0.000025 
9.896018 0.000004 0.000005 0.000005 0.000005 0.000005 0.000007 0.000005 0.000007 0.000009 
9.907465 0.000001 0.000001 0.000000 0.000001 0.000000 0.000000 0.000000 0.000000 0.000000 
9.918912 0.000000 0.000000 0.000000 0.000000 0.000000 0.000000 0.000000 0.000000 0.000000 
9.930359 0.000000 0.000000 0.000000 0.000000 0.000000 0.000000 0.000000 0.000000 0.000000 
9.941806 0.000000 0.000000 0.000000 0.000000 0.000000 0.000000 0.000000 0.000000 0.000000 
9.953253 0.000000 0.000000 0.000000 0.000000 0.000000 0.000000 0.000000 0.000000 0.000000 
9.964700 0.000000 0.000000 0.000000 0.000000 0.000000 0.000000 0.000000 0.000000 0.000000 
9.976148 0.000000 0.000000 0.000000 0.000000 0.000000 0.000000 0.000000 0.000000 0.000000 
9.987595 0.000000 0.000000 0.000000 0.000000 0.000000 0.000000 0.000000 0.000000 0.000000 
9.999042 0.000000 0.000000 0.000000 0.000000 0.000000 0.000000 0.000000 0.000000 0.000000 
10.010489 0.000000 0.000000 0.000000 0.000000 0.000000 0.000000 0.000000 0.000000 0.000000 
10.021936 0.000000 0.000000 0.000000 0.000000 0.000000 0.000000 0.000000 0.000000 0.000000 
10.033383 0.000000 0.000000 0.000000 0.000000 0.000000 0.000000 0.000000 0.000000 0.000000 
10.044830 0.000000 0.000000 0.000000 0.000000 0.000000 0.000000 0.000000 0.000000 0.000000 
10.056277 0.000000 0.000000 0.000000 0.000000 0.000000 0.000000 0.000000 0.000000 0.000000 
10.067725 0.000000 0.000000 0.000000 0.000000 0.000000 0.000000 0.000000 0.000000 0.000000 
10.079172 0.000000 0.000000 0.000000 0.000000 0.000000 0.000000 0.000000 0.000000 0.000000 
10.090619 0.000000 0.000000 0.000000 0.000000 0.000000 0.000000 0.000000 0.000000 0.000000 
10.102066 0.000000 0.000000 0.000000 0.000000 0.000000 0.000000 0.000000 0.000000 0.000000 
10.113513 0.000000 0.000000 0.000000 0.000000 0.000000 0.000000 0.000000 0.000000 0.000000 
10.124960 0.000000 0.000000 0.000000 0.000000 0.000000 0.000000 0.000000 0.000000 0.000000 
10.136407 0.000000 0.000000 0.000000 0.000000 0.000000 0.000000 0.000000 0.000000 0.000000 
10.147854 0.000000 0.000000 0.000000 0.000000 0.000000 0.000000 0.000000 0.000000 0.000000 
10.159301 0.000000 0.000000 0.000000 0.000000 0.000000 0.000000 0.000000 0.000000 0.000000 
10.170748 0.000000 0.000000 0.000000 0.000000 0.000000 0.000000 0.000000 0.000000 0.000000 
10.182195 0.000000 0.000000 0.000000 0.000000 0.000000 0.000000 0.000000 0.000000 0.000000 
10.193642 0.000000 0.000000 0.000000 0.000000 0.000000 0.000000 0.000000 0.000000 0.000000 
10.205090 0.000000 0.000000 0.000000 0.000000 0.000000 0.000000 0.000000 0.000000 0.000000 
10.216537 0.000000 0.000000 0.000000 0.000000 0.000000 0.000000 0.000000 0.000000 0.000000 
10.227984 0.000000 0.000000 0.000000 0.000000 0.000000 0.000000 0.000000 0.000000 0.000000 
10.239431 0.000000 0.000000 0.000000 0.000000 0.000000 0.000000 0.000000 0.000000 0.000000 
10.250878 0.000000 0.000000 0.000000 0.000000 0.000000 0.000000 0.000000 0.000000 0.000000 
10.262325 0.000000 0.000000 0.000000 0.000000 0.000000 0.000000 0.000000 0.000000 0.000000 
10.273772 0.000000 0.000000 0.000000 0.000000 0.000000 0.000000 0.000000 0.000000 0.000000 
10.285220 0.000000 0.000000 0.000000 0.000000 0.000000 0.000000 0.000000 0.000000 0.000000 
10.296667 0.000000 0.000000 0.000000 0.000000 0.000000 0.000000 0.000000 0.000000 0.000000 
10.308114 0.000000 0.000000 0.000000 0.000000 0.000000 0.000000 0.000000 0.000000 0.000000 
10.319561 0.000000 0.000000 0.000000 0.000000 0.000000 0.000000 0.000000 0.000000 0.000000 
10.331007 0.000000 0.000000 0.000000 0.000000 0.000000 0.000000 0.000000 0.000000 0.000000 
10.342454 0.000000 0.000000 0.000000 0.000000 0.000000 0.000000 0.000000 0.000000 0.000000 
10.353902 0.000000 0.000000 0.000000 0.000000 0.000000 0.000000 0.000000 0.000000 0.000000 
10.365349 0.000000 0.000000 0.000000 0.000000 0.000000 0.000000 0.000000 0.000000 0.000000 
10.376796 0.000000 0.000000 0.000000 0.000000 0.000000 0.000000 0.000000 0.000000 0.000000 
10.388243 0.000000 0.000000 0.000000 0.000000 0.000000 0.000000 0.000000 0.000000 0.000000 
10.399690 0.000000 0.000000 0.000000 0.000000 0.000000 0.000000 0.000000 0.000000 0.000000 
10.411137 0.000000 0.000000 0.000000 0.000000 0.000000 0.000000 0.000000 0.000000 0.000000 
10.422585 0.000000 0.000000 0.000000 0.000000 0.000000 0.000000 0.000000 0.000000 0.000000 
10.434032 0.000000 0.000000 0.000000 0.000000 0.000000 0.000000 0.000000 0.000000 0.000000 
10.445479 0.000000 0.000000 0.000000 0.000000 0.000000 0.000000 0.000000 0.000000 0.000000 
10.456926 0.000000 0.000000 0.000000 0.000000 0.000000 0.000000 0.000000 0.000000 0.000000 
10.468373 0.000000 0.000000 0.000000 0.000000 0.000000 0.000000 0.000000 0.000000 0.000000 
10.479820 0.000000 0.000000 0.000000 0.000000 0.000000 0.000000 0.000000 0.000000 0.000000 
10.491267 0.000000 0.000000 0.000000 0.000000 0.000000 0.000000 0.000000 0.000000 0.000000 
10.502714 0.000000 0.000000 0.000000 0.000000 0.000000 0.000000 0.000000 0.000000 0.000000 
10.514162 0.000000 0.000000 0.000000 0.000000 0.000000 0.000000 0.000000 0.000000 0.000000 
10.525609 0.000000 0.000000 0.000000 0.000000 0.000000 0.000000 0.000000 0.000000 0.000000 
10.537055 0.000000 0.000000 0.000000 0.000000 0.000000 0.000000 0.000000 0.000000 0.000000 
10.548502 0.000000 0.000000 0.000000 0.000000 0.000000 0.000000 0.000000 0.000000 0.000000 
10.559949 0.000000 0.000000 0.000000 0.000000 0.000000 0.000000 0.000000 0.000000 0.000000 
10.571397 0.000000 0.000000 0.000000 0.000000 0.000000 0.000000 0.000000 0.000000 0.000000 
10.582844 0.000000 0.000000 0.000000 0.000000 0.000000 0.000000 0.000000 0.000000 0.000000 
10.594291 0.000000 0.000000 0.000000 0.000000 0.000000 0.000000 0.000000 0.000000 0.000000 
10.605738 0.000000 0.000000 0.000000 0.000000 0.000000 0.000000 0.000000 0.000000 0.000000 
10.617185 0.000000 0.000000 0.000000 0.000000 0.000000 0.000000 0.000000 0.000000 0.000000 
10.628632 0.000000 0.000000 0.000000 0.000000 0.000000 0.000000 0.000000 0.000000 0.000000 
10.640079 0.000000 0.000000 0.000000 0.000000 0.000000 0.000000 0.000000 0.000000 0.000000 
10.651526 0.000000 0.000000 0.000000 0.000000 0.000000 0.000000 0.000000 0.000000 0.000000 
10.662974 0.000000 0.000000 0.000000 0.000000 0.000000 0.000000 0.000000 0.000000 0.000000 
10.674421 0.000000 0.000000 0.000000 0.000000 0.000000 0.000000 0.000000 0.000000 0.000000 
10.685868 0.000000 0.000000 0.000000 0.000000 0.000000 0.000000 0.000000 0.000000 0.000000 
10.697315 0.000000 0.000000 0.000000 0.000000 0.000000 0.000000 0.000000 0.000000 0.000000 
10.708762 0.000000 0.000000 0.000000 0.000000 0.000000 0.000000 0.000000 0.000000 0.000000 
10.720209 0.000000 0.000000 0.000000 0.000000 0.000000 0.000000 0.000000 0.000000 0.000000 
10.731657 0.000000 0.000000 0.000000 0.000000 0.000000 0.000000 0.000000 0.000000 0.000000 
10.743104 0.000000 0.000000 0.000000 0.000000 0.000000 0.000000 0.000000 0.000000 0.000000 
10.754550 0.000000 0.000000 0.000000 0.000000 0.000000 0.000000 0.000000 0.000000 0.000000 
10.765997 0.000000 0.000000 0.000000 0.000000 0.000000 0.000000 0.000000 0.000000 0.000000 
10.777444 0.000000 0.000000 0.000000 0.000000 0.000000 0.000000 0.000000 0.000000 0.000000 
10.788892 0.000000 0.000000 0.000000 0.000000 0.000000 0.000000 0.000000 0.000000 0.000000 
10.800339 0.000000 0.000000 0.000000 0.000000 0.000000 0.000000 0.000000 0.000000 0.000000 
10.811786 0.000000 0.000000 0.000000 0.000000 0.000000 0.000000 0.000000 0.000000 0.000000 
10.823233 0.000000 0.000000 0.000000 0.000000 0.000000 0.000000 0.000000 0.000000 0.000000 
10.834680 0.000000 0.000000 0.000000 0.000000 0.000000 0.000000 0.000000 0.000000 0.000000 
10.846127 0.000000 0.000000 0.000000 0.000000 0.000000 0.000000 0.000000 0.000000 0.000000 
10.857574 0.000000 0.000000 0.000000 0.000000 0.000000 0.000000 0.000000 0.000000 0.000000 
10.869021 0.000000 0.000000 0.000000 0.000000 0.000000 0.000000 0.000000 0.000000 0.000000 
10.880469 0.000000 0.000000 0.000000 0.000000 0.000000 0.000000 0.000000 0.000000 0.000000 
10.891916 0.000000 0.000000 0.000000 0.000000 0.000000 0.000000 0.000000 0.000000 0.000000 
10.903363 0.000000 0.000000 0.000000 0.000000 0.000000 0.000000 0.000000 0.000000 0.000000 
10.914810 0.000000 0.000000 0.000000 0.000000 0.000000 0.000000 0.000000 0.000000 0.000000 
10.926257 0.000000 0.000000 0.000000 0.000000 0.000000 0.000000 0.000000 0.000000 0.000000 
10.937704 0.000000 0.000000 0.000000 0.000000 0.000000 0.000000 0.000000 0.000000 0.000000 
10.949152 0.000000 0.000000 0.000000 0.000000 0.000000 0.000000 0.000000 0.000000 0.000000 
10.960598 0.000000 0.000000 0.000000 0.000000 0.000000 0.000000 0.000000 0.000000 0.000000 
10.972045 0.000000 0.000000 0.000000 0.000000 0.000000 0.000000 0.000000 0.000000 0.000000 
10.983492 0.000000 0.000000 0.000000 0.000000 0.000000 0.000000 0.000000 0.000000 0.000000 
10.994939 0.000000 0.000000 0.000000 0.000000 0.000000 0.000000 0.000000 0.000000 0.000000 
11.006386 0.000000 0.000000 0.000000 0.000000 0.000000 0.000000 0.000000 0.000000 0.000000 
11.017834 0.000000 0.000000 0.000000 0.000000 0.000000 0.000000 0.000000 0.000000 0.000000 
11.029281 0.000000 0.000000 0.000000 0.000000 0.000000 0.000000 0.000000 0.000000 0.000000 
11.040728 0.000000 0.000000 0.000000 0.000000 0.000000 0.000000 0.000000 0.000000 0.000000 
11.052175 0.000000 0.000000 0.000000 0.000000 0.000000 0.000000 0.000000 0.000000 0.000000 
11.063622 0.000000 0.000000 0.000000 0.000000 0.000000 0.000000 0.000000 0.000000 0.000000 
11.075069 0.000000 0.000000 0.000000 0.000000 0.000000 0.000000 0.000000 0.000000 0.000000 
11.086516 0.000000 0.000000 0.000000 0.000000 0.000000 0.000000 0.000000 0.000000 0.000000 
11.097964 0.000000 0.000000 0.000000 0.000000 0.000000 0.000000 0.000000 0.000000 0.000000 
11.109411 0.000000 0.000000 0.000000 0.000000 0.000000 0.000000 0.000000 0.000000 0.000000 
11.120858 0.000000 0.000000 0.000000 0.000000 0.000000 0.000000 0.000000 0.000000 0.000000 
11.132305 0.000000 0.000000 0.000000 0.000000 0.000000 0.000000 0.000000 0.000000 0.000000 
11.143752 0.000000 0.000000 0.000000 0.000000 0.000000 0.000000 0.000000 0.000000 0.000000 
11.155199 0.000000 0.000000 0.000000 0.000000 0.000000 0.000000 0.000000 0.000000 0.000000 
11.166646 0.000000 0.000000 0.000000 0.000000 0.000000 0.000000 0.000000 0.000000 0.000000 
11.178093 0.000000 0.000000 0.000000 0.000000 0.000000 0.000000 0.000000 0.000000 0.000000 
11.189540 0.000000 0.000000 0.000000 0.000000 0.000000 0.000000 0.000000 0.000000 0.000000 
11.200987 0.000000 0.000000 0.000000 0.000000 0.000000 0.000000 0.000000 0.000000 0.000000 
11.212434 0.000000 0.000000 0.000000 0.000000 0.000000 0.000000 0.000000 0.000000 0.000000 
11.223881 0.000000 0.000000 0.000000 0.000000 0.000000 0.000000 0.000000 0.000000 0.000000 
11.235329 0.000000 0.000000 0.000000 0.000000 0.000000 0.000000 0.000000 0.000000 0.000000 
11.246776 0.000000 0.000000 0.000000 0.000000 0.000000 0.000000 0.000000 0.000000 0.000000 
11.258223 0.000000 0.000000 0.000000 0.000000 0.000000 0.000000 0.000000 0.000000 0.000000 
11.269670 0.000000 0.000000 0.000000 0.000000 0.000000 0.000000 0.000000 0.000000 0.000000 
11.281117 0.000000 0.000000 0.000000 0.000000 0.000000 0.000000 0.000000 0.000000 0.000000 
11.292564 0.000000 0.000000 0.000000 0.000000 0.000000 0.000000 0.000000 0.000000 0.000000 
11.304011 0.000000 0.000000 0.000000 0.000000 0.000000 0.000000 0.000000 0.000000 0.000000 
11.315458 0.000000 0.000000 0.000000 0.000000 0.000000 0.000000 0.000000 0.000000 0.000000 
11.326906 0.000000 0.000000 0.000000 0.000000 0.000000 0.000000 0.000000 0.000000 0.000000 
11.338353 0.000000 0.000000 0.000000 0.000000 0.000000 0.000000 0.000000 0.000000 0.000000 
11.349800 0.000000 0.000000 0.000000 0.000000 0.000000 0.000000 0.000000 0.000000 0.000000 
11.361247 0.000000 0.000000 0.000000 0.000000 0.000000 0.000000 0.000000 0.000000 0.000000 
11.372694 0.000000 0.000000 0.000000 0.000000 0.000000 0.000000 0.000000 0.000000 0.000000 
11.384141 0.000000 0.000000 0.000000 0.000000 0.000000 0.000000 0.000000 0.000000 0.000000 
11.395588 0.000000 0.000000 0.000000 0.000000 0.000000 0.000000 0.000000 0.000000 0.000000 
11.407035 0.000000 0.000000 0.000000 0.000000 0.000000 0.000000 0.000000 0.000000 0.000000 
11.418482 0.000000 0.000000 0.000000 0.000000 0.000000 0.000000 0.000000 0.000000 0.000000 
11.429929 0.000000 0.000000 0.000000 0.000000 0.000000 0.000000 0.000000 0.000000 0.000000 
11.441376 0.000000 0.000000 0.000000 0.000000 0.000000 0.000000 0.000000 0.000000 0.000000 
