# concentrations: 0.666667 0.166667 0.166667
0.010000 0.000000 0.000000 0.000000 0.000000 0.000000 0.000000 0.000000 0.000000 0.000000 
0.030000 0.000000 0.000000 0.000000 0.000000 0.000000 0.000000 0.000000 0.000000 0.000000 
0.050000 0.000000 0.000000 0.000000 0.000000 0.000000 0.000000 0.000000 0.000000 0.000000 
0.070000 0.000000 0.000000 0.000000 0.000000 0.000000 0.000000 0.000000 0.000000 0.000000 
0.090000 0.000000 0.000000 0.000000 0.000000 0.000000 0.000000 0.000000 0.000000 0.000000 
0.110000 0.000000 0.000000 0.000000 0.000000 0.000000 0.000000 0.000000 0.000000 0.000000 
0.130000 0.000000 0.000000 0.000000 0.000000 0.000000 0.000000 0.000000 0.000000 0.000000 
0.150000 0.000000 0.000000 0.000000 0.000000 0.000000 0.000000 0.000000 0.000000 0.000000 
0.170000 0.000000 0.000000 0.000000 0.000000 0.000000 0.000000 0.000000 0.000000 0.000000 
0.190000 0.000000 0.000000 0.000000 0.000000 0.000000 0.000000 0.000000 0.000000 0.000000 
0.210000 0.000000 0.000000 0.000000 0.000000 0.000000 0.000000 0.000000 0.000000 0.000000 
0.230000 0.000000 0.000000 0.000000 0.000000 0.000000 0.000000 0.000000 0.000000 0.000000 
0.250000 0.000000 0.000000 0.000000 0.000000 0.000000 0.000000 0.000000 0.000000 0.000000 
0.270000 0.000000 0.000000 0.000000 0.000000 0.000000 0.000000 0.000000 0.000000 0.000000 
0.290000 0.000000 0.000000 0.000000 0.000000 0.000000 0.000000 0.000000 0.000000 0.000000 
0.310000 0.000000 0.000000 0.000000 0.000000 0.000000 0.000000 0.000000 0.000000 0.000000 
0.330000 0.000000 0.000000 0.000000 0.000000 0.000000 0.000000 0.000000 0.000000 0.000000 
0.350000 0.000000 0.000000 0.000000 0.000000 0.000000 0.000000 0.000000 0.000000 0.000000 
0.370000 0.000000 0.000000 0.000000 0.000000 0.000000 0.000000 0.000000 0.000000 0.000000 
0.390000 0.000000 0.000000 0.000000 0.000000 0.000000 0.000000 0.000000 0.000000 0.000000 
0.410000 0.000000 0.000000 0.000000 0.000000 0.000000 0.000000 0.000000 0.000000 0.000000 
0.430000 0.000000 0.000000 0.000000 0.000000 0.000000 0.000000 0.000000 0.000000 0.000000 
0.450000 0.000000 0.000000 0.000000 0.000000 0.000000 0.000000 0.000000 0.000000 0.000000 
0.470000 0.000000 0.000000 0.000000 0.000000 0.000000 0.000000 0.000000 0.000000 0.000000 
0.490000 0.000000 0.000000 0.000000 0.000000 0.000000 0.000000 0.000000 0.000000 0.000000 
0.510000 0.000000 0.000000 0.000000 0.000000 0.000000 0.000000 0.000000 0.000000 0.000000 
0.530000 0.000000 0.000000 0.000000 0.000000 0.000000 0.000000 0.000000 0.000000 0.000000 
0.550000 0.000000 0.000000 0.000000 0.000000 0.000000 0.000000 0.000000 0.000000 0.000000 
0.570000 0.000000 0.000000 0.000000 0.000000 0.000000 0.000000 0.000000 0.000000 0.000000 
0.590000 0.000000 0.000000 0.000000 0.000000 0.000000 0.000000 0.000000 0.000000 0.000000 
0.610000 0.000000 0.000000 0.000000 0.000000 0.000000 0.000000 0.000000 0.000000 0.000000 
0.630000 0.000000 0.000051 0.000000 0.000051 0.000000 0.000000 0.000000 0.000000 0.000000 
0.650000 0.000000 0.002799 0.000000 0.002799 0.000435 0.000190 0.000000 0.000190 0.000000 
0.670000 0.000000 0.040683 0.000000 0.040683 0.002764 0.004093 0.000000 0.004093 0.000000 
0.690000 0.000000 0.238375 0.000000 0.238375 0.022006 0.037406 0.000000 0.037406 0.000000 
0.710000 0.000000 0.748257 0.000535 0.748257 0.093026 0.170082 0.000535 0.170082 0.000000 
0.730000 0.000000 1.522805 0.010536 1.522805 0.243515 0.461188 0.010536 0.461188 0.002716 
0.750000 0.000000 2.303200 0.083791 2.303200 0.467490 0.869068 0.083791 0.869068 0.023854 
0.770000 0.000177 2.861833 0.352790 2.861833 0.696071 1.296530 0.352790 1.296530 0.111839 
0.790000 0.003747 3.100686 0.901742 3.100686 0.866483 1.592841 0.901742 1.592841 0.320697 
0.810000 0.035225 3.086230 1.636339 3.086230 0.989584 1.759695 1.636339 1.759695 0.658509 
0.830000 0.166939 2.892146 2.335531 2.892146 1.071480 1.807464 2.335531 1.807464 1.028222 
0.850000 0.490141 2.625342 2.816111 2.625342 1.089199 1.767307 2.816111 1.767307 1.327583 
0.870000 0.998998 2.333845 3.024995 2.333845 1.083682 1.661650 3.024995 1.661650 1.554110 
0.890000 1.588047 2.055207 3.000203 2.055207 1.056182 1.552299 3.000203 1.552299 1.640388 
0.910000 2.091879 1.797425 2.827978 1.797425 1.020701 1.437161 2.827978 1.437161 1.635725 
0.930000 2.422085 1.575874 2.577516 1.575874 0.989146 1.310758 2.577516 1.310758 1.576167 
0.950000 2.558196 1.392108 2.298205 1.392108 0.936917 1.206089 2.298205 1.206089 1.497727 
0.970000 2.530246 1.231102 2.025789 1.231102 0.898656 1.104514 2.025789 1.104514 1.391525 
0.990000 2.399107 1.099382 1.776421 1.099382 0.879357 1.026395 1.776421 1.026395 1.288137 
1.010000 2.206080 0.988322 1.557529 0.988322 0.843821 0.964214 1.557529 0.964214 1.183259 
1.030000 1.990643 0.902851 1.372955 0.902851 0.830429 0.898126 1.372955 0.898126 1.082484 
1.050000 1.780310 0.827687 1.215914 0.827687 0.823417 0.855980 1.215914 0.855980 1.003814 
1.070000 1.584879 0.769836 1.079475 0.769836 0.811508 0.811443 1.079475 0.811443 0.922569 
1.090000 1.409223 0.718908 0.971795 0.718908 0.808723 0.783800 0.971795 0.783800 0.861152 
1.110000 1.259024 0.681329 0.879603 0.681329 0.814535 0.766075 0.879603 0.766075 0.806031 
1.130000 1.130069 0.650897 0.804750 0.650897 0.817933 0.746554 0.804750 0.746554 0.776744 
1.150000 1.023106 0.626473 0.746668 0.626473 0.825244 0.743032 0.746668 0.743032 0.740737 
1.170000 0.931259 0.612308 0.701211 0.612308 0.842693 0.731512 0.701211 0.731512 0.719809 
1.190000 0.857430 0.601080 0.661343 0.601080 0.858901 0.740190 0.661343 0.740190 0.697408 
1.210000 0.795941 0.598814 0.633901 0.598814 0.877960 0.739863 0.633901 0.739863 0.685604 
1.230000 0.749684 0.602132 0.611405 0.602132 0.903015 0.763273 0.611405 0.763273 0.682463 
1.250000 0.711142 0.610665 0.597747 0.610665 0.921746 0.781044 0.597747 0.781044 0.683240 
1.270000 0.685287 0.618889 0.589424 0.618889 0.959272 0.799340 0.589424 0.799340 0.692747 
1.290000 0.662876 0.638290 0.589382 0.638290 0.985016 0.831357 0.589382 0.831357 0.705773 
1.310000 0.652671 0.659900 0.590115 0.659900 1.012636 0.852423 0.590115 0.852423 0.720444 
1.330000 0.646483 0.684486 0.602555 0.684486 1.041850 0.889168 0.602555 0.889168 0.744858 
1.350000 0.646649 0.715100 0.615979 0.715100 1.068959 0.920487 0.615979 0.920487 0.770805 
1.370000 0.654090 0.750724 0.639333 0.750724 1.089020 0.955103 0.639333 0.955103 0.803436 
1.390000 0.668669 0.790121 0.662566 0.790121 1.107522 0.986470 0.662566 0.986470 0.833832 
1.410000 0.689183 0.829201 0.693693 0.829201 1.136425 1.015420 0.693693 1.015420 0.877540 
1.430000 0.713618 0.873687 0.729278 0.873687 1.173603 1.052472 0.729278 1.052472 0.924168 
1.450000 0.742938 0.913557 0.773439 0.913557 1.181330 1.086686 0.773439 1.086686 0.957011 
1.470000 0.776676 0.958768 0.814224 0.958768 1.216333 1.115435 0.814224 1.115435 0.999407 
1.490000 0.814542 1.000661 0.858360 1.000661 1.221558 1.143504 0.858360 1.143504 1.038100 
1.510000 0.852752 1.041734 0.905731 1.041734 1.241624 1.173152 0.905731 1.173152 1.081506 
1.530000 0.891449 1.076464 0.954235 1.076464 1.246832 1.197308 0.954235 1.197308 1.111162 
1.550000 0.929856 1.114364 0.996455 1.114364 1.232510 1.218434 0.996455 1.218434 1.149925 
1.570000 0.968888 1.144972 1.036896 1.144972 1.223373 1.234888 1.036896 1.234888 1.180232 
1.590000 1.006948 1.174520 1.074981 1.174520 1.209059 1.250451 1.074981 1.250451 1.202788 
1.610000 1.037421 1.197962 1.110634 1.197962 1.181195 1.245361 1.110634 1.245361 1.231216 
1.630000 1.069295 1.217983 1.141055 1.217983 1.153094 1.242392 1.141055 1.242392 1.240121 
1.650000 1.094417 1.227598 1.167591 1.227598 1.123420 1.230740 1.167591 1.230740 1.259055 
1.670000 1.117641 1.235601 1.191012 1.235601 1.086045 1.201743 1.191012 1.201743 1.258838 
1.690000 1.135898 1.232972 1.211065 1.232972 1.054008 1.183459 1.211065 1.183459 1.263749 
1.710000 1.152617 1.222118 1.225525 1.222118 1.028916 1.157242 1.225525 1.157242 1.255514 
1.730000 1.164880 1.207128 1.229132 1.207128 0.997949 1.122096 1.229132 1.122096 1.240503 
1.750000 1.174809 1.187564 1.233282 1.187564 0.966166 1.090216 1.233282 1.090216 1.213864 
1.770000 1.179652 1.162193 1.227247 1.162193 0.945996 1.053975 1.227247 1.053975 1.184240 
1.790000 1.181541 1.131012 1.214087 1.131012 0.919410 1.020207 1.214087 1.020207 1.149420 
1.810000 1.177869 1.100265 1.195586 1.100265 0.905376 0.990566 1.195586 0.990566 1.120498 
1.830000 1.171295 1.069990 1.173745 1.069990 0.884459 0.961266 1.173745 0.961266 1.083111 
1.850000 1.161798 1.040102 1.148291 1.040102 0.880882 0.932540 1.148291 0.932540 1.043385 
1.870000 1.146256 1.011309 1.117911 1.011309 0.864571 0.914146 1.117911 0.914146 1.016159 
1.890000 1.127169 0.983817 1.084336 0.983817 0.865262 0.897178 1.084336 0.897178 0.979206 
1.910000 1.105426 0.959332 1.051704 0.959332 0.861509 0.877065 1.051704 0.877065 0.954574 
1.930000 1.080838 0.938050 1.023154 0.938050 0.863153 0.867724 1.023154 0.867724 0.931285 
1.950000 1.056531 0.920226 0.994024 0.920226 0.864518 0.861990 0.994024 0.861990 0.902406 
1.970000 1.030610 0.905998 0.967604 0.905998 0.873637 0.861149 0.967604 0.861149 0.887059 
1.990000 1.005859 0.896312 0.944671 0.896312 0.881626 0.854560 0.944671 0.854560 0.871617 
2.010000 0.981051 0.888227 0.924873 0.888227 0.894112 0.861752 0.924873 0.861752 0.858207 
2.030000 0.959499 0.884932 0.907377 0.884932 0.906618 0.866044 0.907377 0.866044 0.853937 
2.050000 0.938997 0.883726 0.894231 0.883726 0.917560 0.877408 0.894231 0.877408 0.852338 
2.070000 0.922774 0.884820 0.884140 0.884820 0.935876 0.881856 0.884140 0.881856 0.854340 
2.090000 0.908405 0.889001 0.879190 0.889001 0.949854 0.897814 0.879190 0.897814 0.854516 
2.110000 0.898441 0.895765 0.873563 0.895765 0.967740 0.906881 0.873563 0.906881 0.860684 
2.130000 0.891553 0.905949 0.877431 0.905949 0.975688 0.924978 0.877431 0.924978 0.869464 
2.150000 0.887411 0.913907 0.880488 0.913907 0.995344 0.942048 0.880488 0.942048 0.885196 
2.170000 0.886247 0.926881 0.886012 0.926881 1.012134 0.955319 0.886012 0.955319 0.899558 
2.190000 0.887170 0.939128 0.893981 0.939128 1.022393 0.976303 0.893981 0.976303 0.908021 
2.210000 0.892089 0.954817 0.905794 0.954817 1.038452 0.989895 0.905794 0.989895 0.930247 
2.230000 0.900099 0.968384 0.918957 0.968384 1.047858 1.002029 0.918957 1.002029 0.944367 
2.250000 0.909718 0.981925 0.930092 0.981925 1.054575 1.021011 0.930092 1.021011 0.962193 
2.270000 0.921800 0.996696 0.947332 0.996696 1.060546 1.036476 0.947332 1.036476 0.979666 
2.290000 0.932480 1.010296 0.961192 1.010296 1.066437 1.045816 0.961192 1.045816 0.999627 
2.310000 0.947174 1.020397 0.976547 1.020397 1.072432 1.051540 0.976547 1.051540 1.013499 
2.330000 0.961754 1.030367 0.991321 1.030367 1.067843 1.060580 0.991321 1.060580 1.029920 
2.350000 0.975593 1.038892 1.006863 1.038892 1.072312 1.070162 1.006863 1.070162 1.040811 
2.370000 0.991057 1.048198 1.018821 1.048198 1.077616 1.073330 1.018821 1.073330 1.053235 
2.390000 1.003075 1.054014 1.031176 1.054014 1.060291 1.073222 1.031176 1.073222 1.063023 
2.410000 1.016047 1.057721 1.040918 1.057721 1.060656 1.077949 1.040918 1.077949 1.068904 
2.430000 1.027801 1.062242 1.050241 1.062242 1.057910 1.074130 1.050241 1.074130 1.077654 
2.450000 1.037515 1.060878 1.058359 1.060878 1.050796 1.072782 1.058359 1.072782 1.079055 
2.470000 1.046661 1.062287 1.061941 1.062287 1.044982 1.067164 1.061941 1.067164 1.079243 
2.490000 1.052898 1.060584 1.065001 1.060584 1.038346 1.059739 1.065001 1.059739 1.086542 
2.510000 1.058230 1.055916 1.066608 1.055916 1.029710 1.054550 1.066608 1.054550 1.075354 
2.530000 1.061866 1.050666 1.066437 1.050666 1.018750 1.045220 1.066437 1.045220 1.071856 
2.550000 1.061985 1.047484 1.064486 1.047484 1.007882 1.040099 1.064486 1.040099 1.064063 
2.570000 1.062001 1.039425 1.061641 1.039425 0.998417 1.030375 1.061641 1.030375 1.060205 
2.590000 1.061301 1.033869 1.056191 1.033869 0.995960 1.020278 1.056191 1.020278 1.052197 
2.610000 1.059026 1.026412 1.050747 1.026412 0.982219 1.011413 1.050747 1.011413 1.041989 
2.630000 1.054172 1.018769 1.044140 1.018769 0.977310 1.002550 1.044140 1.002550 1.035646 
2.650000 1.049702 1.010888 1.038166 1.010888 0.973555 0.995920 1.038166 0.995920 1.022805 
2.670000 1.042556 1.003690 1.029858 1.003690 0.965423 0.986928 1.029858 0.986928 1.015339 
2.690000 1.035686 0.996524 1.021941 0.996524 0.963213 0.979664 1.021941 0.979664 1.008338 
2.710000 1.029014 0.989398 1.014865 0.989398 0.961340 0.972428 1.014865 0.972428 0.993644 
2.730000 1.021783 0.984133 1.006273 0.984133 0.962058 0.967613 1.006273 0.967613 0.989192 
2.750000 1.015473 0.977049 0.997450 0.977049 0.959030 0.966135 0.997450 0.966135 0.980982 
2.770000 1.007189 0.973273 0.991340 0.973273 0.960698 0.958099 0.991340 0.958099 0.972701 
2.790000 1.000216 0.968953 0.983662 0.968953 0.962114 0.958281 0.983662 0.958281 0.969396 
2.810000 0.993046 0.965858 0.978141 0.965858 0.964245 0.960564 0.978141 0.960564 0.963320 
2.830000 0.987361 0.962904 0.973429 0.962904 0.965426 0.957126 0.973429 0.957126 0.961047 
2.850000 0.981164 0.963260 0.967527 0.963260 0.973680 0.958670 0.967527 0.958670 0.959567 
2.870000 0.976081 0.962496 0.965170 0.962496 0.976044 0.961901 0.965170 0.961901 0.956963 
2.890000 0.972304 0.964023 0.962001 0.964023 0.981897 0.962606 0.962001 0.962606 0.953505 
2.910000 0.968538 0.964834 0.959859 0.964834 0.983845 0.967942 0.959859 0.967942 0.952036 
2.930000 0.966597 0.968588 0.959934 0.968588 0.989291 0.972979 0.959934 0.972979 0.961796 
2.950000 0.965010 0.971340 0.961078 0.971340 1.001121 0.976191 0.961078 0.976191 0.960394 
2.970000 0.962942 0.974585 0.962610 0.974585 1.001438 0.984255 0.962610 0.984255 0.965402 
2.990000 0.964137 0.979538 0.965158 0.979538 1.006239 0.989528 0.965158 0.989528 0.968933 
3.010000 0.964655 0.985798 0.967877 0.985798 1.010943 0.993151 0.967877 0.993151 0.975937 
3.030000 0.966847 0.988562 0.972126 0.988562 1.012238 0.999739 0.972126 0.999739 0.978548 
3.050000 0.969695 0.994429 0.977315 0.994429 1.013476 1.003732 0.977315 1.003732 0.982919 
3.070000 0.973271 0.998076 0.980909 0.998076 1.018345 1.007152 0.980909 1.007152 0.988268 
3.090000 0.976858 1.003690 0.985645 1.003690 1.020963 1.010304 0.985645 1.010304 0.999040 
3.110000 0.980983 1.006082 0.991775 1.006082 1.019346 1.015250 0.991775 1.015250 1.001806 
3.130000 0.985430 1.010696 0.996435 1.010696 1.022917 1.019790 0.996435 1.019790 1.008148 
3.150000 0.989535 1.014406 1.001825 1.014406 1.021424 1.019240 1.001825 1.019240 1.008415 
3.170000 0.994129 1.016546 1.006650 1.016546 1.022291 1.023467 1.006650 1.023467 1.018372 
3.190000 0.999008 1.019341 1.010168 1.019341 1.021516 1.025678 1.010168 1.025678 1.021501 
3.210000 1.003945 1.021308 1.014928 1.021308 1.021855 1.024413 1.014928 1.024413 1.023954 
3.230000 1.008812 1.022479 1.018106 1.022479 1.017659 1.024108 1.018106 1.024108 1.022755 
3.250000 1.011727 1.023404 1.019868 1.023404 1.016765 1.021678 1.019868 1.021678 1.027191 
3.270000 1.013968 1.020348 1.023467 1.020348 1.015819 1.024204 1.023467 1.024204 1.024812 
3.290000 1.017441 1.021038 1.023454 1.021038 1.012142 1.019509 1.023454 1.019509 1.026231 
3.310000 1.020101 1.020825 1.024193 1.020825 1.008403 1.018358 1.024193 1.018358 1.024957 
3.330000 1.022249 1.019285 1.023719 1.019285 1.007910 1.015683 1.023719 1.015683 1.021994 
3.350000 1.021487 1.016192 1.023830 1.016192 1.000714 1.013063 1.023830 1.013063 1.019811 
3.370000 1.023345 1.013807 1.021906 1.013807 0.997015 1.009047 1.021906 1.009047 1.019534 
3.390000 1.022244 1.012768 1.020494 1.012768 0.997280 1.005133 1.020494 1.005133 1.018188 
3.410000 1.021019 1.008948 1.018969 1.008948 0.996694 1.004524 1.018969 1.004524 1.014170 
3.430000 1.019389 1.007694 1.015909 1.007694 0.996288 1.001349 1.015909 1.001349 1.011727 
3.450000 1.018774 1.004133 1.014605 1.004133 0.992556 0.997022 1.014605 0.997022 1.009804 
3.470000 1.016324 1.000627 1.009201 1.000627 0.988210 0.994200 1.009201 0.994200 1.005014 
3.490000 1.013868 0.998228 1.008792 0.998228 0.987824 0.992676 1.008792 0.992676 1.002748 
3.510000 1.011582 0.995537 1.005210 0.995537 0.985689 0.990453 1.005210 0.990453 0.998617 
3.530000 1.008264 0.994159 1.001732 0.994159 0.985136 0.988725 1.001732 0.988725 0.995099 
3.550000 1.005219 0.991367 0.998703 0.991367 0.986436 0.988200 0.998703 0.988200 0.994349 
3.570000 1.002418 0.989831 0.996347 0.989831 0.985530 0.985489 0.996347 0.985489 0.992648 
3.590000 1.000375 0.988141 0.993270 0.988141 0.985819 0.986391 0.993270 0.986391 0.991489 
3.610000 0.997653 0.988513 0.991907 0.988513 0.987522 0.986970 0.991907 0.986970 0.987991 
3.630000 0.995666 0.987188 0.989922 0.987188 0.989728 0.987055 0.989922 0.987055 0.985269 
3.650000 0.993620 0.986269 0.988289 0.986269 0.991450 0.986564 0.988289 0.986564 0.984460 
3.670000 0.991250 0.986143 0.987106 0.986143 0.988367 0.985476 0.987106 0.985476 0.983541 
3.690000 0.990262 0.986552 0.987793 0.986552 0.994823 0.990092 0.987793 0.990092 0.984566 
3.710000 0.988348 0.988468 0.984592 0.988468 0.996008 0.991793 0.984592 0.991793 0.983934 
3.730000 0.987187 0.987724 0.986422 0.987724 0.996870 0.991756 0.986422 0.991756 0.988433 
3.750000 0.987348 0.989702 0.985318 0.989702 0.997697 0.991092 0.985318 0.991092 0.985189 
3.770000 0.986315 0.991663 0.985916 0.991663 0.999956 0.993540 0.985916 0.993540 0.990161 
3.790000 0.986935 0.992158 0.986816 0.992158 1.002986 0.995623 0.986816 0.995623 0.990572 
3.810000 0.987683 0.993454 0.988356 0.993454 1.001941 0.998797 0.988356 0.998797 0.992194 
3.830000 0.988577 0.995670 0.989442 0.995670 1.007657 0.998878 0.989442 0.998878 0.991998 
3.850000 0.989186 0.997162 0.991447 0.997162 1.006194 1.001614 0.991447 1.001614 0.996400 
3.870000 0.990295 0.999687 0.993828 0.999687 1.006625 1.002460 0.993828 1.002460 0.997880 
3.890000 0.991981 1.001235 0.995721 1.001235 1.009209 1.004651 0.995721 1.004651 0.997696 
3.910000 0.992875 1.002352 0.996995 1.002352 1.008927 1.007063 0.996995 1.007063 1.000850 
3.930000 0.995000 1.003747 0.997846 1.003747 1.009465 1.005848 0.997846 1.005848 1.002808 
3.950000 0.996727 1.005004 1.000588 1.005004 1.009012 1.008072 1.000588 1.008072 1.005813 
3.970000 0.998826 1.005953 1.002055 1.005953 1.007844 1.006837 1.002055 1.006837 1.005370 
3.990000 0.999966 1.007289 1.003921 1.007289 1.006653 1.009386 1.003921 1.009386 1.005388 
4.010000 1.001697 1.007737 1.004844 1.007737 1.007530 1.008527 1.004844 1.008527 1.006669 
4.030000 1.002824 1.008035 1.006141 1.008035 1.006572 1.010363 1.006141 1.010363 1.009214 
4.050000 1.004091 1.008534 1.006669 1.008534 1.006923 1.007724 1.006669 1.007724 1.009446 
4.070000 1.004767 1.007923 1.008328 1.007923 1.005284 1.008233 1.008328 1.008233 1.008609 
4.090000 1.006297 1.008722 1.008877 1.008722 1.006622 1.007305 1.008877 1.007305 1.009465 
4.110000 1.006747 1.008028 1.008706 1.008028 1.005975 1.006754 1.008706 1.006754 1.011773 
4.130000 1.007739 1.007512 1.008525 1.007512 0.999494 1.006792 1.008525 1.006792 1.010960 
4.150000 1.008199 1.005345 1.009407 1.005345 1.001676 1.004475 1.009407 1.004475 1.008421 
4.170000 1.007713 1.005288 1.008226 1.005288 1.000299 1.002812 1.008226 1.002812 1.008383 
4.190000 1.008302 1.005255 1.008172 1.005255 0.997763 1.002578 1.008172 1.002578 1.006511 
4.210000 1.008016 1.002814 1.007088 1.002814 0.999900 1.002196 1.007088 1.002196 1.006027 
4.230000 1.007932 1.003293 1.005857 1.003293 0.995640 1.001413 1.005857 1.001413 1.004060 
4.250000 1.006313 1.001280 1.005079 1.001280 0.996080 0.999940 1.005079 0.999940 1.004630 
4.270000 1.006075 1.000639 1.004162 1.000639 0.993213 0.999325 1.004162 0.999325 1.005036 
4.290000 1.005833 0.999331 1.003023 0.999331 0.995361 0.996057 1.003023 0.996057 1.002760 
4.310000 1.004748 0.998182 1.001850 0.998182 0.995284 0.995781 1.001850 0.995781 0.998811 
4.330000 1.003546 0.997404 1.000721 0.997404 0.996651 0.995257 1.000721 0.995257 0.998935 
4.350000 1.002122 0.997344 0.999616 0.997344 0.994942 0.995905 0.999616 0.995905 0.996666 
4.370000 1.001525 0.996530 0.998545 0.996530 0.993739 0.995908 0.998545 0.995908 0.997564 
4.390000 1.000093 0.996166 0.997684 0.996166 0.996466 0.995278 0.997684 0.995278 0.994891 
4.410000 0.999437 0.995793 0.997379 0.995793 0.996764 0.994019 0.997379 0.994019 0.994139 
4.430000 0.998575 0.995517 0.996556 0.995517 0.995225 0.994334 0.996556 0.994334 0.993684 
4.450000 0.997096 0.995311 0.995409 0.995311 0.994539 0.995028 0.995409 0.995028 0.993892 
4.470000 0.996441 0.994079 0.994661 0.994079 0.996570 0.995530 0.994661 0.995530 0.991959 
4.490000 0.996811 0.994652 0.994733 0.994652 0.997524 0.993688 0.994733 0.993688 0.995457 
4.510000 0.995515 0.995684 0.994969 0.995684 0.998076 0.995827 0.994969 0.995827 0.994807 
4.530000 0.995643 0.995710 0.994721 0.995710 0.998134 0.995821 0.994721 0.995821 0.995739 
4.550000 0.995348 0.996320 0.994178 0.996320 0.998502 0.997730 0.994178 0.997730 0.992269 
4.570000 0.995909 0.996410 0.994926 0.996410 0.999587 0.997941 0.994926 0.997941 0.996355 
4.590000 0.994869 0.998212 0.994856 0.998212 1.001779 0.998916 0.994856 0.998916 0.995636 
4.610000 0.994751 0.997992 0.995673 0.997992 1.001681 0.999928 0.995673 0.999928 0.997713 
4.630000 0.994987 0.997625 0.997059 0.997625 1.001979 0.999607 0.997059 0.999607 0.997103 
4.650000 0.995936 0.998828 0.997295 0.998828 1.001418 1.000587 0.997295 1.000587 0.998028 
4.670000 0.996562 1.000299 0.997638 1.000299 1.002219 1.001796 0.997638 1.001796 0.997189 
4.690000 0.996667 0.999596 0.997632 0.999596 1.004563 1.001461 0.997632 1.001461 0.998912 
4.710000 0.997492 1.000713 0.998784 1.000713 1.003834 1.002417 0.998784 1.002417 1.000752 
4.730000 0.998484 1.001611 1.000220 1.001611 1.003018 1.002810 1.000220 1.002810 1.001672 
4.750000 0.998602 1.002401 0.999628 1.002401 1.002247 1.002710 0.999628 1.002710 1.000894 
4.770000 0.999096 1.002158 1.000373 1.002158 1.003455 1.003790 1.000373 1.003790 1.001904 
4.790000 0.999962 1.002853 1.001117 1.002853 1.001604 1.003631 1.001117 1.003631 1.003156 
4.810000 1.000680 1.002367 1.001603 1.002367 1.002920 1.004800 1.001603 1.004800 1.003821 
4.830000 1.001306 1.003071 1.002127 1.003071 1.003757 1.004510 1.002127 1.004510 1.002735 
4.850000 1.001586 1.002803 1.002593 1.002803 1.002423 1.003185 1.002593 1.003185 1.005107 
4.870000 1.001952 1.003270 1.003705 1.003270 1.002150 1.001845 1.003705 1.001845 1.003253 
4.890000 1.002912 1.002712 1.003238 1.002712 1.002258 1.002565 1.003238 1.002565 1.004227 
4.910000 1.002798 1.003770 1.003141 1.003770 1.001112 1.003028 1.003141 1.003028 1.004607 
4.930000 1.003487 1.002782 1.003884 1.002782 1.000492 1.002962 1.003884 1.002962 1.003404 
4.950000 1.003319 1.002426 1.003233 1.002426 1.000206 1.001183 1.003233 1.001183 1.002685 
4.970000 1.003485 1.001990 1.003861 1.001990 1.003490 1.001568 1.003861 1.001568 1.003245 
4.990000 1.002720 1.001748 1.003173 1.001748 0.999234 1.001509 1.003173 1.001509 1.001701 
5.010000 1.002831 1.001750 1.002952 1.001750 0.998489 0.999598 1.002952 0.999598 1.002615 
5.030000 1.003038 1.000987 1.002751 1.000987 0.999191 1.000549 1.002751 1.000549 1.003484 
5.050000 1.002814 1.000667 1.001941 1.000667 1.000188 0.999357 1.001941 0.999357 1.001275 
5.070000 1.002478 1.000498 1.001495 1.000498 0.997681 0.998916 1.001495 0.998916 1.000213 
5.090000 1.001444 0.998921 1.001328 0.998921 1.000011 0.998855 1.001328 0.998855 1.000864 
5.110000 1.001930 0.998611 1.001099 0.998611 0.998774 0.998971 1.001099 0.998971 1.000487 
5.130000 1.001498 0.998778 1.000380 0.998778 0.999177 0.997464 1.000380 0.997464 0.998411 
5.150000 1.001362 0.998919 0.999955 0.998919 0.997051 0.997384 0.999955 0.997384 0.999775 
5.170000 1.000462 0.998537 0.999112 0.998537 0.999548 0.998539 0.999112 0.998539 0.999502 
5.190000 1.000190 0.998588 0.999338 0.998588 0.997599 0.998208 0.999338 0.998208 0.999270 
5.210000 0.999843 0.998172 0.999107 0.998172 0.999564 0.998499 0.999107 0.998499 0.998514 
5.230000 0.999518 0.998062 0.998639 0.998062 0.999325 0.999751 0.998639 0.999751 0.997069 
5.250000 0.999274 0.997980 0.998301 0.997980 1.000321 0.999283 0.998301 0.999283 0.997141 
5.270000 0.999176 0.997852 0.998496 0.997852 0.999992 0.999199 0.998496 0.999199 0.997198 
5.290000 0.998972 0.997986 0.997932 0.997986 0.997586 0.998453 0.997932 0.998453 0.996337 
5.310000 0.998406 0.998478 0.997960 0.998478 0.999769 0.999561 0.997960 0.999561 0.997052 
5.330000 0.998364 0.998130 0.998193 0.998130 1.000088 0.999899 0.998193 0.999899 0.999036 
5.350000 0.997988 0.998706 0.997521 0.998706 0.998385 0.997707 0.997521 0.997707 0.998583 
5.370000 0.997734 0.999118 0.997494 0.999118 1.000530 0.999170 0.997494 0.999170 0.998122 
5.390000 0.998243 0.998782 0.997754 0.998782 0.999926 0.999209 0.997754 0.999209 0.999305 
5.410000 0.998108 0.999073 0.998905 0.999073 1.000339 1.000786 0.998905 1.000786 0.997487 
5.430000 0.997961 0.998921 0.998558 0.998921 0.999613 1.000490 0.998558 1.000490 0.999199 
5.450000 0.998648 0.999376 0.998377 0.999376 1.000316 1.001317 0.998377 1.001317 0.998857 
5.470000 0.998849 1.000090 0.999375 1.000090 1.001386 0.999995 0.999375 0.999995 0.999838 
5.490000 0.998839 0.999621 0.999212 0.999621 1.000568 1.000755 0.999212 1.000755 0.999827 
5.510000 0.998814 1.000940 0.998860 1.000940 1.001449 1.000891 0.998860 1.000891 1.000014 
5.530000 0.999379 1.000707 0.999096 1.000707 1.001173 1.000010 0.999096 1.000010 1.002357 
5.550000 0.999499 1.000262 0.999784 1.000262 1.000657 1.001339 0.999784 1.001339 0.998015 
5.570000 0.999742 1.001688 1.000411 1.001688 1.002526 1.000606 1.000411 1.000606 1.001162 
5.590000 0.999819 1.000895 1.000210 1.000895 1.002079 1.000783 1.000210 1.000783 1.001923 
5.610000 1.000323 1.001199 1.000645 1.001199 1.003050 1.001705 1.000645 1.001705 1.001146 
5.630000 1.000956 1.001520 1.001403 1.001520 0.999980 1.002684 1.001403 1.002684 1.001863 
5.650000 1.000407 1.000581 1.001546 1.000581 1.001025 1.001400 1.001546 1.001400 1.002274 
5.670000 1.000892 1.001343 1.001362 1.001343 0.999734 1.001673 1.001362 1.001673 1.002021 
5.690000 1.000842 1.001238 1.000958 1.001238 1.000179 1.000853 1.000958 1.000853 1.001731 
5.710000 1.001380 1.001383 1.001581 1.001383 1.000878 1.001940 1.001581 1.001940 1.002740 
5.730000 1.001572 1.000619 1.002308 1.000619 1.000136 1.001299 1.002308 1.001299 1.001438 
5.750000 1.001382 1.000827 1.001081 1.000827 1.000365 1.001090 1.001081 1.001090 1.002879 
5.770000 1.001635 1.000735 1.001721 1.000735 1.000629 1.001606 1.001721 1.001606 1.002234 
5.790000 1.001251 1.001045 1.001626 1.001045 0.999749 1.000597 1.001626 1.000597 1.002553 
5.810000 1.000914 1.000210 1.001541 1.000210 1.000935 1.000530 1.001541 1.000530 1.000291 
5.830000 1.001175 1.000618 1.000756 1.000618 0.999793 0.999295 1.000756 0.999295 0.999964 
5.850000 1.000864 1.000640 1.000605 1.000640 0.997056 1.000073 1.000605 1.000073 1.002622 
5.870000 1.000884 0.999774 1.000826 0.999774 0.999120 1.000406 1.000826 1.000406 1.001441 
5.890000 1.001344 0.999894 1.000505 0.999894 0.999170 0.999554 1.000505 0.999554 0.999947 
5.910000 1.000816 1.000099 1.001149 1.000099 0.999471 0.998791 1.001149 0.998791 1.000433 
5.930000 1.000532 0.999634 1.000284 0.999634 0.999309 0.999412 1.000284 0.999412 0.998549 
5.950000 1.000521 0.999808 0.999782 0.999808 0.999361 0.999480 0.999782 0.999480 0.999471 
5.970000 1.000078 0.999628 0.999596 0.999628 1.000117 0.998900 0.999596 0.998900 0.999928 
5.990000 1.000373 0.999195 0.999606 0.999195 0.997922 0.999592 0.999606 0.999592 0.998478 
6.010000 0.999845 0.999390 0.998763 0.999390 0.999123 1.000227 0.998763 1.000227 0.999132 
6.030000 0.999693 0.999392 0.999869 0.999392 1.000259 0.999908 0.999869 0.999908 0.998389 
6.050000 0.999763 0.999266 0.999258 0.999266 0.999951 0.999277 0.999258 0.999277 0.999350 
6.070000 1.000027 0.999551 0.999283 0.999551 1.001597 1.000375 0.999283 1.000375 0.999905 
6.090000 0.999756 0.999387 0.999038 0.999387 1.000041 0.998923 0.999038 0.998923 0.997734 
6.110000 0.999506 0.999093 0.998832 0.999093 0.999527 0.998764 0.998832 0.998764 0.997888 
6.130000 0.999647 0.999144 0.998960 0.999144 0.998962 1.000065 0.998960 1.000065 0.999838 
6.150000 0.999543 0.999023 0.999602 0.999023 1.000579 0.999334 0.999602 0.999334 0.999375 
6.170000 0.999308 0.999254 0.998978 0.999254 1.000486 0.999368 0.998978 0.999368 0.998318 
6.190000 0.999484 0.999755 0.998773 0.999755 0.999082 0.999571 0.998773 0.999571 0.999286 
6.210000 0.999275 0.999794 0.999159 0.999794 0.999416 0.999497 0.999159 0.999497 1.000620 
6.230000 0.999424 1.000246 0.999468 1.000246 0.999704 0.999277 0.999468 0.999277 1.000830 
6.250000 0.999525 0.999999 0.999431 0.999999 1.000659 1.000609 0.999431 1.000609 0.998752 
6.270000 0.999195 0.999818 0.999551 0.999818 1.000498 1.000141 0.999551 1.000141 0.999845 
6.290000 0.999297 0.999764 0.999425 0.999764 1.001572 1.000318 0.999425 1.000318 0.999635 
6.310000 0.999642 1.000220 0.999700 1.000220 0.999031 1.001510 0.999700 1.001510 1.001351 
6.330000 0.999497 0.999909 0.999510 0.999909 1.000529 1.000374 0.999510 1.000374 1.000066 
6.350000 1.000150 1.000072 1.000295 1.000072 1.001954 1.000251 1.000295 1.000251 0.999652 
6.370000 1.000249 1.000428 1.000492 1.000428 1.001754 0.999998 1.000492 0.999998 1.000570 
6.390000 0.999731 1.000184 1.000007 1.000184 1.000769 1.001222 1.000007 1.001222 1.001157 
6.410000 1.000014 1.000168 1.000118 1.000168 1.000226 0.999782 1.000118 0.999782 1.000536 
6.430000 1.000258 1.000450 0.999926 1.000450 1.000511 1.001642 0.999926 1.001642 1.001224 
6.450000 1.000236 1.000468 1.000972 1.000468 1.000183 1.000399 1.000972 1.000399 1.000745 
6.470000 1.000452 1.000464 1.001123 1.000464 1.001881 1.000924 1.001123 1.000924 1.000302 
6.490000 1.000417 1.000431 1.000790 1.000431 1.001734 1.000874 1.000790 1.000874 1.002215 
6.510000 1.001049 1.000233 1.000694 1.000233 1.000660 1.000620 1.000694 1.000620 1.000943 
6.530000 1.000295 1.000595 1.000793 1.000595 1.001809 1.000007 1.000793 1.000007 1.001769 
6.550000 1.000665 1.000360 1.000923 1.000360 0.998628 0.999800 1.000923 0.999800 1.001189 
6.570000 1.000716 1.000577 1.001047 1.000577 1.000518 0.999460 1.001047 0.999460 1.001429 
6.590000 1.000532 1.000032 1.001246 1.000032 1.000352 1.000394 1.001246 1.000394 0.999831 
6.610000 1.000267 1.000382 1.000789 1.000382 1.001120 0.999369 1.000789 0.999369 1.001108 
6.630000 1.000899 1.000384 1.000300 1.000384 1.001272 1.000308 1.000300 1.000308 0.999299 
6.650000 1.000762 1.000607 1.000236 1.000607 1.000918 1.000386 1.000236 1.000386 0.999985 
6.670000 1.000473 0.999903 1.000791 0.999903 1.000943 0.999060 1.000791 0.999060 1.000505 
6.690000 1.000430 0.999893 1.000679 0.999893 1.001222 0.999163 1.000679 0.999163 0.999667 
6.710000 1.000278 0.999729 1.000197 0.999729 0.999836 0.999218 1.000197 0.999218 1.000341 
6.730000 1.000396 1.000036 0.999900 1.000036 0.999710 0.999661 0.999900 0.999661 1.001527 
6.750000 1.000219 0.999542 0.999418 0.999542 1.000824 1.000718 0.999418 1.000718 0.999663 
6.770000 0.999773 0.999829 0.999600 0.999829 1.000298 1.000087 0.999600 1.000087 1.001970 
6.790000 1.000444 0.999369 0.999655 0.999369 1.000186 0.999740 0.999655 0.999740 1.000278 
6.810000 0.999938 1.000099 0.999803 1.000099 0.999075 0.998817 0.999803 0.998817 1.000275 
6.830000 1.000302 0.999713 0.999549 0.999713 1.000278 0.999455 0.999549 0.999455 0.998890 
6.850000 1.000144 0.999998 0.999736 0.999998 0.998184 1.000043 0.999736 1.000043 0.998820 
6.870000 0.999788 0.999801 0.999670 0.999801 1.001256 0.999272 0.999670 0.999272 1.000064 
6.890000 0.999909 0.999718 0.999851 0.999718 1.000109 0.999556 0.999851 0.999556 1.001261 
6.910000 0.999982 0.999559 0.999548 0.999559 1.001162 1.000631 0.999548 1.000631 0.999196 
6.930000 0.999562 0.999609 0.999542 0.999609 0.999418 0.999654 0.999542 0.999654 1.000569 
6.950000 0.999704 1.000070 0.999764 1.000070 1.000435 1.000510 0.999764 1.000510 0.998665 
6.970000 1.000103 0.999771 0.999079 0.999771 1.000347 1.000271 0.999079 1.000271 1.001140 
6.990000 0.999893 0.999985 1.000076 0.999985 0.998631 0.999212 1.000076 0.999212 0.999017 
7.010000 0.999356 1.000115 0.999392 1.000115 1.000310 0.998938 0.999392 0.998938 0.999328 
7.030000 0.999628 0.999521 0.999860 0.999521 0.999792 0.998685 0.999860 0.998685 0.999470 
7.050000 0.999868 1.000100 0.999195 1.000100 1.001155 1.000246 0.999195 1.000246 0.999822 
7.070000 1.000092 1.000637 0.999911 1.000637 1.001417 1.000692 0.999911 1.000692 1.000854 
7.090000 0.999962 1.000149 1.000078 1.000149 1.001141 1.000215 1.000078 1.000215 1.000622 
7.110000 1.000003 0.999833 0.999959 0.999833 1.000291 1.000744 0.999959 1.000744 1.001787 
7.130000 1.000130 0.999618 1.000094 0.999618 0.999539 1.000028 1.000094 1.000028 0.999781 
7.150000 0.999724 1.000075 0.999960 1.000075 1.000680 1.000291 0.999960 1.000291 1.000061 
7.170000 1.000090 0.999823 1.000004 0.999823 1.001635 1.000539 1.000004 1.000539 1.000059 
7.190000 0.999855 0.999983 1.000195 0.999983 1.000619 0.999744 1.000195 0.999744 1.000274 
7.210000 1.000527 1.000001 0.999808 1.000001 0.999820 1.000715 0.999808 1.000715 1.001582 
7.230000 1.000072 1.000089 1.000380 1.000089 0.999557 1.001233 1.000380 1.001233 1.000386 
7.250000 1.000132 0.999862 1.000474 0.999862 1.001304 1.000954 1.000474 1.000954 0.999677 
7.270000 1.000317 0.999917 1.000774 0.999917 0.999499 1.000769 1.000774 1.000769 0.999445 
7.290000 1.000608 1.000254 1.000985 1.000254 1.000135 1.000613 1.000985 1.000613 1.000186 
7.310000 1.000048 1.000583 1.000183 1.000583 1.000192 1.000001 1.000183 1.000001 0.998710 
7.330000 1.000216 1.000239 1.000325 1.000239 0.999811 1.000170 1.000325 1.000170 0.999492 
7.350000 1.000116 1.000559 0.999916 1.000559 1.001620 1.000476 0.999916 1.000476 0.999963 
7.370000 1.000530 1.000500 1.000454 1.000500 1.001209 1.000059 1.000454 1.000059 1.002174 
7.390000 1.000296 0.999915 1.000915 0.999915 0.999992 1.000490 1.000915 1.000490 0.999440 
7.410000 1.000695 1.000016 1.000080 1.000016 0.999047 1.000237 1.000080 1.000237 0.999731 
7.430000 1.000279 0.999866 1.000218 0.999866 1.000468 1.000247 1.000218 1.000247 1.000513 
7.450000 1.000270 1.000029 1.000138 1.000029 1.001217 1.000224 1.000138 1.000224 0.999419 
7.470000 1.000247 0.999881 1.000447 0.999881 0.999456 1.000814 1.000447 1.000814 1.000347 
7.490000 1.000145 0.999667 1.000526 0.999667 0.999037 0.999394 1.000526 0.999394 1.000864 
7.510000 1.000208 1.000164 1.000540 1.000164 1.000024 1.000289 1.000540 1.000289 1.000929 
7.530000 1.000221 1.000337 1.000117 1.000337 1.000132 1.000308 1.000117 1.000308 1.000880 
7.550000 1.000123 1.000050 0.999705 1.000050 1.000470 0.999581 0.999705 0.999581 0.999827 
7.570000 1.000187 0.999689 0.999752 0.999689 1.000241 1.000866 0.999752 1.000866 1.000048 
7.590000 1.000197 0.999805 0.999968 0.999805 1.002141 1.000407 0.999968 1.000407 0.999984 
7.610000 1.000258 0.999677 0.999526 0.999677 0.999615 1.000787 0.999526 1.000787 0.998608 
7.630000 0.999867 0.999450 0.999687 0.999450 1.000734 0.999999 0.999687 0.999999 0.999506 
7.650000 0.999887 0.999862 0.999727 0.999862 0.999690 1.000398 0.999727 1.000398 0.999744 
7.670000 0.999620 0.999910 1.000169 0.999910 1.000608 1.000058 1.000169 1.000058 0.999133 
7.690000 1.000129 1.000228 0.999430 1.000228 0.999554 0.999031 0.999430 0.999031 1.000719 
7.710000 0.999789 0.999769 0.999555 0.999769 1.000938 1.000103 0.999555 1.000103 0.999307 
7.730000 1.000292 0.999928 1.000058 0.999928 0.999166 1.000168 1.000058 1.000168 0.999692 
7.750000 0.999867 0.999821 1.000085 0.999821 0.999386 1.000075 1.000085 1.000075 1.001231 
7.770000 0.999789 1.000066 1.000094 1.000066 0.999256 1.000148 1.000094 1.000148 0.998176 
7.790000 0.999730 1.000150 0.999853 1.000150 0.999717 0.999903 0.999853 0.999903 0.999194 
7.810000 1.000448 0.999836 0.999841 0.999836 1.002077 1.000077 0.999841 1.000077 0.999725 
7.830000 0.999963 1.000088 0.999838 1.000088 0.998747 1.000509 0.999838 1.000509 0.999649 
7.850000 0.999995 1.000211 0.999670 1.000211 0.998848 1.000130 0.999670 1.000130 1.000296 
7.870000 1.000069 0.999677 0.999852 0.999677 1.000010 0.999831 0.999852 0.999831 1.000253 
7.890000 0.999811 0.999892 1.000389 0.999892 0.998492 1.001468 1.000389 1.001468 1.000217 
7.910000 1.000118 0.999948 0.999946 0.999948 0.999861 1.000342 0.999946 1.000342 1.000127 
7.930000 1.000137 1.000122 1.000238 1.000122 1.000411 1.000309 1.000238 1.000309 1.000564 
7.950000 1.000146 1.000360 0.999714 1.000360 1.001290 1.000440 0.999714 1.000440 1.000679 
7.970000 0.999986 1.000001 1.000241 1.000001 1.001280 0.999591 1.000241 0.999591 1.000846 
7.990000 1.000229 1.000165 0.999678 1.000165 1.000592 0.998903 0.999678 0.998903 1.000918 
8.010000 1.000200 1.000223 1.000069 1.000223 1.000588 1.000292 1.000069 1.000292 1.001082 
8.030000 1.000059 0.999772 1.000193 0.999772 0.999768 1.001152 1.000193 1.001152 1.000598 
8.050000 1.000217 1.000492 1.000055 1.000492 0.998753 0.999579 1.000055 0.999579 0.999706 
8.070000 1.000345 1.000219 1.000552 1.000219 0.999643 1.000405 1.000552 1.000405 0.999572 
8.090000 1.000397 0.999850 1.000135 0.999850 0.999722 1.000254 1.000135 1.000254 1.000481 
8.110000 1.000370 0.999548 1.000094 0.999548 1.000975 1.001611 1.000094 1.001611 1.000472 
8.130000 1.000274 1.000029 1.000476 1.000029 1.000372 1.000851 1.000476 1.000851 1.000668 
8.150000 1.000282 1.000269 0.999855 1.000269 0.999917 0.999802 0.999855 0.999802 0.999916 
8.170000 1.000129 1.000042 1.000186 1.000042 1.000733 1.000485 1.000186 1.000485 1.001245 
8.190000 0.999941 1.000136 1.000698 1.000136 1.001134 1.000359 1.000698 1.000359 0.999503 
8.210000 0.999999 0.999794 1.000275 0.999794 0.999324 0.999932 1.000275 0.999932 1.001499 
8.230000 0.999958 0.999956 0.999770 0.999956 0.999413 0.999663 0.999770 0.999663 1.000175 
8.250000 1.000458 0.999690 1.000009 0.999690 1.000377 1.000610 1.000009 1.000610 0.999777 
8.270000 1.000386 1.000014 0.999981 1.000014 1.000726 0.999275 0.999981 0.999275 1.000417 
8.290000 1.000021 1.000163 1.000123 1.000163 1.000677 0.999523 1.000123 0.999523 0.999941 
8.310000 1.000167 1.000152 1.000244 1.000152 0.999835 1.000558 1.000244 1.000558 1.000393 
8.330000 1.000078 0.999977 1.000094 0.999977 0.998925 1.000671 1.000094 1.000671 0.999780 
8.350000 1.000133 1.000088 1.000081 1.000088 1.000686 1.000170 1.000081 1.000170 0.999530 
8.370000 1.000159 1.000047 0.999976 1.000047 1.000665 0.999681 0.999976 0.999681 0.999516 
8.390000 1.000359 0.999914 1.000001 0.999914 1.000341 0.999619 1.000001 0.999619 1.000135 
8.410000 0.999941 0.999865 0.999932 0.999865 0.999441 1.000744 0.999932 1.000744 1.000326 
8.430000 1.000120 1.000068 1.000385 1.000068 0.999898 0.999801 1.000385 0.999801 0.999686 
8.450000 1.000079 0.999582 1.000059 0.999582 1.000549 0.999560 1.000059 0.999560 0.998746 
8.470000 1.000170 1.000214 0.999766 1.000214 1.000382 1.000666 0.999766 1.000666 0.999462 
8.490000 1.000039 0.999696 0.999924 0.999696 1.000193 1.000027 0.999924 1.000027 1.000374 
8.510000 0.999978 1.000092 1.000093 1.000092 0.999539 0.999728 1.000093 0.999728 1.000731 
8.530000 0.999757 1.000297 0.999883 1.000297 0.999578 0.999737 0.999883 0.999737 1.000209 
8.550000 1.000107 0.999880 0.999630 0.999880 1.000347 0.999573 0.999630 0.999573 0.999113 
8.570000 1.000103 1.000068 0.999909 1.000068 0.998236 1.000620 0.999909 1.000620 1.000221 
8.590000 1.000151 1.000064 0.999829 1.000064 1.000208 1.000346 0.999829 1.000346 0.999233 
8.610000 1.000102 1.000208 1.000065 1.000208 0.999875 1.000121 1.000065 1.000121 1.000679 
8.630000 0.999930 1.000029 0.999907 1.000029 1.000666 0.999923 0.999907 0.999923 1.000330 
8.650000 1.000156 1.000115 0.999564 1.000115 1.000866 1.000003 0.999564 1.000003 1.000485 
8.670000 0.999932 1.000332 0.999862 1.000332 1.000933 1.000327 0.999862 1.000327 1.001508 
8.690000 0.999796 1.000349 0.999901 1.000349 1.001826 1.000427 0.999901 1.000427 1.000113 
8.710000 1.000059 0.999760 1.000314 0.999760 1.000755 1.000301 1.000314 1.000301 1.000280 
8.730000 1.000312 1.000325 1.000086 1.000325 1.001274 1.000222 1.000086 1.000222 1.000841 
8.750000 1.000176 0.999433 0.999830 0.999433 0.998166 0.999884 0.999830 0.999884 0.999650 
8.770000 1.000041 0.999905 0.999910 0.999905 1.000156 1.000211 0.999910 1.000211 1.001556 
8.790000 1.000029 0.999654 1.000453 0.999654 1.000604 0.999880 1.000453 0.999880 1.000945 
8.810000 1.000094 1.000044 1.000053 1.000044 1.000675 1.000923 1.000053 1.000923 1.000931 
8.830000 0.999966 0.999397 1.000065 0.999397 1.000613 0.999957 1.000065 0.999957 0.999586 
8.850000 1.000131 0.999953 1.000031 0.999953 1.000223 1.000345 1.000031 1.000345 1.000348 
8.870000 1.000406 1.000165 1.000231 1.000165 0.999694 1.000023 1.000231 1.000023 1.000056 
8.890000 1.000152 0.999984 1.000353 0.999984 0.999632 1.000047 1.000353 1.000047 1.001054 
8.910000 1.000073 1.000370 1.000221 1.000370 1.001578 0.999998 1.000221 0.999998 1.000049 
8.930000 1.000136 1.000240 1.000450 1.000240 1.000105 0.999594 1.000450 0.999594 1.000784 
8.950000 1.000176 1.000020 1.000213 1.000020 1.000220 1.000525 1.000213 1.000525 1.000149 
8.970000 1.000292 0.999945 1.000074 0.999945 0.999492 1.000268 1.000074 1.000268 0.999835 
8.990000 1.000151 0.999632 0.999671 0.999632 0.999522 0.999577 0.999671 0.999577 0.999797 
9.010000 1.000440 1.000321 1.000239 1.000321 0.999544 0.999907 1.000239 0.999907 1.001330 
9.030000 1.000176 1.000083 0.999936 1.000083 1.000492 0.999635 0.999936 0.999635 1.000504 
9.050000 1.000393 0.999838 0.999935 0.999838 1.000251 1.000136 0.999935 1.000136 0.999726 
9.070000 1.000086 0.999995 1.000290 0.999995 1.000384 1.000471 1.000290 1.000471 1.000413 
9.090000 1.000026 1.000101 0.999938 1.000101 1.000667 0.999811 0.999938 0.999811 1.000790 
9.110000 1.000079 1.000094 1.000132 1.000094 1.000410 1.000420 1.000132 1.000420 1.000632 
9.130000 1.000084 0.999896 0.999743 0.999896 0.999480 1.000757 0.999743 1.000757 1.000413 
9.150000 1.000359 0.999920 1.000481 0.999920 1.000080 1.000162 1.000481 1.000162 0.999195 
9.170000 1.000219 1.000103 0.999816 1.000103 0.999883 1.000733 0.999816 1.000733 0.999821 
9.190000 0.999790 0.999930 0.999706 0.999930 1.000214 1.000071 0.999706 1.000071 1.000779 
9.210000 1.000265 1.000051 0.999972 1.000051 0.999987 0.999696 0.999972 0.999696 1.000153 
9.230000 1.000223 1.000087 0.999905 1.000087 1.000326 1.000582 0.999905 1.000582 1.000068 
9.250000 0.999819 0.999742 1.000234 0.999742 1.000299 1.000159 1.000234 1.000159 1.000710 
9.270000 1.000248 1.000320 0.999814 1.000320 0.999176 1.000636 0.999814 1.000636 0.999555 
9.290000 1.000112 1.000142 0.999750 1.000142 1.001032 1.000068 0.999750 1.000068 1.000144 
9.310000 0.999929 1.000102 0.999927 1.000102 0.999272 1.000115 0.999927 1.000115 0.999711 
9.330000 1.000119 1.000269 0.999826 1.000269 1.000156 0.999673 0.999826 0.999673 1.000458 
9.350000 1.000228 0.999857 1.000340 0.999857 1.000809 0.999906 1.000340 0.999906 0.999101 
9.370000 0.999828 0.999850 1.000020 0.999850 0.999681 0.999417 1.000020 0.999417 1.000025 
9.390000 0.999887 0.999721 0.999694 0.999721 1.000563 1.000119 0.999694 1.000119 1.000127 
9.410000 0.999830 1.000374 0.999970 1.000374 1.000359 0.999935 0.999970 0.999935 0.999087 
9.430000 1.000111 1.000022 1.000080 1.000022 1.000729 0.999951 1.000080 0.999951 1.000189 
9.450000 0.999918 1.000281 1.000114 1.000281 0.999993 0.999828 1.000114 0.999828 1.000050 
9.470000 1.000408 1.000248 0.999996 1.000248 1.000471 0.998967 0.999996 0.998967 0.999948 
9.490000 0.999985 1.000120 0.999930 1.000120 1.000989 1.000574 0.999930 1.000574 1.000437 
9.510000 1.000184 0.999916 0.999814 0.999916 1.000026 1.000103 0.999814 1.000103 1.000020 
9.530000 0.999993 0.999626 1.000264 0.999626 0.999539 1.000768 1.000264 1.000768 1.000038 
9.550000 1.000249 1.000154 1.000150 1.000154 1.000518 1.000259 1.000150 1.000259 1.001014 
9.570000 1.000136 0.999915 1.000081 0.999915 0.999433 1.000152 1.000081 1.000152 1.001448 
9.590000 1.000166 1.000368 1.000321 1.000368 0.999899 1.000256 1.000321 1.000256 1.000047 
9.610000 1.000049 0.999811 1.000206 0.999811 1.000513 0.999384 1.000206 0.999384 1.000924 
9.630000 1.000142 0.999744 1.000197 0.999744 0.999732 1.000078 1.000197 1.000078 0.999345 
9.650000 1.000070 0.999664 1.000286 0.999664 1.000599 0.999597 1.000286 0.999597 1.000163 
9.670000 1.000386 1.000300 0.999973 1.000300 1.000532 0.999986 0.999973 0.999986 1.001237 
9.690000 1.000177 1.000342 0.999757 1.000342 1.000189 1.000283 0.999757 1.000283 1.001342 
9.710000 1.000024 1.000137 1.000274 1.000137 1.000709 0.999555 1.000274 0.999555 0.999797 
9.730000 0.999952 0.999932 0.999978 0.999932 1.000032 0.999552 0.999978 0.999552 1.000468 
9.750000 1.000181 0.999888 1.000257 0.999888 1.000371 1.000404 1.000257 1.000404 1.000524 
9.770000 1.000368 0.999930 0.999864 0.999930 1.000759 0.999798 0.999864 0.999798 0.999662 
9.790000 1.000213 1.000029 1.000015 1.000029 0.999706 1.000259 1.000015 1.000259 1.000466 
9.810000 1.000095 1.000204 1.000180 1.000204 1.000159 1.000422 1.000180 1.000422 1.000554 
9.830000 1.000173 1.000123 0.999966 1.000123 1.000029 1.000346 0.999966 1.000346 1.000992 
9.850000 1.000020 0.999701 1.000167 0.999701 1.000063 0.999702 1.000167 0.999702 0.999684 
9.870000 1.000129 0.999753 1.000102 0.999753 1.001145 1.000161 1.000102 1.000161 1.000158 
9.890000 1.000274 1.000222 0.999968 1.000222 1.000304 1.000152 0.999968 1.000152 1.000261 
9.910000 0.999820 1.000334 1.000151 1.000334 0.999811 1.000169 1.000151 1.000169 0.999717 
9.930000 1.000162 1.000053 1.000112 1.000053 1.000701 0.999834 1.000112 0.999834 1.000124 
9.950000 0.999857 0.999946 1.000185 0.999946 1.000790 1.000494 1.000185 1.000494 0.999107 
9.970000 1.000286 1.000044 0.999899 1.000044 1.000098 1.000371 0.999899 1.000371 1.000650 
9.990000 0.999999 0.999758 0.999953 0.999758 1.000103 1.000198 0.999953 1.000198 1.000297 
10.010000 0.997302 0.996923 0.997361 0.996923 0.996839 0.997375 0.997361 0.997375 0.997630 
10.030000 0.991271 0.990912 0.990938 0.990912 0.991848 0.991710 0.990938 0.991710 0.991150 
10.050000 0.985246 0.985262 0.984729 0.985262 0.985993 0.985360 0.984729 0.985360 0.985518 
10.070000 0.979394 0.979164 0.978743 0.979164 0.979162 0.979145 0.978743 0.979145 0.978800 
10.090000 0.973189 0.973195 0.973389 0.973195 0.974143 0.973654 0.973389 0.973654 0.972904 
10.110000 0.967437 0.967401 0.967383 0.967401 0.966511 0.967482 0.967383 0.967482 0.967877 
10.130000 0.962054 0.961473 0.961812 0.961473 0.961787 0.961488 0.961812 0.961488 0.961423 
10.150000 0.955580 0.955518 0.955542 0.955518 0.955510 0.955973 0.955542 0.955973 0.955890 
10.170000 0.949872 0.949548 0.949843 0.949548 0.949210 0.949648 0.949843 0.949648 0.949597 
10.190000 0.944292 0.943905 0.944051 0.943905 0.944404 0.944095 0.944051 0.944095 0.944730 
10.210000 0.938280 0.938231 0.938175 0.938231 0.938245 0.938892 0.938175 0.938892 0.938272 
10.230000 0.932471 0.932676 0.932470 0.932676 0.933228 0.932707 0.932470 0.932707 0.932485 
10.250000 0.926905 0.926863 0.926727 0.926863 0.927257 0.926419 0.926727 0.926419 0.927867 
10.270000 0.921006 0.921075 0.920861 0.921075 0.922815 0.921524 0.920861 0.921524 0.921349 
10.290000 0.915399 0.915197 0.915747 0.915197 0.916104 0.915714 0.915747 0.915714 0.915562 
10.310000 0.909980 0.910241 0.909627 0.910241 0.909788 0.910677 0.909627 0.910677 0.910154 
10.330000 0.904241 0.904252 0.904168 0.904252 0.903753 0.904068 0.904168 0.904068 0.904701 
10.350000 0.898604 0.898655 0.898480 0.898655 0.899232 0.898954 0.898480 0.898954 0.898754 
10.370000 0.893138 0.892884 0.893233 0.892884 0.892199 0.893309 0.893233 0.893309 0.893874 
10.390000 0.887606 0.887329 0.887407 0.887329 0.887250 0.886923 0.887407 0.886923 0.887991 
10.410000 0.881948 0.881783 0.881924 0.881783 0.881820 0.882346 0.881924 0.882346 0.882273 
10.430000 0.876658 0.876221 0.876511 0.876221 0.876675 0.875922 0.876511 0.875922 0.876421 
10.450000 0.870766 0.870874 0.870539 0.870874 0.869988 0.871047 0.870539 0.871047 0.872019 
10.470000 0.865579 0.865360 0.865247 0.865360 0.864791 0.864888 0.865247 0.864888 0.865532 
10.490000 0.859840 0.859775 0.859822 0.859775 0.860946 0.859769 0.859822 0.859769 0.859697 
10.510000 0.854573 0.854481 0.854314 0.854481 0.854745 0.854419 0.854314 0.854419 0.854958 
10.530000 0.848978 0.849213 0.849325 0.849213 0.848774 0.849292 0.849325 0.849292 0.849130 
10.550000 0.843657 0.843394 0.843819 0.843394 0.843349 0.843846 0.843819 0.843846 0.843370 
10.570000 0.838470 0.838451 0.838262 0.838451 0.837699 0.838393 0.838262 0.838393 0.838251 
10.590000 0.833109 0.833038 0.832973 0.833038 0.832696 0.833145 0.832973 0.833145 0.834046 
10.610000 0.827564 0.827633 0.827532 0.827633 0.827806 0.827636 0.827532 0.827636 0.826893 
10.630000 0.822621 0.822291 0.822280 0.822291 0.822546 0.822701 0.822280 0.822701 0.822713 
10.650000 0.816914 0.816784 0.816714 0.816784 0.817403 0.816663 0.816714 0.816663 0.816965 
10.670000 0.811753 0.811696 0.811727 0.811696 0.811969 0.811862 0.811727 0.811862 0.812121 
10.690000 0.806456 0.806351 0.806323 0.806351 0.806528 0.806067 0.806323 0.806067 0.807635 
10.710000 0.801191 0.801013 0.801260 0.801013 0.801168 0.801325 0.801260 0.801325 0.801098 
10.730000 0.795991 0.796049 0.795976 0.796049 0.796239 0.795629 0.795976 0.795629 0.796533 
10.750000 0.790745 0.790595 0.790755 0.790595 0.790496 0.789957 0.790755 0.789957 0.790382 
10.770000 0.785461 0.785446 0.785518 0.785446 0.785390 0.785728 0.785518 0.785728 0.786740 
10.790000 0.780339 0.780576 0.780309 0.780576 0.780809 0.779803 0.780309 0.779803 0.780181 
10.810000 0.775270 0.775358 0.775044 0.775358 0.774922 0.775234 0.775044 0.775234 0.775511 
10.830000 0.770280 0.770050 0.770117 0.770050 0.770860 0.770054 0.770117 0.770054 0.769621 
10.850000 0.765133 0.764997 0.765191 0.764997 0.765253 0.764921 0.765191 0.764921 0.764431 
10.870000 0.759924 0.759981 0.759814 0.759981 0.759752 0.759757 0.759814 0.759757 0.760401 
10.890000 0.754942 0.754859 0.755000 0.754859 0.755091 0.754967 0.755000 0.754967 0.754353 
10.910000 0.749894 0.749566 0.749778 0.749566 0.750294 0.749579 0.749778 0.749579 0.750914 
10.930000 0.744763 0.744967 0.744901 0.744967 0.745373 0.745383 0.744901 0.745383 0.744991 
10.950000 0.739648 0.739609 0.739555 0.739609 0.740227 0.739596 0.739555 0.739596 0.739611 
10.970000 0.734695 0.734743 0.734591 0.734743 0.734345 0.734937 0.734591 0.734937 0.735099 
10.990000 0.729918 0.729640 0.729870 0.729640 0.730278 0.729852 0.729870 0.729852 0.730821 
11.010000 0.724891 0.724712 0.724784 0.724712 0.723824 0.724860 0.724784 0.724860 0.724905 
11.030000 0.720091 0.719957 0.719924 0.719957 0.719571 0.719913 0.719924 0.719913 0.719875 
11.050000 0.714931 0.715026 0.714873 0.715026 0.715541 0.714712 0.714873 0.714712 0.715642 
11.070000 0.710060 0.709984 0.710189 0.709984 0.710801 0.710355 0.710189 0.710355 0.709281 
11.090000 0.705249 0.705121 0.704991 0.705121 0.705339 0.704439 0.704991 0.704439 0.705421 
11.110000 0.700300 0.700393 0.700253 0.700393 0.699723 0.700554 0.700253 0.700554 0.700120 
11.130000 0.695441 0.695520 0.695173 0.695520 0.694970 0.694944 0.695173 0.694944 0.695142 
11.150000 0.690638 0.690825 0.690501 0.690825 0.690519 0.691279 0.690501 0.691279 0.690938 
11.170000 0.685846 0.685943 0.685789 0.685943 0.685999 0.686152 0.685789 0.686152 0.686145 
11.190000 0.681150 0.680821 0.681032 0.680821 0.680838 0.681174 0.681032 0.681174 0.681334 
11.210000 0.676246 0.675992 0.676360 0.675992 0.676394 0.676390 0.676360 0.676390 0.676300 
11.230000 0.671319 0.671654 0.671365 0.671654 0.671301 0.671812 0.671365 0.671812 0.671674 
11.250000 0.666654 0.666485 0.666858 0.666485 0.666832 0.667268 0.666858 0.667268 0.667632 
11.270000 0.662096 0.661901 0.662009 0.661901 0.661388 0.662139 0.662009 0.662139 0.661603 
11.290000 0.657220 0.657062 0.657532 0.657062 0.657342 0.657277 0.657532 0.657277 0.657036 
11.310000 0.652624 0.652456 0.652271 0.652456 0.652957 0.652621 0.652271 0.652621 0.652520 
11.330000 0.647898 0.647714 0.647745 0.647714 0.648338 0.647780 0.647745 0.647780 0.647975 
11.350000 0.643337 0.643077 0.643144 0.643077 0.644037 0.643268 0.643144 0.643268 0.643918 
11.370000 0.638503 0.638831 0.638691 0.638831 0.639277 0.638338 0.638691 0.638338 0.638660 
11.390000 0.634146 0.634133 0.634071 0.634133 0.633906 0.633982 0.634071 0.633982 0.633743 
11.410000 0.629400 0.629283 0.629278 0.629283 0.628946 0.629320 0.629278 0.629320 0.628910 
11.430000 0.624741 0.624874 0.624634 0.624874 0.625043 0.624403 0.624634 0.624403 0.625097 
11.450000 0.620189 0.619887 0.619960 0.619887 0.620382 0.620308 0.619960 0.620308 0.620488 
11.470000 0.615636 0.615547 0.615481 0.615547 0.616103 0.615049 0.615481 0.615049 0.616074 
11.490000 0.611010 0.610811 0.610957 0.610811 0.610772 0.610925 0.610957 0.610925 0.611315 
11.510000 0.606665 0.606451 0.606705 0.606451 0.606370 0.606456 0.606705 0.606456 0.607204 
11.530000 0.601988 0.602033 0.601900 0.602033 0.601661 0.602220 0.601900 0.602220 0.602295 
11.550000 0.597608 0.597340 0.597417 0.597340 0.597853 0.597194 0.597417 0.597194 0.596909 
11.570000 0.592705 0.592687 0.593166 0.592687 0.593528 0.592821 0.593166 0.592821 0.592698 
11.590000 0.588612 0.588278 0.588518 0.588278 0.588796 0.588661 0.588518 0.588661 0.589032 
11.610000 0.584035 0.584059 0.583920 0.584059 0.583663 0.584229 0.583920 0.584229 0.584274 
11.630000 0.579489 0.579694 0.579598 0.579694 0.579711 0.579925 0.579598 0.579925 0.579911 
11.650000 0.575092 0.575164 0.575225 0.575164 0.575017 0.575307 0.575225 0.575307 0.575065 
11.670000 0.570875 0.570691 0.570677 0.570691 0.570492 0.570565 0.570677 0.570565 0.570608 
11.690000 0.566415 0.566123 0.565954 0.566123 0.566297 0.565940 0.565954 0.565940 0.566430 
11.710000 0.561961 0.561770 0.561835 0.561770 0.562188 0.562017 0.561835 0.562017 0.562078 
11.730000 0.557645 0.557388 0.557455 0.557388 0.557282 0.557547 0.557455 0.557547 0.557732 
11.750000 0.553205 0.553188 0.553127 0.553188 0.553170 0.553604 0.553127 0.553604 0.553202 
11.770000 0.548872 0.549103 0.549081 0.549103 0.548647 0.548771 0.549081 0.548771 0.548940 
11.790000 0.544706 0.544596 0.544462 0.544596 0.544848 0.544682 0.544462 0.544682 0.544785 
11.810000 0.540196 0.540303 0.540289 0.540303 0.540218 0.540047 0.540289 0.540047 0.540108 
11.830000 0.535876 0.536085 0.535913 0.536085 0.536654 0.535953 0.535913 0.535953 0.536021 
11.850000 0.531718 0.531704 0.531783 0.531704 0.531863 0.531283 0.531783 0.531283 0.531147 
11.870000 0.527465 0.527168 0.527272 0.527168 0.527285 0.527236 0.527272 0.527236 0.526986 
11.890000 0.523128 0.523071 0.523182 0.523071 0.523037 0.523396 0.523182 0.523396 0.523347 
11.910000 0.519101 0.519064 0.518942 0.519064 0.518860 0.518762 0.518942 0.518762 0.518369 
11.930000 0.514602 0.514718 0.514820 0.514718 0.514771 0.514700 0.514820 0.514700 0.515227 
11.950000 0.510393 0.510446 0.510397 0.510446 0.510880 0.509990 0.510397 0.509990 0.510782 
11.970000 0.506420 0.506223 0.506212 0.506223 0.506566 0.506603 0.506212 0.506603 0.506531 
11.990000 0.502114 0.502158 0.502202 0.502158 0.502576 0.502449 0.502202 0.502449 0.501912 
12.010000 0.497950 0.497941 0.497899 0.497941 0.498150 0.498107 0.497899 0.498107 0.498299 
12.030000 0.493891 0.493629 0.493572 0.493629 0.493772 0.494159 0.493572 0.494159 0.494366 
12.050000 0.489821 0.489612 0.489839 0.489612 0.489895 0.489797 0.489839 0.489797 0.489631 
12.070000 0.485487 0.485452 0.485706 0.485452 0.485437 0.485870 0.485706 0.485870 0.485640 
12.090000 0.481445 0.481490 0.481442 0.481490 0.481526 0.481081 0.481442 0.481081 0.481266 
12.110000 0.477328 0.477279 0.477376 0.477279 0.477201 0.477404 0.477376 0.477404 0.477742 
12.130000 0.473184 0.472975 0.473216 0.472975 0.473347 0.473148 0.473216 0.473148 0.473521 
12.150000 0.469140 0.469148 0.469125 0.469148 0.469405 0.468918 0.469125 0.468918 0.469475 
12.170000 0.465077 0.465146 0.464995 0.465146 0.465573 0.465486 0.464995 0.465486 0.465339 
12.190000 0.460941 0.460935 0.461062 0.460935 0.461358 0.461248 0.461062 0.461248 0.461227 
12.210000 0.457112 0.456997 0.457154 0.456997 0.456912 0.457141 0.457154 0.457141 0.456835 
12.230000 0.453023 0.453014 0.452959 0.453014 0.452939 0.453004 0.452959 0.453004 0.453252 
12.250000 0.449179 0.449196 0.448879 0.449196 0.449053 0.449369 0.448879 0.449369 0.449111 
12.270000 0.445118 0.445085 0.444952 0.445085 0.445012 0.445148 0.444952 0.445148 0.444645 
12.290000 0.441048 0.440968 0.441045 0.440968 0.440636 0.440938 0.441045 0.440938 0.440855 
12.310000 0.437073 0.436973 0.437125 0.436973 0.436725 0.436743 0.437125 0.436743 0.436749 
12.330000 0.433072 0.433066 0.433054 0.433066 0.433631 0.433216 0.433054 0.433216 0.433093 
12.350000 0.429194 0.429300 0.429120 0.429300 0.429221 0.429398 0.429120 0.429398 0.429592 
12.370000 0.425255 0.425177 0.425191 0.425177 0.425196 0.425609 0.425191 0.425609 0.424971 
12.390000 0.421435 0.421353 0.421267 0.421353 0.422017 0.421294 0.421267 0.421294 0.421104 
12.410000 0.417554 0.417438 0.417360 0.417438 0.417005 0.417242 0.417360 0.417242 0.417529 
12.430000 0.413606 0.413516 0.413533 0.413516 0.413963 0.413912 0.413533 0.413912 0.413426 
12.450000 0.409851 0.409607 0.409585 0.409607 0.409612 0.409789 0.409585 0.409789 0.409864 
12.470000 0.405844 0.405781 0.406054 0.405781 0.405935 0.405853 0.406054 0.405853 0.405360 
12.490000 0.401991 0.401863 0.401727 0.401863 0.401931 0.402133 0.401727 0.402133 0.402062 
12.510000 0.398193 0.398009 0.398147 0.398009 0.397779 0.397900 0.398147 0.397900 0.398777 
12.530000 0.394250 0.394147 0.394354 0.394147 0.394278 0.394475 0.394354 0.394475 0.394626 
12.550000 0.390424 0.390507 0.390345 0.390507 0.390873 0.390574 0.390345 0.390574 0.390387 
12.570000 0.386651 0.386608 0.386666 0.386608 0.386599 0.386742 0.386666 0.386742 0.386713 
12.590000 0.382862 0.382718 0.382819 0.382718 0.383341 0.382780 0.382819 0.382780 0.383083 
12.610000 0.379114 0.379047 0.379156 0.379047 0.379240 0.378730 0.379156 0.378730 0.378842 
12.630000 0.375236 0.375264 0.375377 0.375264 0.375304 0.375556 0.375377 0.375556 0.375263 
12.650000 0.371525 0.371665 0.371393 0.371665 0.371789 0.371834 0.371393 0.371834 0.371292 
12.670000 0.367894 0.367944 0.367879 0.367944 0.367552 0.367784 0.367879 0.367784 0.367598 
12.690000 0.364024 0.363969 0.364014 0.363969 0.364086 0.364224 0.364014 0.364224 0.364188 
12.710000 0.360501 0.360323 0.360493 0.360323 0.360276 0.360290 0.360493 0.360290 0.360739 
12.730000 0.356672 0.356630 0.356520 0.356630 0.356352 0.356571 0.356520 0.356571 0.356720 
12.750000 0.352929 0.352909 0.353095 0.352909 0.353228 0.352544 0.353095 0.352544 0.353527 
12.770000 0.349294 0.349142 0.349256 0.349142 0.349109 0.349167 0.349256 0.349167 0.349334 
12.789999 0.345550 0.345662 0.345437 0.345662 0.345706 0.345479 0.345437 0.345479 0.345576 
12.809999 0.342025 0.341951 0.341860 0.341951 0.341930 0.341591 0.341860 0.341591 0.342001 
12.830000 0.338204 0.338316 0.338300 0.338316 0.338805 0.338291 0.338300 0.338291 0.338212 
12.850000 0.334590 0.334660 0.334648 0.334660 0.334876 0.334833 0.334648 0.334833 0.334890 
12.870000 0.331117 0.330960 0.331169 0.330960 0.330813 0.330899 0.331169 0.330899 0.330710 
12.890000 0.327399 0.327395 0.327312 0.327395 0.327069 0.327478 0.327312 0.327478 0.327630 
12.910000 0.323807 0.323670 0.323709 0.323670 0.323919 0.323567 0.323709 0.323567 0.323824 
12.930000 0.320235 0.320141 0.320096 0.320141 0.320519 0.320085 0.320096 0.320085 0.320150 
12.950000 0.316552 0.316658 0.316586 0.316658 0.316803 0.316680 0.316586 0.316680 0.316828 
12.970000 0.313156 0.313121 0.313069 0.313121 0.313367 0.313297 0.313069 0.313297 0.313378 
12.990000 0.309563 0.309507 0.309468 0.309507 0.309214 0.309759 0.309468 0.309759 0.309693 
13.010000 0.305943 0.305950 0.306094 0.305950 0.305627 0.305877 0.306094 0.305877 0.305882 
13.030000 0.302520 0.302280 0.302511 0.302280 0.302485 0.302395 0.302511 0.302395 0.302617 
13.050000 0.298947 0.298782 0.298880 0.298782 0.299421 0.298967 0.298880 0.298967 0.299172 
13.070000 0.295401 0.295340 0.295392 0.295340 0.295389 0.295365 0.295392 0.295365 0.295229 
13.090000 0.291887 0.291843 0.291831 0.291843 0.291822 0.291641 0.291831 0.291641 0.292061 
13.110000 0.288374 0.288458 0.288329 0.288458 0.289022 0.288591 0.288329 0.288591 0.288457 
13.130000 0.284909 0.284945 0.284894 0.284945 0.284937 0.285042 0.284894 0.285042 0.284899 
13.150000 0.281397 0.281532 0.281427 0.281532 0.281087 0.281738 0.281427 0.281738 0.281746 
13.170000 0.277961 0.277839 0.277909 0.277839 0.277770 0.277673 0.277909 0.277673 0.277970 
13.190000 0.274430 0.274515 0.274401 0.274515 0.274673 0.274470 0.274401 0.274470 0.274453 
13.210000 0.270999 0.270975 0.271038 0.270975 0.271001 0.271012 0.271038 0.271012 0.271136 
13.230000 0.267600 0.267576 0.267431 0.267576 0.267809 0.267597 0.267431 0.267597 0.266997 
13.250000 0.264155 0.264095 0.263999 0.264095 0.264215 0.264050 0.263999 0.264050 0.264409 
13.270000 0.260772 0.260801 0.260710 0.260801 0.260822 0.260733 0.260710 0.260733 0.261172 
13.289999 0.257383 0.257288 0.257347 0.257288 0.257570 0.257168 0.257347 0.257168 0.257586 
13.309999 0.253841 0.253994 0.253931 0.253994 0.253677 0.253723 0.253931 0.253723 0.254310 
13.330000 0.250562 0.250615 0.250540 0.250615 0.250706 0.250537 0.250540 0.250537 0.250969 
13.350000 0.247232 0.247165 0.247192 0.247165 0.247231 0.247048 0.247192 0.247048 0.247322 
13.370000 0.243880 0.243856 0.243863 0.243856 0.243769 0.244065 0.243863 0.244065 0.243878 
13.390000 0.240557 0.240457 0.240479 0.240457 0.240409 0.240473 0.240479 0.240473 0.240562 
13.410000 0.237178 0.237094 0.237186 0.237094 0.237136 0.237452 0.237186 0.237452 0.237077 
13.430000 0.233799 0.233803 0.233806 0.233803 0.233456 0.233977 0.233806 0.233977 0.234011 
13.450000 0.230505 0.230553 0.230415 0.230553 0.230760 0.230295 0.230415 0.230295 0.230362 
13.470000 0.227127 0.227250 0.227161 0.227250 0.227168 0.227259 0.227161 0.227259 0.226988 
13.490000 0.223872 0.223863 0.223828 0.223863 0.223544 0.223791 0.223828 0.223791 0.223861 
13.510000 0.220576 0.220436 0.220512 0.220436 0.220417 0.220792 0.220512 0.220792 0.220544 
13.530000 0.217244 0.217362 0.217251 0.217362 0.217243 0.217274 0.217251 0.217274 0.217425 
13.550000 0.214068 0.214048 0.214165 0.214048 0.214215 0.214037 0.214165 0.214037 0.214136 
13.570000 0.210795 0.210740 0.210628 0.210740 0.210816 0.210833 0.210628 0.210833 0.210829 
13.590000 0.207488 0.207524 0.207621 0.207524 0.207912 0.207686 0.207621 0.207686 0.207330 
13.610000 0.204288 0.204152 0.204317 0.204152 0.204226 0.204361 0.204317 0.204361 0.204319 
13.630000 0.201138 0.201003 0.201068 0.201003 0.200856 0.201112 0.201068 0.201112 0.201164 
13.650000 0.197836 0.197829 0.197779 0.197829 0.197663 0.197758 0.197779 0.197758 0.197733 
13.670000 0.194641 0.194596 0.194671 0.194596 0.194674 0.194813 0.194671 0.194813 0.194449 
13.690000 0.191345 0.191372 0.191368 0.191372 0.191495 0.191587 0.191368 0.191587 0.191388 
13.710000 0.188231 0.188146 0.188235 0.188146 0.188415 0.188344 0.188235 0.188344 0.188318 
13.730000 0.185048 0.185010 0.184953 0.185010 0.184797 0.184912 0.184953 0.184912 0.185218 
13.750000 0.181848 0.181851 0.181867 0.181851 0.181929 0.181853 0.181867 0.181853 0.181816 
13.770000 0.178646 0.178655 0.178689 0.178655 0.178787 0.178654 0.178689 0.178654 0.178616 
13.789999 0.175443 0.175456 0.175561 0.175456 0.175320 0.175689 0.175561 0.175689 0.175369 
13.809999 0.172384 0.172346 0.172307 0.172346 0.172437 0.172298 0.172307 0.172298 0.172121 
13.830000 0.169230 0.169193 0.169309 0.169193 0.169343 0.169084 0.169309 0.169084 0.169401 
13.850000 0.166103 0.166107 0.166150 0.166107 0.166147 0.166089 0.166150 0.166089 0.166044 
13.870000 0.162972 0.162884 0.162875 0.162884 0.163383 0.162825 0.162875 0.162825 0.162957 
13.890000 0.159902 0.159864 0.159805 0.159864 0.159778 0.159904 0.159805 0.159904 0.159974 
13.910000 0.156751 0.156734 0.156782 0.156734 0.156845 0.156710 0.156782 0.156710 0.156507 
13.930000 0.153635 0.153652 0.153656 0.153652 0.153565 0.153571 0.153656 0.153571 0.153563 
13.950000 0.150549 0.150527 0.150483 0.150527 0.150697 0.150287 0.150483 0.150287 0.150344 
13.970000 0.147462 0.147507 0.147448 0.147507 0.147542 0.147486 0.147448 0.147486 0.147278 
13.990000 0.144416 0.144346 0.144366 0.144346 0.144203 0.144529 0.144366 0.144529 0.144139 
14.010000 0.141395 0.141216 0.141389 0.141216 0.141330 0.141329 0.141389 0.141329 0.141396 
14.030000 0.138325 0.138234 0.138263 0.138234 0.138308 0.138300 0.138263 0.138300 0.138322 
14.050000 0.135242 0.135196 0.135231 0.135196 0.135232 0.135286 0.135231 0.135286 0.135341 
14.070000 0.132196 0.132220 0.132228 0.132220 0.132199 0.132198 0.132228 0.132198 0.132208 
14.090000 0.129179 0.129213 0.129206 0.129213 0.129133 0.129213 0.129206 0.129213 0.129388 
14.110000 0.126160 0.126229 0.126162 0.126229 0.126454 0.126272 0.126162 0.126272 0.126412 
14.130000 0.123169 0.123150 0.123178 0.123150 0.123302 0.123204 0.123178 0.123204 0.123326 
14.150000 0.120179 0.120186 0.120205 0.120186 0.120126 0.120162 0.120205 0.120162 0.120391 
14.170000 0.117481 0.117472 0.117470 0.117472 0.117577 0.117374 0.117470 0.117374 0.117437 
14.190000 0.114855 0.114818 0.114849 0.114818 0.115074 0.114871 0.114849 0.114871 0.114811 
14.210000 0.112393 0.112403 0.112395 0.112403 0.112618 0.112522 0.112395 0.112522 0.112371 
14.230000 0.109970 0.110016 0.109966 0.110016 0.110057 0.110048 0.109966 0.110048 0.109819 
14.250000 0.107621 0.107579 0.107570 0.107579 0.107605 0.107499 0.107570 0.107499 0.107828 
14.270000 0.105370 0.105358 0.105397 0.105358 0.105324 0.105441 0.105397 0.105441 0.105369 
14.289999 0.103156 0.103160 0.103151 0.103160 0.103384 0.103096 0.103151 0.103096 0.103238 
14.309999 0.100982 0.100992 0.101031 0.100992 0.100922 0.100968 0.101031 0.100968 0.100958 
14.330000 0.098909 0.098889 0.098856 0.098889 0.098872 0.098875 0.098856 0.098875 0.099047 
14.350000 0.096946 0.096851 0.096823 0.096851 0.096731 0.096957 0.096823 0.096957 0.096891 
14.370000 0.094845 0.094852 0.094805 0.094852 0.094805 0.094920 0.094805 0.094920 0.094942 
14.390000 0.092907 0.092880 0.092786 0.092880 0.092843 0.092867 0.092786 0.092867 0.092819 
14.410000 0.090968 0.090993 0.091015 0.090993 0.091106 0.091067 0.091015 0.091067 0.091118 
14.430000 0.089086 0.089094 0.089062 0.089094 0.089147 0.089047 0.089062 0.089047 0.089245 
14.450000 0.087222 0.087208 0.087235 0.087208 0.087338 0.087261 0.087235 0.087261 0.087203 
14.470000 0.085474 0.085311 0.085434 0.085311 0.085389 0.085573 0.085434 0.085573 0.085274 
14.490000 0.083658 0.083647 0.083696 0.083647 0.083818 0.083711 0.083696 0.083711 0.083882 
14.510000 0.081941 0.081972 0.081925 0.081972 0.081871 0.081964 0.081925 0.081964 0.081886 
14.530000 0.080315 0.080238 0.080229 0.080238 0.080335 0.080359 0.080229 0.080359 0.080167 
14.550000 0.078570 0.078610 0.078663 0.078610 0.078701 0.078710 0.078663 0.078710 0.078621 
14.570000 0.076995 0.077019 0.076989 0.077019 0.077030 0.076974 0.076989 0.076974 0.076958 
14.590000 0.075357 0.075363 0.075283 0.075363 0.075228 0.075410 0.075283 0.075410 0.075392 
14.610000 0.073830 0.073831 0.073822 0.073831 0.073710 0.073816 0.073822 0.073816 0.073682 
14.630000 0.072297 0.072236 0.072298 0.072236 0.072167 0.072288 0.072298 0.072288 0.072180 
14.650000 0.070733 0.070749 0.070742 0.070749 0.070729 0.070812 0.070742 0.070812 0.070838 
14.670000 0.069258 0.069292 0.069281 0.069292 0.069224 0.069218 0.069281 0.069218 0.069336 
14.690000 0.067820 0.067829 0.067814 0.067829 0.067699 0.067859 0.067814 0.067859 0.067706 
14.710000 0.066396 0.066407 0.066377 0.066407 0.066487 0.066345 0.066377 0.066345 0.066238 
14.730000 0.064976 0.064984 0.065062 0.064984 0.064940 0.064901 0.065062 0.064901 0.064877 
14.750000 0.063636 0.063570 0.063564 0.063570 0.063671 0.063659 0.063564 0.063659 0.063611 
14.770000 0.062276 0.062238 0.062252 0.062238 0.062284 0.062289 0.062252 0.062289 0.062259 
14.789999 0.060923 0.060973 0.060949 0.060973 0.060973 0.060920 0.060949 0.060920 0.060934 
14.809999 0.059704 0.059610 0.059670 0.059610 0.059657 0.059588 0.059670 0.059588 0.059653 
14.829999 0.058359 0.058352 0.058360 0.058352 0.058277 0.058275 0.058360 0.058275 0.058458 
14.849999 0.057072 0.057104 0.057131 0.057104 0.057175 0.057118 0.057131 0.057118 0.057041 
14.870000 0.055830 0.055894 0.055877 0.055894 0.055967 0.055904 0.055877 0.055904 0.055934 
14.890000 0.054640 0.054670 0.054670 0.054670 0.054638 0.054666 0.054670 0.054666 0.054633 
14.910000 0.053468 0.053479 0.053437 0.053479 0.053454 0.053487 0.053437 0.053487 0.053554 
14.930000 0.052280 0.052272 0.052278 0.052272 0.052283 0.052199 0.052278 0.052199 0.052495 
14.950000 0.051133 0.051120 0.051124 0.051120 0.051173 0.051223 0.051124 0.051223 0.051040 
14.970000 0.049985 0.050021 0.050007 0.050021 0.050067 0.049972 0.050007 0.049972 0.050063 
14.990000 0.048918 0.048846 0.048860 0.048846 0.048976 0.048802 0.048860 0.048802 0.048926 
15.010000 0.047737 0.047763 0.047790 0.047763 0.047670 0.047799 0.047790 0.047799 0.047800 
15.030000 0.046702 0.046685 0.046695 0.046685 0.046696 0.046641 0.046695 0.046641 0.046590 
15.050000 0.045663 0.045654 0.045678 0.045654 0.045569 0.045747 0.045678 0.045747 0.045657 
15.070000 0.044614 0.044637 0.044614 0.044637 0.044656 0.044737 0.044614 0.044737 0.044661 
15.090000 0.043618 0.043565 0.043604 0.043565 0.043766 0.043747 0.043604 0.043747 0.043688 
15.110000 0.042625 0.042619 0.042586 0.042619 0.042548 0.042580 0.042586 0.042580 0.042666 
15.130000 0.041601 0.041650 0.041585 0.041650 0.041642 0.041538 0.041585 0.041538 0.041538 
15.150000 0.040637 0.040633 0.040609 0.040633 0.040678 0.040690 0.040609 0.040690 0.040805 
15.170000 0.039710 0.039710 0.039719 0.039710 0.039643 0.039692 0.039719 0.039692 0.039733 
15.190000 0.038772 0.038764 0.038776 0.038764 0.038857 0.038703 0.038776 0.038703 0.038802 
15.210000 0.037846 0.037843 0.037881 0.037843 0.037888 0.037808 0.037881 0.037808 0.037854 
15.230000 0.036966 0.036908 0.036953 0.036908 0.037122 0.036972 0.036953 0.036972 0.036982 
15.250000 0.036079 0.036100 0.036047 0.036100 0.036199 0.036074 0.036047 0.036074 0.036064 
15.270000 0.035217 0.035225 0.035158 0.035225 0.035186 0.035126 0.035158 0.035126 0.035236 
15.289999 0.034397 0.034320 0.034326 0.034320 0.034419 0.034409 0.034326 0.034409 0.034460 
15.309999 0.033552 0.033490 0.033461 0.033490 0.033387 0.033514 0.033461 0.033514 0.033440 
15.329999 0.032708 0.032646 0.032671 0.032646 0.032729 0.032677 0.032671 0.032677 0.032832 
15.349999 0.031914 0.031887 0.031883 0.031887 0.031906 0.031860 0.031883 0.031860 0.031945 
15.370000 0.031090 0.031070 0.031039 0.031070 0.031099 0.031077 0.031039 0.031077 0.031078 
15.390000 0.030312 0.030297 0.030327 0.030297 0.030293 0.030280 0.030327 0.030280 0.030345 
15.410000 0.029540 0.029540 0.029533 0.029540 0.029612 0.029446 0.029533 0.029446 0.029532 
15.430000 0.028805 0.028766 0.028784 0.028766 0.028799 0.028762 0.028784 0.028762 0.028823 
15.450000 0.028015 0.028032 0.028091 0.028032 0.028151 0.028029 0.028091 0.028029 0.027966 
15.470000 0.027309 0.027296 0.027324 0.027296 0.027309 0.027377 0.027324 0.027377 0.027249 
15.490000 0.026589 0.026597 0.026621 0.026597 0.026533 0.026663 0.026621 0.026663 0.026681 
15.510000 0.025899 0.025906 0.025950 0.025906 0.025912 0.025885 0.025950 0.025885 0.025791 
15.530000 0.025198 0.025207 0.025221 0.025207 0.025227 0.025245 0.025221 0.025245 0.025223 
15.550000 0.024537 0.024556 0.024541 0.024556 0.024641 0.024560 0.024541 0.024560 0.024562 
15.570000 0.023877 0.023877 0.023869 0.023877 0.023936 0.023911 0.023869 0.023911 0.023867 
15.590000 0.023227 0.023250 0.023217 0.023250 0.023318 0.023161 0.023217 0.023161 0.023251 
15.610000 0.022589 0.022593 0.022585 0.022593 0.022621 0.022593 0.022585 0.022593 0.022574 
15.630000 0.021983 0.021963 0.021972 0.021963 0.021952 0.021992 0.021972 0.021992 0.022048 
15.650000 0.021362 0.021321 0.021339 0.021321 0.021425 0.021329 0.021339 0.021329 0.021364 
15.670000 0.020750 0.020767 0.020752 0.020767 0.020701 0.020747 0.020752 0.020747 0.020765 
15.690000 0.020168 0.020164 0.020173 0.020164 0.020148 0.020144 0.020173 0.020144 0.020091 
15.710000 0.019581 0.019591 0.019602 0.019591 0.019564 0.019599 0.019602 0.019599 0.019585 
15.730000 0.019018 0.019052 0.019009 0.019052 0.019124 0.018972 0.019009 0.018972 0.019042 
15.750000 0.018459 0.018469 0.018475 0.018469 0.018460 0.018394 0.018475 0.018394 0.018491 
15.770000 0.017903 0.017919 0.017920 0.017919 0.017819 0.017924 0.017920 0.017924 0.017886 
15.789999 0.017360 0.017377 0.017371 0.017377 0.017437 0.017371 0.017371 0.017371 0.017380 
15.809999 0.016847 0.016837 0.016867 0.016837 0.016902 0.016833 0.016867 0.016833 0.016830 
15.829999 0.016331 0.016343 0.016328 0.016343 0.016378 0.016332 0.016328 0.016332 0.016350 
15.849999 0.015824 0.015836 0.015828 0.015836 0.015826 0.015804 0.015828 0.015804 0.015903 
15.870000 0.015347 0.015337 0.015313 0.015337 0.015340 0.015349 0.015313 0.015349 0.015351 
15.890000 0.014830 0.014842 0.014850 0.014842 0.014903 0.014864 0.014850 0.014864 0.014831 
15.910000 0.014352 0.014373 0.014368 0.014373 0.014399 0.014374 0.014368 0.014374 0.014408 
15.930000 0.013923 0.013913 0.013938 0.013913 0.013922 0.013926 0.013938 0.013926 0.013895 
15.950000 0.013469 0.013457 0.013440 0.013457 0.013490 0.013481 0.013440 0.013481 0.013414 
15.970000 0.013025 0.013039 0.013026 0.013039 0.013031 0.013031 0.013026 0.013031 0.012990 
15.990000 0.012576 0.012584 0.012590 0.012584 0.012572 0.012519 0.012590 0.012519 0.012567 
16.010000 0.012144 0.012155 0.012139 0.012155 0.012122 0.012155 0.012139 0.012155 0.012120 
16.030000 0.011734 0.011720 0.011743 0.011720 0.011745 0.011719 0.011743 0.011719 0.011679 
16.049999 0.011340 0.011336 0.011309 0.011336 0.011331 0.011334 0.011309 0.011334 0.011294 
16.070000 0.010926 0.010895 0.010925 0.010895 0.010829 0.010946 0.010925 0.010946 0.010892 
16.090000 0.010538 0.010525 0.010562 0.010525 0.010525 0.010536 0.010562 0.010536 0.010550 
16.110000 0.010156 0.010138 0.010173 0.010138 0.010108 0.010152 0.010173 0.010152 0.010144 
16.129999 0.009785 0.009776 0.009763 0.009776 0.009799 0.009773 0.009763 0.009773 0.009818 
16.150000 0.009419 0.009416 0.009404 0.009416 0.009402 0.009403 0.009404 0.009403 0.009435 
16.170000 0.009051 0.009050 0.009054 0.009050 0.009032 0.008990 0.009054 0.008990 0.009081 
16.190000 0.008718 0.008707 0.008682 0.008707 0.008656 0.008679 0.008682 0.008679 0.008680 
16.209999 0.008369 0.008361 0.008375 0.008361 0.008346 0.008399 0.008375 0.008399 0.008417 
16.230000 0.008041 0.008058 0.008031 0.008058 0.008069 0.008036 0.008031 0.008036 0.008012 
16.250000 0.007734 0.007722 0.007729 0.007722 0.007691 0.007718 0.007729 0.007718 0.007772 
16.270000 0.007392 0.007402 0.007408 0.007402 0.007347 0.007411 0.007408 0.007411 0.007381 
16.289999 0.007089 0.007099 0.007084 0.007099 0.007132 0.007089 0.007084 0.007089 0.007113 
16.309999 0.006794 0.006797 0.006808 0.006797 0.006807 0.006821 0.006808 0.006821 0.006760 
16.330000 0.006487 0.006502 0.006493 0.006502 0.006498 0.006523 0.006493 0.006523 0.006523 
16.349999 0.006222 0.006219 0.006218 0.006219 0.006244 0.006232 0.006218 0.006232 0.006192 
16.369999 0.005941 0.005925 0.005945 0.005925 0.005933 0.005954 0.005945 0.005954 0.005937 
16.389999 0.005667 0.005661 0.005662 0.005661 0.005659 0.005680 0.005662 0.005680 0.005654 
16.410000 0.005417 0.005410 0.005406 0.005410 0.005420 0.005404 0.005406 0.005404 0.005409 
16.430000 0.005147 0.005132 0.005149 0.005132 0.005163 0.005172 0.005149 0.005172 0.005168 
16.450000 0.004911 0.004902 0.004906 0.004902 0.004865 0.004915 0.004906 0.004915 0.004933 
16.469999 0.004666 0.004682 0.004664 0.004682 0.004671 0.004658 0.004664 0.004658 0.004674 
16.490000 0.004434 0.004424 0.004437 0.004424 0.004403 0.004408 0.004437 0.004408 0.004416 
16.510000 0.004190 0.004206 0.004207 0.004206 0.004220 0.004191 0.004207 0.004191 0.004211 
16.530000 0.003986 0.003978 0.003988 0.003978 0.003988 0.003982 0.003988 0.003982 0.004004 
16.549999 0.003770 0.003773 0.003764 0.003773 0.003813 0.003753 0.003764 0.003753 0.003819 
16.570000 0.003559 0.003563 0.003553 0.003563 0.003560 0.003554 0.003553 0.003554 0.003546 
16.590000 0.003361 0.003357 0.003369 0.003357 0.003376 0.003342 0.003369 0.003342 0.003324 
16.610000 0.003158 0.003164 0.003152 0.003164 0.003162 0.003157 0.003152 0.003157 0.003162 
16.629999 0.002974 0.002983 0.002970 0.002983 0.002985 0.002969 0.002970 0.002969 0.002979 
16.650000 0.002796 0.002807 0.002800 0.002807 0.002812 0.002794 0.002800 0.002794 0.002800 
16.670000 0.002620 0.002622 0.002629 0.002622 0.002647 0.002619 0.002629 0.002619 0.002633 
16.690000 0.002463 0.002453 0.002449 0.002453 0.002465 0.002464 0.002449 0.002464 0.002456 
16.709999 0.002286 0.002299 0.002286 0.002299 0.002316 0.002301 0.002286 0.002301 0.002295 
16.730000 0.002142 0.002132 0.002131 0.002132 0.002125 0.002124 0.002131 0.002124 0.002128 
16.750000 0.001983 0.001982 0.001997 0.001982 0.002006 0.001992 0.001997 0.001992 0.001995 
16.770000 0.001848 0.001849 0.001846 0.001849 0.001829 0.001851 0.001846 0.001851 0.001843 
16.789999 0.001705 0.001707 0.001707 0.001707 0.001712 0.001697 0.001707 0.001697 0.001688 
16.809999 0.001573 0.001574 0.001584 0.001574 0.001582 0.001566 0.001584 0.001566 0.001580 
16.830000 0.001451 0.001455 0.001446 0.001455 0.001449 0.001455 0.001446 0.001455 0.001445 
16.849999 0.001329 0.001325 0.001327 0.001325 0.001336 0.001328 0.001327 0.001328 0.001316 
16.869999 0.001215 0.001214 0.001216 0.001214 0.001224 0.001200 0.001216 0.001200 0.001216 
16.889999 0.001107 0.001100 0.001099 0.001100 0.001101 0.001113 0.001099 0.001113 0.001106 
16.910000 0.001002 0.001005 0.001000 0.001005 0.001002 0.000991 0.001000 0.000991 0.001002 
16.930000 0.000902 0.000898 0.000907 0.000898 0.000890 0.000894 0.000907 0.000894 0.000909 
16.950000 0.000808 0.000807 0.000814 0.000807 0.000815 0.000808 0.000814 0.000808 0.000822 
16.969999 0.000720 0.000723 0.000722 0.000723 0.000710 0.000727 0.000722 0.000727 0.000739 
16.990000 0.000635 0.000636 0.000637 0.000636 0.000641 0.000632 0.000637 0.000632 0.000645 
17.010000 0.000559 0.000560 0.000564 0.000560 0.000553 0.000569 0.000564 0.000569 0.000566 
17.030000 0.000490 0.000489 0.000485 0.000489 0.000488 0.000495 0.000485 0.000495 0.000491 
17.049999 0.000424 0.000423 0.000422 0.000423 0.000417 0.000427 0.000422 0.000427 0.000421 
17.070000 0.000364 0.000363 0.000362 0.000363 0.000378 0.000363 0.000362 0.000363 0.000361 
17.090000 0.000307 0.000304 0.000304 0.000304 0.000306 0.000310 0.000304 0.000310 0.000300 
17.110000 0.000253 0.000255 0.000251 0.000255 0.000255 0.000253 0.000251 0.000253 0.000256 
17.129999 0.000206 0.000206 0.000206 0.000206 0.000211 0.000204 0.000206 0.000204 0.000210 
17.150000 0.000166 0.000167 0.000166 0.000167 0.000159 0.000167 0.000166 0.000167 0.000166 
17.170000 0.000130 0.000129 0.000129 0.000129 0.000124 0.000128 0.000129 0.000128 0.000122 
17.190000 0.000099 0.000097 0.000097 0.000097 0.000098 0.000097 0.000097 0.000097 0.000098 
17.209999 0.000068 0.000069 0.000069 0.000069 0.000071 0.000067 0.000069 0.000067 0.000071 
17.230000 0.000046 0.000047 0.000046 0.000047 0.000045 0.000047 0.000046 0.000047 0.000043 
17.250000 0.000028 0.000028 0.000028 0.000028 0.000026 0.000026 0.000028 0.000026 0.000027 
17.270000 0.000014 0.000015 0.000015 0.000015 0.000013 0.000013 0.000015 0.000013 0.000014 
17.289999 0.000005 0.000005 0.000005 0.000005 0.000006 0.000005 0.000005 0.000005 0.000006 
17.309999 0.000001 0.000001 0.000001 0.000001 0.000001 0.000001 0.000001 0.000001 0.000001 
17.330000 0.000000 0.000000 0.000000 0.000000 0.000000 0.000000 0.000000 0.000000 0.000000 
17.349999 0.000000 0.000000 0.000000 0.000000 0.000000 0.000000 0.000000 0.000000 0.000000 
17.369999 0.000000 0.000000 0.000000 0.000000 0.000000 0.000000 0.000000 0.000000 0.000000 
17.389999 0.000000 0.000000 0.000000 0.000000 0.000000 0.000000 0.000000 0.000000 0.000000 
17.410000 0.000000 0.000000 0.000000 0.000000 0.000000 0.000000 0.000000 0.000000 0.000000 
17.430000 0.000000 0.000000 0.000000 0.000000 0.000000 0.000000 0.000000 0.000000 0.000000 
17.450000 0.000000 0.000000 0.000000 0.000000 0.000000 0.000000 0.000000 0.000000 0.000000 
17.469999 0.000000 0.000000 0.000000 0.000000 0.000000 0.000000 0.000000 0.000000 0.000000 
17.490000 0.000000 0.000000 0.000000 0.000000 0.000000 0.000000 0.000000 0.000000 0.000000 
17.510000 0.000000 0.000000 0.000000 0.000000 0.000000 0.000000 0.000000 0.000000 0.000000 
17.530000 0.000000 0.000000 0.000000 0.000000 0.000000 0.000000 0.000000 0.000000 0.000000 
17.549999 0.000000 0.000000 0.000000 0.000000 0.000000 0.000000 0.000000 0.000000 0.000000 
17.570000 0.000000 0.000000 0.000000 0.000000 0.000000 0.000000 0.000000 0.000000 0.000000 
17.590000 0.000000 0.000000 0.000000 0.000000 0.000000 0.000000 0.000000 0.000000 0.000000 
17.610000 0.000000 0.000000 0.000000 0.000000 0.000000 0.000000 0.000000 0.000000 0.000000 
17.629999 0.000000 0.000000 0.000000 0.000000 0.000000 0.000000 0.000000 0.000000 0.000000 
17.650000 0.000000 0.000000 0.000000 0.000000 0.000000 0.000000 0.000000 0.000000 0.000000 
17.670000 0.000000 0.000000 0.000000 0.000000 0.000000 0.000000 0.000000 0.000000 0.000000 
17.690000 0.000000 0.000000 0.000000 0.000000 0.000000 0.000000 0.000000 0.000000 0.000000 
17.709999 0.000000 0.000000 0.000000 0.000000 0.000000 0.000000 0.000000 0.000000 0.000000 
17.730000 0.000000 0.000000 0.000000 0.000000 0.000000 0.000000 0.000000 0.000000 0.000000 
17.750000 0.000000 0.000000 0.000000 0.000000 0.000000 0.000000 0.000000 0.000000 0.000000 
17.770000 0.000000 0.000000 0.000000 0.000000 0.000000 0.000000 0.000000 0.000000 0.000000 
17.789999 0.000000 0.000000 0.000000 0.000000 0.000000 0.000000 0.000000 0.000000 0.000000 
17.809999 0.000000 0.000000 0.000000 0.000000 0.000000 0.000000 0.000000 0.000000 0.000000 
17.830000 0.000000 0.000000 0.000000 0.000000 0.000000 0.000000 0.000000 0.000000 0.000000 
17.849999 0.000000 0.000000 0.000000 0.000000 0.000000 0.000000 0.000000 0.000000 0.000000 
17.869999 0.000000 0.000000 0.000000 0.000000 0.000000 0.000000 0.000000 0.000000 0.000000 
17.889999 0.000000 0.000000 0.000000 0.000000 0.000000 0.000000 0.000000 0.000000 0.000000 
17.910000 0.000000 0.000000 0.000000 0.000000 0.000000 0.000000 0.000000 0.000000 0.000000 
17.930000 0.000000 0.000000 0.000000 0.000000 0.000000 0.000000 0.000000 0.000000 0.000000 
17.950000 0.000000 0.000000 0.000000 0.000000 0.000000 0.000000 0.000000 0.000000 0.000000 
17.969999 0.000000 0.000000 0.000000 0.000000 0.000000 0.000000 0.000000 0.000000 0.000000 
17.990000 0.000000 0.000000 0.000000 0.000000 0.000000 0.000000 0.000000 0.000000 0.000000 
18.010000 0.000000 0.000000 0.000000 0.000000 0.000000 0.000000 0.000000 0.000000 0.000000 
18.030000 0.000000 0.000000 0.000000 0.000000 0.000000 0.000000 0.000000 0.000000 0.000000 
18.049999 0.000000 0.000000 0.000000 0.000000 0.000000 0.000000 0.000000 0.000000 0.000000 
18.070000 0.000000 0.000000 0.000000 0.000000 0.000000 0.000000 0.000000 0.000000 0.000000 
18.090000 0.000000 0.000000 0.000000 0.000000 0.000000 0.000000 0.000000 0.000000 0.000000 
18.110000 0.000000 0.000000 0.000000 0.000000 0.000000 0.000000 0.000000 0.000000 0.000000 
18.129999 0.000000 0.000000 0.000000 0.000000 0.000000 0.000000 0.000000 0.000000 0.000000 
18.150000 0.000000 0.000000 0.000000 0.000000 0.000000 0.000000 0.000000 0.000000 0.000000 
18.170000 0.000000 0.000000 0.000000 0.000000 0.000000 0.000000 0.000000 0.000000 0.000000 
18.190000 0.000000 0.000000 0.000000 0.000000 0.000000 0.000000 0.000000 0.000000 0.000000 
18.209999 0.000000 0.000000 0.000000 0.000000 0.000000 0.000000 0.000000 0.000000 0.000000 
18.230000 0.000000 0.000000 0.000000 0.000000 0.000000 0.000000 0.000000 0.000000 0.000000 
18.250000 0.000000 0.000000 0.000000 0.000000 0.000000 0.000000 0.000000 0.000000 0.000000 
18.270000 0.000000 0.000000 0.000000 0.000000 0.000000 0.000000 0.000000 0.000000 0.000000 
18.289999 0.000000 0.000000 0.000000 0.000000 0.000000 0.000000 0.000000 0.000000 0.000000 
18.309999 0.000000 0.000000 0.000000 0.000000 0.000000 0.000000 0.000000 0.000000 0.000000 
18.330000 0.000000 0.000000 0.000000 0.000000 0.000000 0.000000 0.000000 0.000000 0.000000 
18.349999 0.000000 0.000000 0.000000 0.000000 0.000000 0.000000 0.000000 0.000000 0.000000 
18.369999 0.000000 0.000000 0.000000 0.000000 0.000000 0.000000 0.000000 0.000000 0.000000 
18.389999 0.000000 0.000000 0.000000 0.000000 0.000000 0.000000 0.000000 0.000000 0.000000 
18.410000 0.000000 0.000000 0.000000 0.000000 0.000000 0.000000 0.000000 0.000000 0.000000 
18.430000 0.000000 0.000000 0.000000 0.000000 0.000000 0.000000 0.000000 0.000000 0.000000 
18.450000 0.000000 0.000000 0.000000 0.000000 0.000000 0.000000 0.000000 0.000000 0.000000 
18.469999 0.000000 0.000000 0.000000 0.000000 0.000000 0.000000 0.000000 0.000000 0.000000 
18.490000 0.000000 0.000000 0.000000 0.000000 0.000000 0.000000 0.000000 0.000000 0.000000 
18.510000 0.000000 0.000000 0.000000 0.000000 0.000000 0.000000 0.000000 0.000000 0.000000 
18.530000 0.000000 0.000000 0.000000 0.000000 0.000000 0.000000 0.000000 0.000000 0.000000 
18.549999 0.000000 0.000000 0.000000 0.000000 0.000000 0.000000 0.000000 0.000000 0.000000 
18.570000 0.000000 0.000000 0.000000 0.000000 0.000000 0.000000 0.000000 0.000000 0.000000 
18.590000 0.000000 0.000000 0.000000 0.000000 0.000000 0.000000 0.000000 0.000000 0.000000 
18.610000 0.000000 0.000000 0.000000 0.000000 0.000000 0.000000 0.000000 0.000000 0.000000 
18.629999 0.000000 0.000000 0.000000 0.000000 0.000000 0.000000 0.000000 0.000000 0.000000 
18.650000 0.000000 0.000000 0.000000 0.000000 0.000000 0.000000 0.000000 0.000000 0.000000 
18.670000 0.000000 0.000000 0.000000 0.000000 0.000000 0.000000 0.000000 0.000000 0.000000 
18.690000 0.000000 0.000000 0.000000 0.000000 0.000000 0.000000 0.000000 0.000000 0.000000 
18.709999 0.000000 0.000000 0.000000 0.000000 0.000000 0.000000 0.000000 0.000000 0.000000 
18.730000 0.000000 0.000000 0.000000 0.000000 0.000000 0.000000 0.000000 0.000000 0.000000 
18.750000 0.000000 0.000000 0.000000 0.000000 0.000000 0.000000 0.000000 0.000000 0.000000 
18.770000 0.000000 0.000000 0.000000 0.000000 0.000000 0.000000 0.000000 0.000000 0.000000 
18.789999 0.000000 0.000000 0.000000 0.000000 0.000000 0.000000 0.000000 0.000000 0.000000 
18.809999 0.000000 0.000000 0.000000 0.000000 0.000000 0.000000 0.000000 0.000000 0.000000 
18.830000 0.000000 0.000000 0.000000 0.000000 0.000000 0.000000 0.000000 0.000000 0.000000 
18.849999 0.000000 0.000000 0.000000 0.000000 0.000000 0.000000 0.000000 0.000000 0.000000 
18.869999 0.000000 0.000000 0.000000 0.000000 0.000000 0.000000 0.000000 0.000000 0.000000 
18.889999 0.000000 0.000000 0.000000 0.000000 0.000000 0.000000 0.000000 0.000000 0.000000 
18.910000 0.000000 0.000000 0.000000 0.000000 0.000000 0.000000 0.000000 0.000000 0.000000 
18.929999 0.000000 0.000000 0.000000 0.000000 0.000000 0.000000 0.000000 0.000000 0.000000 
18.949999 0.000000 0.000000 0.000000 0.000000 0.000000 0.000000 0.000000 0.000000 0.000000 
18.969999 0.000000 0.000000 0.000000 0.000000 0.000000 0.000000 0.000000 0.000000 0.000000 
18.990000 0.000000 0.000000 0.000000 0.000000 0.000000 0.000000 0.000000 0.000000 0.000000 
19.010000 0.000000 0.000000 0.000000 0.000000 0.000000 0.000000 0.000000 0.000000 0.000000 
19.030000 0.000000 0.000000 0.000000 0.000000 0.000000 0.000000 0.000000 0.000000 0.000000 
19.049999 0.000000 0.000000 0.000000 0.000000 0.000000 0.000000 0.000000 0.000000 0.000000 
19.070000 0.000000 0.000000 0.000000 0.000000 0.000000 0.000000 0.000000 0.000000 0.000000 
19.090000 0.000000 0.000000 0.000000 0.000000 0.000000 0.000000 0.000000 0.000000 0.000000 
19.110000 0.000000 0.000000 0.000000 0.000000 0.000000 0.000000 0.000000 0.000000 0.000000 
19.129999 0.000000 0.000000 0.000000 0.000000 0.000000 0.000000 0.000000 0.000000 0.000000 
19.150000 0.000000 0.000000 0.000000 0.000000 0.000000 0.000000 0.000000 0.000000 0.000000 
19.170000 0.000000 0.000000 0.000000 0.000000 0.000000 0.000000 0.000000 0.000000 0.000000 
19.190000 0.000000 0.000000 0.000000 0.000000 0.000000 0.000000 0.000000 0.000000 0.000000 
19.209999 0.000000 0.000000 0.000000 0.000000 0.000000 0.000000 0.000000 0.000000 0.000000 
19.230000 0.000000 0.000000 0.000000 0.000000 0.000000 0.000000 0.000000 0.000000 0.000000 
19.250000 0.000000 0.000000 0.000000 0.000000 0.000000 0.000000 0.000000 0.000000 0.000000 
19.270000 0.000000 0.000000 0.000000 0.000000 0.000000 0.000000 0.000000 0.000000 0.000000 
19.289999 0.000000 0.000000 0.000000 0.000000 0.000000 0.000000 0.000000 0.000000 0.000000 
19.309999 0.000000 0.000000 0.000000 0.000000 0.000000 0.000000 0.000000 0.000000 0.000000 
19.330000 0.000000 0.000000 0.000000 0.000000 0.000000 0.000000 0.000000 0.000000 0.000000 
19.349999 0.000000 0.000000 0.000000 0.000000 0.000000 0.000000 0.000000 0.000000 0.000000 
19.369999 0.000000 0.000000 0.000000 0.000000 0.000000 0.000000 0.000000 0.000000 0.000000 
19.389999 0.000000 0.000000 0.000000 0.000000 0.000000 0.000000 0.000000 0.000000 0.000000 
19.410000 0.000000 0.000000 0.000000 0.000000 0.000000 0.000000 0.000000 0.000000 0.000000 
19.429999 0.000000 0.000000 0.000000 0.000000 0.000000 0.000000 0.000000 0.000000 0.000000 
19.449999 0.000000 0.000000 0.000000 0.000000 0.000000 0.000000 0.000000 0.000000 0.000000 
19.469999 0.000000 0.000000 0.000000 0.000000 0.000000 0.000000 0.000000 0.000000 0.000000 
19.490000 0.000000 0.000000 0.000000 0.000000 0.000000 0.000000 0.000000 0.000000 0.000000 
19.510000 0.000000 0.000000 0.000000 0.000000 0.000000 0.000000 0.000000 0.000000 0.000000 
19.530000 0.000000 0.000000 0.000000 0.000000 0.000000 0.000000 0.000000 0.000000 0.000000 
19.549999 0.000000 0.000000 0.000000 0.000000 0.000000 0.000000 0.000000 0.000000 0.000000 
19.570000 0.000000 0.000000 0.000000 0.000000 0.000000 0.000000 0.000000 0.000000 0.000000 
19.590000 0.000000 0.000000 0.000000 0.000000 0.000000 0.000000 0.000000 0.000000 0.000000 
19.610000 0.000000 0.000000 0.000000 0.000000 0.000000 0.000000 0.000000 0.000000 0.000000 
19.629999 0.000000 0.000000 0.000000 0.000000 0.000000 0.000000 0.000000 0.000000 0.000000 
19.650000 0.000000 0.000000 0.000000 0.000000 0.000000 0.000000 0.000000 0.000000 0.000000 
19.670000 0.000000 0.000000 0.000000 0.000000 0.000000 0.000000 0.000000 0.000000 0.000000 
19.690000 0.000000 0.000000 0.000000 0.000000 0.000000 0.000000 0.000000 0.000000 0.000000 
19.709999 0.000000 0.000000 0.000000 0.000000 0.000000 0.000000 0.000000 0.000000 0.000000 
19.730000 0.000000 0.000000 0.000000 0.000000 0.000000 0.000000 0.000000 0.000000 0.000000 
19.750000 0.000000 0.000000 0.000000 0.000000 0.000000 0.000000 0.000000 0.000000 0.000000 
19.770000 0.000000 0.000000 0.000000 0.000000 0.000000 0.000000 0.000000 0.000000 0.000000 
19.789999 0.000000 0.000000 0.000000 0.000000 0.000000 0.000000 0.000000 0.000000 0.000000 
19.809999 0.000000 0.000000 0.000000 0.000000 0.000000 0.000000 0.000000 0.000000 0.000000 
19.830000 0.000000 0.000000 0.000000 0.000000 0.000000 0.000000 0.000000 0.000000 0.000000 
19.849999 0.000000 0.000000 0.000000 0.000000 0.000000 0.000000 0.000000 0.000000 0.000000 
19.869999 0.000000 0.000000 0.000000 0.000000 0.000000 0.000000 0.000000 0.000000 0.000000 
19.889999 0.000000 0.000000 0.000000 0.000000 0.000000 0.000000 0.000000 0.000000 0.000000 
19.910000 0.000000 0.000000 0.000000 0.000000 0.000000 0.000000 0.000000 0.000000 0.000000 
19.929999 0.000000 0.000000 0.000000 0.000000 0.000000 0.000000 0.000000 0.000000 0.000000 
19.949999 0.000000 0.000000 0.000000 0.000000 0.000000 0.000000 0.000000 0.000000 0.000000 
19.969999 0.000000 0.000000 0.000000 0.000000 0.000000 0.000000 0.000000 0.000000 0.000000 
19.990000 0.000000 0.000000 0.000000 0.000000 0.000000 0.000000 0.000000 0.000000 0.000000 
