# concentrations: 0.571429 0.142857 0.285714
0.011340 0.000000 0.000000 0.000000 0.000000 0.000000 0.000000 0.000000 0.000000 0.000000 
0.034020 0.000000 0.000000 0.000000 0.000000 0.000000 0.000000 0.000000 0.000000 0.000000 
0.056701 0.000000 0.000000 0.000000 0.000000 0.000000 0.000000 0.000000 0.000000 0.000000 
0.079381 0.000000 0.000000 0.000000 0.000000 0.000000 0.000000 0.000000 0.000000 0.000000 
0.102061 0.000000 0.000000 0.000000 0.000000 0.000000 0.000000 0.000000 0.000000 0.000000 
0.124742 0.000000 0.000000 0.000000 0.000000 0.000000 0.000000 0.000000 0.000000 0.000000 
0.147422 0.000000 0.000000 0.000000 0.000000 0.000000 0.000000 0.000000 0.000000 0.000000 
0.170102 0.000000 0.000000 0.000000 0.000000 0.000000 0.000000 0.000000 0.000000 0.000000 
0.192783 0.000000 0.000000 0.000000 0.000000 0.000000 0.000000 0.000000 0.000000 0.000000 
0.215463 0.000000 0.000000 0.000000 0.000000 0.000000 0.000000 0.000000 0.000000 0.000000 
0.238143 0.000000 0.000000 0.000000 0.000000 0.000000 0.000000 0.000000 0.000000 0.000000 
0.260823 0.000000 0.000000 0.000000 0.000000 0.000000 0.000000 0.000000 0.000000 0.000000 
0.283504 0.000000 0.000000 0.000000 0.000000 0.000000 0.000000 0.000000 0.000000 0.000000 
0.306184 0.000000 0.000000 0.000000 0.000000 0.000000 0.000000 0.000000 0.000000 0.000000 
0.328864 0.000000 0.000000 0.000000 0.000000 0.000000 0.000000 0.000000 0.000000 0.000000 
0.351545 0.000000 0.000000 0.000000 0.000000 0.000000 0.000000 0.000000 0.000000 0.000000 
0.374225 0.000000 0.000000 0.000000 0.000000 0.000000 0.000000 0.000000 0.000000 0.000000 
0.396905 0.000000 0.000000 0.000000 0.000000 0.000000 0.000000 0.000000 0.000000 0.000000 
0.419586 0.000000 0.000000 0.000000 0.000000 0.000000 0.000000 0.000000 0.000000 0.000000 
0.442266 0.000000 0.000000 0.000000 0.000000 0.000000 0.000000 0.000000 0.000000 0.000000 
0.464946 0.000000 0.000000 0.000000 0.000000 0.000000 0.000000 0.000000 0.000000 0.000000 
0.487626 0.000000 0.000000 0.000000 0.000000 0.000000 0.000000 0.000000 0.000000 0.000000 
0.510307 0.000000 0.000000 0.000000 0.000000 0.000000 0.000000 0.000000 0.000000 0.000000 
0.532987 0.000000 0.000000 0.000000 0.000000 0.000000 0.000000 0.000000 0.000000 0.000000 
0.555667 0.000000 0.000000 0.000000 0.000000 0.000000 0.000000 0.000000 0.000000 0.000000 
0.578348 0.000000 0.000000 0.000000 0.000000 0.000000 0.000000 0.000000 0.000000 0.000000 
0.601028 0.000000 0.000000 0.000000 0.000000 0.000000 0.000000 0.000000 0.000000 0.000000 
0.623708 0.000000 0.000000 0.000000 0.000000 0.000000 0.000000 0.000000 0.000000 0.000000 
0.646389 0.000000 0.000170 0.000000 0.000170 0.000000 0.000000 0.000000 0.000000 0.000000 
0.669069 0.000000 0.007807 0.000000 0.007807 0.000231 0.000462 0.000000 0.000462 0.000000 
0.691749 0.000000 0.079016 0.000000 0.079016 0.011022 0.013716 0.000000 0.013716 0.000000 
0.714429 0.000000 0.367536 0.000095 0.367536 0.059870 0.095304 0.000095 0.095304 0.000000 
0.737110 0.000000 0.940138 0.003496 0.940138 0.196898 0.336909 0.003496 0.336909 0.001284 
0.759790 0.040056 1.666489 0.081646 1.666489 0.472389 0.774253 0.081646 0.774253 0.057176 
0.782470 0.000090 2.202334 0.218560 2.202334 0.683814 1.162818 0.218560 1.162818 0.095154 
0.805151 0.002432 2.516445 0.627589 2.516445 0.926597 1.527320 0.627589 1.527320 0.295923 
0.827831 0.027949 2.587985 1.211329 2.587985 1.073377 1.736296 1.211329 1.736296 0.638992 
0.850511 0.136233 2.518817 1.802744 2.518817 1.165004 1.812130 1.802744 1.812130 1.018891 
0.873192 0.399926 2.347106 2.233862 2.347106 1.205781 1.815918 2.233862 1.815918 1.344740 
0.895872 0.811169 2.156696 2.460123 2.156696 1.187124 1.728281 2.460123 1.728281 1.574337 
0.918552 1.264009 1.938518 2.482886 1.938518 1.162502 1.622119 2.482886 1.622119 1.687501 
0.941232 1.655797 1.753743 2.393410 1.753743 1.119123 1.507704 2.393410 1.507704 1.698455 
0.963913 1.913004 1.587055 2.236167 1.587055 1.070420 1.393356 2.236167 1.393356 1.640392 
0.986593 2.029570 1.433718 2.057295 1.433718 1.026342 1.297763 2.057295 1.297763 1.562735 
1.009273 2.031850 1.294929 1.869471 1.294929 0.997740 1.201699 1.869471 1.201699 1.475859 
1.031954 1.962228 1.184736 1.689675 1.184736 0.953930 1.125352 1.689675 1.125352 1.382867 
1.054634 1.851374 1.090907 1.530010 1.090907 0.934817 1.055174 1.530010 1.055174 1.282309 
1.077314 1.765280 1.053357 1.422519 1.053357 0.944038 1.032484 1.422519 1.032484 1.245942 
1.099995 1.589816 0.941835 1.267054 0.941835 0.879657 0.940447 1.267054 0.940447 1.116877 
1.122675 1.460899 0.888534 1.155022 0.888534 0.863019 0.907478 1.155022 0.907478 1.045538 
1.145355 1.344321 0.846996 1.067066 0.846996 0.856338 0.864272 1.067066 0.864272 0.978375 
1.168035 1.239389 0.806781 0.989904 0.806781 0.832692 0.845951 0.989904 0.845951 0.933219 
1.190716 1.146769 0.777575 0.926718 0.777575 0.833915 0.826828 0.926718 0.826828 0.889822 
1.213396 1.069203 0.756779 0.873171 0.756779 0.841135 0.812193 0.873171 0.812193 0.853257 
1.236076 1.001500 0.734260 0.829432 0.734260 0.849002 0.801575 0.829432 0.801575 0.831238 
1.258757 0.945059 0.723835 0.795653 0.723835 0.861370 0.794022 0.795653 0.794022 0.806774 
1.281437 0.900030 0.717860 0.767133 0.717860 0.863900 0.793579 0.767133 0.793579 0.788103 
1.304117 0.880900 0.734677 0.764078 0.734677 0.891334 0.821677 0.764078 0.821677 0.801312 
1.326797 0.830277 0.719533 0.729636 0.719533 0.898163 0.810444 0.729636 0.810444 0.766898 
1.349478 0.804713 0.729324 0.721993 0.729324 0.933194 0.820411 0.721993 0.820411 0.770477 
1.372158 0.790758 0.739829 0.717577 0.739829 0.942940 0.839744 0.717577 0.839744 0.774785 
1.394838 0.779593 0.754116 0.722197 0.754116 0.963746 0.858692 0.722197 0.858692 0.790811 
1.417519 0.776566 0.775921 0.723841 0.775921 0.992497 0.876363 0.723841 0.876363 0.803367 
1.440199 0.778039 0.795462 0.737930 0.795462 1.018923 0.905823 0.737930 0.905823 0.817999 
1.462879 0.783583 0.822499 0.752448 0.822499 1.049988 0.931074 0.752448 0.931074 0.837794 
1.485560 0.796377 0.851591 0.769136 0.851591 1.066346 0.961609 0.769136 0.961609 0.863341 
1.508240 0.820086 0.891658 0.803884 0.891658 1.105099 0.997540 0.803884 0.997540 0.906045 
1.530920 0.827452 0.915289 0.818259 0.915289 1.116962 1.013481 0.818259 1.013481 0.916252 
1.553601 0.849042 0.946961 0.849349 0.946961 1.120179 1.043881 0.849349 1.043881 0.948520 
1.576281 0.871852 0.978639 0.879270 0.978639 1.136917 1.072431 0.879270 1.072431 0.978150 
1.598961 0.899220 1.009854 0.909186 1.009854 1.153029 1.092166 0.909186 1.092166 1.006492 
1.621641 0.923446 1.043235 0.944890 1.043235 1.137048 1.116998 0.944890 1.116998 1.043199 
1.644322 0.948221 1.069203 0.974120 1.069203 1.144301 1.135758 0.974120 1.135758 1.072683 
1.667002 0.974326 1.094418 1.008142 1.094418 1.139502 1.142294 1.008142 1.142294 1.098513 
1.689682 1.030060 1.148292 1.065653 1.148292 1.153213 1.178691 1.065653 1.178691 1.151906 
1.712363 1.020961 1.125537 1.058530 1.125537 1.095697 1.145706 1.058530 1.145706 1.139602 
1.735043 1.040810 1.138024 1.084694 1.138024 1.087096 1.139290 1.084694 1.139290 1.154108 
1.757723 1.061169 1.139312 1.104886 1.139312 1.062772 1.130543 1.104886 1.130543 1.157045 
1.780403 1.071996 1.138283 1.121205 1.138283 1.047417 1.114323 1.121205 1.114323 1.157347 
1.803084 1.089231 1.134001 1.128273 1.134001 1.037663 1.097185 1.128273 1.097185 1.151826 
1.825764 1.094823 1.125194 1.135183 1.125194 1.007591 1.083205 1.135183 1.083205 1.141517 
1.848444 1.129091 1.135131 1.161768 1.135131 1.021438 1.089409 1.161768 1.089409 1.157246 
1.871125 1.104802 1.088049 1.132475 1.088049 0.973598 1.040627 1.132475 1.040627 1.109441 
1.893805 1.104864 1.073503 1.121768 1.073503 0.971700 1.025049 1.121768 1.025049 1.093651 
1.916485 1.101026 1.057325 1.110589 1.057325 0.958749 1.010507 1.110589 1.010507 1.076188 
1.939166 1.095003 1.039086 1.095250 1.039086 0.952446 0.991389 1.095250 0.991389 1.053069 
1.961846 1.084444 1.023007 1.075641 1.023007 0.940467 0.974273 1.075641 0.974273 1.030010 
1.984526 1.072974 1.006047 1.057828 1.006047 0.935979 0.965041 1.057828 0.965041 1.013631 
2.007206 1.058723 0.990582 1.044461 0.990582 0.920683 0.952240 1.044461 0.952240 1.000988 
2.029887 1.045234 0.980084 1.028616 0.980084 0.932088 0.945605 1.028616 0.945605 0.981693 
2.052567 1.030356 0.967102 1.008652 0.967102 0.927204 0.938778 1.008652 0.938778 0.970705 
2.075247 1.017280 0.960106 0.995876 0.960106 0.928913 0.927140 0.995876 0.927140 0.953919 
2.097928 1.004474 0.951208 0.984474 0.951208 0.941753 0.926569 0.984474 0.926569 0.946427 
2.120608 0.990765 0.947435 0.969452 0.947435 0.940515 0.930670 0.969452 0.930670 0.939573 
2.143288 0.990092 0.949997 0.969732 0.949997 0.950591 0.937734 0.969732 0.937734 0.943146 
2.165969 0.966622 0.942083 0.952122 0.942083 0.952921 0.931915 0.952122 0.931915 0.929489 
2.188649 0.960572 0.940337 0.945964 0.940337 0.952403 0.936465 0.945964 0.936465 0.927747 
2.211329 0.954892 0.944235 0.942499 0.944235 0.968487 0.940990 0.942499 0.940990 0.926112 
2.234010 0.948576 0.945296 0.941181 0.945296 0.973540 0.946876 0.941181 0.946876 0.927041 
2.256690 0.959251 0.963200 0.951591 0.963200 0.989253 0.970958 0.951591 0.970958 0.944586 
2.279370 0.952760 0.965299 0.948562 0.965299 0.993840 0.971702 0.948562 0.971702 0.945377 
2.302050 0.944691 0.962484 0.943906 0.962484 0.995577 0.967101 0.943906 0.967101 0.941447 
2.324731 0.944253 0.965793 0.947439 0.965793 1.003027 0.978103 0.947439 0.978103 0.955079 
2.347411 0.947638 0.971749 0.951225 0.971749 1.013994 0.984985 0.951225 0.984985 0.958181 
2.370091 0.951971 0.980537 0.958267 0.980537 1.022278 0.993070 0.958267 0.993070 0.964581 
2.392771 0.973390 1.002225 0.979522 1.002225 1.034015 1.020259 0.979522 1.020259 0.990493 
2.415452 0.961691 0.995111 0.971789 0.995111 1.035434 1.008237 0.971789 1.008237 0.978808 
2.438132 0.970632 1.001773 0.980030 1.001773 1.029441 1.014082 0.980030 1.014082 0.995040 
2.460813 0.975930 1.005394 0.987628 1.005394 1.031653 1.017605 0.987628 1.017605 0.997716 
2.483493 0.981933 1.011360 0.993786 1.011360 1.031165 1.026616 0.993786 1.026616 1.006442 
2.506173 1.003575 1.029335 1.015177 1.029335 1.039977 1.040045 1.015177 1.040045 1.025595 
2.528853 0.996030 1.021919 1.005311 1.021919 1.032266 1.031048 1.005311 1.031048 1.020314 
2.551534 1.001777 1.021812 1.011710 1.021812 1.024282 1.032522 1.011710 1.032522 1.024943 
2.574214 1.007110 1.022329 1.015618 1.022329 1.018814 1.031060 1.015618 1.031060 1.025610 
2.596894 1.012744 1.026509 1.020430 1.026509 1.023647 1.028978 1.020430 1.028978 1.031723 
2.619575 1.022571 1.029945 1.026491 1.029945 1.025764 1.033924 1.026491 1.033924 1.036278 
2.642255 1.019019 1.022474 1.025135 1.022474 1.009763 1.026652 1.025135 1.026652 1.029598 
2.664935 1.020528 1.022407 1.027316 1.022407 1.011070 1.022620 1.027316 1.022620 1.032157 
2.687615 1.023694 1.016960 1.024097 1.016960 1.006506 1.017814 1.024097 1.017814 1.028299 
2.710296 1.024615 1.016186 1.026436 1.016186 1.001593 1.017449 1.026436 1.017449 1.023696 
2.732976 1.036376 1.025083 1.035324 1.025083 1.014208 1.023465 1.035324 1.023465 1.036793 
2.755656 1.024379 1.011094 1.021819 1.011094 0.996442 1.006287 1.021819 1.006287 1.019593 
2.778337 1.022159 1.010457 1.019561 1.010457 0.992546 1.002297 1.019561 1.002297 1.016878 
2.801017 1.020319 1.004007 1.015060 1.004007 0.987287 0.999718 1.015060 0.999718 1.011297 
2.823697 1.040951 1.025018 1.035614 1.025018 1.007913 1.019129 1.035614 1.019129 1.032905 
2.846378 1.014063 0.998643 1.009371 0.998643 0.988417 0.992752 1.009371 0.992752 1.004845 
2.869058 1.012154 0.995178 1.005020 0.995178 0.987408 0.991686 1.005020 0.991686 1.000422 
2.891738 1.007348 0.990147 1.002562 0.990147 0.977780 0.985720 1.002562 0.985720 0.997477 
2.914418 1.005067 0.988952 0.997273 0.988952 0.983752 0.983436 0.997273 0.983436 0.992282 
2.937099 1.001078 0.986875 0.995910 0.986875 0.980085 0.984228 0.995910 0.984228 0.992178 
2.959779 0.997860 0.986355 0.991946 0.986355 0.989477 0.983247 0.991946 0.983247 0.986638 
2.982459 0.995096 0.984372 0.991319 0.984372 0.982281 0.983099 0.991319 0.983099 0.984000 
3.005140 0.992776 0.983444 0.988090 0.983444 0.986275 0.982614 0.988090 0.982614 0.982815 
3.027820 0.992676 0.984720 0.989144 0.984720 0.989012 0.984407 0.989144 0.984407 0.983595 
3.050500 0.988308 0.983569 0.983389 0.983569 0.989580 0.981887 0.983389 0.981887 0.980189 
3.073181 0.986945 0.986460 0.981706 0.986460 0.991564 0.985980 0.981706 0.985980 0.981284 
3.095861 0.985190 0.986080 0.982872 0.986080 0.991164 0.986237 0.982872 0.986237 0.982308 
3.118541 1.004171 1.006309 1.002107 1.006309 1.006326 1.006075 1.002107 1.006075 0.999075 
3.141222 0.983898 0.988017 0.983979 0.988017 0.997113 0.990435 0.983979 0.990435 0.981538 
3.163902 0.984078 0.988344 0.984097 0.988344 1.000644 0.990494 0.984097 0.990494 0.985175 
3.186582 0.985212 0.989967 0.985707 0.989967 0.997644 0.991795 0.985707 0.991795 0.988383 
3.209262 0.998480 1.005540 1.000143 1.005540 1.014039 1.008996 1.000143 1.008996 1.004683 
3.231943 0.986620 0.993922 0.987482 0.993922 1.002471 0.997791 0.987482 0.997791 0.993091 
3.254623 0.987783 0.995325 0.988646 0.995325 1.006513 0.997762 0.988646 0.997762 0.993895 
3.277303 0.989955 0.997277 0.992079 0.997277 0.999577 1.001706 0.992079 1.001706 0.996804 
3.299984 0.999055 1.006299 1.002062 1.006299 1.012424 1.009602 1.002062 1.009602 1.005368 
3.322664 0.993065 1.001676 0.995829 1.001676 1.005038 1.002583 0.995829 1.002583 0.996928 
3.345344 0.993712 1.003603 0.996009 1.003603 1.004958 1.004076 0.996009 1.004076 1.001495 
3.368024 0.996228 1.002995 0.998800 1.002995 1.003545 1.003066 0.998800 1.003066 0.999224 
3.390705 1.004777 1.012678 1.008436 1.012678 1.012197 1.014366 1.008436 1.014366 1.010440 
3.413385 0.998999 1.005517 1.001382 1.005517 1.005175 1.007370 1.001382 1.007370 1.005860 
3.436065 0.999748 1.004146 1.002516 1.004146 1.001352 1.005351 1.002516 1.005351 1.007679 
3.458746 1.016997 1.019574 1.018687 1.019574 1.019762 1.018461 1.018687 1.018461 1.020041 
3.481426 1.003020 1.005105 1.005406 1.005105 1.006488 1.004643 1.005406 1.004643 1.005806 
3.504106 1.001811 1.004472 1.003985 1.004472 1.000016 1.004162 1.003985 1.004162 1.005801 
3.526787 1.004286 1.004432 1.004592 1.004432 1.002886 1.002181 1.004592 1.002181 1.007220 
3.549467 1.011377 1.010202 1.012369 1.010202 1.005995 1.009913 1.012369 1.009913 1.011202 
3.572147 1.004412 1.000970 1.004876 1.000970 0.992782 1.000195 1.004876 1.000195 1.006084 
3.594827 1.003396 1.000715 1.004357 1.000715 0.995873 1.000612 1.004357 1.000612 1.003112 
3.617508 1.005808 1.000596 1.003935 1.000596 0.997033 0.998841 1.003935 0.998841 1.002028 
3.640188 1.003367 0.999972 1.004160 0.999972 0.997834 0.998706 1.004160 0.998706 1.000113 
3.662868 1.003032 1.000157 1.002966 1.000157 0.999568 0.998990 1.002966 0.998990 1.001309 
3.685549 1.003049 0.998334 1.001878 0.998334 0.993794 0.995736 1.001878 0.995736 1.001308 
3.708229 1.008823 1.003985 1.007085 1.003985 1.004483 1.002951 1.007085 1.002951 1.008180 
3.730909 1.001140 0.995836 0.999581 0.995836 0.991987 0.993791 0.999581 0.993791 0.997340 
3.753590 1.000812 0.996855 0.998561 0.996855 0.995355 0.996351 0.998561 0.996351 0.998628 
3.776270 1.008398 1.003049 1.004778 1.003049 1.003180 1.001599 1.004778 1.001599 1.003307 
3.798950 0.998137 0.995800 0.997318 0.995800 0.991452 0.993905 0.997318 0.993905 0.996326 
3.821630 0.998351 0.993961 0.994909 0.993961 0.993255 0.993058 0.994909 0.993058 0.994620 
3.844311 1.015450 1.011957 1.013469 1.011957 1.012854 1.011798 1.013469 1.011798 1.012845 
3.866991 0.995380 0.994174 0.995434 0.994174 0.993563 0.992803 0.995434 0.992803 0.991728 
3.889671 0.994810 0.993747 0.993130 0.993747 0.996543 0.993401 0.993130 0.993401 0.991871 
3.912352 0.994556 0.993723 0.993171 0.993723 0.994937 0.994735 0.993171 0.994735 0.993257 
3.935032 1.002668 1.003497 1.001772 1.003497 1.002139 1.001480 1.001772 1.001480 1.001802 
3.957712 0.994126 0.993334 0.994566 0.993334 0.994311 0.995443 0.994566 0.995443 0.993413 
3.980392 0.994476 0.994405 0.993193 0.994405 0.999769 0.995554 0.993193 0.995554 0.994149 
4.003073 0.993116 0.994593 0.993689 0.994593 0.998479 0.995112 0.993689 0.995112 0.993438 
4.025753 0.994091 0.994088 0.993783 0.994088 1.001851 0.994615 0.993783 0.994615 0.993707 
4.048433 0.993561 0.995386 0.994400 0.995386 0.994387 0.996197 0.994400 0.996197 0.993662 
4.071114 1.011608 1.013461 1.011588 1.013461 1.018653 1.012844 1.011588 1.012844 1.013374 
4.093794 0.994401 0.996412 0.994737 0.996412 1.001066 0.998285 0.994737 0.998285 0.994399 
4.116474 0.994691 0.998450 0.994971 0.998450 1.005351 0.997851 0.994971 0.997851 0.997450 
4.139154 1.006540 1.008755 1.007272 1.008755 1.004852 1.010959 1.007272 1.010959 1.009251 
4.161835 0.995852 0.998848 0.996284 0.998848 0.999984 0.999760 0.996284 0.999760 0.999140 
4.184515 0.996349 0.997607 0.996428 0.997607 1.000395 0.998055 0.996428 0.998055 0.997766 
4.207196 0.997161 0.999776 0.997087 0.999776 0.998882 0.998554 0.997087 0.998554 0.997806 
4.229876 0.997910 0.998897 0.998079 0.998897 0.995948 0.997552 0.998079 0.997552 0.999123 
4.252556 0.998971 0.998235 0.998894 0.998235 1.000479 0.999607 0.998894 0.999607 0.999215 
4.275237 1.000247 1.001930 1.000378 1.001930 1.001350 1.003381 1.000378 1.003381 1.002140 
4.297917 0.998532 0.998827 0.999332 0.998827 1.000899 1.001023 0.999332 1.001023 0.998963 
4.320597 0.998296 0.999766 0.999699 0.999766 0.999515 1.000362 0.999699 1.000362 0.999975 
4.343277 1.008492 1.009632 1.009657 1.009632 1.009013 1.007882 1.009657 1.007882 1.008374 
4.365958 0.999844 0.999364 1.000006 0.999364 0.996376 0.998639 1.000006 0.998639 1.000124 
4.388638 0.998843 0.997462 0.999848 0.997462 0.995367 0.998175 0.999848 0.998175 1.000849 
4.411318 1.008501 1.007402 1.009324 1.007402 1.009557 1.007821 1.009324 1.007821 1.009304 
4.433999 0.998156 0.999530 0.999178 0.999530 0.997399 0.999295 0.999178 0.999295 1.000121 
4.456679 0.999288 0.999265 0.999131 0.999265 0.999577 0.999349 0.999131 0.999349 0.999160 
4.479359 1.008401 1.007682 1.007950 1.007682 1.007815 1.009153 1.007950 1.009153 1.008476 
4.502039 1.000351 0.998390 0.999093 0.998390 0.999082 0.996740 0.999093 0.996740 0.998255 
4.524720 1.000729 0.999251 1.000951 0.999251 0.994842 0.998028 1.000951 0.998028 1.000933 
4.547400 1.002683 1.000757 1.002215 1.000757 0.999647 1.002636 1.002215 1.002636 0.999837 
4.570080 0.998471 0.997631 0.998329 0.997631 0.996459 0.996396 0.998329 0.996396 0.998314 
4.592761 1.003329 1.002037 1.002260 1.002037 1.001344 1.002275 1.002260 1.002275 1.000844 
4.615441 0.998552 0.997718 0.998111 0.997718 0.999763 0.995544 0.998111 0.995544 0.998576 
4.638121 0.998005 0.996567 0.997352 0.996567 0.997375 0.997557 0.997352 0.997557 0.997327 
4.660801 1.010729 1.011244 1.010692 1.011244 1.009680 1.010157 1.010692 1.010157 1.008716 
4.683482 0.997521 0.995489 0.996953 0.995489 0.998498 0.996059 0.996953 0.996059 0.995989 
4.706162 0.998007 0.996425 0.997702 0.996425 0.996135 0.996241 0.997702 0.996241 0.995182 
4.728842 0.997462 0.995764 0.996853 0.995764 0.999224 0.994934 0.996853 0.994934 0.994331 
4.751523 0.996753 0.996578 0.996894 0.996578 0.996909 0.996180 0.996894 0.996180 0.997405 
4.774203 0.999735 1.001361 1.000371 1.001361 1.001453 1.000919 1.000371 1.000919 0.999815 
4.796883 0.996571 0.995794 0.996247 0.995794 0.996228 0.998394 0.996247 0.998394 0.995432 
4.819563 0.997763 0.995226 0.995996 0.995226 0.995872 0.997255 0.995996 0.997255 0.995836 
4.842244 1.011990 1.013254 1.011013 1.013254 1.012519 1.013908 1.011013 1.013908 1.012640 
4.864924 0.997080 0.996805 0.996265 0.996805 0.997451 0.996750 0.996265 0.996750 0.995542 
4.887605 0.996775 0.996664 0.996375 0.996664 0.999374 0.997023 0.996375 0.997023 0.996559 
4.910285 1.004504 1.003908 1.004334 1.003908 1.010405 1.003236 1.004334 1.003236 1.003479 
4.932965 0.995531 0.996804 0.997114 0.996804 0.999977 0.997441 0.997114 0.997441 0.995757 
4.955646 1.000915 1.000386 1.000578 1.000386 0.999973 1.000339 1.000578 1.000339 1.001646 
4.978326 0.997593 0.996467 0.997404 0.996467 0.997534 0.997202 0.997404 0.997202 0.997363 
5.001006 0.996911 0.997952 0.996886 0.997952 0.998613 0.997557 0.996886 0.997557 0.998006 
5.023686 0.999706 1.002968 1.000773 1.002968 1.001240 1.001495 1.000773 1.001495 1.000417 
5.046367 0.997861 0.997048 0.997348 0.997048 0.998485 0.998543 0.997348 0.998543 0.997423 
5.069047 1.007605 1.009059 1.008366 1.009059 1.010485 1.008948 1.008366 1.008948 1.010662 
5.091727 0.997190 0.997316 0.997048 0.997316 0.998066 0.998101 0.997048 0.998101 0.998575 
5.114408 0.997067 0.998222 0.997782 0.998222 0.999105 0.998869 0.997782 0.998869 0.998420 
5.137088 1.005210 1.004286 1.004742 1.004286 1.005582 1.005812 1.004742 1.005812 1.004500 
5.159768 0.997398 0.999181 0.997351 0.999181 0.996950 0.997179 0.997351 0.997179 0.998913 
5.182448 0.997971 0.997372 0.998469 0.997372 0.998064 0.998052 0.998469 0.998052 0.998521 
5.205129 0.997542 0.998227 0.997968 0.998227 0.997415 0.998720 0.997968 0.998720 1.000094 
5.227809 0.999568 0.999876 0.999237 0.999876 0.995583 0.999078 0.999237 0.999078 1.000577 
5.250489 0.997920 0.998116 0.998176 0.998116 0.996804 0.998796 0.998176 0.998796 0.997892 
5.273170 0.998656 0.997995 0.998281 0.997995 0.993856 0.997311 0.998281 0.997311 0.998397 
5.295850 1.006034 1.005495 1.004692 1.005495 1.004917 1.006737 1.004692 1.006737 1.006529 
5.318530 0.997973 0.997112 0.998692 0.997112 0.998130 0.998355 0.998692 0.998355 0.996999 
5.341210 1.009538 1.009221 1.009196 1.009221 1.010159 1.008391 1.009196 1.008391 1.009462 
5.363891 0.997531 0.998265 0.998044 0.998265 0.995504 0.998575 0.998044 0.998575 0.999390 
5.386571 0.998058 0.998149 0.998369 0.998149 0.996509 0.997694 0.998369 0.997694 0.997570 
5.409251 1.004751 1.004864 1.003528 1.004864 1.003509 1.002217 1.003528 1.002217 1.003918 
5.431931 0.997851 0.997007 0.997573 0.997007 0.996087 0.996363 0.997573 0.996363 0.997727 
5.454612 1.001184 1.000417 1.000900 1.000417 1.002172 0.999875 1.000900 0.999875 1.001874 
5.477292 0.998216 0.997953 0.996970 0.997953 0.997105 0.997352 0.996970 0.997352 0.999138 
5.499973 1.006972 1.006254 1.005984 1.006254 1.007708 1.005142 1.005984 1.005142 1.005457 
5.522653 0.997644 0.997108 0.997100 0.997108 0.996373 0.997463 0.997100 0.997463 0.997756 
5.545333 1.008778 1.009512 1.009006 1.009512 1.007961 1.010136 1.009006 1.010136 1.008055 
5.568014 0.997483 0.997181 0.996719 0.997181 0.996976 0.996180 0.996719 0.996180 0.997615 
5.590694 0.998200 0.997972 0.997920 0.997972 0.997156 0.997315 0.997920 0.997315 0.997070 
5.613374 0.997195 0.997167 0.997647 0.997167 0.999323 0.996546 0.997647 0.996546 0.995671 
5.636055 0.997598 0.996784 0.997470 0.996784 0.996641 0.998564 0.997470 0.998564 0.997456 
5.658735 1.002635 1.002973 1.002751 1.002973 1.001154 1.001508 1.002751 1.001508 1.003304 
5.681415 0.997774 0.996662 0.997366 0.996662 0.996176 0.997512 0.997366 0.997512 0.996880 
5.704095 1.002734 1.003555 1.002649 1.003555 1.003597 1.002565 1.002649 1.002565 1.002362 
5.726776 0.997869 0.997421 0.996588 0.997421 0.994046 0.997262 0.996588 0.997262 0.997838 
5.749456 0.999634 1.000013 1.000523 1.000013 0.998483 0.999394 1.000523 0.999394 0.999900 
5.772136 0.997385 0.997028 0.997244 0.997028 0.996419 0.996027 0.997244 0.996027 0.997170 
5.794816 0.997730 0.996674 0.997665 0.996674 0.998017 0.997936 0.997665 0.997936 0.997657 
5.817497 1.004467 1.005160 1.005176 1.005160 1.007766 1.006876 1.005176 1.006876 1.005724 
5.840177 0.996756 0.997316 0.997856 0.997316 0.996720 0.997570 0.997856 0.997570 0.998682 
5.862857 0.997381 0.998504 0.997819 0.998504 0.998254 0.997682 0.997819 0.997682 0.997445 
5.885538 0.997928 0.997532 0.997499 0.997532 0.999053 0.996253 0.997499 0.996253 0.996945 
5.908218 1.005310 1.005279 1.004897 1.005279 1.007981 1.005531 1.004897 1.005531 1.006197 
5.930898 0.997061 0.997832 0.997489 0.997832 0.998736 0.996933 0.997489 0.996933 0.997949 
5.953578 1.007910 1.007399 1.007325 1.007399 1.010768 1.008513 1.007325 1.008513 1.008366 
5.976259 0.996626 0.997195 0.997514 0.997195 1.000125 0.997314 0.997514 0.997314 0.999159 
5.998939 0.997972 0.998288 0.997994 0.998288 0.995880 0.997623 0.997994 0.997623 0.997570 
6.021619 0.998261 0.996969 0.997310 0.996969 0.997107 0.997454 0.997310 0.997454 0.997017 
6.044300 0.998780 0.998138 0.998690 0.998138 1.000692 0.999027 0.998690 0.999027 0.999102 
6.066980 0.998129 0.997689 0.997519 0.997689 0.995625 0.997648 0.997519 0.997648 0.998032 
6.089660 1.008130 1.008321 1.007855 1.008321 1.006721 1.009086 1.007855 1.009086 1.006681 
6.112340 0.997461 0.997407 0.997776 0.997407 0.996513 0.997494 0.997776 0.997494 0.998822 
6.135021 1.007453 1.007947 1.007017 1.007947 1.007868 1.007930 1.007017 1.007930 1.007036 
6.157701 0.998094 0.997643 0.998030 0.997643 0.994606 0.998056 0.998030 0.998056 0.998342 
6.180382 1.000185 1.000691 0.999937 1.000691 0.999986 1.000309 0.999937 1.000309 1.001084 
6.203062 0.997890 0.997692 0.997596 0.997692 0.997878 0.996852 0.997596 0.996852 0.996776 
6.225742 1.002742 1.003179 1.003001 1.003179 1.003545 1.003123 1.003001 1.003123 1.002726 
6.248423 0.997794 0.997383 0.996949 0.997383 1.000619 0.997270 0.996949 0.997270 0.996678 
6.271103 1.006917 1.006935 1.006818 1.006935 1.005395 1.006536 1.006818 1.006536 1.006855 
6.293783 0.997984 0.997766 0.997586 0.997766 0.996104 0.997895 0.997586 0.997895 0.997037 
6.316463 1.001981 1.001598 1.002490 1.001598 1.003534 1.001606 1.002490 1.001606 1.001375 
6.339144 0.997455 0.996931 0.997669 0.996931 0.997538 0.997704 0.997669 0.997704 0.997335 
6.361824 0.997871 0.996983 0.997814 0.996983 0.997653 0.997922 0.997814 0.997922 0.996722 
6.384504 0.997625 0.997383 0.997246 0.997383 0.997879 0.996973 0.997246 0.996973 0.997308 
6.407185 1.000614 1.000939 1.001118 1.000939 1.001939 0.999012 1.001118 0.999012 1.000427 
6.429865 0.997485 0.997279 0.997435 0.997279 0.995203 0.997198 0.997435 0.997198 0.997607 
6.452545 1.002057 1.000977 1.001897 1.000977 1.003991 1.002279 1.001897 1.002279 1.001477 
6.475225 0.997661 0.997691 0.996865 0.997691 0.998502 0.998044 0.996865 0.998044 0.997460 
6.497906 1.008790 1.008292 1.008291 1.008292 1.007170 1.007662 1.008291 1.007662 1.008801 
6.520586 0.996728 0.997688 0.997246 0.997688 0.998179 0.997206 0.997246 0.997206 0.997525 
6.543266 1.002581 1.001924 1.001913 1.001924 1.003351 1.003133 1.001913 1.003133 1.001571 
6.565947 0.997470 0.997425 0.997200 0.997425 0.998197 0.998245 0.997200 0.998245 0.997959 
6.588627 0.999578 0.999693 1.000045 0.999693 1.000713 0.998650 1.000045 0.998650 1.000013 
6.611307 0.997198 0.996401 0.997254 0.996401 0.996595 0.997123 0.997254 0.997123 0.998257 
6.633987 1.005943 1.005494 1.005732 1.005494 1.005568 1.005303 1.005732 1.005303 1.005747 
6.656668 0.996910 0.998215 0.997461 0.998215 0.996495 0.998579 0.997461 0.998579 0.998140 
6.679348 1.002146 1.001357 1.001312 1.001357 1.003475 1.000557 1.001312 1.000557 1.001435 
6.702028 0.997534 0.997373 0.997526 0.997373 0.996660 0.997905 0.997526 0.997905 0.997334 
6.724709 0.997364 0.998579 0.997761 0.998579 0.997628 0.998895 0.997761 0.998895 0.997432 
6.747389 0.997263 0.997111 0.998097 0.997111 0.999183 0.997750 0.998097 0.997750 0.997654 
6.770069 0.999656 0.999326 1.000014 0.999326 0.998173 1.000193 1.000014 1.000193 1.000846 
6.792750 1.002083 1.001727 1.001604 1.001727 0.999639 1.003197 1.001604 1.003197 1.002534 
6.815430 1.001288 1.001579 1.000887 1.001579 1.001446 1.002558 1.000887 1.002558 1.003069 
6.838110 1.001806 1.001993 1.001425 1.001993 1.000345 1.000873 1.001425 1.000873 1.002329 
6.860791 0.997831 0.998076 0.997316 0.998076 0.996361 0.997205 0.997316 0.997205 0.997982 
6.883471 1.003382 1.003248 1.003043 1.003248 1.002513 1.003912 1.003043 1.003912 1.003524 
6.906151 0.997225 0.997542 0.997743 0.997542 1.000676 0.997943 0.997743 0.997943 0.996866 
6.928832 1.001645 1.001098 1.001554 1.001098 0.999305 1.000679 1.001554 1.000679 1.002260 
6.951512 0.997794 0.997195 0.997597 0.997195 0.999720 0.996679 0.997597 0.996679 0.997418 
6.974192 1.001706 1.001404 1.001510 1.001404 1.000575 1.001522 1.001510 1.001522 1.000213 
6.996872 0.997551 0.997382 0.997366 0.997382 0.996878 0.999460 0.997366 0.999460 0.998055 
7.019553 1.007318 1.007099 1.006721 1.007099 1.007157 1.007812 1.006721 1.007812 1.006898 
7.042233 0.997391 0.998053 0.997723 0.998053 0.996539 0.998085 0.997723 0.998085 0.997684 
7.064913 0.997904 0.998100 0.997472 0.998100 0.998310 0.997799 0.997472 0.997799 0.998151 
7.087594 0.999351 0.999410 0.999059 0.999410 0.999036 0.998625 0.999059 0.998625 0.998740 
7.110274 0.998233 0.997262 0.998059 0.997262 0.995154 0.998036 0.998059 0.998036 0.997770 
7.132954 1.008187 1.007708 1.008039 1.007708 1.009031 1.008471 1.008039 1.008471 1.008520 
7.155634 0.997647 0.997280 0.997683 0.997280 0.995580 0.997440 0.997683 0.997440 0.997844 
7.178315 1.007026 1.007155 1.006371 1.007155 1.005664 1.005919 1.006371 1.005919 1.006515 
7.200995 1.001247 1.000538 1.000963 1.000538 1.000374 1.000741 1.000963 1.000741 1.001210 
7.223675 0.997698 0.997671 0.997899 0.997671 0.999146 0.997059 0.997899 0.997059 0.996881 
7.246356 0.997163 0.997085 0.997200 0.997085 0.998325 0.997278 0.997200 0.997278 0.997541 
7.269036 0.997470 0.997780 0.997823 0.997780 0.997445 0.997163 0.997823 0.997163 0.997649 
7.291716 1.000755 1.001206 1.000967 1.001206 1.000292 1.000953 1.000967 1.000953 0.999934 
7.314396 0.997536 0.998000 0.997509 0.998000 0.999119 0.998164 0.997509 0.998164 0.996923 
7.337077 1.004427 1.003766 1.004275 1.003766 1.004174 1.003658 1.004275 1.003658 1.004238 
7.359757 0.997434 0.997192 0.997085 0.997192 0.996964 0.997103 0.997085 0.997103 0.997157 
7.382437 0.997658 0.997524 0.997447 0.997524 0.997320 0.997886 0.997447 0.997886 0.997075 
7.405118 0.998973 0.999396 0.998985 0.999396 0.999687 0.999120 0.998985 0.999120 0.999620 
7.427798 0.997136 0.997212 0.997277 0.997212 0.996468 0.997548 0.997277 0.997548 0.998478 
7.450479 1.000688 1.001081 1.000196 1.001081 1.000504 1.001284 1.000196 1.001284 1.001056 
7.473159 1.004753 1.005400 1.004954 1.005400 1.004292 1.005722 1.004954 1.005722 1.004925 
7.495839 0.997445 0.997649 0.997625 0.997649 0.996788 0.997626 0.997625 0.997626 0.997220 
7.518519 1.002532 1.002058 1.002879 1.002058 1.001195 1.002502 1.002879 1.002502 1.003082 
7.541200 0.997789 0.997692 0.997774 0.997692 0.997549 0.998215 0.997774 0.998215 0.997559 
7.563880 0.999839 0.999471 0.999243 0.999471 1.001309 0.999241 0.999243 0.999241 0.999024 
7.586560 1.008918 1.008623 1.008876 1.008623 1.008721 1.008062 1.008876 1.008062 1.008635 
7.609241 0.997195 0.997915 0.997325 0.997915 0.997355 0.998525 0.997325 0.998525 0.997889 
7.631921 1.000927 1.000697 1.000853 1.000697 1.001272 1.000667 1.000853 1.000667 1.001494 
7.654601 0.997876 0.997358 0.997174 0.997358 0.998981 0.997751 0.997174 0.997751 0.997428 
7.677281 0.997514 0.997601 0.997469 0.997601 0.997412 0.997999 0.997469 0.997999 0.997620 
7.699962 1.002381 1.001876 1.002384 1.001876 1.000610 1.002938 1.002384 1.002938 1.002708 
7.722642 0.998100 0.997322 0.997428 0.997322 0.997345 0.996454 0.997428 0.996454 0.997140 
7.745322 1.003440 1.003850 1.003447 1.003850 1.003899 1.003035 1.003447 1.003035 1.003923 
7.768003 0.997407 0.997372 0.997456 0.997372 0.995628 0.997225 0.997456 0.997225 0.998579 
7.790683 1.002409 1.001383 1.002071 1.001383 1.002107 1.001655 1.002071 1.001655 1.002469 
7.813363 1.002368 1.001637 1.002304 1.001637 1.004871 1.003136 1.002304 1.003136 1.002826 
7.836043 0.997878 0.997237 0.997436 0.997237 0.996686 0.998277 0.997436 0.998277 0.997319 
7.858724 0.999575 0.998399 0.999435 0.998399 0.999864 0.999468 0.999435 0.999468 0.999621 
7.881404 0.997571 0.996521 0.997432 0.996521 0.995694 0.998196 0.997432 0.998196 0.996568 
7.904084 1.002322 1.002705 1.001694 1.002705 1.003448 1.001751 1.001694 1.001751 1.001649 
7.926764 1.006411 1.006324 1.006088 1.006324 1.005865 1.007078 1.006088 1.007078 1.006893 
7.949445 0.997525 0.997489 0.997769 0.997489 0.995469 0.998518 0.997769 0.998518 0.997679 
7.972125 0.997661 0.997438 0.998097 0.997438 0.998270 0.996847 0.998097 0.996847 0.997095 
7.994805 0.997217 0.998003 0.997412 0.998003 0.998486 0.997193 0.997412 0.997193 0.997903 
8.017486 0.997382 0.997015 0.997438 0.997015 0.998997 0.997492 0.997438 0.997492 0.997529 
8.040166 1.003406 1.003328 1.003187 1.003328 1.001893 1.002127 1.003187 1.002127 1.003207 
8.062846 1.003317 1.003202 1.003445 1.003202 1.001983 1.003450 1.003445 1.003450 1.003178 
8.085526 0.997390 0.997288 0.997477 0.997288 0.998187 0.996920 0.997477 0.996920 0.996496 
8.108207 1.000085 1.000250 1.000331 1.000250 1.000253 1.000255 1.000331 1.000255 0.999777 
8.130887 0.998153 0.997951 0.997773 0.997951 0.996808 0.996983 0.997773 0.996983 0.997661 
8.153567 1.001372 1.001760 1.001945 1.001760 1.003903 1.002800 1.001945 1.002800 1.001451 
8.176248 1.004255 1.004685 1.004797 1.004685 1.004220 1.004393 1.004797 1.004393 1.004982 
8.198928 0.997636 0.998080 0.997104 0.998080 0.997384 0.998315 0.997104 0.998315 0.997039 
8.221608 1.001466 1.001855 1.001688 1.001855 1.001108 1.000614 1.001688 1.000614 1.002247 
8.244288 0.997849 0.997256 0.997441 0.997256 0.997038 0.998885 0.997441 0.998885 0.997204 
8.266969 0.997645 0.997644 0.997236 0.997644 0.997481 0.998361 0.997236 0.998361 0.998053 
8.289649 1.000477 1.000287 0.999782 1.000287 1.000583 1.000315 0.999782 1.000315 0.999604 
8.312329 1.001788 1.001414 1.001881 1.001414 1.002599 1.000709 1.001881 1.000709 1.001748 
8.335010 0.997556 0.997581 0.997009 0.997581 0.996701 0.998079 0.997009 0.998079 0.997607 
8.357690 1.003943 1.004695 1.003908 1.004695 1.003911 1.003599 1.003908 1.003599 1.004383 
8.380371 1.000685 0.999944 1.000206 0.999944 1.001339 1.000113 1.000206 1.000113 0.999949 
8.403051 0.997219 0.997687 0.997470 0.997687 0.997348 0.998713 0.997470 0.998713 0.998001 
8.425732 0.997403 0.998085 0.997355 0.998085 0.997877 0.996804 0.997355 0.996804 0.997534 
8.448412 1.005472 1.004954 1.005417 1.004954 1.005683 1.005101 1.005417 1.005101 1.005575 
8.471092 0.997434 0.997621 0.997738 0.997621 0.999590 0.997039 0.997738 0.997039 0.997437 
8.493773 1.005184 1.004442 1.005261 1.004442 1.003278 1.005123 1.005261 1.005123 1.006428 
8.516453 0.997511 0.997563 0.997508 0.997563 0.996086 0.996930 0.997508 0.996930 0.997541 
8.539133 0.997354 0.997742 0.997421 0.997742 0.996717 0.997195 0.997421 0.997195 0.998258 
8.561813 0.997669 0.997312 0.998244 0.997312 0.999626 0.997981 0.998244 0.997981 0.998292 
8.584494 1.004895 1.004376 1.005053 1.004376 1.004320 1.004499 1.005053 1.004499 1.005082 
8.607174 0.997675 0.997221 0.997492 0.997221 0.997725 0.997007 0.997492 0.997007 0.998541 
8.629854 1.000494 0.999566 1.000129 0.999566 1.000090 0.999198 1.000129 0.999198 0.999019 
8.652534 1.003761 1.004517 1.003589 1.004517 1.002057 1.003298 1.003589 1.003298 1.004140 
8.675215 1.000191 0.999520 0.999969 0.999520 1.000479 1.001016 0.999969 1.001016 1.000560 
8.697895 0.997603 0.997728 0.997689 0.997728 0.998808 0.997935 0.997689 0.997935 0.997645 
8.720575 0.999937 0.999533 0.999805 0.999533 1.001118 0.999387 0.999805 0.999387 0.999663 
8.743256 1.006195 1.006037 1.005641 1.006037 1.004777 1.006634 1.005641 1.006634 1.006322 
8.765936 0.997460 0.997640 0.997536 0.997640 0.997415 0.997525 0.997536 0.997525 0.998410 
8.788616 0.997774 0.997728 0.998035 0.997728 0.996846 0.997689 0.998035 0.997689 0.997168 
8.811296 1.000762 1.000058 1.000045 1.000058 0.999705 0.999919 1.000045 0.999919 0.999963 
8.833977 0.997522 0.997543 0.997523 0.997543 0.997374 0.998243 0.997523 0.998243 0.997749 
8.856657 1.002178 1.002513 1.001713 1.002513 1.002862 1.002897 1.001713 1.002897 1.001637 
8.879337 1.002333 1.001570 1.002076 1.001570 1.003664 1.002259 1.002076 1.002259 1.001964 
8.902018 1.000812 1.001367 1.001261 1.001367 1.001115 1.001102 1.001261 1.001102 1.000762 
8.924698 0.997824 0.997566 0.997263 0.997566 0.997178 0.998033 0.997263 0.998033 0.997108 
8.947378 0.999864 0.999713 0.999439 0.999713 1.000856 0.999740 0.999439 0.999740 0.999485 
8.970058 1.002381 1.001350 1.001823 1.001350 1.001520 1.002814 1.001823 1.002814 1.002499 
8.992739 0.997517 0.997350 0.997367 0.997350 0.997700 0.997273 0.997367 0.997273 0.999063 
9.015419 1.000042 1.000307 1.000068 1.000307 1.001867 1.000167 1.000068 1.000167 0.999025 
9.038099 0.997447 0.997435 0.997254 0.997435 0.997298 0.998133 0.997254 0.998133 0.997515 
9.060780 0.997927 0.997897 0.998416 0.997897 0.999708 0.997574 0.998416 0.997574 0.998428 
9.083460 0.998259 0.998339 0.998513 0.998339 0.998508 0.999067 0.998513 0.999067 0.997944 
9.106140 1.001363 1.002083 1.002206 1.002083 1.001442 1.002430 1.002206 1.002430 1.002426 
9.128820 1.006172 1.006360 1.006397 1.006360 1.004918 1.006806 1.006397 1.006806 1.006799 
9.151501 0.997555 0.997182 0.997536 0.997182 0.997543 0.997189 0.997536 0.997189 0.997782 
9.174181 1.000164 1.000540 1.000052 1.000540 0.998676 0.999614 1.000052 0.999614 0.999887 
9.196861 0.998835 0.999351 0.998322 0.999351 0.999710 0.998672 0.998322 0.998672 0.999102 
9.219542 1.004934 1.005445 1.004699 1.005445 1.005798 1.005040 1.004699 1.005040 1.004886 
9.242222 0.997512 0.997462 0.997472 0.997462 0.997576 0.997383 0.997472 0.997383 0.997660 
9.264902 1.002625 1.002112 1.003149 1.002112 1.001633 1.003672 1.003149 1.003672 1.002643 
9.287582 0.997358 0.997961 0.997456 0.997961 0.998155 0.996452 0.997456 0.996452 0.997259 
9.310263 1.000620 1.000229 1.000618 1.000229 1.000091 1.000922 1.000618 1.000922 1.000755 
9.332943 0.997641 0.996806 0.997290 0.996806 0.998287 0.996645 0.997290 0.996645 0.996865 
9.355623 1.004050 1.003808 1.004080 1.003808 1.005482 1.004544 1.004080 1.004544 1.004481 
9.378304 1.001627 1.000667 1.001887 1.000667 1.001895 1.001188 1.001887 1.001188 1.002033 
9.400984 1.001851 1.001070 1.001792 1.001070 1.001800 1.001523 1.001792 1.001523 1.001294 
9.423664 0.997999 0.997466 0.997262 0.997466 0.997248 0.997221 0.997262 0.997221 0.997230 
9.446344 0.997976 0.997762 0.997823 0.997762 0.995792 0.997235 0.997823 0.997235 0.998194 
9.469025 1.001168 1.000613 1.000875 1.000613 1.000649 1.000872 1.000875 1.000872 1.000400 
9.491705 1.001588 1.001647 1.001364 1.001647 1.001391 1.002332 1.001364 1.002332 1.001272 
9.514385 0.997289 0.997560 0.997692 0.997560 0.998531 0.997856 0.997692 0.997856 0.997952 
9.537066 0.997541 0.997714 0.997401 0.997714 0.997129 0.997964 0.997401 0.997964 0.997966 
9.559746 0.998371 0.998430 0.998533 0.998430 0.997783 0.997865 0.998533 0.997865 0.997857 
9.582426 1.005579 1.005022 1.005429 1.005022 1.004124 1.004898 1.005429 1.004898 1.006368 
9.605106 0.997645 0.997840 0.997794 0.997840 0.998462 0.997665 0.997794 0.997665 0.998288 
9.627787 1.002342 1.001939 1.002215 1.001939 1.002573 1.002414 1.002215 1.002414 1.001778 
9.650467 0.998544 0.998272 0.998403 0.998272 0.999395 0.998449 0.998403 0.998449 0.998299 
9.673148 1.001947 1.001885 1.001495 1.001885 1.001719 1.002098 1.001495 1.002098 1.001422 
9.695828 0.997837 0.997788 0.997561 0.997788 0.998337 0.997733 0.997561 0.997733 0.998031 
9.718509 1.001364 1.000854 1.001180 1.000854 1.001224 1.000906 1.001180 1.000906 1.001635 
9.741189 1.002051 1.002951 1.002070 1.002951 1.003385 1.002317 1.002070 1.002317 1.002435 
9.763869 0.997769 0.997373 0.997169 0.997373 0.997999 0.998269 0.997169 0.998269 0.998254 
9.786550 0.997248 0.997612 0.997489 0.997612 0.998226 0.998347 0.997489 0.998347 0.997676 
9.809230 0.999685 0.999963 0.999472 0.999963 1.000430 0.999709 0.999472 0.999709 0.999593 
9.831910 1.000713 1.000212 1.000447 1.000212 1.000619 1.000799 1.000447 1.000799 1.000547 
9.854590 1.003134 1.003157 1.002933 1.003157 1.003763 1.003225 1.002933 1.003225 1.003469 
9.877271 1.002376 1.002174 1.002007 1.002174 1.001747 1.001226 1.002007 1.001226 1.002562 
9.899951 0.997129 0.997749 0.997803 0.997749 0.996908 0.997091 0.997803 0.997091 0.998360 
9.922631 0.998534 0.998372 0.998316 0.998372 0.998724 0.998840 0.998316 0.998840 0.997725 
9.945312 1.004488 1.003780 1.003707 1.003780 1.002064 1.004158 1.003707 1.004158 1.004377 
9.967992 1.003139 1.003028 1.002808 1.003028 1.003856 1.003008 1.002808 1.003008 1.003451 
9.990672 0.997328 0.997211 0.997705 0.997211 0.998372 0.997625 0.997705 0.997625 0.997758 
10.013352 0.997578 0.996913 0.997268 0.996913 0.998043 0.997320 0.997268 0.997320 0.997380 
10.036033 0.998640 0.998511 0.998327 0.998511 0.998715 0.998659 0.998327 0.998659 0.999046 
10.058713 0.999534 0.999425 0.999467 0.999425 0.997820 1.000319 0.999467 1.000319 0.999657 
10.081393 1.000986 1.000682 1.001187 1.000682 1.001688 1.000957 1.001187 1.000957 1.001557 
10.104074 1.002228 1.002591 1.001748 1.002591 1.000796 1.001977 1.001748 1.001977 1.002523 
10.126754 0.997305 0.997536 0.997365 0.997536 0.998363 0.997284 0.997365 0.997284 0.998059 
10.149434 1.000065 1.000697 1.000004 1.000697 0.999472 0.999726 1.000004 0.999726 1.000008 
10.172114 1.002112 1.001878 1.001794 1.001878 1.002443 1.001815 1.001794 1.001815 1.001477 
10.194795 1.003010 1.003042 1.002598 1.003042 1.002267 1.001927 1.002598 1.001927 1.003229 
10.217475 0.997647 0.997842 0.996992 0.997842 0.998348 0.997390 0.996992 0.997390 0.997879 
10.240155 0.997682 0.997084 0.997840 0.997084 0.998235 0.997088 0.997840 0.997088 0.997139 
10.262836 0.999321 0.999218 0.999564 0.999218 0.998400 0.998913 0.999564 0.998913 0.999060 
10.285516 1.004789 1.004375 1.004552 1.004375 1.003864 1.005149 1.004552 1.005149 1.004309 
10.308196 1.002917 1.002308 1.002889 1.002308 1.003293 1.002890 1.002889 1.002890 1.002861 
10.330876 0.999353 0.998831 0.999524 0.998831 0.999325 0.999984 0.999524 0.999984 0.999404 
10.353557 0.997636 0.997469 0.997721 0.997469 0.997874 0.997558 0.997721 0.997558 0.997556 
10.376237 0.997619 0.997663 0.997449 0.997663 0.997620 0.997791 0.997449 0.997791 0.997723 
10.398917 1.004432 1.004178 1.004206 1.004178 1.003461 1.003978 1.004206 1.003978 1.004035 
10.421597 0.999135 0.999224 0.998899 0.999224 0.999481 0.998696 0.998899 0.998696 0.999214 
10.444278 0.997484 0.997233 0.997319 0.997233 0.997635 0.997749 0.997319 0.997749 0.997393 
10.466958 0.997895 0.997932 0.997950 0.997932 0.997187 0.996983 0.997950 0.996983 0.997759 
10.489638 0.997787 0.997499 0.997717 0.997499 0.998346 0.997315 0.997717 0.997315 0.998231 
10.512319 0.999083 0.999339 0.999346 0.999339 1.000462 0.999453 0.999346 0.999453 0.999718 
10.534999 1.005625 1.006070 1.006081 1.006070 1.006222 1.006364 1.006081 1.006364 1.004907 
10.557679 1.000784 1.000885 1.000961 1.000885 1.001717 1.001559 1.000961 1.001559 1.001214 
10.580359 0.999814 0.999553 0.999377 0.999553 1.000707 0.999630 0.999377 0.999630 0.999827 
10.603040 1.001873 1.001355 1.001624 1.001355 1.001069 1.000728 1.001624 1.000728 1.001955 
10.625720 0.997456 0.996907 0.997369 0.996907 0.997112 0.998008 0.997369 0.998008 0.997597 
10.648400 1.001466 1.001327 1.001762 1.001327 1.003195 1.001133 1.001762 1.001133 1.002015 
10.671081 0.997665 0.997633 0.997664 0.997633 0.999203 0.997683 0.997664 0.997683 0.997228 
10.693761 1.000352 1.000262 1.000140 1.000262 1.000511 1.000250 1.000140 1.000250 1.000627 
10.716441 1.002425 1.002598 1.002330 1.002598 1.002769 1.002238 1.002330 1.002238 1.002697 
10.739121 0.999928 0.999563 0.999531 0.999563 1.001289 0.999924 0.999531 0.999924 1.000475 
10.761802 1.000695 1.000689 1.001086 1.000689 1.000819 1.001054 1.001086 1.001054 1.001042 
10.784482 0.997815 0.997420 0.997470 0.997420 0.997341 0.997209 0.997470 0.997209 0.997320 
10.807162 0.998522 0.999436 0.998824 0.999436 0.997918 0.999238 0.998824 0.999238 0.999012 
10.829843 1.000462 1.000781 1.000842 1.000781 1.001502 1.000509 1.000842 1.000509 1.000298 
10.852523 1.005345 1.005332 1.005188 1.005332 1.004311 1.005311 1.005188 1.005311 1.005466 
10.875203 0.997499 0.997343 0.997292 0.997343 0.998028 0.997402 0.997292 0.997402 0.997554 
10.897883 0.998476 0.998472 0.998416 0.998472 0.997224 0.998623 0.998416 0.998623 0.998316 
10.920564 1.005106 1.005094 1.004722 1.005094 1.004503 1.004708 1.004722 1.004708 1.004611 
10.943244 0.997668 0.997757 0.997477 0.997757 0.998074 0.997377 0.997477 0.997377 0.996620 
10.965925 1.000376 1.000421 1.000784 1.000421 0.999423 1.000885 1.000784 1.000885 1.000655 
10.988605 0.999777 0.999783 0.999334 0.999783 0.999639 1.000158 0.999334 1.000158 0.999759 
11.011286 1.000055 0.999950 0.999695 0.999950 0.998962 0.999707 0.999695 0.999707 0.999319 
11.033966 1.000674 1.000195 1.000658 1.000195 1.000956 1.000917 1.000658 1.000917 1.000754 
11.056646 0.999620 0.999660 1.000258 0.999660 0.999831 0.999892 1.000258 0.999892 0.999863 
11.079327 0.997817 0.997218 0.997605 0.997218 0.998331 0.997941 0.997605 0.997941 0.997541 
11.102007 1.000720 1.000427 1.000481 1.000427 1.000455 1.000180 1.000481 1.000180 1.001004 
11.124687 0.997664 0.997318 0.997690 0.997318 0.998937 0.997587 0.997690 0.997587 0.997936 
11.147367 1.000878 1.000152 1.000407 1.000152 0.999916 1.000289 1.000407 1.000289 1.000425 
11.170048 1.001115 1.001354 1.001290 1.001354 1.002979 1.001522 1.001290 1.001522 1.001591 
11.192728 1.000400 1.000487 1.000755 1.000487 1.000527 1.000073 1.000755 1.000073 0.999860 
11.215408 0.997893 0.997880 0.997458 0.997880 0.998522 0.997275 0.997458 0.997275 0.997484 
11.238089 1.003149 1.003384 1.003473 1.003384 1.003158 1.003227 1.003473 1.003227 1.003445 
11.260769 1.001846 1.001208 1.002092 1.001208 1.002536 1.002352 1.002092 1.002352 1.002180 
11.283449 0.997683 0.997448 0.997437 0.997448 0.998283 0.996957 0.997437 0.996957 0.996778 
11.306129 0.999186 0.998888 0.998784 0.998888 0.999536 0.999636 0.998784 0.999636 0.999040 
11.328810 1.000188 1.000038 1.000439 1.000038 1.001681 1.000314 1.000439 1.000314 1.000914 
11.351490 0.996090 0.996052 0.995562 0.996052 0.996612 0.995907 0.995562 0.995907 0.995667 
11.374170 0.991324 0.991649 0.991311 0.991649 0.991414 0.991093 0.991311 0.991093 0.991177 
11.396851 0.985887 0.985361 0.985869 0.985361 0.985699 0.986328 0.985869 0.986328 0.986740 
11.419531 0.978394 0.978227 0.978042 0.978227 0.977844 0.977715 0.978042 0.977715 0.978611 
11.442211 0.973889 0.973884 0.973930 0.973884 0.974097 0.974322 0.973930 0.974322 0.973853 
11.464891 0.971168 0.971433 0.971566 0.971433 0.970840 0.971423 0.971566 0.971423 0.971481 
11.487572 0.959168 0.958649 0.959090 0.958649 0.958823 0.959347 0.959090 0.959347 0.959392 
11.510252 0.954063 0.954084 0.953903 0.954084 0.954759 0.954392 0.953903 0.954392 0.953949 
11.532932 0.951266 0.951134 0.951065 0.951134 0.951164 0.951565 0.951065 0.951565 0.951681 
11.555613 0.947544 0.947018 0.947641 0.947018 0.947289 0.947279 0.947641 0.947279 0.948065 
11.578293 0.936566 0.936261 0.936669 0.936261 0.936874 0.936255 0.936669 0.936255 0.936756 
11.600973 0.930523 0.930243 0.930245 0.930243 0.928863 0.930525 0.930245 0.930525 0.930544 
11.623653 0.926698 0.926789 0.926197 0.926789 0.926979 0.927206 0.926197 0.927206 0.926177 
11.646334 0.923288 0.922713 0.922867 0.922713 0.923725 0.923021 0.922867 0.923021 0.922776 
11.669014 0.915116 0.914984 0.915181 0.914984 0.914705 0.915258 0.915181 0.915258 0.915287 
11.691694 0.907266 0.907221 0.907553 0.907221 0.907708 0.907945 0.907553 0.907945 0.907616 
11.714375 0.901915 0.902239 0.902067 0.902239 0.901797 0.901660 0.902067 0.901660 0.902367 
11.737055 0.900076 0.899961 0.899893 0.899961 0.900418 0.899969 0.899893 0.899969 0.899982 
11.759735 0.893839 0.893547 0.893161 0.893547 0.893346 0.893994 0.893161 0.893994 0.893371 
11.782415 0.887847 0.887830 0.887499 0.887830 0.888232 0.887883 0.887499 0.887883 0.887516 
11.805096 0.881890 0.881464 0.881732 0.881464 0.882108 0.882076 0.881732 0.882076 0.881705 
11.827776 0.878187 0.878275 0.878238 0.878275 0.878347 0.877058 0.878238 0.877058 0.878152 
11.850456 0.872264 0.872349 0.872673 0.872349 0.873834 0.872505 0.872673 0.872505 0.872423 
11.873137 0.863580 0.862981 0.863078 0.862981 0.864246 0.863082 0.863078 0.863082 0.863304 
11.895817 0.860474 0.860398 0.860556 0.860398 0.860519 0.860792 0.860556 0.860792 0.860013 
11.918497 0.855862 0.856609 0.856361 0.856609 0.856332 0.856543 0.856361 0.856543 0.855957 
11.941177 0.847023 0.846924 0.847165 0.846924 0.846917 0.846870 0.847165 0.846870 0.846994 
11.963858 0.844481 0.843884 0.844269 0.843884 0.845408 0.844487 0.844269 0.844487 0.844910 
11.986538 0.839808 0.839807 0.840150 0.839807 0.839598 0.839352 0.840150 0.839352 0.839715 
12.009218 0.831113 0.830781 0.830520 0.830781 0.831315 0.830673 0.830520 0.830673 0.831483 
12.031898 0.826750 0.827028 0.826693 0.827028 0.827595 0.827560 0.826693 0.827560 0.826621 
12.054579 0.824774 0.824880 0.824696 0.824880 0.824283 0.824797 0.824696 0.824797 0.824503 
12.077259 0.814925 0.815118 0.814949 0.815118 0.815135 0.815017 0.814949 0.815017 0.815120 
12.099939 0.809995 0.809919 0.809554 0.809919 0.809770 0.809580 0.809554 0.809580 0.809688 
12.122620 0.808442 0.808437 0.808302 0.808437 0.809158 0.808090 0.808302 0.808090 0.808605 
12.145300 0.801273 0.800702 0.800941 0.800702 0.801146 0.800549 0.800941 0.800549 0.801092 
12.167980 0.795675 0.795235 0.795551 0.795235 0.795431 0.796105 0.795551 0.796105 0.795386 
12.190660 0.790815 0.790485 0.790555 0.790485 0.791027 0.790515 0.790555 0.790515 0.791341 
12.213341 0.787635 0.787402 0.787395 0.787402 0.787073 0.787059 0.787395 0.787059 0.787545 
12.236021 0.779320 0.779625 0.779492 0.779625 0.779329 0.779746 0.779492 0.779746 0.780089 
12.258702 0.773323 0.773234 0.773227 0.773234 0.773351 0.772706 0.773227 0.772706 0.773228 
12.281383 0.769729 0.770317 0.769898 0.770317 0.770091 0.769790 0.769898 0.769790 0.770619 
12.304063 0.764517 0.764444 0.764575 0.764444 0.764570 0.763991 0.764575 0.763991 0.764407 
12.326743 0.762431 0.762086 0.762169 0.762086 0.762121 0.762117 0.762169 0.762117 0.762322 
12.349423 0.753957 0.754024 0.754242 0.754024 0.753330 0.754540 0.754242 0.754540 0.754479 
12.372104 0.748497 0.748689 0.748529 0.748689 0.749525 0.748702 0.748529 0.748702 0.748323 
12.394784 0.748260 0.748473 0.748415 0.748473 0.746653 0.748124 0.748415 0.748124 0.748791 
12.417464 0.742170 0.741754 0.742048 0.741754 0.741450 0.741578 0.742048 0.741578 0.742438 
12.440145 0.732868 0.732861 0.732895 0.732861 0.732456 0.733089 0.732895 0.733089 0.732772 
12.462825 0.728596 0.728481 0.728493 0.728481 0.728217 0.728587 0.728493 0.728587 0.728933 
12.485505 0.723943 0.724026 0.724192 0.724026 0.724387 0.724189 0.724192 0.724189 0.724315 
12.508185 0.720831 0.720428 0.720602 0.720428 0.720264 0.720880 0.720602 0.720880 0.720373 
12.530866 0.715208 0.715314 0.715134 0.715314 0.716005 0.715131 0.715134 0.715131 0.715232 
12.553546 0.709552 0.709244 0.709368 0.709244 0.709368 0.709428 0.709368 0.709428 0.709501 
12.576226 0.704801 0.704531 0.704769 0.704531 0.704493 0.704545 0.704769 0.704545 0.704637 
12.598907 0.702156 0.702213 0.702201 0.702213 0.703088 0.702543 0.702201 0.702543 0.701911 
12.621587 0.693845 0.693629 0.693951 0.693629 0.693399 0.694056 0.693951 0.694056 0.694025 
12.644267 0.689913 0.690330 0.690007 0.690330 0.690642 0.690290 0.690007 0.690290 0.690076 
12.666947 0.688210 0.688266 0.688075 0.688266 0.687961 0.687926 0.688075 0.687926 0.687868 
12.689628 0.680405 0.679972 0.680424 0.679972 0.679613 0.680272 0.680424 0.680272 0.680376 
12.712308 0.675594 0.675539 0.675743 0.675539 0.676151 0.675882 0.675743 0.675882 0.675085 
12.734988 0.669801 0.669659 0.669817 0.669659 0.669410 0.669939 0.669817 0.669939 0.669234 
12.757668 0.668310 0.668555 0.668359 0.668555 0.669223 0.668894 0.668359 0.668894 0.668609 
12.780349 0.663070 0.662695 0.663248 0.662695 0.663685 0.662852 0.663248 0.662852 0.662676 
12.803029 0.655562 0.655632 0.655500 0.655632 0.655811 0.655305 0.655500 0.655305 0.655605 
12.825709 0.651284 0.651126 0.651204 0.651126 0.651958 0.651337 0.651204 0.651337 0.651283 
12.848390 0.648232 0.648447 0.647951 0.648447 0.648716 0.647691 0.647951 0.647691 0.647979 
12.871070 0.644519 0.644156 0.644233 0.644156 0.644498 0.644156 0.644233 0.644156 0.644194 
12.893750 0.638628 0.638748 0.638545 0.638748 0.638778 0.638917 0.638545 0.638917 0.638709 
12.916430 0.632681 0.633147 0.633033 0.633147 0.633159 0.632654 0.633033 0.632654 0.632615 
12.939111 0.630449 0.630125 0.630497 0.630125 0.629806 0.630211 0.630497 0.630211 0.630771 
12.961791 0.626011 0.625835 0.625609 0.625835 0.625702 0.626030 0.625609 0.626030 0.626051 
12.984471 0.618630 0.618584 0.618436 0.618584 0.618565 0.618980 0.618436 0.618980 0.618883 
13.007152 0.615667 0.615581 0.615646 0.615581 0.615780 0.615418 0.615646 0.615418 0.615763 
13.029832 0.611878 0.611842 0.611914 0.611842 0.612220 0.611999 0.611914 0.611999 0.611662 
13.052512 0.605661 0.605390 0.605396 0.605390 0.605885 0.605738 0.605396 0.605738 0.605660 
13.075192 0.603116 0.603166 0.602938 0.603166 0.603129 0.602824 0.602938 0.602824 0.603337 
13.097873 0.597153 0.597134 0.597367 0.597134 0.597488 0.597492 0.597367 0.597492 0.597272 
13.120553 0.592481 0.592352 0.592619 0.592352 0.592607 0.592246 0.592619 0.592246 0.592625 
13.143233 0.589171 0.588620 0.589133 0.588620 0.588764 0.589177 0.589133 0.589177 0.589520 
13.165914 0.582426 0.582431 0.582459 0.582431 0.582513 0.582595 0.582459 0.582595 0.582236 
13.188594 0.578725 0.578404 0.578581 0.578404 0.577690 0.578456 0.578581 0.578456 0.578931 
13.211274 0.576445 0.576438 0.576220 0.576438 0.576874 0.575862 0.576220 0.575862 0.576129 
13.233954 0.571686 0.571686 0.571594 0.571686 0.571824 0.571501 0.571594 0.571501 0.571543 
13.256635 0.566259 0.566421 0.566234 0.566421 0.567179 0.566352 0.566234 0.566352 0.566431 
13.279315 0.561899 0.561938 0.561606 0.561938 0.562285 0.562300 0.561606 0.562300 0.561874 
13.301995 0.557305 0.557047 0.557184 0.557047 0.556697 0.556918 0.557184 0.556918 0.557062 
13.324676 0.552129 0.551535 0.551937 0.551535 0.551239 0.551929 0.551937 0.551929 0.552166 
13.347356 0.548692 0.548564 0.548663 0.548564 0.548622 0.548176 0.548663 0.548176 0.548363 
13.370036 0.545022 0.545521 0.545146 0.545521 0.545159 0.545423 0.545146 0.545423 0.545575 
13.392716 0.542606 0.542278 0.542385 0.542278 0.542769 0.542414 0.542385 0.542414 0.542647 
13.415397 0.536300 0.536320 0.535924 0.536320 0.536419 0.536269 0.535924 0.536269 0.536672 
13.438077 0.530371 0.529987 0.530401 0.529987 0.530001 0.530620 0.530401 0.530620 0.530251 
13.460757 0.527594 0.527424 0.527403 0.527424 0.527746 0.527261 0.527403 0.527261 0.527275 
13.483438 0.523870 0.524045 0.523979 0.524045 0.524474 0.523905 0.523979 0.523905 0.524140 
13.506118 0.517445 0.517474 0.517668 0.517474 0.517714 0.517688 0.517668 0.517688 0.517092 
13.528798 0.513280 0.513602 0.513378 0.513602 0.513889 0.513326 0.513378 0.513326 0.513305 
13.551479 0.511702 0.511833 0.511733 0.511833 0.512318 0.511335 0.511733 0.511335 0.511555 
13.574160 0.506356 0.506396 0.506437 0.506396 0.506741 0.506602 0.506437 0.506602 0.506809 
13.596840 0.502207 0.502351 0.502240 0.502351 0.502598 0.502143 0.502240 0.502143 0.502710 
13.619520 0.498650 0.498812 0.498810 0.498812 0.498763 0.499180 0.498810 0.499180 0.498823 
13.642200 0.496033 0.496174 0.496012 0.496174 0.496015 0.496018 0.496012 0.496018 0.496106 
13.664881 0.488355 0.488463 0.488439 0.488463 0.488507 0.488168 0.488439 0.488168 0.488514 
13.687561 0.484365 0.484174 0.484385 0.484174 0.484414 0.484208 0.484385 0.484208 0.484500 
13.710241 0.482477 0.482775 0.482570 0.482775 0.482451 0.482985 0.482570 0.482985 0.482335 
13.732922 0.476247 0.476038 0.475995 0.476038 0.476034 0.476252 0.475995 0.476252 0.475952 
13.755602 0.473073 0.472811 0.472971 0.472811 0.473275 0.472940 0.472971 0.472940 0.473101 
13.778282 0.469030 0.468738 0.469219 0.468738 0.468288 0.469038 0.469219 0.469038 0.468817 
13.800962 0.466073 0.466428 0.465719 0.466428 0.466052 0.465728 0.465719 0.465728 0.465888 
13.823643 0.460240 0.460336 0.460289 0.460336 0.460551 0.459979 0.460289 0.459979 0.460481 
13.846323 0.455954 0.455917 0.455970 0.455917 0.456060 0.455491 0.455970 0.455491 0.456239 
13.869003 0.452380 0.452188 0.452385 0.452188 0.452905 0.452551 0.452385 0.452551 0.452733 
13.891684 0.449495 0.449406 0.449369 0.449406 0.449151 0.449729 0.449369 0.449729 0.449789 
13.914364 0.445608 0.445009 0.445352 0.445009 0.445079 0.445493 0.445352 0.445493 0.445056 
13.937044 0.440400 0.440384 0.440319 0.440384 0.440499 0.440273 0.440319 0.440273 0.440343 
13.959724 0.438392 0.438419 0.438440 0.438419 0.438871 0.438275 0.438440 0.438275 0.438220 
13.982405 0.434352 0.434240 0.434197 0.434240 0.434665 0.434368 0.434197 0.434368 0.434216 
14.005085 0.428081 0.428012 0.428202 0.428012 0.428913 0.428038 0.428202 0.428038 0.428200 
14.027765 0.425528 0.425560 0.425527 0.425560 0.424852 0.425519 0.425527 0.425519 0.425980 
14.050446 0.421214 0.421305 0.421123 0.421305 0.421267 0.421163 0.421123 0.421163 0.421540 
14.073126 0.418377 0.418588 0.418506 0.418588 0.418950 0.418511 0.418506 0.418511 0.418285 
14.095806 0.412449 0.412408 0.412456 0.412408 0.412133 0.412384 0.412456 0.412384 0.412097 
14.118486 0.410475 0.410304 0.410535 0.410304 0.410559 0.410537 0.410535 0.410537 0.410464 
14.141167 0.406633 0.406534 0.406662 0.406534 0.405402 0.406707 0.406662 0.406707 0.406343 
14.163847 0.400959 0.400832 0.400817 0.400832 0.400967 0.401047 0.400817 0.401047 0.400942 
14.186527 0.397546 0.397625 0.397518 0.397625 0.397748 0.397566 0.397518 0.397566 0.397684 
14.209208 0.394376 0.394354 0.394525 0.394354 0.394369 0.394657 0.394525 0.394657 0.394607 
14.231888 0.390899 0.390898 0.390850 0.390898 0.390440 0.390771 0.390850 0.390771 0.390865 
14.254568 0.387260 0.387582 0.387628 0.387582 0.387204 0.387355 0.387628 0.387355 0.387446 
14.277248 0.382028 0.381917 0.381959 0.381917 0.381895 0.381837 0.381959 0.381837 0.381766 
14.299929 0.378685 0.378569 0.378580 0.378569 0.378964 0.378796 0.378580 0.378796 0.378418 
14.322609 0.374453 0.374112 0.374286 0.374112 0.374280 0.374268 0.374286 0.374268 0.374332 
14.345289 0.371454 0.371546 0.371496 0.371546 0.371720 0.371393 0.371496 0.371393 0.371501 
14.367970 0.367342 0.367189 0.367283 0.367189 0.367512 0.367390 0.367283 0.367390 0.367350 
14.390650 0.364618 0.364263 0.364614 0.364263 0.364241 0.364462 0.364614 0.364462 0.364369 
14.413330 0.360078 0.359970 0.360037 0.359970 0.360161 0.360263 0.360037 0.360263 0.360307 
14.436010 0.357898 0.358001 0.357932 0.358001 0.358273 0.357948 0.357932 0.357948 0.358050 
14.458691 0.353904 0.353873 0.353950 0.353873 0.353353 0.353749 0.353950 0.353749 0.353841 
14.481371 0.348389 0.348222 0.348530 0.348222 0.348339 0.348616 0.348530 0.348616 0.348456 
14.504051 0.344749 0.344949 0.344630 0.344949 0.345160 0.344567 0.344630 0.344567 0.344856 
14.526731 0.343052 0.342974 0.343024 0.342974 0.342434 0.343146 0.343024 0.343146 0.343079 
14.549412 0.338231 0.338068 0.338069 0.338068 0.337817 0.338358 0.338069 0.338358 0.338500 
14.572092 0.335099 0.335288 0.335170 0.335288 0.335062 0.335122 0.335170 0.335122 0.335274 
14.594772 0.330682 0.330740 0.330633 0.330740 0.330738 0.331011 0.330633 0.331011 0.330463 
14.617453 0.328388 0.328334 0.328261 0.328334 0.327827 0.328438 0.328261 0.328438 0.328159 
14.640133 0.322921 0.322793 0.322937 0.322793 0.323496 0.322839 0.322937 0.322839 0.322958 
14.662813 0.320192 0.320139 0.320266 0.320139 0.320554 0.320176 0.320266 0.320176 0.320027 
14.685493 0.317468 0.317363 0.317540 0.317363 0.317598 0.317574 0.317540 0.317574 0.317392 
14.708174 0.312675 0.312639 0.312568 0.312639 0.313133 0.312824 0.312568 0.312824 0.312620 
14.730854 0.308734 0.308774 0.308589 0.308774 0.308575 0.308774 0.308589 0.308774 0.308520 
14.753534 0.306978 0.306881 0.306901 0.306881 0.306734 0.306882 0.306901 0.306882 0.306961 
14.776215 0.302138 0.302250 0.302161 0.302250 0.302036 0.301897 0.302161 0.301897 0.302206 
14.798895 0.298048 0.298206 0.298192 0.298206 0.298803 0.297926 0.298192 0.297926 0.298110 
14.821575 0.294697 0.294789 0.294529 0.294789 0.294400 0.294579 0.294529 0.294579 0.294554 
14.844256 0.291897 0.291879 0.292005 0.291879 0.291583 0.291905 0.292005 0.291905 0.291945 
14.866937 0.288238 0.288205 0.288157 0.288205 0.288381 0.288520 0.288157 0.288520 0.288342 
14.889617 0.284647 0.284394 0.284537 0.284394 0.284739 0.284745 0.284537 0.284745 0.284777 
14.912297 0.281794 0.281719 0.281855 0.281719 0.281894 0.281837 0.281855 0.281837 0.281899 
14.934978 0.278849 0.278853 0.278938 0.278853 0.278883 0.278709 0.278938 0.278709 0.278795 
14.957658 0.274176 0.273903 0.273892 0.273903 0.274342 0.273954 0.273892 0.273954 0.274091 
14.980338 0.270766 0.270530 0.270768 0.270530 0.270771 0.270714 0.270768 0.270714 0.270673 
15.003018 0.268396 0.268406 0.268292 0.268406 0.267987 0.268508 0.268292 0.268508 0.268513 
15.025699 0.264318 0.264341 0.264414 0.264341 0.264938 0.264150 0.264414 0.264150 0.264240 
15.048379 0.260918 0.260782 0.260750 0.260782 0.260956 0.261131 0.260750 0.261131 0.260965 
15.071059 0.257808 0.257882 0.257879 0.257882 0.257315 0.258233 0.257879 0.258233 0.257797 
15.093740 0.253335 0.253408 0.253353 0.253408 0.253383 0.253380 0.253353 0.253380 0.253380 
15.116420 0.249988 0.249994 0.249931 0.249994 0.250012 0.250160 0.249931 0.250160 0.249966 
15.139100 0.247800 0.247762 0.247801 0.247762 0.247970 0.247750 0.247801 0.247750 0.247786 
15.161780 0.243502 0.243519 0.243587 0.243519 0.244030 0.243516 0.243587 0.243516 0.243856 
15.184461 0.241124 0.241156 0.241157 0.241156 0.241299 0.240791 0.241157 0.240791 0.240959 
15.207141 0.236905 0.236879 0.236970 0.236879 0.236659 0.237079 0.236970 0.237079 0.236983 
15.229821 0.233727 0.233547 0.233665 0.233547 0.233597 0.233443 0.233665 0.233443 0.233742 
15.252501 0.229885 0.229961 0.229888 0.229961 0.229813 0.230054 0.229888 0.230054 0.229920 
15.275182 0.227045 0.226985 0.227000 0.226985 0.226768 0.227027 0.227000 0.227027 0.226966 
15.297862 0.224492 0.224458 0.224496 0.224458 0.224396 0.224647 0.224496 0.224647 0.224701 
15.320542 0.220448 0.220397 0.220507 0.220397 0.220360 0.220183 0.220507 0.220183 0.220281 
15.343223 0.216759 0.216772 0.216826 0.216772 0.216891 0.216704 0.216826 0.216704 0.216805 
15.365903 0.214305 0.214153 0.214248 0.214153 0.214960 0.214103 0.214248 0.214103 0.214308 
15.388583 0.211112 0.211036 0.211026 0.211036 0.211327 0.211082 0.211026 0.211082 0.211034 
15.411263 0.206946 0.206991 0.206972 0.206991 0.206920 0.206929 0.206972 0.206929 0.206962 
15.433944 0.204931 0.204868 0.204981 0.204868 0.204942 0.205094 0.204981 0.205094 0.204744 
15.456624 0.200881 0.200833 0.200896 0.200833 0.201094 0.200673 0.200896 0.200673 0.201033 
15.479304 0.198107 0.197974 0.198141 0.197974 0.197834 0.198077 0.198141 0.198077 0.197883 
15.501985 0.195030 0.195130 0.195022 0.195130 0.195667 0.195119 0.195022 0.195119 0.194952 
15.524665 0.191191 0.191396 0.191252 0.191396 0.191163 0.191422 0.191252 0.191422 0.191298 
15.547345 0.187727 0.187739 0.187680 0.187739 0.187575 0.187865 0.187680 0.187865 0.187626 
15.570025 0.184569 0.184314 0.184524 0.184314 0.184653 0.184500 0.184524 0.184500 0.184635 
15.592706 0.181905 0.181846 0.182005 0.181846 0.181830 0.181898 0.182005 0.181898 0.182174 
15.615386 0.178614 0.178502 0.178547 0.178502 0.178800 0.178695 0.178547 0.178695 0.178586 
15.638066 0.175433 0.175550 0.175474 0.175550 0.175182 0.175482 0.175474 0.175482 0.175322 
15.660747 0.172656 0.172716 0.172605 0.172716 0.172164 0.172536 0.172605 0.172536 0.172732 
15.683427 0.169545 0.169590 0.169554 0.169590 0.169483 0.169159 0.169554 0.169159 0.169478 
15.706107 0.165765 0.166019 0.165736 0.166019 0.165509 0.165746 0.165736 0.165746 0.165841 
15.728787 0.162935 0.162901 0.162960 0.162901 0.162583 0.162880 0.162960 0.162880 0.162746 
15.751468 0.160295 0.160264 0.160209 0.160264 0.160299 0.160095 0.160209 0.160095 0.160377 
15.774148 0.156259 0.156400 0.156335 0.156400 0.156122 0.156252 0.156335 0.156252 0.156235 
15.796828 0.153586 0.153630 0.153633 0.153630 0.153356 0.153551 0.153633 0.153551 0.153736 
15.819509 0.150945 0.150969 0.150955 0.150969 0.151264 0.150677 0.150955 0.150677 0.150949 
15.842189 0.147099 0.147163 0.146991 0.147163 0.147339 0.147052 0.146991 0.147052 0.147019 
15.864869 0.144828 0.144901 0.144913 0.144901 0.144651 0.145057 0.144913 0.145057 0.144921 
15.887549 0.141197 0.141180 0.141151 0.141180 0.141232 0.141153 0.141151 0.141153 0.141251 
15.910230 0.138239 0.138334 0.138221 0.138334 0.138348 0.138449 0.138221 0.138449 0.138383 
15.932910 0.134873 0.134930 0.134852 0.134930 0.135195 0.134705 0.134852 0.134705 0.134848 
15.955590 0.133331 0.133303 0.133433 0.133303 0.133548 0.133375 0.133433 0.133375 0.133321 
15.978271 0.128908 0.128943 0.128793 0.128943 0.128779 0.128708 0.128793 0.128708 0.129175 
16.000951 0.125917 0.125930 0.125822 0.125930 0.125598 0.125774 0.125822 0.125774 0.125748 
16.023631 0.122753 0.122780 0.122812 0.122780 0.123142 0.122929 0.122812 0.122929 0.122796 
16.046311 0.120401 0.120440 0.120395 0.120440 0.120384 0.120467 0.120395 0.120467 0.120402 
16.068992 0.117219 0.117145 0.117208 0.117145 0.117336 0.117254 0.117208 0.117254 0.117035 
16.091672 0.114499 0.114606 0.114631 0.114606 0.114796 0.114394 0.114631 0.114394 0.114587 
16.114352 0.112213 0.112039 0.112253 0.112039 0.112064 0.112189 0.112253 0.112189 0.112259 
16.137033 0.110045 0.110007 0.109972 0.110007 0.110082 0.109970 0.109972 0.109970 0.110143 
16.159713 0.108123 0.107983 0.108038 0.107983 0.108092 0.108063 0.108038 0.108063 0.108075 
16.182393 0.105427 0.105403 0.105462 0.105403 0.105487 0.105422 0.105462 0.105422 0.105466 
16.205073 0.103344 0.103380 0.103352 0.103380 0.103140 0.103376 0.103352 0.103376 0.103291 
16.227754 0.101384 0.101326 0.101384 0.101326 0.101411 0.101467 0.101384 0.101467 0.101568 
16.250434 0.098656 0.098684 0.098584 0.098684 0.098908 0.098729 0.098584 0.098729 0.098674 
16.273114 0.096612 0.096584 0.096625 0.096584 0.096450 0.096436 0.096625 0.096436 0.096496 
16.295794 0.095309 0.095331 0.095291 0.095331 0.095179 0.095487 0.095291 0.095487 0.095291 
16.318475 0.092781 0.092766 0.092751 0.092766 0.092816 0.092773 0.092751 0.092773 0.092747 
16.341155 0.090950 0.090969 0.090902 0.090969 0.090673 0.090966 0.090902 0.090966 0.090920 
16.363835 0.089204 0.089214 0.089181 0.089214 0.089432 0.089164 0.089181 0.089164 0.089324 
16.386516 0.087380 0.087371 0.087295 0.087371 0.087498 0.087315 0.087295 0.087315 0.087444 
16.409196 0.085241 0.085143 0.085226 0.085143 0.084926 0.085192 0.085226 0.085192 0.085215 
16.431876 0.083784 0.083810 0.083778 0.083810 0.083938 0.084019 0.083778 0.084019 0.083821 
16.454556 0.081777 0.081804 0.081778 0.081804 0.081923 0.081721 0.081778 0.081721 0.081741 
16.477237 0.080557 0.080449 0.080562 0.080449 0.080330 0.080373 0.080562 0.080373 0.080498 
16.499917 0.078400 0.078387 0.078393 0.078387 0.078623 0.078480 0.078393 0.078480 0.078467 
16.522597 0.076777 0.076699 0.076731 0.076699 0.076731 0.076832 0.076731 0.076832 0.076758 
16.545278 0.075227 0.075145 0.075157 0.075145 0.075431 0.075104 0.075157 0.075104 0.075200 
16.567958 0.073636 0.073683 0.073702 0.073683 0.073807 0.073634 0.073702 0.073634 0.073639 
16.590638 0.072421 0.072397 0.072458 0.072397 0.072400 0.072439 0.072458 0.072439 0.072424 
16.613318 0.070580 0.070601 0.070618 0.070601 0.070436 0.070539 0.070618 0.070539 0.070565 
16.635999 0.069406 0.069482 0.069427 0.069482 0.069378 0.069435 0.069427 0.069435 0.069510 
16.658679 0.068741 0.068722 0.068693 0.068722 0.068402 0.068774 0.068693 0.068774 0.068721 
16.681359 0.066265 0.066199 0.066250 0.066199 0.066134 0.066174 0.066250 0.066174 0.066163 
16.704040 0.064846 0.064836 0.064777 0.064836 0.064685 0.064839 0.064777 0.064839 0.064853 
16.726720 0.063776 0.063847 0.063774 0.063847 0.064025 0.063778 0.063774 0.063778 0.063751 
16.749400 0.062033 0.062063 0.062097 0.062063 0.062018 0.062072 0.062097 0.062072 0.062164 
16.772081 0.061119 0.061118 0.061080 0.061118 0.061080 0.061038 0.061080 0.061038 0.061121 
16.794763 0.059785 0.059789 0.059801 0.059789 0.059724 0.059825 0.059801 0.059825 0.059785 
16.817443 0.058170 0.058176 0.058221 0.058176 0.058157 0.058318 0.058221 0.058318 0.058131 
16.840123 0.056944 0.056996 0.056931 0.056996 0.056863 0.056911 0.056931 0.056911 0.057041 
16.862803 0.055717 0.055786 0.055663 0.055786 0.055561 0.055703 0.055663 0.055703 0.055650 
16.885484 0.054537 0.054532 0.054645 0.054532 0.054623 0.054632 0.054645 0.054632 0.054473 
16.908164 0.053321 0.053361 0.053337 0.053361 0.053310 0.053366 0.053337 0.053366 0.053290 
16.930844 0.052490 0.052456 0.052437 0.052456 0.052350 0.052397 0.052437 0.052397 0.052561 
16.953525 0.050997 0.050952 0.050995 0.050952 0.050922 0.051119 0.050995 0.051119 0.050951 
16.976205 0.049891 0.049850 0.049876 0.049850 0.050005 0.049808 0.049876 0.049808 0.049954 
16.998885 0.048748 0.048785 0.048704 0.048785 0.048781 0.048727 0.048704 0.048727 0.048720 
17.021565 0.047784 0.047774 0.047783 0.047774 0.047699 0.047725 0.047783 0.047725 0.047865 
17.044246 0.046591 0.046636 0.046599 0.046636 0.046726 0.046665 0.046599 0.046665 0.046500 
17.066926 0.046152 0.046192 0.046164 0.046192 0.046056 0.046200 0.046164 0.046200 0.046217 
17.089606 0.044507 0.044556 0.044477 0.044556 0.044156 0.044629 0.044477 0.044629 0.044494 
17.112287 0.043914 0.043972 0.043929 0.043972 0.044064 0.043927 0.043929 0.043927 0.043936 
17.134967 0.042596 0.042581 0.042531 0.042581 0.042651 0.042639 0.042531 0.042639 0.042543 
17.157647 0.041854 0.041828 0.041855 0.041828 0.041757 0.041854 0.041855 0.041854 0.041863 
17.180327 0.040556 0.040559 0.040581 0.040559 0.040502 0.040517 0.040581 0.040517 0.040543 
17.203008 0.039587 0.039588 0.039612 0.039588 0.039619 0.039630 0.039612 0.039630 0.039676 
17.225688 0.038723 0.038638 0.038649 0.038638 0.038550 0.038669 0.038649 0.038669 0.038746 
17.248368 0.038038 0.038127 0.038024 0.038127 0.037893 0.037985 0.038024 0.037985 0.038100 
17.271049 0.036901 0.036864 0.036878 0.036864 0.036884 0.036761 0.036878 0.036761 0.036961 
17.293729 0.036008 0.035989 0.035976 0.035989 0.035973 0.036000 0.035976 0.036000 0.035991 
17.316409 0.035118 0.035110 0.035124 0.035110 0.035150 0.035046 0.035124 0.035046 0.035094 
17.339089 0.034291 0.034222 0.034272 0.034222 0.034308 0.034223 0.034272 0.034223 0.034262 
17.361770 0.033452 0.033415 0.033406 0.033415 0.033229 0.033437 0.033406 0.033437 0.033441 
17.384450 0.032601 0.032568 0.032620 0.032568 0.032514 0.032671 0.032620 0.032671 0.032616 
17.407130 0.031778 0.031806 0.031802 0.031806 0.031714 0.031781 0.031802 0.031781 0.031773 
17.429811 0.031066 0.031078 0.031093 0.031078 0.031022 0.031129 0.031093 0.031129 0.031063 
17.452491 0.030231 0.030235 0.030212 0.030235 0.030254 0.030172 0.030212 0.030172 0.030296 
17.475171 0.029810 0.029755 0.029758 0.029755 0.029827 0.029732 0.029758 0.029732 0.029694 
17.497851 0.028965 0.029052 0.029006 0.029052 0.029074 0.028965 0.029006 0.028965 0.029021 
17.520532 0.027948 0.027974 0.027982 0.027974 0.027983 0.027941 0.027982 0.027941 0.027989 
17.543212 0.027577 0.027515 0.027556 0.027515 0.027546 0.027613 0.027556 0.027613 0.027517 
17.565892 0.026499 0.026541 0.026570 0.026541 0.026288 0.026524 0.026570 0.026524 0.026518 
17.588573 0.025835 0.025820 0.025837 0.025820 0.026000 0.025903 0.025837 0.025903 0.025880 
17.611253 0.025429 0.025406 0.025422 0.025406 0.025583 0.025410 0.025422 0.025410 0.025450 
17.633933 0.024477 0.024505 0.024485 0.024505 0.024509 0.024542 0.024485 0.024542 0.024504 
17.656613 0.023805 0.023840 0.023810 0.023840 0.023959 0.023837 0.023810 0.023837 0.023787 
17.679294 0.023165 0.023150 0.023206 0.023150 0.023216 0.023215 0.023206 0.023215 0.023195 
17.701974 0.022560 0.022536 0.022543 0.022536 0.022489 0.022557 0.022543 0.022557 0.022482 
17.724654 0.022011 0.021942 0.021976 0.021942 0.021828 0.021973 0.021976 0.021973 0.021998 
17.747334 0.021303 0.021338 0.021321 0.021338 0.021390 0.021261 0.021321 0.021261 0.021342 
17.770015 0.020721 0.020716 0.020683 0.020716 0.020825 0.020693 0.020683 0.020693 0.020690 
17.792695 0.020129 0.020134 0.020096 0.020134 0.019988 0.020062 0.020096 0.020062 0.020154 
17.815375 0.019540 0.019542 0.019476 0.019542 0.019442 0.019582 0.019476 0.019582 0.019487 
17.838056 0.018983 0.018944 0.018946 0.018944 0.018971 0.018969 0.018946 0.018969 0.018951 
17.860736 0.018417 0.018434 0.018400 0.018434 0.018461 0.018387 0.018400 0.018387 0.018450 
17.883416 0.017897 0.017858 0.017865 0.017858 0.017992 0.017830 0.017865 0.017830 0.017847 
17.906096 0.017603 0.017616 0.017639 0.017616 0.017505 0.017661 0.017639 0.017661 0.017600 
17.928777 0.016952 0.016944 0.016957 0.016944 0.016932 0.016984 0.016957 0.016984 0.016930 
17.951457 0.016285 0.016279 0.016294 0.016279 0.016314 0.016292 0.016294 0.016292 0.016370 
17.974137 0.016045 0.016091 0.016051 0.016091 0.016211 0.016103 0.016051 0.016103 0.016069 
17.996818 0.015298 0.015268 0.015290 0.015268 0.015267 0.015283 0.015290 0.015283 0.015305 
18.019498 0.014809 0.014832 0.014828 0.014832 0.014832 0.014827 0.014828 0.014827 0.014818 
18.042178 0.014351 0.014312 0.014359 0.014312 0.014314 0.014322 0.014359 0.014322 0.014304 
18.064858 0.013924 0.013984 0.013949 0.013984 0.013901 0.013951 0.013949 0.013951 0.013981 
18.087539 0.013427 0.013419 0.013422 0.013419 0.013433 0.013435 0.013422 0.013435 0.013395 
18.110219 0.012985 0.012954 0.012984 0.012954 0.013095 0.012953 0.012984 0.012953 0.012974 
18.132899 0.012544 0.012544 0.012540 0.012544 0.012474 0.012519 0.012540 0.012519 0.012541 
18.155580 0.012133 0.012129 0.012126 0.012129 0.012066 0.012186 0.012126 0.012186 0.012120 
18.178260 0.011699 0.011718 0.011714 0.011718 0.011736 0.011738 0.011714 0.011738 0.011680 
18.200940 0.011290 0.011287 0.011268 0.011287 0.011363 0.011308 0.011268 0.011308 0.011267 
18.223620 0.010900 0.010882 0.010902 0.010882 0.010902 0.010896 0.010902 0.010896 0.010884 
18.246301 0.010500 0.010512 0.010501 0.010512 0.010391 0.010511 0.010501 0.010511 0.010498 
18.268981 0.010124 0.010122 0.010122 0.010122 0.010193 0.010095 0.010122 0.010095 0.010155 
18.291661 0.009759 0.009787 0.009755 0.009787 0.009803 0.009786 0.009755 0.009786 0.009736 
18.314342 0.009395 0.009399 0.009399 0.009399 0.009374 0.009373 0.009399 0.009373 0.009399 
18.337022 0.009136 0.009134 0.009117 0.009134 0.009119 0.009114 0.009117 0.009114 0.009133 
18.359702 0.008964 0.008964 0.008967 0.008964 0.008952 0.008999 0.008967 0.008999 0.008963 
18.382382 0.008335 0.008356 0.008346 0.008356 0.008322 0.008335 0.008346 0.008335 0.008339 
18.405063 0.008015 0.008026 0.008017 0.008026 0.008041 0.008016 0.008017 0.008016 0.008038 
18.427743 0.007772 0.007751 0.007775 0.007751 0.007660 0.007760 0.007775 0.007760 0.007773 
18.450423 0.007398 0.007358 0.007389 0.007358 0.007330 0.007365 0.007389 0.007365 0.007399 
18.473104 0.007067 0.007074 0.007071 0.007074 0.007108 0.007092 0.007071 0.007092 0.007118 
18.495784 0.006754 0.006771 0.006785 0.006771 0.006736 0.006765 0.006785 0.006765 0.006763 
18.518464 0.006492 0.006483 0.006492 0.006483 0.006439 0.006469 0.006492 0.006469 0.006498 
18.541144 0.006196 0.006183 0.006192 0.006183 0.006213 0.006198 0.006192 0.006198 0.006167 
18.563825 0.005911 0.005932 0.005918 0.005932 0.005860 0.005917 0.005918 0.005917 0.005938 
18.586505 0.005660 0.005652 0.005666 0.005652 0.005671 0.005654 0.005666 0.005654 0.005642 
18.609185 0.005391 0.005410 0.005379 0.005410 0.005466 0.005390 0.005379 0.005390 0.005395 
18.631866 0.005132 0.005152 0.005138 0.005152 0.005163 0.005111 0.005138 0.005111 0.005140 
18.654546 0.004887 0.004856 0.004883 0.004856 0.004921 0.004921 0.004883 0.004921 0.004867 
18.677226 0.004655 0.004641 0.004672 0.004641 0.004618 0.004612 0.004672 0.004612 0.004623 
18.699906 0.004421 0.004430 0.004425 0.004430 0.004399 0.004419 0.004425 0.004419 0.004431 
18.722587 0.004189 0.004195 0.004199 0.004195 0.004229 0.004195 0.004199 0.004195 0.004169 
18.745267 0.003975 0.003989 0.003986 0.003989 0.003932 0.003964 0.003986 0.003964 0.003959 
18.767947 0.003905 0.003883 0.003897 0.003883 0.003936 0.003894 0.003897 0.003894 0.003888 
18.790627 0.003546 0.003561 0.003548 0.003561 0.003603 0.003549 0.003548 0.003549 0.003548 
18.813308 0.003403 0.003400 0.003401 0.003400 0.003385 0.003445 0.003401 0.003445 0.003436 
18.835988 0.003167 0.003152 0.003169 0.003152 0.003203 0.003173 0.003169 0.003173 0.003170 
18.858668 0.002976 0.002964 0.002965 0.002964 0.002981 0.002983 0.002965 0.002983 0.002969 
18.881349 0.002792 0.002795 0.002788 0.002795 0.002824 0.002775 0.002788 0.002775 0.002807 
18.904029 0.002610 0.002606 0.002616 0.002606 0.002584 0.002634 0.002616 0.002634 0.002612 
18.926709 0.002444 0.002449 0.002449 0.002449 0.002466 0.002459 0.002449 0.002459 0.002435 
18.949389 0.002281 0.002289 0.002279 0.002289 0.002308 0.002312 0.002279 0.002312 0.002267 
18.972070 0.002137 0.002133 0.002143 0.002133 0.002126 0.002135 0.002143 0.002135 0.002129 
18.994750 0.001983 0.001983 0.001979 0.001983 0.002013 0.001979 0.001979 0.001979 0.001970 
19.017430 0.001846 0.001838 0.001830 0.001838 0.001855 0.001838 0.001830 0.001838 0.001844 
19.040111 0.001704 0.001703 0.001699 0.001703 0.001695 0.001700 0.001699 0.001700 0.001717 
19.062791 0.001578 0.001582 0.001576 0.001582 0.001567 0.001592 0.001576 0.001592 0.001578 
19.085471 0.001447 0.001443 0.001456 0.001443 0.001431 0.001439 0.001456 0.001439 0.001433 
19.108151 0.001327 0.001318 0.001326 0.001318 0.001324 0.001325 0.001326 0.001325 0.001309 
19.130832 0.001215 0.001204 0.001205 0.001204 0.001236 0.001206 0.001205 0.001206 0.001221 
19.153512 0.001099 0.001090 0.001102 0.001090 0.001105 0.001093 0.001102 0.001093 0.001112 
19.176192 0.000994 0.001007 0.001001 0.001007 0.000984 0.000996 0.001001 0.000996 0.000995 
19.198873 0.000900 0.000903 0.000893 0.000903 0.000891 0.000889 0.000893 0.000889 0.000896 
19.221553 0.000865 0.000868 0.000872 0.000868 0.000863 0.000865 0.000872 0.000865 0.000868 
19.244233 0.000722 0.000716 0.000720 0.000716 0.000714 0.000722 0.000720 0.000722 0.000724 
19.266913 0.000641 0.000639 0.000635 0.000639 0.000637 0.000633 0.000635 0.000633 0.000629 
19.289594 0.000560 0.000563 0.000558 0.000563 0.000566 0.000559 0.000558 0.000559 0.000568 
19.312274 0.000491 0.000487 0.000486 0.000487 0.000480 0.000493 0.000486 0.000493 0.000487 
19.334954 0.000419 0.000426 0.000423 0.000426 0.000433 0.000422 0.000423 0.000422 0.000419 
19.357635 0.000360 0.000366 0.000357 0.000366 0.000351 0.000365 0.000357 0.000365 0.000361 
19.380317 0.000306 0.000301 0.000301 0.000301 0.000320 0.000298 0.000301 0.000298 0.000308 
19.402997 0.000255 0.000253 0.000255 0.000253 0.000244 0.000254 0.000255 0.000254 0.000259 
19.425677 0.000206 0.000205 0.000206 0.000205 0.000208 0.000209 0.000206 0.000209 0.000207 
19.448358 0.000163 0.000165 0.000166 0.000165 0.000161 0.000163 0.000166 0.000163 0.000163 
19.471038 0.000128 0.000129 0.000128 0.000129 0.000136 0.000126 0.000128 0.000126 0.000124 
19.493718 0.000094 0.000099 0.000097 0.000099 0.000102 0.000096 0.000097 0.000096 0.000096 
19.516398 0.000069 0.000068 0.000069 0.000068 0.000071 0.000066 0.000069 0.000066 0.000069 
19.539079 0.000046 0.000048 0.000047 0.000048 0.000045 0.000046 0.000047 0.000046 0.000046 
19.561759 0.000027 0.000030 0.000028 0.000030 0.000027 0.000029 0.000028 0.000029 0.000029 
19.584439 0.000014 0.000015 0.000015 0.000015 0.000014 0.000013 0.000015 0.000013 0.000014 
19.607120 0.000005 0.000005 0.000005 0.000005 0.000007 0.000005 0.000005 0.000005 0.000006 
19.629800 0.000001 0.000001 0.000001 0.000001 0.000000 0.000002 0.000001 0.000002 0.000001 
19.652480 0.000009 0.000010 0.000010 0.000010 0.000009 0.000010 0.000010 0.000010 0.000010 
19.675160 0.000000 0.000000 0.000000 0.000000 0.000000 0.000000 0.000000 0.000000 0.000000 
19.697841 0.000000 0.000000 0.000000 0.000000 0.000000 0.000000 0.000000 0.000000 0.000000 
19.720521 0.000000 0.000000 0.000000 0.000000 0.000000 0.000000 0.000000 0.000000 0.000000 
19.743201 0.000000 0.000000 0.000000 0.000000 0.000000 0.000000 0.000000 0.000000 0.000000 
19.765882 0.000000 0.000000 0.000000 0.000000 0.000000 0.000000 0.000000 0.000000 0.000000 
19.788562 0.000000 0.000000 0.000000 0.000000 0.000000 0.000000 0.000000 0.000000 0.000000 
19.811242 0.000000 0.000000 0.000000 0.000000 0.000000 0.000000 0.000000 0.000000 0.000000 
19.833922 0.000000 0.000000 0.000000 0.000000 0.000000 0.000000 0.000000 0.000000 0.000000 
19.856603 0.000000 0.000000 0.000000 0.000000 0.000000 0.000000 0.000000 0.000000 0.000000 
19.879283 0.000000 0.000000 0.000000 0.000000 0.000000 0.000000 0.000000 0.000000 0.000000 
19.901963 0.000000 0.000000 0.000000 0.000000 0.000000 0.000000 0.000000 0.000000 0.000000 
19.924644 0.000000 0.000000 0.000000 0.000000 0.000000 0.000000 0.000000 0.000000 0.000000 
19.947324 0.000000 0.000000 0.000000 0.000000 0.000000 0.000000 0.000000 0.000000 0.000000 
19.970004 0.000000 0.000000 0.000000 0.000000 0.000000 0.000000 0.000000 0.000000 0.000000 
19.992684 0.000000 0.000000 0.000000 0.000000 0.000000 0.000000 0.000000 0.000000 0.000000 
20.015365 0.000000 0.000000 0.000000 0.000000 0.000000 0.000000 0.000000 0.000000 0.000000 
20.038045 0.000000 0.000000 0.000000 0.000000 0.000000 0.000000 0.000000 0.000000 0.000000 
20.060725 0.000000 0.000000 0.000000 0.000000 0.000000 0.000000 0.000000 0.000000 0.000000 
20.083405 0.000000 0.000000 0.000000 0.000000 0.000000 0.000000 0.000000 0.000000 0.000000 
20.106086 0.000000 0.000000 0.000000 0.000000 0.000000 0.000000 0.000000 0.000000 0.000000 
20.128766 0.000000 0.000000 0.000000 0.000000 0.000000 0.000000 0.000000 0.000000 0.000000 
20.151446 0.000000 0.000000 0.000000 0.000000 0.000000 0.000000 0.000000 0.000000 0.000000 
20.174127 0.000000 0.000000 0.000000 0.000000 0.000000 0.000000 0.000000 0.000000 0.000000 
20.196807 0.000000 0.000000 0.000000 0.000000 0.000000 0.000000 0.000000 0.000000 0.000000 
20.219487 0.000000 0.000000 0.000000 0.000000 0.000000 0.000000 0.000000 0.000000 0.000000 
20.242167 0.000000 0.000000 0.000000 0.000000 0.000000 0.000000 0.000000 0.000000 0.000000 
20.264848 0.000000 0.000000 0.000000 0.000000 0.000000 0.000000 0.000000 0.000000 0.000000 
20.287528 0.000000 0.000000 0.000000 0.000000 0.000000 0.000000 0.000000 0.000000 0.000000 
20.310208 0.000000 0.000000 0.000000 0.000000 0.000000 0.000000 0.000000 0.000000 0.000000 
20.332889 0.000000 0.000000 0.000000 0.000000 0.000000 0.000000 0.000000 0.000000 0.000000 
20.355569 0.000000 0.000000 0.000000 0.000000 0.000000 0.000000 0.000000 0.000000 0.000000 
20.378249 0.000000 0.000000 0.000000 0.000000 0.000000 0.000000 0.000000 0.000000 0.000000 
20.400929 0.000000 0.000000 0.000000 0.000000 0.000000 0.000000 0.000000 0.000000 0.000000 
20.423610 0.000000 0.000000 0.000000 0.000000 0.000000 0.000000 0.000000 0.000000 0.000000 
20.446290 0.000000 0.000000 0.000000 0.000000 0.000000 0.000000 0.000000 0.000000 0.000000 
20.468970 0.000000 0.000000 0.000000 0.000000 0.000000 0.000000 0.000000 0.000000 0.000000 
20.491651 0.000000 0.000000 0.000000 0.000000 0.000000 0.000000 0.000000 0.000000 0.000000 
20.514331 0.000000 0.000000 0.000000 0.000000 0.000000 0.000000 0.000000 0.000000 0.000000 
20.537011 0.000000 0.000000 0.000000 0.000000 0.000000 0.000000 0.000000 0.000000 0.000000 
20.559691 0.000000 0.000000 0.000000 0.000000 0.000000 0.000000 0.000000 0.000000 0.000000 
20.582372 0.000000 0.000000 0.000000 0.000000 0.000000 0.000000 0.000000 0.000000 0.000000 
20.605052 0.000000 0.000000 0.000000 0.000000 0.000000 0.000000 0.000000 0.000000 0.000000 
20.627732 0.000000 0.000000 0.000000 0.000000 0.000000 0.000000 0.000000 0.000000 0.000000 
20.650413 0.000000 0.000000 0.000000 0.000000 0.000000 0.000000 0.000000 0.000000 0.000000 
20.673093 0.000000 0.000000 0.000000 0.000000 0.000000 0.000000 0.000000 0.000000 0.000000 
20.695773 0.000000 0.000000 0.000000 0.000000 0.000000 0.000000 0.000000 0.000000 0.000000 
20.718453 0.000000 0.000000 0.000000 0.000000 0.000000 0.000000 0.000000 0.000000 0.000000 
20.741134 0.000000 0.000000 0.000000 0.000000 0.000000 0.000000 0.000000 0.000000 0.000000 
20.763814 0.000000 0.000000 0.000000 0.000000 0.000000 0.000000 0.000000 0.000000 0.000000 
20.786494 0.000000 0.000000 0.000000 0.000000 0.000000 0.000000 0.000000 0.000000 0.000000 
20.809175 0.000000 0.000000 0.000000 0.000000 0.000000 0.000000 0.000000 0.000000 0.000000 
20.831855 0.000000 0.000000 0.000000 0.000000 0.000000 0.000000 0.000000 0.000000 0.000000 
20.854535 0.000000 0.000000 0.000000 0.000000 0.000000 0.000000 0.000000 0.000000 0.000000 
20.877215 0.000000 0.000000 0.000000 0.000000 0.000000 0.000000 0.000000 0.000000 0.000000 
20.899896 0.000000 0.000000 0.000000 0.000000 0.000000 0.000000 0.000000 0.000000 0.000000 
20.922576 0.000000 0.000000 0.000000 0.000000 0.000000 0.000000 0.000000 0.000000 0.000000 
20.945256 0.000000 0.000000 0.000000 0.000000 0.000000 0.000000 0.000000 0.000000 0.000000 
20.967937 0.000000 0.000000 0.000000 0.000000 0.000000 0.000000 0.000000 0.000000 0.000000 
20.990617 0.000000 0.000000 0.000000 0.000000 0.000000 0.000000 0.000000 0.000000 0.000000 
21.013297 0.000000 0.000000 0.000000 0.000000 0.000000 0.000000 0.000000 0.000000 0.000000 
21.035977 0.000000 0.000000 0.000000 0.000000 0.000000 0.000000 0.000000 0.000000 0.000000 
21.058658 0.000000 0.000000 0.000000 0.000000 0.000000 0.000000 0.000000 0.000000 0.000000 
21.081338 0.000000 0.000000 0.000000 0.000000 0.000000 0.000000 0.000000 0.000000 0.000000 
21.104018 0.000000 0.000000 0.000000 0.000000 0.000000 0.000000 0.000000 0.000000 0.000000 
21.126698 0.000000 0.000000 0.000000 0.000000 0.000000 0.000000 0.000000 0.000000 0.000000 
21.149379 0.000000 0.000000 0.000000 0.000000 0.000000 0.000000 0.000000 0.000000 0.000000 
21.172059 0.000000 0.000000 0.000000 0.000000 0.000000 0.000000 0.000000 0.000000 0.000000 
21.194739 0.000000 0.000000 0.000000 0.000000 0.000000 0.000000 0.000000 0.000000 0.000000 
21.217420 0.000000 0.000000 0.000000 0.000000 0.000000 0.000000 0.000000 0.000000 0.000000 
21.240100 0.000000 0.000000 0.000000 0.000000 0.000000 0.000000 0.000000 0.000000 0.000000 
21.262780 0.000000 0.000000 0.000000 0.000000 0.000000 0.000000 0.000000 0.000000 0.000000 
21.285460 0.000000 0.000000 0.000000 0.000000 0.000000 0.000000 0.000000 0.000000 0.000000 
21.308141 0.000000 0.000000 0.000000 0.000000 0.000000 0.000000 0.000000 0.000000 0.000000 
21.330821 0.000000 0.000000 0.000000 0.000000 0.000000 0.000000 0.000000 0.000000 0.000000 
21.353501 0.000000 0.000000 0.000000 0.000000 0.000000 0.000000 0.000000 0.000000 0.000000 
21.376182 0.000000 0.000000 0.000000 0.000000 0.000000 0.000000 0.000000 0.000000 0.000000 
21.398862 0.000000 0.000000 0.000000 0.000000 0.000000 0.000000 0.000000 0.000000 0.000000 
21.421542 0.000000 0.000000 0.000000 0.000000 0.000000 0.000000 0.000000 0.000000 0.000000 
21.444222 0.000000 0.000000 0.000000 0.000000 0.000000 0.000000 0.000000 0.000000 0.000000 
21.466903 0.000000 0.000000 0.000000 0.000000 0.000000 0.000000 0.000000 0.000000 0.000000 
21.489583 0.000000 0.000000 0.000000 0.000000 0.000000 0.000000 0.000000 0.000000 0.000000 
21.512263 0.000000 0.000000 0.000000 0.000000 0.000000 0.000000 0.000000 0.000000 0.000000 
21.534944 0.000000 0.000000 0.000000 0.000000 0.000000 0.000000 0.000000 0.000000 0.000000 
21.557624 0.000000 0.000000 0.000000 0.000000 0.000000 0.000000 0.000000 0.000000 0.000000 
21.580304 0.000000 0.000000 0.000000 0.000000 0.000000 0.000000 0.000000 0.000000 0.000000 
21.602984 0.000000 0.000000 0.000000 0.000000 0.000000 0.000000 0.000000 0.000000 0.000000 
21.625665 0.000000 0.000000 0.000000 0.000000 0.000000 0.000000 0.000000 0.000000 0.000000 
21.648345 0.000000 0.000000 0.000000 0.000000 0.000000 0.000000 0.000000 0.000000 0.000000 
21.671025 0.000000 0.000000 0.000000 0.000000 0.000000 0.000000 0.000000 0.000000 0.000000 
21.693706 0.000000 0.000000 0.000000 0.000000 0.000000 0.000000 0.000000 0.000000 0.000000 
21.716386 0.000000 0.000000 0.000000 0.000000 0.000000 0.000000 0.000000 0.000000 0.000000 
21.739066 0.000000 0.000000 0.000000 0.000000 0.000000 0.000000 0.000000 0.000000 0.000000 
21.761746 0.000000 0.000000 0.000000 0.000000 0.000000 0.000000 0.000000 0.000000 0.000000 
21.784427 0.000000 0.000000 0.000000 0.000000 0.000000 0.000000 0.000000 0.000000 0.000000 
21.807107 0.000000 0.000000 0.000000 0.000000 0.000000 0.000000 0.000000 0.000000 0.000000 
21.829787 0.000000 0.000000 0.000000 0.000000 0.000000 0.000000 0.000000 0.000000 0.000000 
21.852468 0.000000 0.000000 0.000000 0.000000 0.000000 0.000000 0.000000 0.000000 0.000000 
21.875148 0.000000 0.000000 0.000000 0.000000 0.000000 0.000000 0.000000 0.000000 0.000000 
21.897828 0.000000 0.000000 0.000000 0.000000 0.000000 0.000000 0.000000 0.000000 0.000000 
21.920508 0.000000 0.000000 0.000000 0.000000 0.000000 0.000000 0.000000 0.000000 0.000000 
21.943190 0.000000 0.000000 0.000000 0.000000 0.000000 0.000000 0.000000 0.000000 0.000000 
21.965871 0.000000 0.000000 0.000000 0.000000 0.000000 0.000000 0.000000 0.000000 0.000000 
21.988551 0.000000 0.000000 0.000000 0.000000 0.000000 0.000000 0.000000 0.000000 0.000000 
22.011231 0.000000 0.000000 0.000000 0.000000 0.000000 0.000000 0.000000 0.000000 0.000000 
22.033912 0.000000 0.000000 0.000000 0.000000 0.000000 0.000000 0.000000 0.000000 0.000000 
22.056592 0.000000 0.000000 0.000000 0.000000 0.000000 0.000000 0.000000 0.000000 0.000000 
22.079272 0.000000 0.000000 0.000000 0.000000 0.000000 0.000000 0.000000 0.000000 0.000000 
22.101953 0.000000 0.000000 0.000000 0.000000 0.000000 0.000000 0.000000 0.000000 0.000000 
22.124633 0.000000 0.000000 0.000000 0.000000 0.000000 0.000000 0.000000 0.000000 0.000000 
22.147313 0.000000 0.000000 0.000000 0.000000 0.000000 0.000000 0.000000 0.000000 0.000000 
22.169993 0.000000 0.000000 0.000000 0.000000 0.000000 0.000000 0.000000 0.000000 0.000000 
22.192674 0.000000 0.000000 0.000000 0.000000 0.000000 0.000000 0.000000 0.000000 0.000000 
22.215354 0.000000 0.000000 0.000000 0.000000 0.000000 0.000000 0.000000 0.000000 0.000000 
22.238034 0.000000 0.000000 0.000000 0.000000 0.000000 0.000000 0.000000 0.000000 0.000000 
22.260715 0.000000 0.000000 0.000000 0.000000 0.000000 0.000000 0.000000 0.000000 0.000000 
22.283395 0.000000 0.000000 0.000000 0.000000 0.000000 0.000000 0.000000 0.000000 0.000000 
22.306075 0.000000 0.000000 0.000000 0.000000 0.000000 0.000000 0.000000 0.000000 0.000000 
22.328755 0.000000 0.000000 0.000000 0.000000 0.000000 0.000000 0.000000 0.000000 0.000000 
22.351436 0.000000 0.000000 0.000000 0.000000 0.000000 0.000000 0.000000 0.000000 0.000000 
22.374116 0.000000 0.000000 0.000000 0.000000 0.000000 0.000000 0.000000 0.000000 0.000000 
22.396796 0.000000 0.000000 0.000000 0.000000 0.000000 0.000000 0.000000 0.000000 0.000000 
22.419477 0.000000 0.000000 0.000000 0.000000 0.000000 0.000000 0.000000 0.000000 0.000000 
22.442157 0.000000 0.000000 0.000000 0.000000 0.000000 0.000000 0.000000 0.000000 0.000000 
22.464837 0.000000 0.000000 0.000000 0.000000 0.000000 0.000000 0.000000 0.000000 0.000000 
22.487517 0.000000 0.000000 0.000000 0.000000 0.000000 0.000000 0.000000 0.000000 0.000000 
22.510198 0.000000 0.000000 0.000000 0.000000 0.000000 0.000000 0.000000 0.000000 0.000000 
22.532878 0.000000 0.000000 0.000000 0.000000 0.000000 0.000000 0.000000 0.000000 0.000000 
22.555558 0.000000 0.000000 0.000000 0.000000 0.000000 0.000000 0.000000 0.000000 0.000000 
22.578238 0.000000 0.000000 0.000000 0.000000 0.000000 0.000000 0.000000 0.000000 0.000000 
22.600919 0.000000 0.000000 0.000000 0.000000 0.000000 0.000000 0.000000 0.000000 0.000000 
22.623599 0.000000 0.000000 0.000000 0.000000 0.000000 0.000000 0.000000 0.000000 0.000000 
22.646279 0.000000 0.000000 0.000000 0.000000 0.000000 0.000000 0.000000 0.000000 0.000000 
22.668960 0.000000 0.000000 0.000000 0.000000 0.000000 0.000000 0.000000 0.000000 0.000000 
