# concentrations: 0.666667 0.166667 0.166667
0.010357 0.000000 0.000000 0.000000 0.000000 0.000000 0.000000 0.000000 0.000000 0.000000 
0.031072 0.000000 0.000000 0.000000 0.000000 0.000000 0.000000 0.000000 0.000000 0.000000 
0.051787 0.000000 0.000000 0.000000 0.000000 0.000000 0.000000 0.000000 0.000000 0.000000 
0.072502 0.000000 0.000000 0.000000 0.000000 0.000000 0.000000 0.000000 0.000000 0.000000 
0.093217 0.000000 0.000000 0.000000 0.000000 0.000000 0.000000 0.000000 0.000000 0.000000 
0.113932 0.000000 0.000000 0.000000 0.000000 0.000000 0.000000 0.000000 0.000000 0.000000 
0.134647 0.000000 0.000000 0.000000 0.000000 0.000000 0.000000 0.000000 0.000000 0.000000 
0.155362 0.000000 0.000000 0.000000 0.000000 0.000000 0.000000 0.000000 0.000000 0.000000 
0.176077 0.000000 0.000000 0.000000 0.000000 0.000000 0.000000 0.000000 0.000000 0.000000 
0.196792 0.000000 0.000000 0.000000 0.000000 0.000000 0.000000 0.000000 0.000000 0.000000 
0.217506 0.000000 0.000000 0.000000 0.000000 0.000000 0.000000 0.000000 0.000000 0.000000 
0.238221 0.000000 0.000000 0.000000 0.000000 0.000000 0.000000 0.000000 0.000000 0.000000 
0.258936 0.000000 0.000000 0.000000 0.000000 0.000000 0.000000 0.000000 0.000000 0.000000 
0.279651 0.000000 0.000000 0.000000 0.000000 0.000000 0.000000 0.000000 0.000000 0.000000 
0.300366 0.000000 0.000000 0.000000 0.000000 0.000000 0.000000 0.000000 0.000000 0.000000 
0.321081 0.000000 0.000000 0.000000 0.000000 0.000000 0.000000 0.000000 0.000000 0.000000 
0.341796 0.000000 0.000000 0.000000 0.000000 0.000000 0.000000 0.000000 0.000000 0.000000 
0.362511 0.000000 0.000000 0.000000 0.000000 0.000000 0.000000 0.000000 0.000000 0.000000 
0.383226 0.000000 0.000000 0.000000 0.000000 0.000000 0.000000 0.000000 0.000000 0.000000 
0.403941 0.000000 0.000000 0.000000 0.000000 0.000000 0.000000 0.000000 0.000000 0.000000 
0.424655 0.000000 0.000000 0.000000 0.000000 0.000000 0.000000 0.000000 0.000000 0.000000 
0.445370 0.000000 0.000000 0.000000 0.000000 0.000000 0.000000 0.000000 0.000000 0.000000 
0.466085 0.000000 0.000000 0.000000 0.000000 0.000000 0.000000 0.000000 0.000000 0.000000 
0.486800 0.000000 0.000000 0.000000 0.000000 0.000000 0.000000 0.000000 0.000000 0.000000 
0.507515 0.000000 0.000000 0.000000 0.000000 0.000000 0.000000 0.000000 0.000000 0.000000 
0.528230 0.000000 0.000000 0.000000 0.000000 0.000000 0.000000 0.000000 0.000000 0.000000 
0.548945 0.000000 0.000000 0.000000 0.000000 0.000000 0.000000 0.000000 0.000000 0.000000 
0.569660 0.000000 0.000000 0.000000 0.000000 0.000000 0.000000 0.000000 0.000000 0.000000 
0.590375 0.000000 0.000000 0.000000 0.000000 0.000000 0.000000 0.000000 0.000000 0.000000 
0.611090 0.000000 0.000000 0.000000 0.000000 0.000000 0.000000 0.000000 0.000000 0.000000 
0.631804 0.000000 0.000000 0.000000 0.000000 0.000000 0.000000 0.000000 0.000000 0.000000 
0.652519 0.000000 0.000000 0.000000 0.000000 0.000000 0.000000 0.000000 0.000000 0.000000 
0.673234 0.000000 0.000000 0.000000 0.000000 0.000000 0.000000 0.000000 0.000000 0.000000 
0.693949 0.000000 0.000000 0.000000 0.000000 0.000000 0.000000 0.000000 0.000000 0.000000 
0.714664 0.000000 0.000000 0.000000 0.000000 0.000000 0.000000 0.000000 0.000000 0.000000 
0.735379 0.000000 0.000424 0.000000 0.000424 0.000000 0.000000 0.000000 0.000000 0.000000 
0.756094 0.000000 0.022766 0.000000 0.022766 0.000000 0.000123 0.000000 0.000123 0.000000 
0.776809 0.000000 0.280393 0.000000 0.280393 0.000833 0.006091 0.000000 0.006091 0.000000 
0.797524 0.000000 1.309288 0.000003 1.309288 0.008527 0.064527 0.000003 0.064527 0.000000 
0.818239 0.000000 3.163956 0.000694 3.163956 0.042596 0.296819 0.000694 0.296819 0.000066 
0.838953 0.000000 4.874652 0.023433 4.874652 0.125252 0.761839 0.023433 0.761839 0.000677 
0.859668 0.000000 5.583576 0.237114 5.583576 0.256727 1.300235 0.237114 1.300235 0.011240 
0.880383 0.000031 5.280059 1.049333 5.280059 0.398397 1.715259 1.049333 1.715259 0.071747 
0.901098 0.001533 4.431639 2.582479 4.431639 0.522347 1.888546 2.582479 1.888546 0.250878 
0.921813 0.028057 3.481972 4.187543 3.481972 0.605354 1.864221 4.187543 1.864221 0.560262 
0.942528 0.209095 2.636296 5.113409 2.636296 0.657299 1.720237 5.113409 1.720237 0.901348 
0.963243 0.785487 1.974303 5.147566 1.974303 0.678748 1.537492 5.147566 1.537492 1.178595 
0.983958 1.808494 1.480079 4.562472 1.480079 0.686505 1.343481 4.562472 1.343481 1.318386 
1.004673 2.928953 1.128106 3.741874 1.128106 0.684025 1.177355 3.741874 1.177355 1.329906 
1.025388 3.687679 0.876637 2.935354 0.876637 0.682908 1.033977 2.935354 1.033977 1.275980 
1.046102 3.905712 0.697806 2.247268 0.697806 0.681188 0.924808 2.247268 0.924808 1.166645 
1.066817 3.667663 0.569279 1.718407 0.569279 0.686753 0.831979 1.718407 0.831979 1.050710 
1.087532 3.186597 0.479061 1.319826 0.479061 0.712117 0.766324 1.319826 0.766324 0.949239 
1.108247 2.638805 0.414589 1.027092 0.414589 0.740874 0.713029 1.027092 0.713029 0.856624 
1.128962 2.131065 0.366010 0.814964 0.366010 0.783202 0.673580 0.814964 0.673580 0.777626 
1.149677 1.704776 0.335231 0.659993 0.335231 0.840336 0.653744 0.659993 0.653744 0.719995 
1.170392 1.366121 0.312648 0.547401 0.312648 0.905520 0.643230 0.547401 0.643230 0.677601 
1.191107 1.102857 0.298636 0.466389 0.298636 0.983984 0.645322 0.466389 0.645322 0.646493 
1.211822 0.906162 0.292022 0.406854 0.292022 1.072447 0.660374 0.406854 0.660374 0.621218 
1.232536 0.755615 0.292163 0.364357 0.292163 1.154991 0.687537 0.364357 0.687537 0.608494 
1.253251 0.643859 0.294525 0.335670 0.294525 1.239268 0.723958 0.335670 0.723958 0.599881 
1.273966 0.559906 0.304544 0.316496 0.304544 1.319979 0.776928 0.316496 0.776928 0.601171 
1.294681 0.497312 0.317641 0.304387 0.317641 1.385818 0.837242 0.304387 0.837242 0.606266 
1.315396 0.452947 0.336052 0.299000 0.336052 1.436600 0.910226 0.299000 0.910226 0.623463 
1.336111 0.422450 0.362516 0.300598 0.362516 1.472314 0.987596 0.300598 0.987596 0.642550 
1.356826 0.403059 0.395116 0.306018 0.395116 1.486368 1.067466 0.306018 1.067466 0.677694 
1.377541 0.394366 0.435376 0.317350 0.435376 1.481737 1.144275 0.317350 1.144275 0.717946 
1.398256 0.395629 0.486298 0.333287 0.486298 1.461762 1.214250 0.333287 1.214250 0.771386 
1.418971 0.404811 0.545760 0.353525 0.545760 1.421099 1.276626 0.353525 1.276626 0.835220 
1.439686 0.424929 0.616701 0.379842 0.616701 1.364280 1.324213 0.379842 1.324213 0.911378 
1.460400 0.452298 0.694441 0.411868 0.694441 1.301854 1.358138 0.411868 1.358138 0.992999 
1.481115 0.489488 0.780823 0.452785 0.780823 1.240271 1.378843 0.452785 1.378843 1.078256 
1.501830 0.535200 0.870520 0.505214 0.870520 1.181548 1.378403 0.505214 1.378403 1.170679 
1.522545 0.590809 0.962672 0.570086 0.962672 1.139226 1.357845 0.570086 1.357845 1.255069 
1.543260 0.655009 1.048729 0.648042 1.048729 1.113940 1.321305 0.648042 1.321305 1.328057 
1.563975 0.730719 1.128802 0.738685 1.128802 1.117753 1.279767 0.738685 1.279767 1.381799 
1.584690 0.813645 1.194140 0.840082 1.194140 1.143453 1.232480 0.840082 1.232480 1.431069 
1.605405 0.903125 1.245396 0.946386 1.245396 1.191571 1.187536 0.946386 1.187536 1.446971 
1.626120 0.993590 1.278925 1.051338 1.278925 1.262844 1.158937 1.051338 1.158937 1.449333 
1.646835 1.080578 1.293794 1.148446 1.293794 1.324927 1.143614 1.148446 1.143614 1.420780 
1.667549 1.154796 1.297283 1.233539 1.297283 1.372670 1.152560 1.233539 1.152560 1.389593 
1.688264 1.216232 1.292380 1.296089 1.292380 1.384845 1.184958 1.296089 1.184958 1.348035 
1.708979 1.262039 1.286526 1.336970 1.286526 1.359979 1.239146 1.336970 1.239146 1.301320 
1.729694 1.291729 1.286594 1.357862 1.286594 1.296969 1.295499 1.357862 1.295499 1.265627 
1.750409 1.307721 1.298147 1.358823 1.298147 1.209327 1.344491 1.358823 1.344491 1.247130 
1.771124 1.312359 1.320314 1.344492 1.320314 1.108817 1.371077 1.344492 1.371077 1.244756 
1.791839 1.303849 1.351574 1.324325 1.351574 1.005253 1.359522 1.324325 1.359522 1.268104 
1.812554 1.285462 1.382796 1.303825 1.382796 0.909092 1.317827 1.303825 1.317827 1.304167 
1.833269 1.260497 1.404823 1.292136 1.404823 0.820966 1.241554 1.292136 1.241554 1.343853 
1.853983 1.228597 1.407535 1.290773 1.407535 0.741383 1.152355 1.290773 1.152355 1.367669 
1.874698 1.194616 1.384194 1.301025 1.384194 0.684240 1.052794 1.301025 1.052794 1.368099 
1.895413 1.159665 1.336445 1.320654 1.336445 0.638968 0.957150 1.320654 0.957150 1.341292 
1.916128 1.131274 1.268224 1.339287 1.268224 0.605238 0.865277 1.339287 0.865277 1.276768 
1.936843 1.113313 1.188006 1.349264 1.188006 0.581769 0.784092 1.349264 0.784092 1.194975 
1.957558 1.106902 1.101014 1.339362 1.101014 0.570315 0.719188 1.339362 0.719188 1.100546 
1.978273 1.113650 1.015232 1.309049 1.015232 0.570062 0.667860 1.309049 0.667860 1.005474 
1.998988 1.124688 0.937952 1.256053 0.937952 0.576309 0.626575 1.256053 0.626575 0.912192 
2.019703 1.137221 0.869638 1.187293 0.869638 0.594026 0.600639 1.187293 0.600639 0.829970 
2.040418 1.139555 0.813826 1.109161 0.813826 0.618289 0.582729 1.109161 0.582729 0.754872 
2.061133 1.127610 0.769331 1.029036 0.769331 0.652877 0.575892 1.029036 0.575892 0.696925 
2.081847 1.099576 0.736401 0.951259 0.736401 0.689756 0.581594 0.951259 0.581594 0.650526 
2.102562 1.058826 0.714756 0.881348 0.714756 0.731366 0.593907 0.881348 0.593907 0.615584 
2.123277 1.008609 0.703592 0.820440 0.703592 0.780573 0.615625 0.820440 0.615625 0.593784 
2.143992 0.953313 0.703096 0.771465 0.703096 0.835610 0.642597 0.771465 0.642597 0.581898 
2.164707 0.897841 0.709118 0.733907 0.709118 0.889486 0.676570 0.733907 0.676570 0.578901 
2.185422 0.846017 0.723884 0.706871 0.723884 0.943805 0.717130 0.706871 0.717130 0.588234 
2.206137 0.800388 0.744778 0.692049 0.744778 0.999999 0.763285 0.692049 0.763285 0.603035 
2.226852 0.763697 0.770996 0.687388 0.770996 1.052920 0.813595 0.687388 0.813595 0.625867 
2.247567 0.736952 0.801790 0.690636 0.801790 1.098353 0.865003 0.690636 0.865003 0.658951 
2.268281 0.720434 0.835490 0.703875 0.835490 1.141433 0.919524 0.703875 0.919524 0.696134 
2.288996 0.715334 0.871096 0.724303 0.871096 1.176684 0.973247 0.724303 0.973247 0.743759 
2.309711 0.719808 0.907926 0.751380 0.907926 1.202142 1.026697 0.751380 1.026697 0.790192 
2.330426 0.734424 0.945445 0.785498 0.945445 1.225256 1.074766 0.785498 1.074766 0.840422 
2.351141 0.756949 0.982710 0.822478 0.982710 1.234639 1.121660 0.822478 1.121660 0.895163 
2.371856 0.787990 1.017699 0.862376 1.017699 1.240247 1.159742 0.862376 1.159742 0.946560 
2.392571 0.824906 1.050851 0.905905 1.050851 1.240344 1.192192 0.905905 1.192192 1.001981 
2.413286 0.867796 1.080099 0.947756 1.080099 1.233979 1.218288 0.947756 1.218288 1.053086 
2.434001 0.912846 1.104718 0.989204 1.104718 1.222133 1.237355 0.989204 1.237355 1.101238 
2.454716 0.958689 1.124335 1.030309 1.124335 1.209271 1.247162 1.030309 1.247162 1.145150 
2.475430 1.004463 1.139462 1.066710 1.139462 1.192528 1.249649 1.066710 1.249649 1.182346 
2.496145 1.046901 1.147601 1.098741 1.147601 1.174000 1.243785 1.098741 1.243785 1.209840 
2.516860 1.086701 1.152876 1.126345 1.152876 1.150632 1.235179 1.126345 1.235179 1.232956 
2.537575 1.120634 1.150855 1.147293 1.150855 1.132296 1.219785 1.147293 1.219785 1.246290 
2.558290 1.149387 1.146289 1.162487 1.146289 1.114110 1.200946 1.162487 1.200946 1.253089 
2.579005 1.170505 1.136842 1.171959 1.136842 1.096589 1.179010 1.171959 1.179010 1.251323 
2.599720 1.185055 1.123655 1.175705 1.123655 1.080456 1.154695 1.175705 1.154695 1.244050 
2.620435 1.193025 1.109180 1.173252 1.109180 1.064910 1.133225 1.173252 1.133225 1.228331 
2.641150 1.193922 1.093511 1.165524 1.093511 1.046698 1.112493 1.165524 1.112493 1.207535 
2.661865 1.189177 1.075488 1.154933 1.075488 1.029222 1.090561 1.154933 1.090561 1.183590 
2.682580 1.179491 1.058617 1.140795 1.058617 1.009861 1.072642 1.140795 1.072642 1.160415 
2.703294 1.165243 1.041603 1.123030 1.041603 0.991198 1.055943 1.123030 1.055943 1.135186 
2.724009 1.146963 1.026392 1.102694 1.026392 0.966555 1.036143 1.102694 1.036143 1.108090 
2.744724 1.126359 1.014098 1.082551 1.014098 0.943971 1.020454 1.082551 1.020454 1.089219 
2.765439 1.104420 1.001975 1.061771 1.001975 0.922987 1.001949 1.061771 1.001949 1.065422 
2.786154 1.080713 0.992515 1.042110 0.992515 0.900159 0.984742 1.042110 0.984742 1.045333 
2.806869 1.057492 0.983281 1.022468 0.983281 0.883294 0.963818 1.022468 0.963818 1.026389 
2.827584 1.034445 0.974381 1.006135 0.974381 0.869597 0.942065 1.006135 0.942065 1.010820 
2.848299 1.013261 0.966218 0.991427 0.966218 0.858634 0.922430 0.991427 0.922430 0.994374 
2.869014 0.992703 0.956358 0.979471 0.956358 0.853876 0.901935 0.979471 0.901935 0.977860 
2.889728 0.974357 0.946071 0.969161 0.946071 0.851112 0.885113 0.969161 0.885113 0.959396 
2.910443 0.958731 0.936161 0.959106 0.936161 0.854245 0.869222 0.959106 0.869222 0.938589 
2.931158 0.945997 0.924788 0.951627 0.924788 0.862957 0.857726 0.951627 0.857726 0.921070 
2.951873 0.936044 0.915104 0.943697 0.915104 0.875045 0.851274 0.943697 0.851274 0.904225 
2.972588 0.928216 0.907094 0.934546 0.907094 0.891396 0.849871 0.934546 0.849871 0.887657 
2.993303 0.922859 0.901485 0.926239 0.901485 0.910622 0.852503 0.926239 0.852503 0.872774 
3.014018 0.918853 0.898622 0.916697 0.898622 0.927415 0.859852 0.916697 0.859852 0.860195 
3.034733 0.917146 0.898940 0.908746 0.898940 0.947927 0.872690 0.908746 0.872690 0.852690 
3.055448 0.914218 0.904512 0.901736 0.904512 0.967878 0.888587 0.901736 0.888587 0.850751 
3.076163 0.913022 0.911874 0.896720 0.911874 0.988230 0.905388 0.896720 0.905388 0.853028 
3.096877 0.911630 0.923704 0.894379 0.923704 1.008358 0.926364 0.894379 0.926364 0.859728 
3.117592 0.911111 0.937333 0.894015 0.937333 1.022927 0.949257 0.894015 0.949257 0.870714 
3.138307 0.911498 0.953909 0.897885 0.953909 1.038025 0.968639 0.897885 0.968639 0.885890 
3.159022 0.912498 0.971174 0.905566 0.971174 1.051907 0.990119 0.905566 0.990119 0.905438 
3.179737 0.915978 0.989894 0.917556 0.989894 1.061386 1.010085 0.917556 1.010085 0.926800 
3.200452 0.921379 1.007835 0.931425 1.007835 1.070306 1.028614 0.931425 1.028614 0.949149 
3.221167 0.929046 1.025815 0.948517 1.025815 1.074315 1.045387 0.948517 1.045387 0.972833 
3.241882 0.939382 1.040988 0.967266 1.040988 1.075411 1.059550 0.967266 1.059550 0.996929 
3.262597 0.952568 1.055439 0.987308 1.055439 1.079547 1.070016 0.987308 1.070016 1.017683 
3.283312 0.966961 1.067164 1.006906 1.067164 1.077017 1.077267 1.006906 1.077267 1.036465 
3.304026 0.982654 1.076017 1.025938 1.076017 1.075769 1.083912 1.025938 1.083912 1.054896 
3.324741 0.999417 1.082336 1.043482 1.082336 1.069983 1.086205 1.043482 1.086205 1.070916 
3.345456 1.016207 1.085384 1.059342 1.085384 1.063780 1.086164 1.059342 1.086164 1.079860 
3.366171 1.032135 1.086212 1.072651 1.086212 1.056177 1.083692 1.072651 1.083692 1.088975 
3.386886 1.047241 1.084014 1.083268 1.084014 1.046846 1.079614 1.083268 1.079614 1.094106 
3.407601 1.059752 1.081218 1.090750 1.081218 1.038948 1.072584 1.090750 1.072584 1.097759 
3.428316 1.070554 1.074510 1.095362 1.074510 1.030036 1.065718 1.095362 1.065718 1.095848 
3.449031 1.079301 1.066936 1.095543 1.066936 1.021374 1.056881 1.095543 1.056881 1.093408 
3.469746 1.084102 1.058117 1.093703 1.058117 1.009078 1.046490 1.093703 1.046490 1.086628 
3.490461 1.087590 1.048149 1.089668 1.048149 1.003100 1.036805 1.089668 1.036805 1.080466 
3.511176 1.087283 1.037256 1.083075 1.037256 0.993408 1.027320 1.083075 1.027320 1.069532 
3.531890 1.084809 1.026286 1.074852 1.026286 0.985177 1.016439 1.074852 1.016439 1.061416 
3.552605 1.079998 1.015543 1.064831 1.015543 0.979521 1.005132 1.064831 1.005132 1.048041 
3.573320 1.073250 1.004371 1.054174 1.004371 0.975165 0.995760 1.054174 0.995760 1.038123 
3.594035 1.064655 0.993794 1.042015 0.993794 0.969592 0.986419 1.042015 0.986419 1.025318 
3.614750 1.054997 0.983826 1.029611 0.983826 0.964540 0.978572 1.029611 0.978572 1.013755 
3.635465 1.044622 0.975117 1.017564 0.975117 0.959596 0.971235 1.017564 0.971235 1.001116 
3.656180 1.033492 0.966652 1.005447 0.966652 0.960534 0.965237 1.005447 0.965237 0.991785 
3.676895 1.021563 0.959441 0.993822 0.959441 0.956931 0.959868 0.993822 0.959868 0.981843 
3.697610 1.010277 0.953946 0.982439 0.953946 0.957563 0.955860 0.982439 0.955860 0.972753 
3.718324 0.999145 0.950293 0.972664 0.950293 0.958599 0.953937 0.972664 0.953937 0.965146 
3.739039 0.988361 0.946957 0.963462 0.946957 0.958502 0.951950 0.963462 0.951950 0.957933 
3.759754 0.978335 0.945747 0.956279 0.945747 0.962969 0.951828 0.956279 0.951828 0.953197 
3.780469 0.969136 0.945522 0.949665 0.945522 0.964451 0.952261 0.949665 0.952261 0.948990 
3.801184 0.961175 0.946905 0.945284 0.946905 0.970086 0.953246 0.945284 0.953246 0.945925 
3.821899 0.954651 0.948954 0.940631 0.948954 0.974571 0.954863 0.940631 0.954863 0.945363 
3.842614 0.949782 0.952317 0.939237 0.952317 0.980393 0.957340 0.939237 0.957340 0.944938 
3.863329 0.945806 0.955744 0.939144 0.955744 0.986585 0.961287 0.939144 0.961287 0.948080 
3.884044 0.943669 0.960653 0.940327 0.960653 0.993485 0.967114 0.940327 0.967114 0.950111 
3.904759 0.942656 0.965437 0.942627 0.965437 1.000697 0.971740 0.942627 0.971740 0.952889 
3.925473 0.944088 0.971347 0.946183 0.971347 1.007788 0.978093 0.946183 0.978093 0.956074 
3.946188 0.945807 0.977562 0.951022 0.977562 1.016123 0.985228 0.951022 0.985228 0.961440 
3.966903 0.949880 0.984307 0.956304 0.984307 1.021886 0.991767 0.956304 0.991767 0.967446 
3.987618 0.953680 0.990899 0.962221 0.990899 1.026714 1.000992 0.962221 1.000992 0.973800 
4.008333 0.959719 0.998222 0.969068 0.998222 1.028849 1.009376 0.969068 1.009376 0.982209 
4.029048 0.965612 1.004353 0.976024 1.004353 1.035700 1.015562 0.976024 1.015562 0.988627 
4.049763 0.972386 1.011476 0.983769 1.011476 1.038078 1.022966 0.983769 1.022966 0.997245 
4.070478 0.979836 1.017808 0.990978 1.017808 1.038069 1.029157 0.990978 1.029157 1.005997 
4.091193 0.987102 1.024045 0.998432 1.024045 1.039352 1.033167 0.998432 1.033167 1.013136 
4.111907 0.994366 1.029085 1.005920 1.029085 1.037012 1.036529 1.005920 1.036529 1.021584 
4.132622 1.001823 1.033477 1.013322 1.033477 1.038057 1.040317 1.013322 1.040317 1.027507 
4.153337 1.008124 1.037160 1.020074 1.037160 1.034732 1.042108 1.020074 1.042108 1.035400 
4.174052 1.014364 1.039562 1.026684 1.039562 1.030330 1.042092 1.026684 1.042092 1.038567 
4.194767 1.020168 1.041705 1.032376 1.041705 1.025456 1.040109 1.032376 1.040109 1.045174 
4.215482 1.024725 1.041231 1.037461 1.041231 1.022549 1.038801 1.037461 1.038801 1.046984 
4.236197 1.029292 1.040758 1.040683 1.040758 1.015590 1.035469 1.040683 1.035469 1.046839 
4.256912 1.032797 1.039210 1.043546 1.039210 1.010537 1.031537 1.043546 1.031537 1.048549 
4.277627 1.035757 1.036778 1.044717 1.036778 1.004243 1.027127 1.044717 1.027127 1.046842 
4.298342 1.037555 1.033664 1.044521 1.033664 0.999960 1.022479 1.044521 1.022479 1.045283 
4.319057 1.038158 1.028991 1.044539 1.028991 0.992918 1.017945 1.044539 1.017945 1.041129 
4.339772 1.038531 1.023967 1.042115 1.023967 0.989092 1.009984 1.042115 1.009984 1.036508 
4.360487 1.037602 1.018295 1.038802 1.018295 0.985414 1.004189 1.038802 1.004189 1.031940 
4.381201 1.035981 1.013028 1.035102 1.013028 0.981302 0.999027 1.035102 0.999027 1.025610 
4.401916 1.032761 1.007140 1.030031 1.007140 0.978297 0.992228 1.030031 0.992228 1.019595 
4.422631 1.029735 1.001073 1.025407 1.001073 0.975399 0.988001 1.025407 0.988001 1.011265 
4.443346 1.025982 0.995812 1.019622 0.995812 0.974592 0.983122 1.019622 0.983122 1.006166 
4.464061 1.021438 0.990537 1.013422 0.990537 0.972083 0.978197 1.013422 0.978197 0.998600 
4.484776 1.016141 0.986100 1.007221 0.986100 0.970615 0.974333 1.007221 0.974333 0.992359 
4.505491 1.011415 0.981954 1.001075 0.981954 0.971583 0.971689 1.001075 0.971689 0.985496 
4.526206 1.006118 0.977866 0.995622 0.977866 0.971226 0.969431 0.995622 0.969431 0.979491 
4.546920 1.000838 0.974892 0.989604 0.974892 0.974646 0.968021 0.989604 0.968021 0.976946 
4.567635 0.995970 0.972485 0.984651 0.972485 0.975554 0.967862 0.984651 0.967862 0.972527 
4.588350 0.990946 0.970916 0.980270 0.970916 0.979499 0.967453 0.980270 0.967453 0.969648 
4.609065 0.986584 0.969746 0.975844 0.969746 0.982365 0.969125 0.975844 0.969125 0.966714 
4.629780 0.982103 0.969956 0.972731 0.969956 0.986576 0.970219 0.972731 0.970219 0.964336 
4.650495 0.978785 0.970497 0.969958 0.970497 0.989703 0.973144 0.969958 0.973144 0.963408 
4.671210 0.975818 0.971428 0.968124 0.971428 0.993138 0.975793 0.968124 0.975793 0.965853 
4.691925 0.973444 0.973684 0.967260 0.973684 0.998190 0.979410 0.967260 0.979410 0.964924 
4.712640 0.971637 0.976557 0.967140 0.976557 1.001967 0.983965 0.967140 0.983965 0.967375 
4.733355 0.970926 0.979947 0.968133 0.979947 1.005680 0.987415 0.968133 0.987415 0.971726 
4.754069 0.970842 0.983456 0.969165 0.983456 1.009698 0.991513 0.969165 0.991513 0.973716 
4.774784 0.971418 0.987127 0.971564 0.987127 1.011692 0.996813 0.971564 0.996813 0.977166 
4.795499 0.972872 0.991510 0.974526 0.991510 1.013709 1.001831 0.974526 1.001831 0.981208 
4.816214 0.974577 0.995677 0.978348 0.995677 1.016966 1.006274 0.978348 1.006274 0.985933 
4.836929 0.977312 0.999771 0.981989 0.999771 1.018009 1.009198 0.981989 1.009198 0.991526 
4.857644 0.980524 1.003607 0.986110 1.003607 1.020373 1.012446 0.986110 1.012446 0.997646 
4.878359 0.984110 1.007285 0.990792 1.007285 1.021004 1.016826 0.990792 1.016826 1.002697 
4.899074 0.988208 1.010901 0.995741 1.010901 1.021103 1.019763 0.995741 1.019763 1.006586 
4.919789 0.992278 1.013595 1.000288 1.013595 1.021071 1.020732 1.000288 1.020732 1.009885 
4.940504 0.996325 1.016512 1.004640 1.016512 1.019606 1.022485 1.004640 1.022485 1.014501 
4.961218 1.000510 1.018211 1.008698 1.018211 1.019132 1.023570 1.008698 1.023570 1.017852 
4.981933 1.004822 1.019364 1.012098 1.019364 1.018008 1.022950 1.012098 1.022950 1.020625 
5.002648 1.008317 1.020659 1.015919 1.020659 1.015802 1.024594 1.015919 1.024594 1.023827 
5.023363 1.011842 1.021199 1.018778 1.021199 1.013987 1.023046 1.018778 1.023046 1.024993 
5.044078 1.014866 1.020954 1.020665 1.020954 1.010713 1.021304 1.020665 1.021304 1.025630 
5.064793 1.017661 1.020054 1.022105 1.020054 1.008442 1.020403 1.022105 1.020403 1.026641 
5.085508 1.019447 1.019326 1.022907 1.019326 1.006275 1.018484 1.022907 1.018484 1.026349 
5.106223 1.020975 1.017656 1.022960 1.017656 1.002590 1.016150 1.022960 1.016150 1.025961 
5.126938 1.021728 1.015663 1.022724 1.015663 1.000257 1.013344 1.022724 1.013344 1.023263 
5.147653 1.021907 1.013534 1.021944 1.013534 0.997259 1.009802 1.021944 1.009802 1.022269 
5.168367 1.021408 1.011118 1.020600 1.011118 0.995215 1.007746 1.020600 1.007746 1.019968 
5.189082 1.020882 1.008686 1.019152 1.008686 0.992459 1.004686 1.019152 1.004686 1.016365 
5.209797 1.019528 1.006446 1.017129 1.006446 0.990853 1.000739 1.017129 1.000739 1.012753 
5.230512 1.017543 1.003372 1.014305 1.003372 0.989225 0.998556 1.014305 0.998556 1.010661 
5.251227 1.015302 1.000372 1.011828 1.000372 0.986455 0.995388 1.011828 0.995388 1.006934 
5.271942 1.012878 0.997974 1.008720 0.997974 0.984860 0.992272 1.008720 0.992272 1.003739 
5.292657 1.010470 0.995361 1.006000 0.995361 0.983785 0.990561 1.006000 0.990561 0.998697 
5.313372 1.007706 0.992714 1.002940 0.992714 0.982782 0.988628 1.002940 0.988628 0.997504 
5.334087 1.004823 0.990508 1.000173 0.990508 0.984051 0.986338 1.000173 0.986338 0.993842 
5.354802 1.002083 0.988619 0.997187 0.988619 0.984311 0.985094 0.997187 0.985094 0.990822 
5.375516 0.999459 0.986911 0.994679 0.986911 0.983856 0.984046 0.994679 0.984046 0.988040 
5.396231 0.996616 0.985880 0.991690 0.985880 0.985616 0.983923 0.991690 0.983923 0.985618 
5.416946 0.993973 0.985118 0.989398 0.985118 0.987247 0.984079 0.989398 0.984079 0.982842 
5.437661 0.991681 0.984510 0.988000 0.984510 0.987864 0.983560 0.988000 0.983560 0.981941 
5.458376 0.989874 0.984959 0.986189 0.984959 0.990631 0.984116 0.986189 0.984116 0.980965 
5.479091 0.988187 0.984622 0.984512 0.984622 0.992182 0.985475 0.984512 0.985475 0.979174 
5.499806 0.986914 0.985862 0.984171 0.985862 0.993688 0.986920 0.984171 0.986920 0.979823 
5.520521 0.985810 0.986467 0.983017 0.986467 0.996693 0.988089 0.983017 0.988089 0.980743 
5.541236 0.985140 0.987667 0.983348 0.987667 0.998744 0.990032 0.983348 0.990032 0.981707 
5.561951 0.984846 0.989599 0.983556 0.989599 1.001769 0.993189 0.983556 0.993189 0.983829 
5.582665 0.984904 0.991557 0.984414 0.991557 1.004388 0.995384 0.984414 0.995384 0.984331 
5.603380 0.985106 0.993245 0.985223 0.993245 1.005420 0.997264 0.985223 0.997264 0.986370 
5.624095 0.985854 0.995243 0.987113 0.995243 1.007327 1.000147 0.987113 1.000147 0.987903 
5.644810 0.987098 0.997316 0.988829 0.997316 1.007761 1.001819 0.988829 1.001819 0.990885 
5.665525 0.988277 0.999966 0.990852 0.999966 1.010345 1.003479 0.990852 1.003479 0.994943 
5.686240 0.989948 1.001713 0.993040 1.001713 1.010274 1.006993 0.993040 1.006993 0.997180 
5.706955 0.991837 1.003812 0.995013 1.003812 1.011146 1.008161 0.995013 1.008161 0.998433 
5.727670 0.993991 1.005521 0.997884 1.005521 1.013107 1.009751 0.997884 1.009751 1.002322 
5.748384 0.995872 1.007253 1.000442 1.007253 1.011559 1.011156 1.000442 1.011156 1.005325 
5.769099 0.998232 1.008721 1.002412 1.008721 1.012043 1.012048 1.002412 1.012048 1.006978 
5.789814 1.000099 1.009644 1.004736 1.009644 1.011638 1.013064 1.004736 1.013064 1.008941 
5.810529 1.002476 1.010861 1.006833 1.010861 1.009851 1.012856 1.006833 1.012856 1.010412 
5.831244 1.004449 1.011451 1.008634 1.011451 1.010181 1.012741 1.008634 1.012741 1.011753 
5.851959 1.006451 1.011763 1.010029 1.011763 1.008899 1.012276 1.010029 1.012276 1.013340 
5.872674 1.007970 1.011691 1.011394 1.011691 1.006288 1.011521 1.011394 1.011521 1.013882 
5.893389 1.009312 1.011657 1.011991 1.011657 1.005224 1.010799 1.011991 1.010799 1.014054 
5.914104 1.010391 1.010660 1.012776 1.010660 1.003559 1.008890 1.012776 1.008890 1.014557 
5.934819 1.011170 1.009760 1.013377 1.009760 1.003018 1.009103 1.013377 1.009103 1.012716 
5.955534 1.012094 1.008952 1.012963 1.008952 1.000480 1.007241 1.012963 1.007241 1.013282 
5.976249 1.011886 1.007187 1.012522 1.007187 0.998313 1.005609 1.012522 1.005609 1.011556 
5.996964 1.012102 1.005919 1.011743 1.005919 0.998117 1.002945 1.011743 1.002945 1.011086 
6.017678 1.011165 1.004426 1.010887 1.004426 0.996341 1.002747 1.010887 1.002747 1.009088 
6.038393 1.010709 1.003179 1.009542 1.003179 0.993918 1.000139 1.009542 1.000139 1.006145 
6.059108 1.009744 1.001599 1.008192 1.001599 0.993727 0.998853 1.008192 0.998853 1.004920 
6.079823 1.008637 0.999730 1.006641 0.999730 0.991843 0.997571 1.006641 0.997571 1.004576 
6.100538 1.007496 0.998046 1.004459 0.998046 0.991787 0.995801 1.004459 0.995801 1.001474 
6.121253 1.005947 0.996941 1.002741 0.996941 0.991901 0.995085 1.002741 0.995085 0.999836 
6.141968 1.004463 0.995712 1.001372 0.995712 0.990813 0.993341 1.001372 0.993341 0.998497 
6.162683 1.002555 0.994290 0.999619 0.994290 0.990762 0.993078 0.999619 0.993078 0.996535 
6.183398 1.001232 0.993504 0.997853 0.993504 0.990744 0.991748 0.997853 0.991748 0.995668 
6.204113 0.999507 0.992813 0.996295 0.992813 0.992292 0.991086 0.996295 0.991086 0.994221 
6.224827 0.997942 0.992192 0.994646 0.992192 0.992245 0.991289 0.994646 0.991289 0.993156 
6.245542 0.996842 0.991668 0.993512 0.991668 0.993184 0.991724 0.993512 0.991724 0.991361 
6.266257 0.995478 0.991626 0.992654 0.991626 0.993087 0.991451 0.992654 0.991451 0.989752 
6.286972 0.994343 0.991915 0.991592 0.991915 0.995796 0.991563 0.991592 0.991563 0.990983 
6.307687 0.993176 0.991756 0.990897 0.991756 0.996344 0.992467 0.990897 0.992467 0.990405 
6.328402 0.992357 0.992401 0.990575 0.992401 0.997617 0.993195 0.990575 0.993195 0.989954 
6.349117 0.992037 0.992677 0.990948 0.992677 0.999659 0.994603 0.990948 0.994603 0.989714 
6.369832 0.991550 0.993782 0.990975 0.993782 1.000566 0.995413 0.990975 0.995413 0.990208 
6.390547 0.991436 0.994538 0.991188 0.994538 1.001626 0.996217 0.991188 0.996217 0.991234 
6.411262 0.991675 0.995430 0.991395 0.995430 1.002685 0.997190 0.991395 0.997190 0.991485 
6.431976 0.991891 0.996181 0.992115 0.996181 1.003191 0.999775 0.992115 0.999775 0.991846 
6.452691 0.992317 0.997651 0.993244 0.997651 1.003488 1.000898 0.993244 1.000898 0.993990 
6.473406 0.992808 0.998722 0.994137 0.998722 1.005091 1.001649 0.994137 1.001649 0.994850 
6.494121 0.993672 0.999846 0.995374 0.999846 1.005498 1.002735 0.995374 1.002735 0.997269 
6.514836 0.995068 1.000955 0.996541 1.000955 1.006021 1.003889 0.996541 1.003889 0.998262 
6.535551 0.995765 1.002070 0.997957 1.002070 1.005941 1.005310 0.997957 1.005310 1.000338 
6.556266 0.996953 1.003244 0.999105 1.003244 1.007053 1.005546 0.999105 1.005546 0.999572 
6.576981 0.998325 1.003993 1.000422 1.003993 1.006480 1.006791 1.000422 1.006791 1.002969 
6.597695 0.999368 1.004892 1.001287 1.004892 1.006089 1.007431 1.001287 1.007431 1.003332 
6.618410 1.000664 1.005235 1.002693 1.005235 1.006218 1.007856 1.002693 1.007856 1.004401 
6.639125 1.001534 1.005866 1.003947 1.005866 1.005379 1.007467 1.003947 1.007467 1.005418 
6.659840 1.002636 1.005877 1.004601 1.005877 1.005226 1.007907 1.004601 1.007907 1.006393 
6.680555 1.003598 1.006347 1.005448 1.006347 1.005140 1.007672 1.005448 1.007672 1.006962 
6.701270 1.004464 1.006195 1.006379 1.006195 1.002601 1.006753 1.006379 1.006753 1.007440 
6.721985 1.005305 1.006010 1.006629 1.006010 1.001848 1.006523 1.006629 1.006523 1.007939 
6.742700 1.005874 1.006020 1.006941 1.006020 1.002103 1.006031 1.006941 1.006031 1.007930 
6.763415 1.006409 1.005222 1.007421 1.005222 1.001024 1.004786 1.007421 1.004786 1.007285 
6.784130 1.006570 1.004849 1.007172 1.004849 0.999677 1.004353 1.007172 1.004353 1.007547 
6.804844 1.006466 1.003758 1.006648 1.003758 1.000077 1.003657 1.006648 1.003657 1.007051 
6.825559 1.006735 1.003178 1.006598 1.003178 0.999083 1.002219 1.006598 1.002219 1.005667 
6.846274 1.006363 1.002584 1.006017 1.002584 0.997793 1.001277 1.006017 1.001277 1.004724 
6.866989 1.005816 1.001712 1.005385 1.001712 0.996497 1.000460 1.005385 1.000460 1.003474 
6.887704 1.005403 1.000657 1.004452 1.000657 0.995984 0.999678 1.004452 0.999678 1.003949 
6.908419 1.004808 0.999858 1.004043 0.999858 0.994344 0.998982 1.004043 0.998982 1.002188 
6.929134 1.004099 0.999262 1.002660 0.999262 0.994805 0.997821 1.002660 0.997821 1.000961 
6.949849 1.003075 0.998191 1.001389 0.998191 0.995059 0.996403 1.001389 0.996403 1.000052 
6.970564 1.002424 0.997248 1.000649 0.997248 0.995195 0.996422 1.000649 0.996422 0.999000 
6.991279 1.001804 0.996947 0.999888 0.996947 0.994727 0.996233 0.999888 0.996233 0.998001 
7.011993 1.000598 0.996329 0.998766 0.996329 0.994813 0.995214 0.998766 0.995214 0.997153 
7.032708 0.999775 0.995865 0.997756 0.995865 0.994464 0.995541 0.997756 0.995541 0.995103 
7.053423 0.998926 0.995268 0.997275 0.995268 0.994166 0.995307 0.997275 0.995307 0.994829 
7.074138 0.997869 0.995294 0.996339 0.995294 0.995911 0.995466 0.996339 0.995466 0.994221 
7.094853 0.997331 0.995389 0.995496 0.995389 0.996140 0.995630 0.995496 0.995630 0.994043 
7.115568 0.996785 0.995064 0.995543 0.995064 0.997358 0.995607 0.995543 0.995607 0.993693 
7.136283 0.996228 0.995278 0.994975 0.995278 0.997606 0.996382 0.994975 0.996382 0.993746 
7.156998 0.995817 0.995829 0.994877 0.995829 0.998277 0.996611 0.994877 0.996611 0.993509 
7.177713 0.995593 0.996214 0.994942 0.996214 0.998983 0.997164 0.994942 0.997164 0.993982 
7.198428 0.995175 0.996350 0.995028 0.996350 1.000830 0.997784 0.995028 0.997784 0.994184 
7.219142 0.995357 0.996946 0.994968 0.996946 1.000596 0.999169 0.994968 0.999169 0.994239 
7.239857 0.995348 0.997514 0.995208 0.997514 1.001286 0.999256 0.995208 0.999256 0.995889 
7.260572 0.995457 0.998374 0.995503 0.998374 1.001328 0.999869 0.995503 0.999869 0.996506 
7.281287 0.995635 0.999049 0.996382 0.999049 1.002064 1.000352 0.996382 1.000352 0.995776 
7.302002 0.996473 0.999830 0.996557 0.999830 1.002236 1.000975 0.996557 1.000975 0.997713 
7.322717 0.996687 1.000185 0.997416 1.000185 1.002736 1.001499 0.997416 1.001499 0.997057 
7.343432 0.997264 1.000977 0.998114 1.000977 1.003473 1.002113 0.998114 1.002113 0.999522 
7.364147 0.997724 1.001713 0.998779 1.001713 1.004217 1.003131 0.998779 1.003131 0.999589 
7.384862 0.998541 1.002096 0.999565 1.002096 1.004005 1.003412 0.999565 1.003412 0.999620 
7.405577 0.999080 1.002356 1.000323 1.002356 1.003842 1.003705 1.000323 1.003705 1.001998 
7.426291 0.999626 1.002835 1.001441 1.002835 1.003023 1.004234 1.001441 1.004234 1.001625 
7.447006 1.000353 1.002853 1.001637 1.002853 1.003089 1.004249 1.001637 1.004249 1.002571 
7.467721 1.000933 1.003313 1.002699 1.003313 1.002485 1.003586 1.002699 1.003586 1.003365 
7.488436 1.001595 1.003645 1.002872 1.003645 1.001873 1.004055 1.002872 1.004055 1.003618 
7.509151 1.002150 1.003618 1.003660 1.003618 1.001409 1.003591 1.003660 1.003591 1.004411 
7.529866 1.002571 1.003564 1.003648 1.003564 1.002460 1.003792 1.003648 1.003792 1.004223 
7.550581 1.002992 1.003538 1.004032 1.003538 1.001340 1.003490 1.004032 1.003490 1.005097 
7.571296 1.003068 1.003063 1.004260 1.003063 1.001456 1.003151 1.004260 1.003151 1.003995 
7.592011 1.003581 1.002743 1.003981 1.002743 0.999997 1.003242 1.003981 1.003242 1.004723 
7.612726 1.003538 1.002581 1.004206 1.002581 0.999978 1.002197 1.004206 1.002197 1.005024 
7.633440 1.003519 1.001960 1.004003 1.001960 0.999880 1.001504 1.004003 1.001504 1.004334 
7.654155 1.003826 1.001643 1.003289 1.001643 0.999577 1.001335 1.003289 1.001335 1.004058 
7.674870 1.003626 1.001072 1.003243 1.001072 0.998915 1.000768 1.003243 1.000768 1.003378 
7.695585 1.003444 1.000708 1.003065 1.000708 0.998670 0.999935 1.003065 0.999935 1.003064 
7.716300 1.003148 1.000389 1.002239 1.000389 0.997854 0.999775 1.002239 0.999775 1.001851 
7.737015 1.002964 0.999792 1.001763 0.999792 0.997851 0.999440 1.001763 0.999440 1.001210 
7.757730 1.002466 0.999314 1.001121 0.999314 0.997509 0.998505 1.001121 0.998505 1.000407 
7.778445 1.001934 0.998940 1.000912 0.998940 0.997127 0.998590 1.000912 0.998590 0.999511 
7.799160 1.001400 0.998235 1.000108 0.998235 0.996723 0.997659 1.000108 0.997659 0.999295 
7.819875 1.000844 0.998073 0.999667 0.998073 0.997521 0.998015 0.999667 0.998015 0.999086 
7.840590 1.000362 0.997866 0.998958 0.997866 0.997468 0.997238 0.998958 0.997238 0.998214 
7.861304 0.999933 0.997860 0.998794 0.997860 0.997063 0.997556 0.998794 0.997556 0.998037 
7.882019 0.999388 0.997240 0.998376 0.997240 0.998477 0.997233 0.998376 0.997233 0.997158 
7.902734 0.999099 0.997139 0.997811 0.997139 0.998449 0.997306 0.997811 0.997306 0.996840 
7.923449 0.998694 0.997523 0.997569 0.997523 0.998512 0.997670 0.997569 0.997670 0.996952 
7.944164 0.998094 0.997268 0.997257 0.997268 0.998755 0.997835 0.997257 0.997835 0.996917 
7.964879 0.997798 0.997111 0.997285 0.997111 0.999162 0.998168 0.997285 0.998168 0.997485 
7.985594 0.997883 0.997500 0.997078 0.997500 0.999088 0.998833 0.997078 0.998833 0.996685 
8.006309 0.997373 0.997727 0.996824 0.997727 0.999860 0.998496 0.996824 0.998496 0.996627 
8.027024 0.997411 0.998116 0.996873 0.998116 1.000066 0.999133 0.996873 0.999133 0.996376 
8.047739 0.997367 0.998397 0.997249 0.998397 1.001486 0.998848 0.997249 0.998848 0.997579 
8.068453 0.997570 0.998697 0.997624 0.998697 1.001490 0.999612 0.997624 0.999612 0.998104 
8.089168 0.997642 0.999020 0.997607 0.999020 1.001596 0.999910 0.997607 0.999910 0.997559 
8.109883 0.997891 0.999438 0.997874 0.999438 1.001526 1.000156 0.997874 1.000156 0.998950 
8.130598 0.997802 0.999790 0.998055 0.999790 1.001541 1.000526 0.998055 1.000526 0.998544 
8.151313 0.998200 1.000251 0.998745 1.000251 1.002210 1.001258 0.998745 1.001258 0.998718 
8.172028 0.998436 1.000706 0.998898 1.000706 1.002182 1.001478 0.998898 1.001478 1.000371 
8.192743 0.998810 1.000926 0.999283 1.000926 1.002842 1.001373 0.999283 1.001373 1.000659 
8.213458 0.999186 1.001067 0.999963 1.001067 1.002228 1.001846 0.999963 1.001846 1.000547 
8.234172 0.999530 1.001547 1.000223 1.001547 1.002850 1.001610 1.000223 1.001610 1.001238 
8.254887 1.000124 1.001699 1.000791 1.001699 1.001356 1.002355 1.000791 1.002355 1.001352 
8.275602 1.000176 1.001759 1.001045 1.001759 1.002632 1.001914 1.001045 1.001914 1.002148 
8.296318 1.000702 1.001727 1.001432 1.001727 1.001772 1.002465 1.001432 1.002465 1.002835 
8.317032 1.000979 1.001963 1.001602 1.001963 1.001309 1.002417 1.001602 1.002417 1.002122 
8.337747 1.001384 1.002247 1.001997 1.002247 1.000820 1.002376 1.001997 1.002376 1.003207 
8.358462 1.001477 1.002005 1.002247 1.002005 1.000317 1.002521 1.002247 1.002521 1.002148 
8.379177 1.001665 1.002080 1.002346 1.002080 1.000427 1.001636 1.002346 1.001636 1.003033 
8.399891 1.001907 1.001988 1.002474 1.001988 1.000742 1.001395 1.002474 1.001395 1.002549 
8.420607 1.002036 1.001859 1.002202 1.001859 1.000584 1.001560 1.002202 1.001560 1.001830 
8.441322 1.001919 1.001398 1.002553 1.001398 0.999636 1.001211 1.002553 1.001211 1.002511 
8.462037 1.002114 1.001159 1.002348 1.001159 0.999215 1.000560 1.002348 1.000560 1.001907 
8.482751 1.001907 1.000874 1.002061 1.000874 0.999512 1.000354 1.002061 1.000354 1.001783 
8.503466 1.002139 1.000694 1.001925 1.000694 0.998590 0.999807 1.001925 0.999807 1.001884 
8.524181 1.001954 1.000553 1.001897 1.000553 0.998867 0.999898 1.001897 0.999898 1.001791 
8.544896 1.001594 1.000021 1.001606 1.000021 0.998605 1.000344 1.001606 1.000344 1.000453 
8.565611 1.001468 1.000114 1.000945 1.000114 0.999378 0.999312 1.000945 0.999312 1.000337 
8.586326 1.001096 0.999504 1.000827 0.999504 0.999023 0.999305 1.000827 0.999305 1.000228 
8.607041 1.001087 0.999225 1.000456 0.999225 0.999227 0.999246 1.000456 0.999246 1.000211 
8.627756 1.000725 0.999070 1.000210 0.999070 1.000012 0.999326 1.000210 0.999326 0.998741 
8.648470 1.000559 0.998700 0.999954 0.998700 0.999404 0.998906 0.999954 0.998906 0.998921 
8.669185 1.000147 0.998723 0.999751 0.998723 0.998675 0.999198 0.999751 0.999198 0.998750 
8.689900 0.999939 0.998509 0.999346 0.998509 0.998794 0.998283 0.999346 0.998283 0.998632 
8.710616 0.999847 0.998400 0.998866 0.998400 0.998876 0.998683 0.998866 0.998683 0.998871 
8.731330 0.999502 0.998370 0.998842 0.998370 0.999301 0.998873 0.998842 0.998873 0.998649 
8.752045 0.999258 0.998316 0.998507 0.998316 0.999843 0.999038 0.998507 0.999038 0.997558 
8.772760 0.999056 0.998651 0.998317 0.998651 0.999828 0.999089 0.998317 0.999089 0.998115 
8.793475 0.999011 0.998511 0.998139 0.998511 0.999468 0.999214 0.998139 0.999214 0.997848 
8.814189 0.998952 0.998684 0.998131 0.998684 1.000075 0.999195 0.998131 0.999195 0.997927 
8.834905 0.998815 0.998425 0.998189 0.998425 0.999764 0.999555 0.998189 0.999555 0.998407 
8.855620 0.998585 0.998740 0.998469 0.998740 1.000601 0.999756 0.998469 0.999756 0.998997 
8.876335 0.998705 0.998770 0.998425 0.998770 0.999546 0.999488 0.998425 0.999488 0.998939 
8.897049 0.998663 0.999326 0.998606 0.999326 1.000165 1.000233 0.998606 1.000233 0.998915 
8.917764 0.998809 0.999405 0.998450 0.999405 1.000629 1.000377 0.998450 1.000377 0.998593 
8.938479 0.998936 0.999751 0.998642 0.999751 1.000795 1.000582 0.998642 1.000582 0.998476 
8.959194 0.999016 0.999832 0.998958 0.999832 1.001027 1.001071 0.998958 1.001071 0.999287 
8.979909 0.998987 0.999888 0.999164 0.999888 1.000979 1.001127 0.999164 1.001127 1.000414 
9.000624 0.999207 1.000326 0.999407 1.000326 1.001321 1.000492 0.999407 1.000492 1.000191 
9.021339 0.999479 1.000617 0.999726 1.000617 1.001173 1.001371 0.999726 1.001371 1.000859 
9.042054 0.999664 1.000664 0.999991 1.000664 1.000858 1.001232 0.999991 1.001232 1.001190 
9.062768 0.999816 1.000790 1.000217 1.000790 1.001103 1.001134 1.000217 1.001134 1.001209 
9.083483 1.000200 1.000898 1.000244 1.000898 1.001289 1.001341 1.000244 1.001341 1.001208 
9.104198 1.000190 1.000871 1.000479 1.000871 1.001039 1.001788 1.000479 1.001788 1.001333 
9.124913 1.000491 1.001212 1.000615 1.001212 1.000559 1.001556 1.000615 1.001556 1.001896 
9.145628 1.000658 1.001177 1.000801 1.001177 1.000356 1.001501 1.000801 1.001501 1.002242 
9.166343 1.000706 1.001239 1.001123 1.001239 1.001429 1.001497 1.001123 1.001497 1.001791 
9.187058 1.000989 1.001089 1.001086 1.001089 1.000368 1.001344 1.001086 1.001344 1.001846 
9.207773 1.001055 1.001111 1.001385 1.001111 1.000157 1.001667 1.001385 1.001667 1.002325 
9.228487 1.001064 1.000767 1.001459 1.000767 1.000594 1.000881 1.001459 1.000881 1.001570 
9.249202 1.001025 1.001036 1.001457 1.001036 1.000540 1.001407 1.001457 1.001407 1.001420 
9.269917 1.001133 1.000890 1.001228 1.000890 1.000245 1.001065 1.001228 1.001065 1.001204 
9.290633 1.001164 1.000891 1.001226 1.000891 1.000228 1.000432 1.001226 1.000432 1.001494 
9.311347 1.001250 1.000561 1.001105 1.000561 1.000126 1.000829 1.001105 1.000829 1.000954 
9.332062 1.001150 1.000473 1.001092 1.000473 0.999746 0.999964 1.001092 0.999964 1.001246 
9.352777 1.001103 1.000466 1.000963 1.000466 0.999697 0.999757 1.000963 0.999757 1.000657 
9.373492 1.001084 1.000239 1.000587 1.000239 0.999271 0.999269 1.000587 0.999269 1.000890 
9.394207 1.000877 1.000116 1.000662 1.000116 0.999920 0.999578 1.000662 0.999578 0.999886 
9.414922 1.000652 0.999918 1.000523 0.999918 0.999358 0.999566 1.000523 0.999566 1.000300 
9.435637 1.000493 0.999717 1.000557 0.999717 0.999568 0.999373 1.000557 0.999373 1.000399 
9.456352 1.000571 0.999415 1.000157 0.999415 0.998925 0.999193 1.000157 0.999193 0.999585 
9.477067 1.000235 0.999460 1.000043 0.999460 0.999202 0.999158 1.000043 0.999158 0.999940 
9.497781 1.000190 0.999046 0.999865 0.999046 0.999562 0.999212 0.999865 0.999212 0.999306 
9.518496 1.000056 0.999267 0.999676 0.999267 0.999493 0.998796 0.999676 0.998796 0.999670 
9.539211 0.999783 0.998972 0.999618 0.998972 0.998983 0.998818 0.999618 0.998818 0.999375 
9.559927 0.999738 0.999162 0.999226 0.999162 0.999281 0.998809 0.999226 0.998809 0.999116 
9.580641 0.999668 0.999251 0.999226 0.999251 0.999280 0.999099 0.999226 0.999099 0.999218 
9.601356 0.999438 0.999063 0.999037 0.999063 0.999865 0.999303 0.999037 0.999303 0.999094 
9.622071 0.999449 0.998948 0.999172 0.998948 0.999700 0.999117 0.999172 0.999117 0.998835 
9.642786 0.999322 0.999377 0.999134 0.999377 0.999818 0.999407 0.999134 0.999407 0.998911 
9.663500 0.999372 0.999083 0.999060 0.999083 1.000268 0.999693 0.999060 0.999693 0.999066 
9.684216 0.999109 0.999301 0.999266 0.999301 0.999575 0.999621 0.999266 0.999621 0.999298 
9.704931 0.999173 0.999552 0.999269 0.999552 1.000502 0.999954 0.999269 0.999954 0.999352 
9.725646 0.999303 0.999516 0.999050 0.999516 1.000441 0.999673 0.999050 0.999673 0.999699 
9.746360 0.999417 0.999858 0.999080 0.999858 1.000287 1.000087 0.999080 1.000087 0.999897 
9.767075 0.999362 0.999649 0.999254 0.999649 1.000552 1.000291 0.999254 1.000291 0.999942 
9.787790 0.999456 1.000108 0.999353 1.000108 1.000254 1.000116 0.999353 1.000116 0.999554 
9.808505 0.999643 1.000174 0.999385 1.000174 1.001113 1.000705 0.999385 1.000705 1.000292 
9.829220 0.999526 1.000004 0.999648 1.000004 1.000662 1.000392 0.999648 1.000392 1.000841 
9.849935 0.999817 1.000541 0.999834 1.000541 1.001692 1.000728 0.999834 1.000728 1.000528 
9.870650 0.999895 1.000503 1.000074 1.000503 1.001368 1.000606 1.000074 1.000606 1.000618 
9.891365 0.999952 1.000557 1.000104 1.000557 1.001165 1.000641 1.000104 1.000641 1.001632 
9.912079 1.000384 1.000575 1.000037 1.000575 1.000989 1.001135 1.000037 1.001135 1.000722 
9.932794 1.000179 1.000486 1.000290 1.000486 1.001348 1.000936 1.000290 1.000936 1.000854 
9.953509 1.000355 1.000628 1.000523 1.000628 1.001105 1.000515 1.000523 1.000515 1.001800 
9.974224 1.000372 1.000615 1.000438 1.000615 1.000969 1.000866 1.000438 1.000866 1.001520 
9.994939 1.000647 1.000583 1.000497 1.000583 1.000408 1.000359 1.000497 1.000359 1.001486 
10.015654 1.000687 1.000508 1.000746 1.000508 1.000506 1.000788 1.000746 1.000788 1.001489 
10.036369 1.000776 1.000452 1.000743 1.000452 1.000626 1.000800 1.000743 1.000800 1.001346 
10.057084 1.000788 1.000557 1.000624 1.000557 1.000235 1.000805 1.000624 1.000805 1.001490 
10.077798 1.000719 1.000660 1.000669 1.000660 1.000655 1.000786 1.000669 1.000786 1.002175 
10.098513 1.000753 1.000481 1.000649 1.000481 1.000571 1.000840 1.000649 1.000840 1.001422 
10.119228 1.000630 1.000310 1.000646 1.000310 0.999679 1.000828 1.000646 1.000828 1.001317 
10.139944 1.000796 1.000150 1.000607 1.000150 1.000440 1.000349 1.000607 1.000349 1.000905 
10.160658 1.000645 1.000418 1.000476 1.000418 0.999656 0.999992 1.000476 0.999992 1.001427 
10.181373 1.000778 1.000232 1.000811 1.000232 1.000460 1.000334 1.000811 1.000334 1.000911 
10.202088 1.000574 1.000207 1.000141 1.000207 1.000059 0.999972 1.000141 0.999972 1.001415 
10.222803 1.000623 0.999934 1.000221 0.999934 0.999696 1.000534 1.000221 1.000534 1.000324 
10.243518 1.000429 0.999645 1.000335 0.999645 0.999795 0.999708 1.000335 0.999708 1.000750 
10.264233 1.000242 0.999664 1.000069 0.999664 0.999252 0.999873 1.000069 0.999873 1.000024 
10.284948 1.000235 0.999560 1.000017 0.999560 0.999393 0.999517 1.000017 0.999517 1.000170 
10.305663 1.000338 0.999758 0.999923 0.999758 1.000294 0.999381 0.999923 0.999381 1.000528 
10.326377 1.000146 0.999546 0.999872 0.999546 1.000016 0.999558 0.999872 0.999558 0.999813 
10.347092 1.000083 0.999537 0.999626 0.999537 0.999740 0.999352 0.999626 0.999352 0.999644 
10.367807 0.996961 0.996383 0.996591 0.996383 0.996256 0.996506 0.996591 0.996506 0.997110 
10.388522 0.990913 0.990355 0.990478 0.990355 0.990373 0.990450 0.990478 0.990450 0.991327 
10.409237 0.984917 0.984816 0.984460 0.984816 0.985129 0.984265 0.984460 0.984265 0.984921 
10.429952 0.978998 0.978664 0.978752 0.978664 0.979174 0.978579 0.978752 0.978579 0.978944 
10.450667 0.972810 0.972943 0.972766 0.972943 0.973975 0.972649 0.972766 0.972649 0.972840 
10.471382 0.967039 0.966986 0.966877 0.966986 0.967652 0.966652 0.966877 0.966652 0.966592 
10.492096 0.961164 0.961083 0.961152 0.961083 0.961972 0.961229 0.961152 0.961229 0.961626 
10.512811 0.955164 0.955340 0.955085 0.955340 0.955913 0.955522 0.955085 0.955522 0.955228 
10.533526 0.949331 0.949779 0.949586 0.949779 0.950813 0.949395 0.949586 0.949395 0.949515 
10.554242 0.943776 0.943854 0.943788 0.943854 0.945259 0.943556 0.943788 0.943556 0.943887 
10.574956 0.937963 0.938214 0.938037 0.938214 0.938833 0.937911 0.938037 0.937911 0.938214 
10.595671 0.932268 0.932633 0.932256 0.932633 0.933047 0.932588 0.932256 0.932588 0.932360 
10.616386 0.926556 0.926870 0.926565 0.926870 0.927618 0.926910 0.926565 0.926910 0.926300 
10.637101 0.920918 0.921016 0.920969 0.921016 0.921846 0.921322 0.920969 0.921322 0.921281 
10.657815 0.915237 0.915726 0.915420 0.915726 0.916603 0.915477 0.915420 0.915477 0.915499 
10.678531 0.909713 0.910150 0.909567 0.910150 0.910140 0.910224 0.909567 0.910224 0.909575 
10.699246 0.904065 0.904373 0.904100 0.904373 0.904709 0.904557 0.904100 0.904557 0.904575 
10.719961 0.898744 0.898790 0.898723 0.898790 0.899224 0.898694 0.898723 0.898694 0.898883 
10.740675 0.892960 0.893203 0.893247 0.893203 0.893673 0.892949 0.893247 0.892949 0.893019 
10.761390 0.887519 0.887606 0.887777 0.887606 0.888298 0.888016 0.887777 0.888016 0.888114 
10.782105 0.882073 0.882126 0.882230 0.882126 0.882746 0.882191 0.882230 0.882191 0.882733 
10.802820 0.876585 0.876765 0.876568 0.876765 0.876705 0.876569 0.876568 0.876569 0.876919 
10.823535 0.871187 0.871140 0.871365 0.871140 0.870986 0.870744 0.871365 0.870744 0.871099 
10.844250 0.865703 0.865706 0.865591 0.865706 0.865326 0.865665 0.865591 0.865665 0.866067 
10.864965 0.860334 0.860054 0.860269 0.860054 0.860189 0.860215 0.860269 0.860215 0.860807 
10.885680 0.854901 0.854570 0.854837 0.854570 0.854804 0.854713 0.854837 0.854713 0.854907 
10.906394 0.849433 0.849404 0.849610 0.849404 0.849065 0.849192 0.849610 0.849192 0.849622 
10.927109 0.844037 0.843715 0.843840 0.843715 0.843846 0.843858 0.843840 0.843858 0.844498 
10.947824 0.838634 0.838466 0.838508 0.838466 0.837920 0.838181 0.838508 0.838181 0.839380 
10.968539 0.833255 0.832835 0.833121 0.832835 0.832721 0.833339 0.833121 0.833339 0.834576 
10.989254 0.827874 0.827566 0.828060 0.827566 0.826938 0.827641 0.828060 0.827641 0.828818 
11.009969 0.822578 0.822247 0.822426 0.822247 0.822267 0.822223 0.822426 0.822223 0.823364 
11.030684 0.817207 0.816812 0.816962 0.816812 0.816955 0.816676 0.816962 0.816676 0.817753 
11.051399 0.812006 0.811663 0.811700 0.811663 0.812181 0.811471 0.811700 0.811471 0.812632 
11.072114 0.806716 0.806410 0.806485 0.806410 0.806406 0.806647 0.806485 0.806647 0.807353 
11.092829 0.801393 0.801238 0.800966 0.801238 0.800636 0.801222 0.800966 0.801222 0.802225 
11.113544 0.796147 0.795841 0.795794 0.795841 0.795845 0.795944 0.795794 0.795944 0.796290 
11.134259 0.791016 0.790607 0.790402 0.790607 0.790691 0.790450 0.790402 0.790450 0.791672 
11.154974 0.785628 0.785334 0.785314 0.785334 0.785325 0.785440 0.785314 0.785440 0.786268 
11.175688 0.780405 0.780257 0.780170 0.780257 0.780280 0.780296 0.780170 0.780296 0.780769 
11.196403 0.775219 0.774979 0.774957 0.774979 0.775171 0.775130 0.774957 0.775130 0.775572 
11.217118 0.770160 0.769898 0.769783 0.769898 0.770429 0.770175 0.769783 0.770175 0.770083 
11.237833 0.764783 0.764803 0.764639 0.764803 0.765131 0.764757 0.764639 0.764757 0.765111 
11.258548 0.759684 0.759694 0.759576 0.759694 0.759620 0.759395 0.759576 0.759395 0.760340 
11.279263 0.754757 0.754606 0.754534 0.754606 0.754922 0.754618 0.754534 0.754618 0.754783 
11.299978 0.749607 0.749550 0.749408 0.749550 0.750191 0.749784 0.749408 0.749784 0.749295 
11.320693 0.744545 0.744456 0.744227 0.744456 0.745054 0.744560 0.744227 0.744560 0.745125 
11.341407 0.739718 0.739479 0.739514 0.739479 0.739756 0.739620 0.739514 0.739620 0.739913 
11.362122 0.734594 0.734608 0.734232 0.734608 0.734521 0.734695 0.734232 0.734695 0.735393 
11.382837 0.729626 0.729574 0.729409 0.729574 0.729715 0.729985 0.729409 0.729985 0.730162 
11.403553 0.724663 0.724878 0.724631 0.724878 0.724938 0.724782 0.724631 0.724782 0.725071 
11.424267 0.719692 0.719716 0.719603 0.719716 0.719871 0.720099 0.719603 0.720099 0.720051 
11.444982 0.714861 0.714982 0.714764 0.714982 0.715468 0.715007 0.714764 0.715007 0.715035 
11.465697 0.710034 0.710052 0.709912 0.710052 0.710300 0.709949 0.709912 0.709949 0.710751 
11.486412 0.705120 0.705217 0.704979 0.705217 0.705672 0.705155 0.704979 0.705155 0.706086 
11.507126 0.700270 0.700417 0.700210 0.700417 0.700281 0.700219 0.700210 0.700219 0.701070 
11.527842 0.695420 0.695423 0.695431 0.695423 0.695608 0.695467 0.695431 0.695467 0.696138 
11.548557 0.690641 0.690680 0.690637 0.690680 0.691225 0.690776 0.690637 0.690776 0.691120 
11.569272 0.685866 0.685820 0.685719 0.685820 0.685986 0.685734 0.685719 0.685734 0.686439 
11.589986 0.681131 0.681121 0.681051 0.681121 0.681776 0.681022 0.681051 0.681022 0.681247 
11.610701 0.676299 0.676350 0.676327 0.676350 0.676575 0.676054 0.676327 0.676054 0.677136 
11.631416 0.671610 0.671578 0.671591 0.671578 0.671389 0.671706 0.671591 0.671706 0.671817 
11.652131 0.666901 0.666722 0.666846 0.666722 0.666711 0.666775 0.666846 0.666775 0.666992 
11.672846 0.662100 0.662119 0.662064 0.662119 0.662206 0.661922 0.662064 0.661922 0.662853 
11.693561 0.657447 0.657305 0.657317 0.657305 0.657505 0.657236 0.657317 0.657236 0.657733 
11.714276 0.652783 0.652797 0.652868 0.652797 0.652418 0.652690 0.652868 0.652690 0.653067 
11.734991 0.648203 0.648015 0.648118 0.648015 0.647745 0.647907 0.648118 0.647907 0.648186 
11.755705 0.643371 0.643208 0.643406 0.643208 0.642883 0.643412 0.643406 0.643412 0.643259 
11.776420 0.638683 0.638584 0.638704 0.638584 0.638512 0.638521 0.638704 0.638521 0.639060 
11.797135 0.634183 0.634063 0.634081 0.634063 0.633899 0.634249 0.634081 0.634249 0.634074 
11.817850 0.629465 0.629182 0.629351 0.629182 0.629477 0.629402 0.629351 0.629402 0.628800 
11.838565 0.624934 0.624694 0.624792 0.624694 0.624645 0.624697 0.624792 0.624697 0.624484 
11.859280 0.620210 0.620143 0.620354 0.620143 0.620298 0.620175 0.620354 0.620175 0.619985 
11.879995 0.615652 0.615418 0.615787 0.615418 0.615202 0.615838 0.615787 0.615838 0.615715 
11.900710 0.611075 0.610889 0.610944 0.610889 0.610977 0.611079 0.610944 0.611079 0.610851 
11.921424 0.606514 0.606456 0.606651 0.606456 0.606364 0.606243 0.606651 0.606243 0.606327 
11.942140 0.601989 0.601963 0.601994 0.601963 0.601743 0.601923 0.601994 0.601923 0.601827 
11.962855 0.597524 0.597479 0.597271 0.597479 0.597269 0.597476 0.597271 0.597476 0.597202 
11.983570 0.592975 0.592973 0.592836 0.592973 0.593024 0.593122 0.592836 0.593122 0.592719 
12.004284 0.588420 0.588346 0.588593 0.588346 0.588411 0.588229 0.588593 0.588229 0.588433 
12.024999 0.583997 0.583981 0.583857 0.583981 0.583948 0.584013 0.583857 0.584013 0.583487 
12.045714 0.579518 0.579427 0.579541 0.579427 0.579514 0.579630 0.579541 0.579630 0.579372 
12.066429 0.575062 0.575103 0.575144 0.575103 0.575162 0.575254 0.575144 0.575254 0.574583 
12.087144 0.570638 0.570697 0.570663 0.570697 0.570523 0.570707 0.570663 0.570707 0.570594 
12.107859 0.566199 0.566286 0.566213 0.566286 0.566515 0.566109 0.566213 0.566109 0.565723 
12.128574 0.561919 0.561902 0.561822 0.561902 0.562034 0.561670 0.561822 0.561670 0.561915 
12.149289 0.557431 0.557408 0.557474 0.557408 0.557897 0.557460 0.557474 0.557460 0.557547 
12.170003 0.553131 0.553016 0.553140 0.553016 0.553604 0.552877 0.553140 0.552877 0.553061 
12.190718 0.548867 0.548786 0.548841 0.548786 0.548898 0.549022 0.548841 0.549022 0.549119 
12.211433 0.544520 0.544561 0.544555 0.544561 0.544880 0.544777 0.544555 0.544777 0.544345 
12.232148 0.540154 0.540208 0.540215 0.540208 0.540124 0.540322 0.540215 0.540322 0.540283 
12.252863 0.535955 0.535810 0.535923 0.535810 0.536343 0.535893 0.535923 0.535893 0.535707 
12.273578 0.531691 0.531734 0.531603 0.531734 0.531805 0.531822 0.531603 0.531822 0.531733 
12.294293 0.527428 0.527404 0.527386 0.527404 0.527386 0.527530 0.527386 0.527530 0.527548 
12.315008 0.523101 0.523118 0.523198 0.523118 0.523400 0.523147 0.523198 0.523147 0.523656 
12.335722 0.518888 0.518859 0.518816 0.518859 0.518738 0.519075 0.518816 0.519075 0.519346 
12.356437 0.514610 0.514635 0.514596 0.514635 0.514578 0.514869 0.514596 0.514869 0.515152 
12.377152 0.510482 0.510429 0.510378 0.510429 0.510834 0.510644 0.510378 0.510644 0.510616 
12.397868 0.506253 0.506220 0.506212 0.506220 0.506424 0.506497 0.506212 0.506497 0.506536 
12.418582 0.502090 0.502001 0.502186 0.502001 0.502155 0.502126 0.502186 0.502126 0.502445 
12.439297 0.497962 0.497978 0.497849 0.497978 0.497982 0.498100 0.497849 0.498100 0.498399 
12.460012 0.493915 0.493864 0.493732 0.493864 0.493936 0.493789 0.493732 0.493789 0.494257 
12.480727 0.489706 0.489588 0.489717 0.489588 0.489812 0.489870 0.489717 0.489870 0.490416 
12.501441 0.485615 0.485605 0.485563 0.485605 0.485657 0.485699 0.485563 0.485699 0.485813 
12.522157 0.481507 0.481457 0.481246 0.481457 0.481781 0.481320 0.481246 0.481320 0.481556 
12.542872 0.477425 0.477308 0.477281 0.477308 0.477671 0.477454 0.477281 0.477454 0.477609 
12.563587 0.473371 0.473138 0.473187 0.473138 0.473596 0.473407 0.473187 0.473407 0.473875 
12.584301 0.469295 0.469224 0.469211 0.469224 0.469282 0.468970 0.469211 0.468970 0.469527 
12.605016 0.465324 0.465124 0.464996 0.465124 0.465581 0.465068 0.464996 0.465068 0.465728 
12.625731 0.461225 0.461033 0.461158 0.461033 0.461455 0.461044 0.461158 0.461044 0.461481 
12.646446 0.457110 0.456913 0.456999 0.456913 0.457141 0.457078 0.456999 0.457078 0.457460 
12.667161 0.453134 0.453032 0.453060 0.453032 0.453390 0.452834 0.453060 0.452834 0.453396 
12.687876 0.449144 0.448943 0.448911 0.448943 0.449706 0.448840 0.448911 0.448840 0.449547 
12.708591 0.445120 0.445028 0.445036 0.445028 0.445144 0.445116 0.445036 0.445116 0.445642 
12.729306 0.441073 0.440985 0.440913 0.440985 0.441175 0.440917 0.440913 0.440917 0.441305 
12.750021 0.437222 0.436989 0.437076 0.436989 0.437211 0.437134 0.437076 0.437134 0.437680 
12.770735 0.433251 0.433070 0.433007 0.433070 0.433238 0.432970 0.433007 0.432970 0.433468 
12.791451 0.429201 0.429203 0.429220 0.429203 0.429480 0.428936 0.429220 0.428936 0.429525 
12.812166 0.425350 0.425309 0.425231 0.425309 0.425459 0.424979 0.425231 0.424979 0.425603 
12.832880 0.421333 0.421242 0.421209 0.421242 0.421799 0.421196 0.421209 0.421196 0.421782 
12.853595 0.417476 0.417427 0.417360 0.417427 0.417707 0.417148 0.417360 0.417148 0.417660 
12.874310 0.413567 0.413492 0.413426 0.413492 0.413902 0.413193 0.413426 0.413193 0.413951 
12.895025 0.409678 0.409693 0.409507 0.409693 0.409528 0.409398 0.409507 0.409398 0.409871 
12.915740 0.405769 0.405839 0.405734 0.405839 0.406057 0.405646 0.405734 0.405646 0.406012 
12.936455 0.401916 0.401981 0.401811 0.401981 0.402071 0.401845 0.401811 0.401845 0.402302 
12.957170 0.398087 0.398077 0.397982 0.398077 0.398156 0.398008 0.397982 0.398008 0.398520 
12.977885 0.394199 0.394320 0.394224 0.394320 0.394383 0.394111 0.394224 0.394111 0.394266 
12.998600 0.390393 0.390405 0.390353 0.390405 0.390599 0.390203 0.390353 0.390203 0.390740 
13.019314 0.386599 0.386616 0.386603 0.386616 0.386858 0.386375 0.386603 0.386375 0.386828 
13.040029 0.382773 0.382899 0.382802 0.382899 0.383008 0.382551 0.382802 0.382551 0.383136 
13.060744 0.379057 0.378943 0.379156 0.378943 0.379344 0.378985 0.379156 0.378985 0.379356 
13.081459 0.375305 0.375253 0.375304 0.375253 0.375431 0.375101 0.375304 0.375101 0.375725 
13.102174 0.371504 0.371547 0.371541 0.371547 0.371806 0.371529 0.371541 0.371529 0.372021 
13.122889 0.367762 0.367795 0.367829 0.367795 0.368133 0.367529 0.367829 0.367529 0.368137 
13.143604 0.364029 0.364040 0.364049 0.364040 0.364573 0.364081 0.364049 0.364081 0.364536 
13.164319 0.360367 0.360336 0.360347 0.360336 0.360573 0.360155 0.360347 0.360155 0.360610 
13.185033 0.356672 0.356637 0.356626 0.356637 0.356810 0.356596 0.356626 0.356596 0.356746 
13.205748 0.352947 0.352920 0.352944 0.352920 0.353170 0.352818 0.352944 0.352818 0.353097 
13.226463 0.349265 0.349361 0.349243 0.349361 0.349639 0.349006 0.349243 0.349006 0.349341 
13.247179 0.345609 0.345566 0.345685 0.345566 0.345885 0.345379 0.345685 0.345379 0.345758 
13.267893 0.341939 0.341964 0.341932 0.341964 0.342346 0.341777 0.341932 0.341777 0.341933 
13.288608 0.338337 0.338302 0.338297 0.338302 0.338742 0.338184 0.338297 0.338184 0.338679 
13.309323 0.334693 0.334665 0.334687 0.334665 0.335041 0.334480 0.334687 0.334480 0.334734 
13.330038 0.331109 0.331006 0.331017 0.331006 0.331553 0.330849 0.331017 0.330849 0.331029 
13.350752 0.327435 0.327415 0.327475 0.327415 0.327878 0.327242 0.327475 0.327242 0.327432 
13.371468 0.323837 0.323812 0.323849 0.323812 0.324400 0.323729 0.323849 0.323729 0.323814 
13.392183 0.320286 0.320209 0.320213 0.320209 0.320691 0.320152 0.320213 0.320152 0.320070 
13.412898 0.316681 0.316729 0.316706 0.316729 0.316932 0.316584 0.316706 0.316584 0.316697 
13.433612 0.313150 0.313084 0.313080 0.313084 0.313302 0.313014 0.313080 0.313014 0.312848 
13.454327 0.309538 0.309457 0.309530 0.309457 0.310017 0.309397 0.309530 0.309397 0.309665 
13.475042 0.305963 0.305949 0.305957 0.305949 0.306261 0.306003 0.305957 0.306003 0.305855 
13.495757 0.302415 0.302372 0.302418 0.302372 0.302827 0.302312 0.302418 0.302312 0.302495 
13.516472 0.298918 0.298880 0.298857 0.298880 0.299100 0.298686 0.298857 0.298686 0.298958 
13.537187 0.295405 0.295287 0.295366 0.295287 0.295669 0.295498 0.295366 0.295498 0.295518 
13.557902 0.291839 0.291818 0.291834 0.291818 0.292029 0.291805 0.291834 0.291805 0.291722 
13.578617 0.288486 0.288312 0.288319 0.288312 0.288459 0.288331 0.288319 0.288331 0.288332 
13.599331 0.284914 0.284787 0.284842 0.284787 0.284907 0.284736 0.284842 0.284736 0.285253 
13.620046 0.281462 0.281275 0.281331 0.281275 0.281551 0.281473 0.281331 0.281473 0.281353 
13.640761 0.277977 0.277836 0.277889 0.277836 0.277778 0.277982 0.277889 0.277982 0.278140 
13.661477 0.274508 0.274348 0.274426 0.274348 0.274515 0.274571 0.274426 0.274571 0.274688 
13.682191 0.271080 0.270940 0.271058 0.270940 0.271077 0.271129 0.271058 0.271129 0.271341 
13.702906 0.267632 0.267537 0.267539 0.267537 0.267649 0.267699 0.267539 0.267699 0.267524 
13.723621 0.264227 0.264139 0.264109 0.264139 0.264216 0.264311 0.264109 0.264311 0.264314 
13.744336 0.260783 0.260603 0.260767 0.260603 0.260947 0.260804 0.260767 0.260804 0.260871 
13.765050 0.257379 0.257358 0.257299 0.257358 0.257650 0.257437 0.257299 0.257437 0.257453 
13.785766 0.253941 0.253934 0.253982 0.253934 0.254086 0.254040 0.253982 0.254040 0.254046 
13.806481 0.250583 0.250554 0.250484 0.250554 0.250607 0.250574 0.250484 0.250574 0.250622 
13.827196 0.247177 0.247239 0.247137 0.247239 0.247198 0.247184 0.247137 0.247184 0.247293 
13.847910 0.243823 0.243780 0.243778 0.243780 0.243916 0.244029 0.243778 0.244029 0.243735 
13.868625 0.240504 0.240434 0.240440 0.240434 0.240414 0.240505 0.240440 0.240505 0.240383 
13.889340 0.237140 0.237181 0.237144 0.237181 0.237197 0.237295 0.237144 0.237295 0.237263 
13.910055 0.233782 0.233765 0.233794 0.233765 0.233730 0.233885 0.233794 0.233885 0.233979 
13.930770 0.230416 0.230499 0.230429 0.230499 0.230358 0.230597 0.230429 0.230597 0.230761 
13.951485 0.227163 0.227230 0.227115 0.227230 0.227174 0.227227 0.227115 0.227227 0.227264 
13.972200 0.223885 0.223844 0.223875 0.223844 0.224073 0.223934 0.223875 0.223934 0.223929 
13.992915 0.220573 0.220588 0.220538 0.220588 0.220766 0.220749 0.220538 0.220749 0.220496 
14.013629 0.217295 0.217281 0.217251 0.217281 0.217369 0.217495 0.217251 0.217495 0.217428 
14.034344 0.214015 0.214028 0.213984 0.214028 0.213857 0.214194 0.213984 0.214194 0.214040 
14.055059 0.210743 0.210693 0.210785 0.210693 0.210876 0.210845 0.210785 0.210845 0.210783 
14.075774 0.207508 0.207484 0.207568 0.207484 0.207658 0.207502 0.207568 0.207502 0.207491 
14.096489 0.204268 0.204299 0.204227 0.204299 0.204242 0.204333 0.204227 0.204333 0.204193 
14.117204 0.201005 0.200995 0.201000 0.200995 0.201096 0.201132 0.201000 0.201132 0.201155 
14.137919 0.197804 0.197771 0.197834 0.197771 0.197835 0.197808 0.197834 0.197808 0.197891 
14.158634 0.194627 0.194590 0.194626 0.194590 0.194564 0.194767 0.194626 0.194767 0.194661 
14.179348 0.191373 0.191388 0.191476 0.191388 0.191456 0.191571 0.191476 0.191571 0.191474 
14.200063 0.188235 0.188161 0.188153 0.188161 0.188216 0.188205 0.188153 0.188205 0.188151 
14.220778 0.185022 0.185014 0.185035 0.185014 0.185012 0.184973 0.185035 0.184973 0.184926 
14.241494 0.181831 0.181846 0.181855 0.181846 0.181883 0.181708 0.181855 0.181708 0.181928 
14.262208 0.178701 0.178652 0.178682 0.178652 0.178761 0.178583 0.178682 0.178583 0.178644 
14.282923 0.175537 0.175476 0.175529 0.175476 0.175587 0.175509 0.175529 0.175509 0.175505 
14.303638 0.172433 0.172334 0.172404 0.172334 0.172497 0.172274 0.172404 0.172274 0.172360 
14.324353 0.169303 0.169226 0.169213 0.169226 0.169263 0.169086 0.169213 0.169086 0.169302 
14.345068 0.166077 0.166033 0.166113 0.166033 0.165912 0.165977 0.166113 0.165977 0.166051 
14.365783 0.162989 0.162944 0.162965 0.162944 0.163123 0.162952 0.162965 0.162952 0.162963 
14.386498 0.159884 0.159893 0.159844 0.159893 0.159710 0.159869 0.159844 0.159869 0.159830 
14.407213 0.156714 0.156753 0.156739 0.156753 0.156921 0.156741 0.156739 0.156741 0.156831 
14.427927 0.153674 0.153687 0.153587 0.153687 0.153729 0.153641 0.153587 0.153641 0.153643 
14.448642 0.150574 0.150593 0.150549 0.150593 0.150521 0.150601 0.150549 0.150601 0.150659 
14.469357 0.147481 0.147416 0.147439 0.147416 0.147520 0.147516 0.147439 0.147516 0.147514 
14.490072 0.144368 0.144376 0.144378 0.144376 0.144405 0.144307 0.144378 0.144307 0.144572 
14.510787 0.141376 0.141257 0.141270 0.141257 0.141340 0.141245 0.141270 0.141245 0.141340 
14.531502 0.138294 0.138287 0.138281 0.138287 0.138286 0.138302 0.138281 0.138302 0.138511 
14.552217 0.135276 0.135252 0.135210 0.135252 0.135424 0.135279 0.135210 0.135279 0.135163 
14.572932 0.132215 0.132217 0.132185 0.132217 0.132294 0.132268 0.132185 0.132268 0.132314 
14.593647 0.129147 0.129184 0.129168 0.129184 0.129262 0.129184 0.129168 0.129184 0.129138 
14.614361 0.126175 0.126171 0.126204 0.126171 0.126262 0.126132 0.126204 0.126132 0.126292 
14.635077 0.123126 0.123145 0.123065 0.123145 0.123071 0.123125 0.123065 0.123125 0.123252 
14.655792 0.120225 0.120181 0.120181 0.120181 0.120288 0.120167 0.120181 0.120167 0.120218 
14.676507 0.117468 0.117470 0.117531 0.117470 0.117544 0.117458 0.117531 0.117458 0.117678 
14.697221 0.114849 0.114811 0.114851 0.114811 0.114903 0.114920 0.114851 0.114920 0.114922 
14.717936 0.112402 0.112395 0.112387 0.112395 0.112336 0.112344 0.112387 0.112344 0.112405 
14.738651 0.109979 0.109947 0.109975 0.109947 0.110019 0.110006 0.109975 0.110006 0.110087 
14.759366 0.107664 0.107596 0.107605 0.107596 0.107670 0.107777 0.107605 0.107777 0.107744 
14.780081 0.105360 0.105368 0.105298 0.105368 0.105378 0.105372 0.105298 0.105372 0.105524 
14.800796 0.103169 0.103120 0.103163 0.103120 0.103233 0.103158 0.103163 0.103158 0.103248 
14.821511 0.100982 0.100910 0.100991 0.100910 0.100901 0.101052 0.100991 0.101052 0.101016 
14.842226 0.098876 0.098885 0.098890 0.098885 0.098932 0.099003 0.098890 0.099003 0.099051 
14.862940 0.096850 0.096869 0.096845 0.096869 0.096889 0.096844 0.096845 0.096844 0.096863 
14.883655 0.094825 0.094778 0.094868 0.094778 0.094855 0.094779 0.094868 0.094779 0.094859 
14.904370 0.092886 0.092876 0.092911 0.092876 0.092882 0.092877 0.092911 0.092877 0.092952 
14.925085 0.090974 0.090939 0.090897 0.090939 0.091002 0.090888 0.090897 0.090888 0.091017 
14.945800 0.089092 0.089075 0.089053 0.089075 0.089080 0.089075 0.089053 0.089075 0.089169 
14.966515 0.087274 0.087252 0.087236 0.087252 0.087086 0.087263 0.087236 0.087263 0.087316 
14.987230 0.085460 0.085442 0.085461 0.085442 0.085509 0.085457 0.085461 0.085457 0.085446 
15.007945 0.083713 0.083670 0.083686 0.083670 0.083581 0.083644 0.083686 0.083644 0.083701 
15.028659 0.081982 0.081964 0.081946 0.081964 0.081943 0.081986 0.081946 0.081986 0.082030 
15.049374 0.080241 0.080292 0.080311 0.080292 0.080162 0.080334 0.080311 0.080334 0.080309 
15.070089 0.078558 0.078587 0.078618 0.078587 0.078509 0.078600 0.078618 0.078600 0.078604 
15.090805 0.076997 0.076996 0.076955 0.076996 0.076908 0.077059 0.076955 0.077059 0.076939 
15.111519 0.075393 0.075390 0.075393 0.075390 0.075314 0.075437 0.075393 0.075437 0.075327 
15.132234 0.073799 0.073814 0.073850 0.073814 0.073722 0.073859 0.073850 0.073859 0.073710 
15.152949 0.072267 0.072317 0.072271 0.072317 0.072136 0.072238 0.072271 0.072238 0.072168 
15.173664 0.070785 0.070771 0.070769 0.070771 0.070648 0.070741 0.070769 0.070741 0.070765 
15.194379 0.069299 0.069277 0.069266 0.069277 0.069144 0.069306 0.069266 0.069306 0.069134 
15.215094 0.067845 0.067839 0.067847 0.067839 0.067669 0.067825 0.067847 0.067825 0.067840 
15.235809 0.066387 0.066406 0.066392 0.066406 0.066324 0.066418 0.066392 0.066418 0.066395 
15.256524 0.065017 0.065042 0.064979 0.065042 0.064859 0.065052 0.064979 0.065052 0.065001 
15.277238 0.063613 0.063622 0.063599 0.063622 0.063521 0.063609 0.063599 0.063609 0.063534 
15.297953 0.062253 0.062274 0.062277 0.062274 0.062193 0.062360 0.062277 0.062360 0.062265 
15.318668 0.060924 0.060925 0.060918 0.060925 0.060805 0.060977 0.060918 0.060977 0.060923 
15.339383 0.059634 0.059654 0.059620 0.059654 0.059592 0.059709 0.059620 0.059709 0.059606 
15.360098 0.058349 0.058341 0.058340 0.058341 0.058330 0.058340 0.058340 0.058340 0.058369 
15.380813 0.057101 0.057089 0.057074 0.057089 0.057100 0.057137 0.057074 0.057137 0.057058 
15.401528 0.055880 0.055867 0.055851 0.055867 0.055897 0.055845 0.055851 0.055845 0.055818 
15.422243 0.054635 0.054619 0.054642 0.054619 0.054640 0.054736 0.054642 0.054736 0.054559 
15.442957 0.053447 0.053433 0.053478 0.053433 0.053449 0.053469 0.053478 0.053469 0.053463 
15.463672 0.052294 0.052248 0.052281 0.052248 0.052182 0.052280 0.052281 0.052280 0.052157 
15.484387 0.051101 0.051095 0.051102 0.051095 0.051092 0.051190 0.051102 0.051190 0.051060 
15.505103 0.050001 0.049958 0.049971 0.049958 0.050004 0.050041 0.049971 0.050041 0.049934 
15.525817 0.048865 0.048857 0.048884 0.048857 0.048867 0.048933 0.048884 0.048933 0.048852 
15.546532 0.047804 0.047792 0.047802 0.047792 0.047737 0.047774 0.047802 0.047774 0.047826 
15.567247 0.046691 0.046686 0.046728 0.046686 0.046649 0.046792 0.046728 0.046792 0.046642 
15.587962 0.045655 0.045638 0.045668 0.045638 0.045662 0.045682 0.045668 0.045682 0.045628 
15.608676 0.044617 0.044631 0.044650 0.044631 0.044618 0.044656 0.044650 0.044656 0.044527 
15.629392 0.043609 0.043574 0.043589 0.043574 0.043565 0.043656 0.043589 0.043656 0.043606 
15.650107 0.042607 0.042586 0.042599 0.042586 0.042625 0.042627 0.042599 0.042627 0.042550 
15.670822 0.041627 0.041634 0.041620 0.041634 0.041600 0.041651 0.041620 0.041651 0.041620 
15.691536 0.040654 0.040645 0.040649 0.040645 0.040643 0.040683 0.040649 0.040683 0.040652 
15.712251 0.039709 0.039697 0.039687 0.039697 0.039700 0.039696 0.039687 0.039696 0.039753 
15.732966 0.038772 0.038756 0.038741 0.038756 0.038706 0.038795 0.038741 0.038795 0.038796 
15.753681 0.037866 0.037845 0.037840 0.037845 0.037813 0.037896 0.037840 0.037896 0.037767 
15.774396 0.036965 0.036980 0.036939 0.036980 0.036953 0.037000 0.036939 0.037000 0.036949 
15.795111 0.036083 0.036069 0.036080 0.036069 0.036142 0.036122 0.036080 0.036122 0.036065 
15.815826 0.035211 0.035210 0.035205 0.035210 0.035228 0.035246 0.035205 0.035246 0.035314 
15.836541 0.034344 0.034348 0.034371 0.034348 0.034332 0.034322 0.034371 0.034322 0.034367 
15.857255 0.033518 0.033504 0.033514 0.033504 0.033560 0.033500 0.033514 0.033500 0.033584 
15.877970 0.032684 0.032680 0.032689 0.032680 0.032722 0.032662 0.032689 0.032662 0.032703 
15.898685 0.031886 0.031852 0.031872 0.031852 0.031813 0.031919 0.031872 0.031919 0.031893 
15.919400 0.031090 0.031089 0.031076 0.031089 0.031105 0.031095 0.031076 0.031095 0.031140 
15.940115 0.030316 0.030318 0.030316 0.030318 0.030327 0.030351 0.030316 0.030351 0.030355 
15.960830 0.029537 0.029532 0.029550 0.029532 0.029559 0.029520 0.029550 0.029520 0.029512 
15.981545 0.028783 0.028800 0.028786 0.028800 0.028807 0.028817 0.028786 0.028817 0.028852 
16.002260 0.028063 0.028036 0.028056 0.028036 0.028024 0.028058 0.028056 0.028058 0.028059 
16.022975 0.027323 0.027306 0.027320 0.027306 0.027302 0.027362 0.027320 0.027362 0.027295 
16.043690 0.026615 0.026575 0.026598 0.026575 0.026645 0.026647 0.026598 0.026647 0.026645 
16.064404 0.025918 0.025893 0.025902 0.025893 0.025863 0.025910 0.025902 0.025910 0.025988 
16.085119 0.025214 0.025222 0.025229 0.025222 0.025177 0.025202 0.025229 0.025202 0.025216 
16.105834 0.024555 0.024535 0.024546 0.024535 0.024540 0.024575 0.024546 0.024575 0.024498 
16.126550 0.023876 0.023893 0.023877 0.023893 0.023859 0.023885 0.023877 0.023885 0.023838 
16.147264 0.023238 0.023228 0.023224 0.023228 0.023249 0.023209 0.023224 0.023209 0.023220 
16.167979 0.022597 0.022577 0.022587 0.022577 0.022576 0.022608 0.022587 0.022608 0.022549 
16.188694 0.021964 0.021963 0.021965 0.021963 0.021971 0.021983 0.021965 0.021983 0.021929 
16.209409 0.021356 0.021355 0.021359 0.021355 0.021336 0.021382 0.021359 0.021382 0.021331 
16.230124 0.020750 0.020760 0.020733 0.020760 0.020724 0.020772 0.020733 0.020772 0.020759 
16.250838 0.020151 0.020173 0.020173 0.020173 0.020161 0.020151 0.020173 0.020151 0.020153 
16.271554 0.019573 0.019580 0.019567 0.019580 0.019554 0.019566 0.019567 0.019566 0.019524 
16.292269 0.019021 0.019025 0.018993 0.019025 0.019012 0.019033 0.018993 0.019033 0.019005 
16.312984 0.018446 0.018451 0.018444 0.018451 0.018463 0.018418 0.018444 0.018418 0.018432 
16.333698 0.017907 0.017901 0.017912 0.017901 0.017930 0.017919 0.017912 0.017919 0.017901 
16.354413 0.017373 0.017383 0.017371 0.017383 0.017392 0.017345 0.017371 0.017345 0.017311 
16.375128 0.016848 0.016855 0.016853 0.016855 0.016877 0.016849 0.016853 0.016849 0.016829 
16.395843 0.016329 0.016346 0.016326 0.016346 0.016341 0.016319 0.016326 0.016319 0.016305 
16.416558 0.015811 0.015816 0.015831 0.015816 0.015833 0.015832 0.015831 0.015832 0.015805 
16.437273 0.015343 0.015335 0.015334 0.015335 0.015397 0.015289 0.015334 0.015289 0.015310 
16.457988 0.014845 0.014845 0.014860 0.014845 0.014891 0.014824 0.014860 0.014824 0.014794 
16.478703 0.014363 0.014376 0.014380 0.014376 0.014399 0.014398 0.014380 0.014398 0.014363 
16.499417 0.013919 0.013917 0.013914 0.013917 0.013903 0.013897 0.013914 0.013897 0.013888 
16.520132 0.013458 0.013454 0.013465 0.013454 0.013515 0.013447 0.013465 0.013447 0.013456 
16.540847 0.013016 0.013015 0.013010 0.013015 0.013053 0.012998 0.013010 0.012998 0.013014 
16.561563 0.012575 0.012576 0.012604 0.012576 0.012568 0.012570 0.012604 0.012570 0.012579 
16.582277 0.012159 0.012160 0.012170 0.012160 0.012191 0.012140 0.012170 0.012140 0.012150 
16.602992 0.011732 0.011734 0.011739 0.011734 0.011740 0.011723 0.011739 0.011723 0.011743 
16.623707 0.011325 0.011331 0.011339 0.011331 0.011305 0.011322 0.011339 0.011322 0.011303 
16.644422 0.010924 0.010924 0.010938 0.010924 0.010940 0.010926 0.010938 0.010926 0.010903 
16.665136 0.010539 0.010531 0.010554 0.010531 0.010557 0.010532 0.010554 0.010532 0.010517 
16.685851 0.010150 0.010143 0.010166 0.010143 0.010185 0.010149 0.010166 0.010149 0.010159 
16.706567 0.009777 0.009773 0.009777 0.009773 0.009779 0.009759 0.009777 0.009759 0.009790 
16.727282 0.009412 0.009421 0.009422 0.009421 0.009424 0.009419 0.009422 0.009419 0.009458 
16.747996 0.009067 0.009058 0.009064 0.009058 0.009077 0.009046 0.009064 0.009046 0.009095 
16.768711 0.008716 0.008719 0.008709 0.008719 0.008718 0.008698 0.008709 0.008698 0.008753 
16.789426 0.008371 0.008370 0.008380 0.008370 0.008350 0.008358 0.008380 0.008358 0.008422 
16.810141 0.008044 0.008038 0.008049 0.008038 0.008048 0.008027 0.008049 0.008027 0.008076 
16.830855 0.007716 0.007714 0.007708 0.007714 0.007742 0.007701 0.007708 0.007701 0.007751 
16.851571 0.007400 0.007398 0.007400 0.007398 0.007440 0.007396 0.007400 0.007396 0.007419 
16.872286 0.007095 0.007097 0.007096 0.007097 0.007076 0.007087 0.007096 0.007087 0.007118 
16.893001 0.006795 0.006788 0.006791 0.006788 0.006806 0.006795 0.006791 0.006795 0.006799 
16.913715 0.006503 0.006493 0.006498 0.006493 0.006493 0.006501 0.006498 0.006501 0.006517 
16.934430 0.006219 0.006218 0.006212 0.006218 0.006225 0.006221 0.006212 0.006221 0.006240 
16.955145 0.005936 0.005943 0.005936 0.005943 0.005898 0.005938 0.005936 0.005938 0.005974 
16.975860 0.005677 0.005671 0.005667 0.005671 0.005678 0.005660 0.005667 0.005660 0.005672 
16.996575 0.005404 0.005406 0.005394 0.005406 0.005412 0.005418 0.005394 0.005418 0.005399 
17.017290 0.005154 0.005153 0.005151 0.005153 0.005147 0.005130 0.005151 0.005130 0.005176 
17.038005 0.004901 0.004907 0.004893 0.004907 0.004889 0.004901 0.004893 0.004901 0.004899 
17.058720 0.004663 0.004662 0.004655 0.004662 0.004654 0.004648 0.004655 0.004648 0.004677 
17.079434 0.004428 0.004432 0.004413 0.004432 0.004421 0.004432 0.004413 0.004432 0.004426 
17.100149 0.004196 0.004203 0.004192 0.004203 0.004219 0.004187 0.004192 0.004187 0.004204 
17.120864 0.003984 0.003982 0.003970 0.003982 0.003957 0.003976 0.003970 0.003976 0.003978 
17.141580 0.003767 0.003772 0.003758 0.003772 0.003783 0.003776 0.003758 0.003776 0.003774 
17.162294 0.003569 0.003562 0.003553 0.003562 0.003548 0.003564 0.003553 0.003564 0.003558 
17.183009 0.003362 0.003358 0.003353 0.003358 0.003357 0.003358 0.003353 0.003358 0.003353 
17.203724 0.003163 0.003168 0.003156 0.003168 0.003169 0.003159 0.003156 0.003159 0.003165 
17.224439 0.002981 0.002979 0.002971 0.002979 0.002968 0.002982 0.002971 0.002982 0.002974 
17.245154 0.002800 0.002804 0.002801 0.002804 0.002794 0.002808 0.002801 0.002808 0.002808 
17.265869 0.002623 0.002627 0.002623 0.002627 0.002627 0.002634 0.002623 0.002634 0.002631 
17.286584 0.002455 0.002452 0.002457 0.002452 0.002436 0.002465 0.002457 0.002465 0.002450 
17.307299 0.002298 0.002293 0.002295 0.002293 0.002293 0.002314 0.002295 0.002314 0.002281 
17.328013 0.002140 0.002140 0.002137 0.002140 0.002145 0.002147 0.002137 0.002147 0.002129 
17.348728 0.001991 0.001984 0.001995 0.001984 0.001981 0.001992 0.001995 0.001992 0.001984 
17.369443 0.001842 0.001840 0.001849 0.001840 0.001831 0.001851 0.001849 0.001851 0.001853 
17.390159 0.001706 0.001706 0.001709 0.001706 0.001714 0.001713 0.001709 0.001713 0.001701 
17.410873 0.001575 0.001570 0.001575 0.001570 0.001564 0.001593 0.001575 0.001593 0.001576 
17.431588 0.001448 0.001448 0.001453 0.001448 0.001439 0.001461 0.001453 0.001461 0.001444 
17.452303 0.001327 0.001320 0.001333 0.001320 0.001328 0.001343 0.001333 0.001343 0.001331 
17.473018 0.001213 0.001208 0.001219 0.001208 0.001197 0.001224 0.001219 0.001224 0.001219 
17.493732 0.001103 0.001096 0.001106 0.001096 0.001102 0.001113 0.001106 0.001113 0.001113 
17.514447 0.001000 0.000999 0.001002 0.000999 0.001010 0.001008 0.001002 0.001008 0.001005 
17.535163 0.000899 0.000898 0.000903 0.000898 0.000904 0.000908 0.000903 0.000908 0.000905 
17.555878 0.000807 0.000806 0.000810 0.000806 0.000817 0.000811 0.000810 0.000811 0.000815 
17.576592 0.000721 0.000722 0.000719 0.000722 0.000729 0.000723 0.000719 0.000723 0.000718 
17.597307 0.000639 0.000637 0.000641 0.000637 0.000636 0.000643 0.000641 0.000643 0.000629 
17.618022 0.000564 0.000560 0.000561 0.000560 0.000556 0.000566 0.000561 0.000566 0.000558 
17.638737 0.000491 0.000489 0.000491 0.000489 0.000489 0.000488 0.000491 0.000488 0.000479 
17.659451 0.000424 0.000424 0.000425 0.000424 0.000432 0.000429 0.000425 0.000429 0.000419 
17.680167 0.000361 0.000360 0.000362 0.000360 0.000365 0.000361 0.000362 0.000361 0.000354 
17.700882 0.000305 0.000307 0.000304 0.000307 0.000309 0.000306 0.000304 0.000306 0.000303 
17.721597 0.000256 0.000253 0.000254 0.000253 0.000253 0.000259 0.000254 0.000259 0.000249 
17.742311 0.000208 0.000207 0.000206 0.000207 0.000211 0.000204 0.000206 0.000204 0.000197 
17.763026 0.000165 0.000166 0.000163 0.000166 0.000169 0.000167 0.000163 0.000167 0.000161 
17.783741 0.000128 0.000129 0.000129 0.000129 0.000131 0.000126 0.000129 0.000126 0.000122 
17.804456 0.000096 0.000095 0.000096 0.000095 0.000098 0.000097 0.000096 0.000097 0.000095 
17.825171 0.000069 0.000068 0.000069 0.000068 0.000068 0.000067 0.000069 0.000067 0.000065 
17.845886 0.000046 0.000047 0.000046 0.000047 0.000047 0.000046 0.000046 0.000046 0.000044 
17.866601 0.000028 0.000028 0.000028 0.000028 0.000027 0.000028 0.000028 0.000028 0.000028 
17.887316 0.000014 0.000014 0.000014 0.000014 0.000016 0.000014 0.000014 0.000014 0.000014 
17.908031 0.000005 0.000005 0.000005 0.000005 0.000006 0.000005 0.000005 0.000005 0.000005 
17.928745 0.000001 0.000001 0.000001 0.000001 0.000001 0.000001 0.000001 0.000001 0.000001 
17.949460 0.000000 0.000000 0.000000 0.000000 0.000000 0.000000 0.000000 0.000000 0.000000 
17.970176 0.000000 0.000000 0.000000 0.000000 0.000000 0.000000 0.000000 0.000000 0.000000 
17.990891 0.000000 0.000000 0.000000 0.000000 0.000000 0.000000 0.000000 0.000000 0.000000 
18.011605 0.000000 0.000000 0.000000 0.000000 0.000000 0.000000 0.000000 0.000000 0.000000 
18.032320 0.000000 0.000000 0.000000 0.000000 0.000000 0.000000 0.000000 0.000000 0.000000 
18.053035 0.000000 0.000000 0.000000 0.000000 0.000000 0.000000 0.000000 0.000000 0.000000 
18.073750 0.000000 0.000000 0.000000 0.000000 0.000000 0.000000 0.000000 0.000000 0.000000 
18.094464 0.000000 0.000000 0.000000 0.000000 0.000000 0.000000 0.000000 0.000000 0.000000 
18.115180 0.000000 0.000000 0.000000 0.000000 0.000000 0.000000 0.000000 0.000000 0.000000 
18.135895 0.000000 0.000000 0.000000 0.000000 0.000000 0.000000 0.000000 0.000000 0.000000 
18.156610 0.000000 0.000000 0.000000 0.000000 0.000000 0.000000 0.000000 0.000000 0.000000 
18.177324 0.000000 0.000000 0.000000 0.000000 0.000000 0.000000 0.000000 0.000000 0.000000 
18.198039 0.000000 0.000000 0.000000 0.000000 0.000000 0.000000 0.000000 0.000000 0.000000 
18.218754 0.000000 0.000000 0.000000 0.000000 0.000000 0.000000 0.000000 0.000000 0.000000 
18.239469 0.000000 0.000000 0.000000 0.000000 0.000000 0.000000 0.000000 0.000000 0.000000 
18.260184 0.000000 0.000000 0.000000 0.000000 0.000000 0.000000 0.000000 0.000000 0.000000 
18.280899 0.000000 0.000000 0.000000 0.000000 0.000000 0.000000 0.000000 0.000000 0.000000 
18.301614 0.000000 0.000000 0.000000 0.000000 0.000000 0.000000 0.000000 0.000000 0.000000 
18.322329 0.000000 0.000000 0.000000 0.000000 0.000000 0.000000 0.000000 0.000000 0.000000 
18.343043 0.000000 0.000000 0.000000 0.000000 0.000000 0.000000 0.000000 0.000000 0.000000 
18.363758 0.000000 0.000000 0.000000 0.000000 0.000000 0.000000 0.000000 0.000000 0.000000 
18.384473 0.000000 0.000000 0.000000 0.000000 0.000000 0.000000 0.000000 0.000000 0.000000 
18.405189 0.000000 0.000000 0.000000 0.000000 0.000000 0.000000 0.000000 0.000000 0.000000 
18.425903 0.000000 0.000000 0.000000 0.000000 0.000000 0.000000 0.000000 0.000000 0.000000 
18.446618 0.000000 0.000000 0.000000 0.000000 0.000000 0.000000 0.000000 0.000000 0.000000 
18.467333 0.000000 0.000000 0.000000 0.000000 0.000000 0.000000 0.000000 0.000000 0.000000 
18.488048 0.000000 0.000000 0.000000 0.000000 0.000000 0.000000 0.000000 0.000000 0.000000 
18.508762 0.000000 0.000000 0.000000 0.000000 0.000000 0.000000 0.000000 0.000000 0.000000 
18.529477 0.000000 0.000000 0.000000 0.000000 0.000000 0.000000 0.000000 0.000000 0.000000 
18.550193 0.000000 0.000000 0.000000 0.000000 0.000000 0.000000 0.000000 0.000000 0.000000 
18.570908 0.000000 0.000000 0.000000 0.000000 0.000000 0.000000 0.000000 0.000000 0.000000 
18.591622 0.000000 0.000000 0.000000 0.000000 0.000000 0.000000 0.000000 0.000000 0.000000 
18.612337 0.000000 0.000000 0.000000 0.000000 0.000000 0.000000 0.000000 0.000000 0.000000 
18.633052 0.000000 0.000000 0.000000 0.000000 0.000000 0.000000 0.000000 0.000000 0.000000 
18.653767 0.000000 0.000000 0.000000 0.000000 0.000000 0.000000 0.000000 0.000000 0.000000 
18.674481 0.000000 0.000000 0.000000 0.000000 0.000000 0.000000 0.000000 0.000000 0.000000 
18.695197 0.000000 0.000000 0.000000 0.000000 0.000000 0.000000 0.000000 0.000000 0.000000 
18.715912 0.000000 0.000000 0.000000 0.000000 0.000000 0.000000 0.000000 0.000000 0.000000 
18.736627 0.000000 0.000000 0.000000 0.000000 0.000000 0.000000 0.000000 0.000000 0.000000 
18.757341 0.000000 0.000000 0.000000 0.000000 0.000000 0.000000 0.000000 0.000000 0.000000 
18.778056 0.000000 0.000000 0.000000 0.000000 0.000000 0.000000 0.000000 0.000000 0.000000 
18.798772 0.000000 0.000000 0.000000 0.000000 0.000000 0.000000 0.000000 0.000000 0.000000 
18.819487 0.000000 0.000000 0.000000 0.000000 0.000000 0.000000 0.000000 0.000000 0.000000 
18.840201 0.000000 0.000000 0.000000 0.000000 0.000000 0.000000 0.000000 0.000000 0.000000 
18.860916 0.000000 0.000000 0.000000 0.000000 0.000000 0.000000 0.000000 0.000000 0.000000 
18.881631 0.000000 0.000000 0.000000 0.000000 0.000000 0.000000 0.000000 0.000000 0.000000 
18.902346 0.000000 0.000000 0.000000 0.000000 0.000000 0.000000 0.000000 0.000000 0.000000 
18.923060 0.000000 0.000000 0.000000 0.000000 0.000000 0.000000 0.000000 0.000000 0.000000 
18.943776 0.000000 0.000000 0.000000 0.000000 0.000000 0.000000 0.000000 0.000000 0.000000 
18.964491 0.000000 0.000000 0.000000 0.000000 0.000000 0.000000 0.000000 0.000000 0.000000 
18.985206 0.000000 0.000000 0.000000 0.000000 0.000000 0.000000 0.000000 0.000000 0.000000 
19.005920 0.000000 0.000000 0.000000 0.000000 0.000000 0.000000 0.000000 0.000000 0.000000 
19.026635 0.000000 0.000000 0.000000 0.000000 0.000000 0.000000 0.000000 0.000000 0.000000 
19.047350 0.000000 0.000000 0.000000 0.000000 0.000000 0.000000 0.000000 0.000000 0.000000 
19.068065 0.000000 0.000000 0.000000 0.000000 0.000000 0.000000 0.000000 0.000000 0.000000 
19.088780 0.000000 0.000000 0.000000 0.000000 0.000000 0.000000 0.000000 0.000000 0.000000 
19.109495 0.000000 0.000000 0.000000 0.000000 0.000000 0.000000 0.000000 0.000000 0.000000 
19.130210 0.000000 0.000000 0.000000 0.000000 0.000000 0.000000 0.000000 0.000000 0.000000 
19.150925 0.000000 0.000000 0.000000 0.000000 0.000000 0.000000 0.000000 0.000000 0.000000 
19.171639 0.000000 0.000000 0.000000 0.000000 0.000000 0.000000 0.000000 0.000000 0.000000 
19.192354 0.000000 0.000000 0.000000 0.000000 0.000000 0.000000 0.000000 0.000000 0.000000 
19.213069 0.000000 0.000000 0.000000 0.000000 0.000000 0.000000 0.000000 0.000000 0.000000 
19.233785 0.000000 0.000000 0.000000 0.000000 0.000000 0.000000 0.000000 0.000000 0.000000 
19.254499 0.000000 0.000000 0.000000 0.000000 0.000000 0.000000 0.000000 0.000000 0.000000 
19.275214 0.000000 0.000000 0.000000 0.000000 0.000000 0.000000 0.000000 0.000000 0.000000 
19.295929 0.000000 0.000000 0.000000 0.000000 0.000000 0.000000 0.000000 0.000000 0.000000 
19.316644 0.000000 0.000000 0.000000 0.000000 0.000000 0.000000 0.000000 0.000000 0.000000 
19.337358 0.000000 0.000000 0.000000 0.000000 0.000000 0.000000 0.000000 0.000000 0.000000 
19.358073 0.000000 0.000000 0.000000 0.000000 0.000000 0.000000 0.000000 0.000000 0.000000 
19.378789 0.000000 0.000000 0.000000 0.000000 0.000000 0.000000 0.000000 0.000000 0.000000 
19.399504 0.000000 0.000000 0.000000 0.000000 0.000000 0.000000 0.000000 0.000000 0.000000 
19.420218 0.000000 0.000000 0.000000 0.000000 0.000000 0.000000 0.000000 0.000000 0.000000 
19.440933 0.000000 0.000000 0.000000 0.000000 0.000000 0.000000 0.000000 0.000000 0.000000 
19.461648 0.000000 0.000000 0.000000 0.000000 0.000000 0.000000 0.000000 0.000000 0.000000 
19.482363 0.000000 0.000000 0.000000 0.000000 0.000000 0.000000 0.000000 0.000000 0.000000 
19.503078 0.000000 0.000000 0.000000 0.000000 0.000000 0.000000 0.000000 0.000000 0.000000 
19.523793 0.000000 0.000000 0.000000 0.000000 0.000000 0.000000 0.000000 0.000000 0.000000 
19.544508 0.000000 0.000000 0.000000 0.000000 0.000000 0.000000 0.000000 0.000000 0.000000 
19.565223 0.000000 0.000000 0.000000 0.000000 0.000000 0.000000 0.000000 0.000000 0.000000 
19.585938 0.000000 0.000000 0.000000 0.000000 0.000000 0.000000 0.000000 0.000000 0.000000 
19.606652 0.000000 0.000000 0.000000 0.000000 0.000000 0.000000 0.000000 0.000000 0.000000 
19.627367 0.000000 0.000000 0.000000 0.000000 0.000000 0.000000 0.000000 0.000000 0.000000 
19.648082 0.000000 0.000000 0.000000 0.000000 0.000000 0.000000 0.000000 0.000000 0.000000 
19.668797 0.000000 0.000000 0.000000 0.000000 0.000000 0.000000 0.000000 0.000000 0.000000 
19.689512 0.000000 0.000000 0.000000 0.000000 0.000000 0.000000 0.000000 0.000000 0.000000 
19.710227 0.000000 0.000000 0.000000 0.000000 0.000000 0.000000 0.000000 0.000000 0.000000 
19.730942 0.000000 0.000000 0.000000 0.000000 0.000000 0.000000 0.000000 0.000000 0.000000 
19.751657 0.000000 0.000000 0.000000 0.000000 0.000000 0.000000 0.000000 0.000000 0.000000 
19.772371 0.000000 0.000000 0.000000 0.000000 0.000000 0.000000 0.000000 0.000000 0.000000 
19.793086 0.000000 0.000000 0.000000 0.000000 0.000000 0.000000 0.000000 0.000000 0.000000 
19.813802 0.000000 0.000000 0.000000 0.000000 0.000000 0.000000 0.000000 0.000000 0.000000 
19.834517 0.000000 0.000000 0.000000 0.000000 0.000000 0.000000 0.000000 0.000000 0.000000 
19.855231 0.000000 0.000000 0.000000 0.000000 0.000000 0.000000 0.000000 0.000000 0.000000 
19.875946 0.000000 0.000000 0.000000 0.000000 0.000000 0.000000 0.000000 0.000000 0.000000 
19.896661 0.000000 0.000000 0.000000 0.000000 0.000000 0.000000 0.000000 0.000000 0.000000 
19.917376 0.000000 0.000000 0.000000 0.000000 0.000000 0.000000 0.000000 0.000000 0.000000 
19.938090 0.000000 0.000000 0.000000 0.000000 0.000000 0.000000 0.000000 0.000000 0.000000 
19.958806 0.000000 0.000000 0.000000 0.000000 0.000000 0.000000 0.000000 0.000000 0.000000 
19.979521 0.000000 0.000000 0.000000 0.000000 0.000000 0.000000 0.000000 0.000000 0.000000 
20.000236 0.000000 0.000000 0.000000 0.000000 0.000000 0.000000 0.000000 0.000000 0.000000 
20.020950 0.000000 0.000000 0.000000 0.000000 0.000000 0.000000 0.000000 0.000000 0.000000 
20.041665 0.000000 0.000000 0.000000 0.000000 0.000000 0.000000 0.000000 0.000000 0.000000 
20.062380 0.000000 0.000000 0.000000 0.000000 0.000000 0.000000 0.000000 0.000000 0.000000 
20.083095 0.000000 0.000000 0.000000 0.000000 0.000000 0.000000 0.000000 0.000000 0.000000 
20.103810 0.000000 0.000000 0.000000 0.000000 0.000000 0.000000 0.000000 0.000000 0.000000 
20.124525 0.000000 0.000000 0.000000 0.000000 0.000000 0.000000 0.000000 0.000000 0.000000 
20.145240 0.000000 0.000000 0.000000 0.000000 0.000000 0.000000 0.000000 0.000000 0.000000 
20.165955 0.000000 0.000000 0.000000 0.000000 0.000000 0.000000 0.000000 0.000000 0.000000 
20.186669 0.000000 0.000000 0.000000 0.000000 0.000000 0.000000 0.000000 0.000000 0.000000 
20.207384 0.000000 0.000000 0.000000 0.000000 0.000000 0.000000 0.000000 0.000000 0.000000 
20.228099 0.000000 0.000000 0.000000 0.000000 0.000000 0.000000 0.000000 0.000000 0.000000 
20.248815 0.000000 0.000000 0.000000 0.000000 0.000000 0.000000 0.000000 0.000000 0.000000 
20.269529 0.000000 0.000000 0.000000 0.000000 0.000000 0.000000 0.000000 0.000000 0.000000 
20.290244 0.000000 0.000000 0.000000 0.000000 0.000000 0.000000 0.000000 0.000000 0.000000 
20.310959 0.000000 0.000000 0.000000 0.000000 0.000000 0.000000 0.000000 0.000000 0.000000 
20.331674 0.000000 0.000000 0.000000 0.000000 0.000000 0.000000 0.000000 0.000000 0.000000 
20.352388 0.000000 0.000000 0.000000 0.000000 0.000000 0.000000 0.000000 0.000000 0.000000 
20.373103 0.000000 0.000000 0.000000 0.000000 0.000000 0.000000 0.000000 0.000000 0.000000 
20.393819 0.000000 0.000000 0.000000 0.000000 0.000000 0.000000 0.000000 0.000000 0.000000 
20.414534 0.000000 0.000000 0.000000 0.000000 0.000000 0.000000 0.000000 0.000000 0.000000 
20.435248 0.000000 0.000000 0.000000 0.000000 0.000000 0.000000 0.000000 0.000000 0.000000 
20.455963 0.000000 0.000000 0.000000 0.000000 0.000000 0.000000 0.000000 0.000000 0.000000 
20.476678 0.000000 0.000000 0.000000 0.000000 0.000000 0.000000 0.000000 0.000000 0.000000 
20.497394 0.000000 0.000000 0.000000 0.000000 0.000000 0.000000 0.000000 0.000000 0.000000 
20.518108 0.000000 0.000000 0.000000 0.000000 0.000000 0.000000 0.000000 0.000000 0.000000 
20.538823 0.000000 0.000000 0.000000 0.000000 0.000000 0.000000 0.000000 0.000000 0.000000 
20.559538 0.000000 0.000000 0.000000 0.000000 0.000000 0.000000 0.000000 0.000000 0.000000 
20.580253 0.000000 0.000000 0.000000 0.000000 0.000000 0.000000 0.000000 0.000000 0.000000 
20.600967 0.000000 0.000000 0.000000 0.000000 0.000000 0.000000 0.000000 0.000000 0.000000 
20.621682 0.000000 0.000000 0.000000 0.000000 0.000000 0.000000 0.000000 0.000000 0.000000 
20.642398 0.000000 0.000000 0.000000 0.000000 0.000000 0.000000 0.000000 0.000000 0.000000 
20.663113 0.000000 0.000000 0.000000 0.000000 0.000000 0.000000 0.000000 0.000000 0.000000 
20.683827 0.000000 0.000000 0.000000 0.000000 0.000000 0.000000 0.000000 0.000000 0.000000 
20.704542 0.000000 0.000000 0.000000 0.000000 0.000000 0.000000 0.000000 0.000000 0.000000 
