# q 0,0 0,1 0,2 1,1 1,2 2,2
2.000000 -0.426640 1.017290 0.691263 -1.600904 -0.726473 -2.149132
2.036000 -0.425408 1.016287 0.687088 -1.589091 -0.727252 -2.124267
2.072000 -0.425437 1.014715 0.682275 -1.578186 -0.728467 -2.102877
2.108000 -0.426542 1.012663 0.677012 -1.568364 -0.730342 -2.084678
2.144000 -0.428394 1.010269 0.671536 -1.559622 -0.732981 -2.068911
2.180000 -0.430571 1.007704 0.666091 -1.551787 -0.736365 -2.054454
2.216000 -0.432620 1.005150 0.660898 -1.544554 -0.740370 -2.039980
2.252000 -0.434120 1.002777 0.656125 -1.537538 -0.744786 -2.024133
2.288000 -0.434737 1.000724 0.651861 -1.530334 -0.749359 -2.005701
2.324000 -0.434267 0.999080 0.648105 -1.522571 -0.753823 -1.983767
2.360000 -0.432659 0.997876 0.644768 -1.513967 -0.757934 -1.957807
2.396000 -0.430012 0.997079 0.641683 -1.504358 -0.761503 -1.927746
2.432000 -0.426563 0.996600 0.638626 -1.493717 -0.764410 -1.893939
2.468000 -0.422639 0.996303 0.635348 -1.482145 -0.766617 -1.857107
2.504000 -0.418617 0.996024 0.631607 -1.469844 -0.768160 -1.818224
2.540000 -0.414867 0.995589 0.627197 -1.457078 -0.769142 -1.778374
2.576000 -0.411698 0.994837 0.621974 -1.444117 -0.769708 -1.738597
2.612000 -0.409320 0.993638 0.615876 -1.431194 -0.770025 -1.699754
2.648000 -0.407820 0.991908 0.608925 -1.418450 -0.770256 -1.662409
2.684000 -0.407147 0.989617 0.601225 -1.405907 -0.770539 -1.626761
2.720000 -0.407129 0.986791 0.592945 -1.393451 -0.770973 -1.592627
2.756000 -0.407495 0.983507 0.584293 -1.380834 -0.771612 -1.559470
2.792000 -0.407918 0.979884 0.575490 -1.367704 -0.772459 -1.526478
2.828000 -0.408063 0.976060 0.566737 -1.353641 -0.773477 -1.492677
2.864000 -0.407627 0.972180 0.558193 -1.338214 -0.774596 -1.457061
2.900000 -0.406386 0.968372 0.549947 -1.321035 -0.775730 -1.418725
2.936000 -0.404221 0.964736 0.542011 -1.301818 -0.776790 -1.376980
2.972000 -0.401131 0.961323 0.534321 -1.280419 -0.777689 -1.331443
3.008000 -0.397235 0.958137 0.526742 -1.256868 -0.778356 -1.282079
3.044000 -0.392744 0.955129 0.519089 -1.231375 -0.778729 -1.229203
3.080000 -0.387937 0.952205 0.511152 -1.204316 -0.778754 -1.173438
3.116000 -0.383118 0.949240 0.502724 -1.176200 -0.778374 -1.115629
3.152000 -0.378573 0.946087 0.493628 -1.147617 -0.777518 -1.056736
3.188000 -0.374529 0.942602 0.483738 -1.119174 -0.776085 -0.997718
3.224000 -0.371125 0.938655 0.473000 -1.091433 -0.773939 -0.939412
3.260000 -0.368392 0.934146 0.461429 -1.064845 -0.770903 -0.882441
3.296000 -0.366252 0.929015 0.449112 -1.039702 -0.766759 -0.827140
3.332000 -0.364527 0.923246 0.436190 -1.016105 -0.761262 -0.773532
3.368000 -0.362966 0.916864 0.422838 -0.993949 -0.754150 -0.721335
3.404000 -0.361279 0.909929 0.409242 -0.972937 -0.745171 -0.670011
3.440000 -0.359177 0.902524 0.395566 -0.952609 -0.734102 -0.618844
3.476000 -0.356411 0.894737 0.381934 -0.932391 -0.720780 -0.567038
3.512000 -0.352804 0.886652 0.368408 -0.911658 -0.705113 -0.513818
3.548000 -0.348272 0.878328 0.354979 -0.889794 -0.687103 -0.458528
3.584000 -0.342836 0.869793 0.341568 -0.866255 -0.666841 -0.400703
3.620000 -0.336614 0.861035 0.328034 -0.840618 -0.644506 -0.340121
3.656000 -0.329805 0.852003 0.314190 -0.812615 -0.620344 -0.276817
3.692000 -0.322654 0.842611 0.299829 -0.782150 -0.594644 -0.211060
3.728000 -0.315424 0.832748 0.284750 -0.749292 -0.567705 -0.143308
3.764000 -0.308350 0.822288 0.268783 -0.714245 -0.539796 -0.074135
3.800000 -0.301613 0.811109 0.251811 -0.677318 -0.511127 -0.004151
3.836000 -0.295309 0.799104 0.233781 -0.638863 -0.481817 0.066080
3.872000 -0.289439 0.786194 0.214716 -0.599227 -0.451876 0.136115
3.908000 -0.283905 0.772335 0.194705 -0.558702 -0.421197 0.205675
3.944000 -0.278526 0.757517 0.173891 -0.517478 -0.389562 0.274675
3.980000 -0.273061 0.741770 0.152456 -0.475622 -0.356664 0.343213
4.016000 -0.267241 0.725147 0.130587 -0.433064 -0.322132 0.411542
4.052000 -0.260806 0.707716 0.108459 -0.389606 -0.285575 0.480014
4.088000 -0.253539 0.689548 0.086208 -0.344946 -0.246615 0.549012
4.124000 -0.245292 0.670697 0.063912 -0.298716 -0.204936 0.618878
4.160000 -0.236007 0.651192 0.041582 -0.250522 -0.160309 0.689855
4.196000 -0.225721 0.631025 0.019163 -0.199993 -0.112617 0.762028
4.232000 -0.214557 0.610149 -0.003462 -0.146821 -0.061864 0.835308
4.268000 -0.202707 0.588475 -0.026449 -0.090791 -0.008171 0.909426
4.304000 -0.190400 0.565883 -0.049978 -0.031800 0.048243 0.983959
4.340000 -0.177871 0.542230 -0.074223 0.030140 0.107091 1.058375
4.376000 -0.165326 0.517368 -0.099329 0.094916 0.168057 1.132098
4.412000 -0.152910 0.491155 -0.125390 0.162336 0.230830 1.204567
4.448000 -0.140686 0.463477 -0.152436 0.232165 0.295143 1.275306
4.484000 -0.128625 0.434255 -0.180427 0.304163 0.360800 1.343966
4.520000 -0.116607 0.403457 -0.209253 0.378121 0.427691 1.410359
4.556000 -0.104438 0.371100 -0.238748 0.453886 0.495795 1.474456
4.592000 -0.091875 0.337249 -0.268706 0.531385 0.565164 1.536373
4.628000 -0.078657 0.302006 -0.298903 0.610621 0.635896 1.596319
4.664000 -0.064546 0.265505 -0.329119 0.691671 0.708097 1.654539
4.700000 -0.049352 0.227892 -0.359160 0.774652 0.781835 1.711243
4.736000 -0.032968 0.189311 -0.388871 0.859694 0.857097 1.766540
4.772000 -0.015382 0.149897 -0.418143 0.946892 0.933751 1.820377
4.808000 0.003316 0.109763 -0.446913 1.036272 1.011514 1.872501
4.844000 0.022945 0.068996 -0.475157 1.127748 1.089942 1.922449
4.880000 0.043253 0.027662 -0.502869 1.221100 1.168433 1.969560
4.916000 0.063946 -0.014191 -0.530046 1.315961 1.246249 2.013017
4.952000 0.084725 -0.056521 -0.556660 1.411818 1.322553 2.051908
4.988000 0.105320 -0.099277 -0.582647 1.508033 1.396455 2.085308
5.024000 0.125519 -0.142385 -0.607883 1.603873 1.467077 2.112358
5.060000 0.145197 -0.185740 -0.632186 1.698554 1.533598 2.132343
5.096000 0.164319 -0.229191 -0.655311 1.791290 1.595311 2.144756
5.132000 0.182945 -0.272545 -0.676966 1.881333 1.651660 2.149337
5.168000 0.201214 -0.315565 -0.696833 1.968020 1.702262 2.146085
5.204000 0.219318 -0.357983 -0.714589 2.050798 1.746909 2.135242
5.240000 0.237473 -0.399514 -0.729939 2.129241 1.785556 2.117254
5.276000 0.255879 -0.439873 -0.742638 2.203045 1.818289 2.092700
5.312000 0.274698 -0.478798 -0.752520 2.272017 1.845281 2.062226
5.348000 0.294015 -0.516065 -0.759505 2.336041 1.866741 2.026461
5.384000 0.313836 -0.551506 -0.763606 2.395047 1.882867 1.985950
5.420000 0.334071 -0.585011 -0.764924 2.448966 1.893800 1.941102
5.456000 0.354556 -0.616536 -0.763623 2.497697 1.899591 1.892159
5.492000 0.375065 -0.646092 -0.759913 2.541073 1.900190 1.839198
5.528000 0.395342 -0.673732 -0.754011 2.578851 1.895444 1.782155
5.564000 0.415139 -0.699531 -0.746113 2.610703 1.885121 1.720872
5.600000 0.434244 -0.723564 -0.736365 2.636235 1.868944 1.655168
5.636000 0.452515 -0.745883 -0.724840 2.655013 1.846641 1.584907
5.672000 0.469900 -0.766500 -0.711530 2.666602 1.817991 1.510072
5.708000 0.486446 -0.785372 -0.696345 2.670612 1.782878 1.430820
5.744000 0.502294 -0.802399 -0.679131 2.666739 1.741331 1.347522
5.780000 0.517663 -0.817430 -0.659691 2.654810 1.693547 1.260770
5.816000 0.532829 -0.830274 -0.637822 2.634808 1.639904 1.171361
5.852000 0.548083 -0.840727 -0.613351 2.606886 1.580946 1.080255
5.888000 0.563706 -0.848597 -0.586167 2.571365 1.517357 0.988505
5.924000 0.579934 -0.853735 -0.556252 2.528714 1.449913 0.897178
5.960000 0.596931 -0.856061 -0.523697 2.479515 1.379429 0.807279
5.996000 0.614785 -0.855585 -0.488704 2.424419 1.306700 0.719667
6.032000 0.633500 -0.852422 -0.451574 2.364096 1.232447 0.635005
6.068000 0.653015 -0.846784 -0.412682 2.299182 1.157271 0.553720
6.104000 0.673229 -0.838973 -0.372431 2.230243 1.081626 0.476001
6.140000 0.694032 -0.829355 -0.331211 2.157740 1.005809 0.401823
6.176000 0.715344 -0.818321 -0.289346 2.082016 0.929971 0.330992
6.212000 0.737144 -0.806252 -0.247049 2.003299 0.854145 0.263221
6.248000 0.759506 -0.793473 -0.204391 1.921718 0.778290 0.198202
6.284000 0.782606 -0.780219 -0.161277 1.837336 0.702340 0.135690
6.320000 0.806729 -0.766600 -0.117448 1.750192 0.626262 0.075567
6.356000 0.832255 -0.752593 -0.072498 1.660339 0.550100 0.017893
6.392000 0.859632 -0.738033 -0.025908 1.567889 0.474013 -0.037076
6.428000 0.889341 -0.722632 0.022902 1.473036 0.398289 -0.088887
6.464000 0.921853 -0.706006 0.074516 1.376078 0.323352 -0.136931
6.500000 0.957592 -0.687712 0.129470 1.277408 0.249736 -0.180493
6.536000 0.996902 -0.667297 0.188199 1.177505 0.178051 -0.218824
6.572000 1.040028 -0.644336 0.251007 1.076893 0.108938 -0.251208
6.608000 1.087110 -0.618475 0.318049 0.976106 0.043019 -0.277031
6.644000 1.138204 -0.589448 0.389346 0.875638 -0.019151 -0.295822
6.680000 1.193315 -0.557086 0.464822 0.775905 -0.077112 -0.307271
6.716000 1.252439 -0.521303 0.544351 0.677213 -0.130516 -0.311216
6.752000 1.315620 -0.482061 0.627836 0.579747 -0.179116 -0.307602
6.788000 1.383004 -0.439316 0.715281 0.483581 -0.222737 -0.296408
6.824000 1.454882 -0.392959 0.806861 0.388714 -0.261218 -0.277559
6.860000 1.531713 -0.342744 0.902982 0.295125 -0.294342 -0.250840
6.896000 1.614125 -0.288231 1.004303 0.202852 -0.321763 -0.215808
6.932000 1.702881 -0.228735 1.111740 0.112072 -0.342925 -0.171738
6.968000 1.798818 -0.163304 1.226415 0.023197 -0.357008 -0.117597
7.004000 1.902749 -0.090727 1.349574 -0.063058 -0.362891 -0.052074
7.040000 2.015347 -0.009578 1.482469 -0.145613 -0.359154 0.026347
7.076000 2.137008 0.081707 1.626208 -0.222996 -0.344114 0.119265
7.112000 2.267719 0.184713 1.781589 -0.293363 -0.315911 0.228194
7.148000 2.406935 0.300914 1.948939 -0.354544 -0.272626 0.354371
7.184000 2.553480 0.431513 2.127960 -0.404142 -0.212433 0.498550
7.220000 2.705488 0.577288 2.317611 -0.439667 -0.133772 0.660807
7.256000 2.860399 0.738445 2.516037 -0.458695 -0.035526 0.840379
7.292000 3.015003 0.914502 2.720551 -0.459044 0.082813 1.035546
7.328000 3.165545 1.104206 2.927685 -0.438959 0.221005 1.243589
7.364000 3.307881 1.305510 3.133306 -0.397271 0.377963 1.460817
7.400000 3.437682 1.515594 3.332781 -0.333538 0.551717 1.682676
7.436000 3.550662 1.730955 3.521209 -0.248137 0.739427 1.903938
7.472000 3.642822 1.947543 3.693673 -0.142310 0.937470 2.118953
7.508000 3.710693 2.160953 3.845514 -0.018147 1.141585 2.321942
7.544000 3.751545 2.366638 3.972596 0.121487 1.347065 2.507322
7.580000 3.763564 2.560151 4.071548 0.273076 1.548997 2.670028
7.616000 3.745966 2.737382 4.139964 0.432629 1.742507 2.805804
7.652000 3.699047 2.894772 4.176528 0.595880 1.923022 2.911443
7.688000 3.624170 3.029505 4.181090 0.758510 2.086502 2.984961
7.724000 3.523673 3.139634 4.154648 0.916367 2.229639 3.025686
7.760000 3.400731 3.224166 4.099272 1.065675 2.350010 3.034252
7.796000 3.259152 3.283072 4.017948 1.203200 2.446160 3.012513
7.832000 3.103158 3.317240 3.914386 1.326388 2.517629 2.963377
7.868000 2.937144 3.328369 3.792777 1.433439 2.564904 2.890575
7.904000 2.765437 3.318824 3.657547 1.523340 2.589321 2.798393
7.940000 2.592087 3.291445 3.513106 1.595836 2.592915 2.691384
7.976000 2.420684 3.249357 3.363621 1.651359 2.578240 2.574085
8.012000 2.254229 3.195763 3.212828 1.690923 2.548167 2.450767
8.048000 2.095056 3.133761 3.063891 1.715985 2.505690 2.325223
8.084000 1.944807 3.066193 2.919315 1.728305 2.453739 2.200619
8.120000 1.804455 2.995520 2.780917 1.729793 2.395026 2.079415
8.156000 1.674380 2.923750 2.649850 1.722376 2.331932 1.963338
8.192000 1.554464 2.852410 2.526670 1.707887 2.266431 1.853430
8.228000 1.444215 2.782555 2.411433 1.687974 2.200057 1.750132
8.264000 1.342895 2.714816 2.303824 1.664047 2.133919 1.653413
8.300000 1.249640 2.649476 2.203280 1.637251 2.068743 1.562908
8.336000 1.163568 2.586555 2.109113 1.608466 2.004938 1.478064
8.372000 1.083865 2.525908 2.020618 1.578333 1.942678 1.398274
8.408000 1.009834 2.467315 1.937155 1.547293 1.881990 1.322981
8.444000 0.940932 2.410552 1.858203 1.515634 1.822826 1.251761
8.480000 0.876764 2.355449 1.783386 1.483541 1.765135 1.184358
8.516000 0.817068 2.301924 1.712471 1.451143 1.708904 1.120696
8.552000 0.761683 2.249990 1.645347 1.418546 1.654183 1.060856
8.588000 0.710500 2.199749 1.581983 1.385860 1.601093 1.005030
8.624000 0.663429 2.151366 1.522389 1.353211 1.549815 0.953466
8.660000 0.620354 2.105029 1.466569 1.320746 1.500559 0.906407
8.696000 0.581111 2.060920 1.414482 1.288621 1.453539 0.864031
8.732000 0.545475 2.019170 1.366016 1.256995 1.408941 0.826416
8.768000 0.513157 1.979839 1.320978 1.226015 1.366891 0.793505
8.804000 0.483817 1.942897 1.279092 1.195802 1.327440 0.765104
8.840000 0.457084 1.908223 1.240019 1.166445 1.290558 0.740894
8.876000 0.432584 1.875613 1.203378 1.137999 1.256132 0.720453
8.912000 0.409969 1.844803 1.168778 1.110488 1.223987 0.703298
8.948000 0.388936 1.815495 1.135851 1.083913 1.193904 0.688928
8.984000 0.369252 1.787390 1.104277 1.058264 1.165648 0.676862
9.020000 0.350759 1.760216 1.073809 1.033536 1.138995 0.666677
9.056000 0.333373 1.733756 1.044282 1.009738 1.113760 0.658035
9.092000 0.317082 1.707861 1.015613 0.986903 1.089807 0.650692
9.128000 0.301921 1.682458 0.987793 0.965091 1.067066 0.644502
9.164000 0.287957 1.657549 0.960868 0.944391 1.045527 0.639402
9.200000 0.275260 1.633191 0.934919 0.924907 1.025234 0.635395
9.236000 0.263890 1.609486 0.910031 0.906753 1.006267 0.632520
9.272000 0.253870 1.586548 0.886276 0.890030 0.988722 0.630830
9.308000 0.245181 1.564483 0.863686 0.874817 0.972687 0.630360
9.344000 0.237759 1.543366 0.842248 0.861152 0.958225 0.631117
9.380000 0.231492 1.523224 0.821895 0.849026 0.945353 0.633062
9.416000 0.226237 1.504027 0.802510 0.838375 0.934036 0.636109
9.452000 0.221832 1.485689 0.783940 0.829083 0.924183 0.640135
9.488000 0.218115 1.468074 0.766009 0.820993 0.915653 0.644988
9.524000 0.214937 1.451012 0.748542 0.813920 0.908269 0.650506
9.560000 0.212184 1.434316 0.731377 0.807671 0.901834 0.656534
9.596000 0.209779 1.417803 0.714390 0.802063 0.896152 0.662939
9.632000 0.207693 1.401315 0.697500 0.796947 0.891046 0.669626
9.668000 0.205943 1.384737 0.680682 0.792221 0.886373 0.676539
9.704000 0.204580 1.368001 0.663956 0.787842 0.882043 0.683665
9.740000 0.203682 1.351097 0.647389 0.783828 0.878013 0.691021
9.776000 0.203341 1.334064 0.631076 0.780260 0.874297 0.698650
9.812000 0.203643 1.316984 0.615126 0.777261 0.870950 0.706597
9.848000 0.204656 1.299963 0.599646 0.774989 0.868056 0.714899
9.884000 0.206422 1.283116 0.584721 0.773610 0.865716 0.723568
9.920000 0.208948 1.266550 0.570407 0.773278 0.864025 0.732582
9.956000 0.212208 1.250342 0.556719 0.774111 0.863058 0.741874
9.992000 0.216142 1.234536 0.543632 0.776181 0.862857 0.751341
10.028000 0.220669 1.219126 0.531084 0.779495 0.863421 0.760844
10.064000 0.225696 1.204065 0.518981 0.783999 0.864705 0.770224
10.100000 0.231130 1.189266 0.507217 0.789577 0.866622 0.779314
10.136000 0.236893 1.174612 0.495683 0.796067 0.869048 0.787959
10.172000 0.242929 1.159973 0.484281 0.803275 0.871840 0.796030
10.208000 0.249215 1.145219 0.472938 0.811000 0.874845 0.803434
10.244000 0.255757 1.130239 0.461616 0.819050 0.877915 0.810129
10.280000 0.262596 1.114951 0.450312 0.827270 0.880923 0.816119
10.316000 0.269796 1.099309 0.439059 0.835553 0.883766 0.821453
10.352000 0.277437 1.083309 0.427920 0.843848 0.886378 0.826219
10.388000 0.285607 1.066989 0.416980 0.852169 0.888725 0.830527
10.424000 0.294383 1.050415 0.406332 0.860584 0.890805 0.834495
10.460000 0.303831 1.033678 0.396065 0.869205 0.892640 0.838234
10.496000 0.313990 1.016875 0.386252 0.878169 0.894262 0.841835
10.532000 0.324870 1.000099 0.376943 0.887618 0.895712 0.845358
10.568000 0.336455 0.983425 0.368158 0.897677 0.897019 0.848827
10.604000 0.348703 0.966901 0.359885 0.908436 0.898200 0.852227
10.640000 0.361553 0.950542 0.352087 0.919929 0.899250 0.855514
10.676000 0.374935 0.934330 0.344702 0.932130 0.900142 0.858621
10.712000 0.388781 0.918219 0.337660 0.944948 0.900831 0.861468
10.748000 0.403034 0.902136 0.330889 0.958234 0.901254 0.863980
10.784000 0.417655 0.886002 0.324325 0.971790 0.901344 0.866092
10.820000 0.432629 0.869733 0.317927 0.985388 0.901031 0.867766
10.856000 0.447970 0.853258 0.311676 0.998792 0.900260 0.868991
10.892000 0.463718 0.836525 0.305582 1.011774 0.898989 0.869790
10.928000 0.479930 0.819509 0.299683 1.024141 0.897202 0.870214
10.964000 0.496682 0.802214 0.294038 1.035743 0.894904 0.870333
11.000000 0.514052 0.784671 0.288724 1.046490 0.892127 0.870234
11.036000 0.532115 0.766934 0.283823 1.056352 0.888921 0.870001
11.072000 0.550932 0.749072 0.279414 1.065356 0.885353 0.869712
11.108000 0.570547 0.731158 0.275568 1.073583 0.881492 0.869423
11.144000 0.590978 0.713261 0.272338 1.081143 0.877410 0.869167
11.180000 0.612219 0.695434 0.269755 1.088171 0.873165 0.868947
11.216000 0.634243 0.677712 0.267831 1.094799 0.868804 0.868741
11.252000 0.657002 0.660106 0.266559 1.101143 0.864352 0.868505
11.288000 0.680440 0.642601 0.265921 1.107289 0.859816 0.868185
11.324000 0.704494 0.625163 0.265894 1.113286 0.855184 0.867721
11.360000 0.729105 0.607746 0.266457 1.119135 0.850428 0.867063
11.396000 0.754228 0.590295 0.267602 1.124798 0.845511 0.866178
11.432000 0.779829 0.572763 0.269339 1.130200 0.840393 0.865058
11.468000 0.805893 0.555116 0.271696 1.135238 0.835035 0.863723
11.504000 0.832425 0.537338 0.274726 1.139800 0.829407 0.862222
11.540000 0.859440 0.519442 0.278501 1.143771 0.823488 0.860627
11.576000 0.886965 0.501469 0.283108 1.147053 0.817275 0.859032
11.612000 0.915031 0.483484 0.288643 1.149569 0.810774 0.857535
11.648000 0.943661 0.465576 0.295201 1.151273 0.804008 0.856237
11.684000 0.972870 0.447850 0.302869 1.152153 0.797004 0.855227
11.720000 1.002656 0.430416 0.311720 1.152227 0.789800 0.854575
11.756000 1.032993 0.413384 0.321805 1.151539 0.782433 0.854330
11.792000 1.063833 0.396856 0.333154 1.150150 0.774940 0.854516
11.828000 1.095106 0.380916 0.345773 1.148126 0.767354 0.855132
11.864000 1.126719 0.365633 0.359650 1.145532 0.759705 0.856164
11.900000 1.158563 0.351055 0.374758 1.142415 0.752017 0.857584
11.936000 1.190517 0.337215 0.391064 1.138805 0.744314 0.859368
11.972000 1.222450 0.324134 0.408534 1.134705 0.736618 0.861497
12.008000 1.254233 0.311828 0.427142 1.130092 0.728957 0.863971
12.044000 1.285734 0.300315 0.446874 1.124920 0.721362 0.866810
12.080000 1.316827 0.289621 0.467730 1.119126 0.713874 0.870061
12.116000 1.347393 0.279790 0.489727 1.112637 0.706544 0.873793
12.152000 1.377316 0.270881 0.512890 1.105380 0.699431 0.878095
12.188000 1.406482 0.262975 0.537253 1.097291 0.692603 0.883065
12.224000 1.434781 0.256171 0.562847 1.088323 0.686136 0.888808
12.260000 1.462098 0.250581 0.589693 1.078452 0.680107 0.895418
12.296000 1.488318 0.246325 0.617792 1.067685 0.674597 0.902975
12.332000 1.513318 0.243524 0.647119 1.056053 0.669684 0.911533
12.368000 1.536969 0.242288 0.677617 1.043620 0.665441 0.921116
12.404000 1.559141 0.242714 0.709192 1.030472 0.661936 0.931717
12.440000 1.579699 0.244875 0.741715 1.016713 0.659234 0.943302
12.476000 1.598512 0.248819 0.775026 1.002462 0.657395 0.955806
12.512000 1.615455 0.254562 0.808937 0.987846 0.656474 0.969150
12.548000 1.630414 0.262095 0.843241 0.972993 0.656528 0.983241
12.584000 1.643292 0.271380 0.877723 0.958028 0.657616 0.997986
12.620000 1.654012 0.282357 0.912169 0.943073 0.659798 1.013297
12.656000 1.662520 0.294949 0.946373 0.928242 0.663137 1.029093
12.692000 1.668787 0.309069 0.980143 0.913644 0.667698 1.045310
12.728000 1.672808 0.324620 1.013310 0.899382 0.673545 1.061894
12.764000 1.674603 0.341504 1.045730 0.885556 0.680738 1.078800
12.800000 1.674211 0.359623 1.077278 0.872264 0.689326 1.095988
12.836000 1.671690 0.378881 1.107853 0.859601 0.699344 1.113411
12.872000 1.667112 0.399183 1.137372 0.847662 0.710805 1.131013
12.908000 1.660559 0.420431 1.165762 0.836538 0.723699 1.148716
12.944000 1.652125 0.442527 1.192962 0.826316 0.737990 1.166418
12.980000 1.641905 0.465367 1.218911 0.817075 0.753612 1.183989
13.016000 1.630002 0.488841 1.243552 0.808883 0.770472 1.201273
13.052000 1.616524 0.512830 1.266829 0.801794 0.788456 1.218089
13.088000 1.601584 0.537207 1.288685 0.795847 0.807428 1.234238
13.124000 1.585301 0.561840 1.309069 0.791061 0.827243 1.249518
13.160000 1.567804 0.586591 1.327935 0.787440 0.847750 1.263726
13.196000 1.549226 0.611324 1.345251 0.784973 0.868800 1.276676
13.232000 1.529714 0.635905 1.360997 0.783635 0.890251 1.288207
13.268000 1.509421 0.660213 1.375176 0.783392 0.911974 1.298192
13.304000 1.488504 0.684134 1.387811 0.784210 0.933852 1.306544
13.340000 1.467129 0.707576 1.398946 0.786054 0.955785 1.313217
13.376000 1.445457 0.730460 1.408649 0.788892 0.977685 1.318207
13.412000 1.423650 0.752729 1.417004 0.792705 0.999471 1.321547
13.448000 1.401857 0.774341 1.424111 0.797480 1.021069 1.323299
13.484000 1.380219 0.795272 1.430078 0.803212 1.042404 1.323549
13.520000 1.358859 0.815508 1.435018 0.809904 1.063395 1.322393
13.556000 1.337883 0.835044 1.439039 0.817559 1.083956 1.319932
13.592000 1.317377 0.853880 1.442246 0.826175 1.103990 1.316260
13.628000 1.297408 0.872019 1.444731 0.835742 1.123396 1.311466
13.664000 1.278025 0.889463 1.446576 0.846231 1.142063 1.305622
13.700000 1.259261 0.906212 1.447852 0.857596 1.159883 1.298788
13.736000 1.241136 0.922266 1.448617 0.869763 1.176754 1.291014
13.772000 1.223661 0.937623 1.448924 0.882635 1.192583 1.282339
13.808000 1.206842 0.952283 1.448818 0.896091 1.207295 1.272803
13.844000 1.190681 0.966251 1.448345 0.909990 1.220839 1.262447
13.880000 1.175182 0.979537 1.447550 0.924177 1.233186 1.251320
13.916000 1.160347 0.992158 1.446485 0.938491 1.244335 1.239482
13.952000 1.146182 1.004142 1.445203 0.952771 1.254307 1.227007
13.988000 1.132694 1.015527 1.443761 0.966869 1.263140 1.213984
14.024000 1.119890 1.026358 1.442221 0.980651 1.270889 1.200513
14.060000 1.107776 1.036688 1.440643 0.994011 1.277613 1.186704
14.096000 1.096352 1.046577 1.439085 1.006869 1.283370 1.172672
14.132000 1.085615 1.056085 1.437597 1.019174 1.288210 1.158532
14.168000 1.075553 1.065271 1.436221 1.030905 1.292172 1.144393
14.204000 1.066148 1.074193 1.434987 1.042064 1.295279 1.130357
14.240000 1.057371 1.082901 1.433909 1.052673 1.297539 1.116511
14.276000 1.049185 1.091440 1.432993 1.062769 1.298947 1.102932
14.312000 1.041546 1.099848 1.432229 1.072391 1.299490 1.089680
14.348000 1.034404 1.108156 1.431597 1.081578 1.299153 1.076806
14.384000 1.027704 1.116392 1.431073 1.090362 1.297926 1.064348
14.420000 1.021390 1.124577 1.430627 1.098759 1.295812 1.052338
14.456000 1.015405 1.132735 1.430229 1.106772 1.292831 1.040807
14.492000 1.009691 1.140888 1.429849 1.114386 1.289028 1.029781
14.528000 1.004192 1.149058 1.429463 1.121571 1.284469 1.019289
14.564000 0.998857 1.157270 1.429049 1.128285 1.279245 1.009362
14.600000 0.993633 1.165548 1.428588 1.134479 1.273463 1.000031
14.636000 0.988473 1.173919 1.428064 1.140100 1.267245 0.991326
14.672000 0.983328 1.182402 1.427460 1.145101 1.260717 0.983276
14.708000 0.978152 1.191016 1.426753 1.149441 1.254001 0.975902
14.744000 0.972901 1.199771 1.425917 1.153092 1.247206 0.969218
14.780000 0.967528 1.208668 1.424916 1.156041 1.240424 0.963225
14.816000 0.961991 1.217697 1.423703 1.158295 1.233722 0.957909
14.852000 0.956249 1.226839 1.422225 1.159873 1.227138 0.953244
14.888000 0.950262 1.236067 1.420415 1.160812 1.220687 0.949189
14.924000 0.943997 1.245342 1.418205 1.161161 1.214359 0.945690
14.960000 0.937425 1.254623 1.415520 1.160976 1.208126 0.942683
14.996000 0.930525 1.263865 1.412288 1.160321 1.201951 0.940099
15.032000 0.923283 1.273023 1.408440 1.159257 1.195790 0.937867
15.068000 0.915697 1.282057 1.403919 1.157845 1.189606 0.935916
15.104000 0.907771 1.290929 1.398679 1.156139 1.183371 0.934181
15.140000 0.899518 1.299612 1.392689 1.154189 1.177070 0.932606
15.176000 0.890963 1.308082 1.385933 1.152031 1.170704 0.931144
15.212000 0.882133 1.316323 1.378413 1.149698 1.164290 0.929758
15.248000 0.873063 1.324321 1.370144 1.147211 1.157857 0.928423
15.284000 0.863791 1.332067 1.361152 1.144589 1.151441 0.927121
15.320000 0.854359 1.339550 1.351475 1.141841 1.145081 0.925844
15.356000 0.844807 1.346755 1.341152 1.138975 1.138810 0.924587
15.392000 0.835177 1.353663 1.330227 1.135999 1.132653 0.923350
15.428000 0.825509 1.360249 1.318742 1.132915 1.126619 0.922136
15.464000 0.815842 1.366485 1.306735 1.129729 1.120703 0.920947
15.500000 0.806214 1.372335 1.294243 1.126446 1.114882 0.919785
15.536000 0.796662 1.377763 1.281296 1.123069 1.109118 0.918653
15.572000 0.787222 1.382734 1.267922 1.119604 1.103363 0.917555
15.608000 0.777932 1.387215 1.254145 1.116052 1.097566 0.916494
15.644000 0.768828 1.391183 1.239991 1.112415 1.091674 0.915476
15.680000 0.759946 1.394624 1.225486 1.108693 1.085645 0.914509
15.716000 0.751326 1.397535 1.210661 1.104881 1.079445 0.913604
15.752000 0.743003 1.399926 1.195549 1.100972 1.073061 0.912775
15.788000 0.735014 1.401817 1.180189 1.096959 1.066494 0.912036
15.824000 0.727393 1.403239 1.164625 1.092830 1.059764 0.911406
15.860000 0.720172 1.404228 1.148900 1.088572 1.052907 0.910902
15.896000 0.713379 1.404822 1.133063 1.084173 1.045972 0.910541
15.932000 0.707035 1.405059 1.117160 1.079619 1.039010 0.910340
15.968000 0.701160 1.404971 1.101234 1.074901 1.032078 0.910311
16.004000 0.695766 1.404579 1.085322 1.070010 1.025227 0.910465
16.040000 0.690861 1.403898 1.069459 1.064941 1.018500 0.910811
16.076000 0.686448 1.402930 1.053668 1.059694 1.011928 0.911355
16.112000 0.682529 1.401665 1.037970 1.054272 1.005532 0.912101
16.148000 0.679100 1.400090 1.022377 1.048685 0.999322 0.913054
16.184000 0.676158 1.398182 1.006897 1.042945 0.993296 0.914218
16.220000 0.673699 1.395922 0.991536 1.037070 0.987449 0.915598
16.256000 0.671721 1.393289 0.976299 1.031083 0.981774 0.917200
16.292000 0.670220 1.390274 0.961192 1.025007 0.976266 0.919031
16.328000 0.669196 1.386873 0.946221 1.018870 0.970924 0.921094
16.364000 0.668649 1.383093 0.931400 1.012700 0.965757 0.923394
16.400000 0.668581 1.378952 0.916740 1.006526 0.960782 0.925929
16.436000 0.668993 1.374477 0.902258 1.000374 0.956022 0.928691
16.472000 0.669887 1.369701 0.887974 0.994269 0.951509 0.931668
16.508000 0.671264 1.364661 0.873904 0.988234 0.947273 0.934836
16.544000 0.673126 1.359391 0.860064 0.982285 0.943348 0.938166
16.580000 0.675469 1.353920 0.846468 0.976435 0.939759 0.941619
16.616000 0.678294 1.348273 0.833124 0.970693 0.936523 0.945153
16.652000 0.681594 1.342459 0.820036 0.965062 0.933648 0.948721
16.688000 0.685367 1.336480 0.807201 0.959543 0.931130 0.952277
16.724000 0.689607 1.330327 0.794616 0.954130 0.928953 0.955781
16.760000 0.694309 1.323979 0.782272 0.948819 0.927094 0.959196
16.796000 0.699469 1.317414 0.770159 0.943605 0.925523 0.962498
16.832000 0.705082 1.310602 0.758273 0.938482 0.924210 0.965675
16.868000 0.711146 1.303517 0.746608 0.933449 0.923127 0.968726
16.904000 0.717656 1.296139 0.735167 0.928509 0.922253 0.971662
16.940000 0.724610 1.288452 0.723960 0.923668 0.921578 0.974504
16.976000 0.732005 1.280452 0.713003 0.918940 0.921101 0.977278
17.012000 0.739834 1.272143 0.702319 0.914345 0.920833 0.980012
17.048000 0.748092 1.263536 0.691938 0.909905 0.920796 0.982731
17.084000 0.756769 1.254652 0.681895 0.905648 0.921015 0.985451
17.120000 0.765853 1.245512 0.672225 0.901604 0.921520 0.988178
17.156000 0.775328 1.236140 0.662963 0.897805 0.922338 0.990902
17.192000 0.785177 1.226554 0.654143 0.894280 0.923487 0.993598
17.228000 0.795381 1.216768 0.645793 0.891055 0.924978 0.996226
17.264000 0.805919 1.206789 0.637935 0.888152 0.926804 0.998731
17.300000 0.816770 1.196614 0.630584 0.885585 0.928946 1.001051
17.336000 0.827913 1.186232 0.623748 0.883365 0.931370 1.003119
17.372000 0.839332 1.175628 0.617431 0.881493 0.934030 1.004869
17.408000 0.851010 1.164781 0.611628 0.879965 0.936873 1.006242
17.444000 0.862934 1.153671 0.606337 0.878775 0.939840 1.007193
17.480000 0.875094 1.142284 0.601550 0.877910 0.942875 1.007691
17.516000 0.887482 1.130608 0.597265 0.877359 0.945927 1.007724
17.552000 0.900090 1.118644 0.593480 0.877111 0.948954 1.007299
17.588000 0.912914 1.106401 0.590198 0.877157 0.951926 1.006442
17.624000 0.925945 1.093900 0.587427 0.877492 0.954826 1.005193
17.660000 0.939174 1.081171 0.585181 0.878119 0.957648 1.003601
17.696000 0.952587 1.068250 0.583477 0.879043 0.960399 1.001723
17.732000 0.966166 1.055178 0.582333 0.880274 0.963087 0.999616
17.768000 0.979887 1.041994 0.581773 0.881828 0.965728 0.997329
17.804000 0.993721 1.028736 0.581816 0.883722 0.968332 0.994906
17.840000 1.007635 1.015434 0.582484 0.885972 0.970905 0.992377
17.876000 1.021588 1.002111 0.583792 0.888594 0.973442 0.989761
17.912000 1.035540 0.988779 0.585757 0.891600 0.975931 0.987064
17.948000 1.049446 0.975442 0.588386 0.894994 0.978346 0.984283
17.984000 1.063261 0.962098 0.591688 0.898773 0.980653 0.981409
18.020000 1.076942 0.948740 0.595664 0.902929 0.982810 0.978431
18.056000 1.090446 0.935361 0.600315 0.907443 0.984773 0.975339
18.092000 1.103733 0.921957 0.605639 0.912287 0.986496 0.972130
18.128000 1.116769 0.908529 0.611633 0.917428 0.987939 0.968810
18.164000 1.129520 0.895091 0.618291 0.922828 0.989069 0.965395
18.200000 1.141956 0.881665 0.625610 0.928443 0.989861 0.961914
18.236000 1.154050 0.868285 0.633580 0.934230 0.990302 0.958406
18.272000 1.165777 0.854996 0.642195 0.940146 0.990391 0.954917
18.308000 1.177113 0.841853 0.651442 0.946149 0.990134 0.951501
18.344000 1.188032 0.828915 0.661307 0.952203 0.989546 0.948210
18.380000 1.198511 0.816241 0.671770 0.958275 0.988646 0.945099
18.416000 1.208522 0.803891 0.682808 0.964339 0.987452 0.942213
18.452000 1.218041 0.791917 0.694390 0.970373 0.985984 0.939592
18.488000 1.227040 0.780364 0.706482 0.976361 0.984257 0.937267
18.524000 1.235491 0.769268 0.719044 0.982291 0.982282 0.935261
18.560000 1.243370 0.758653 0.732033 0.988153 0.980065 0.933587
18.596000 1.250653 0.748534 0.745404 0.993940 0.977609 0.932254
18.632000 1.257317 0.738920 0.759110 0.999643 0.974915 0.931267
18.668000 1.263346 0.729812 0.773103 1.005253 0.971985 0.930632
18.704000 1.268726 0.721213 0.787339 1.010757 0.968825 0.930352
18.740000 1.273449 0.713123 0.801774 1.016140 0.965445 0.930439
18.776000 1.277510 0.705548 0.816370 1.021383 0.961862 0.930905
18.812000 1.280911 0.698499 0.831088 1.026461 0.958103 0.931768
18.848000 1.283656 0.691990 0.845895 1.031347 0.954198 0.933047
18.884000 1.285755 0.686043 0.860757 1.036011 0.950188 0.934762
18.920000 1.287219 0.680683 0.875643 1.040420 0.946115 0.936930
18.956000 1.288062 0.675934 0.890521 1.044542 0.942023 0.939561
18.992000 1.288300 0.671820 0.905355 1.048346 0.937955 0.942656
19.028000 1.287950 0.668359 0.920112 1.051801 0.933949 0.946207
19.064000 1.287030 0.665564 0.934752 1.054885 0.930039 0.950191
19.100000 1.285558 0.663435 0.949235 1.057578 0.926251 0.954573
19.136000 1.283554 0.661964 0.963519 1.059870 0.922603 0.959305
19.172000 1.281038 0.661130 0.977561 1.061758 0.919109 0.964334
19.208000 1.278031 0.660906 0.991321 1.063247 0.915776 0.969598
19.244000 1.274556 0.661254 1.004759 1.064349 0.912613 0.975033
19.280000 1.270637 0.662133 1.017840 1.065086 0.909627 0.980582
19.316000 1.266297 0.663501 1.030535 1.065483 0.906830 0.986190
19.352000 1.261565 0.665316 1.042821 1.065570 0.904238 0.991814
19.388000 1.256467 0.667541 1.054683 1.065381 0.901873 0.997424
19.424000 1.251031 0.670145 1.066109 1.064947 0.899765 1.003002
19.460000 1.245285 0.673105 1.077097 1.064299 0.897946 1.008539
19.496000 1.239256 0.676404 1.087649 1.063464 0.896452 1.014041
19.532000 1.232971 0.680031 1.097769 1.062463 0.895316 1.019516
19.568000 1.226455 0.683980 1.107465 1.061309 0.894568 1.024978
19.604000 1.219731 0.688249 1.116744 1.060011 0.894230 1.030438
19.640000 1.212823 0.692832 1.125614 1.058571 0.894312 1.035902
19.676000 1.205750 0.697724 1.134078 1.056986 0.894814 1.041370
19.712000 1.198532 0.702913 1.142142 1.055248 0.895720 1.046828
19.748000 1.191187 0.708384 1.149805 1.053350 0.897004 1.052253
19.784000 1.183732 0.714115 1.157069 1.051286 0.898631 1.057611
19.820000 1.176184 0.720078 1.163933 1.049051 0.900558 1.062859
19.856000 1.168560 0.726244 1.170397 1.046649 0.902742 1.067947
19.892000 1.160874 0.732581 1.176464 1.044087 0.905141 1.072823
19.928000 1.153144 0.739055 1.182138 1.041381 0.907719 1.077437
19.964000 1.145384 0.745638 1.187427 1.038555 0.910453 1.081744
20.000000 1.137610 0.752304 1.192342 1.035639 0.913330 1.085706
