# concentrations: 0.666667 0.166667 0.166667
0.010772 0.000000 0.000000 0.000000 0.000000 0.000000 0.000000 0.000000 0.000000 0.000000 
0.032316 0.000000 0.000000 0.000000 0.000000 0.000000 0.000000 0.000000 0.000000 0.000000 
0.053861 0.000000 0.000000 0.000000 0.000000 0.000000 0.000000 0.000000 0.000000 0.000000 
0.075405 0.000000 0.000000 0.000000 0.000000 0.000000 0.000000 0.000000 0.000000 0.000000 
0.096949 0.000000 0.000000 0.000000 0.000000 0.000000 0.000000 0.000000 0.000000 0.000000 
0.118494 0.000000 0.000000 0.000000 0.000000 0.000000 0.000000 0.000000 0.000000 0.000000 
0.140038 0.000000 0.000000 0.000000 0.000000 0.000000 0.000000 0.000000 0.000000 0.000000 
0.161582 0.000000 0.000000 0.000000 0.000000 0.000000 0.000000 0.000000 0.000000 0.000000 
0.183127 0.000000 0.000000 0.000000 0.000000 0.000000 0.000000 0.000000 0.000000 0.000000 
0.204671 0.000000 0.000000 0.000000 0.000000 0.000000 0.000000 0.000000 0.000000 0.000000 
0.226215 0.000000 0.000000 0.000000 0.000000 0.000000 0.000000 0.000000 0.000000 0.000000 
0.247759 0.000000 0.000000 0.000000 0.000000 0.000000 0.000000 0.000000 0.000000 0.000000 
0.269304 0.000000 0.000000 0.000000 0.000000 0.000000 0.000000 0.000000 0.000000 0.000000 
0.290848 0.000000 0.000000 0.000000 0.000000 0.000000 0.000000 0.000000 0.000000 0.000000 
0.312392 0.000000 0.000000 0.000000 0.000000 0.000000 0.000000 0.000000 0.000000 0.000000 
0.333937 0.000000 0.000000 0.000000 0.000000 0.000000 0.000000 0.000000 0.000000 0.000000 
0.355481 0.000000 0.000000 0.000000 0.000000 0.000000 0.000000 0.000000 0.000000 0.000000 
0.377025 0.000000 0.000000 0.000000 0.000000 0.000000 0.000000 0.000000 0.000000 0.000000 
0.398570 0.000000 0.000000 0.000000 0.000000 0.000000 0.000000 0.000000 0.000000 0.000000 
0.420114 0.000000 0.000000 0.000000 0.000000 0.000000 0.000000 0.000000 0.000000 0.000000 
0.441658 0.000000 0.000000 0.000000 0.000000 0.000000 0.000000 0.000000 0.000000 0.000000 
0.463202 0.000000 0.000000 0.000000 0.000000 0.000000 0.000000 0.000000 0.000000 0.000000 
0.484747 0.000000 0.000000 0.000000 0.000000 0.000000 0.000000 0.000000 0.000000 0.000000 
0.506291 0.000000 0.000000 0.000000 0.000000 0.000000 0.000000 0.000000 0.000000 0.000000 
0.527835 0.000000 0.000000 0.000000 0.000000 0.000000 0.000000 0.000000 0.000000 0.000000 
0.549380 0.000000 0.000000 0.000000 0.000000 0.000000 0.000000 0.000000 0.000000 0.000000 
0.570924 0.000000 0.000000 0.000000 0.000000 0.000000 0.000000 0.000000 0.000000 0.000000 
0.592468 0.000000 0.000000 0.000000 0.000000 0.000000 0.000000 0.000000 0.000000 0.000000 
0.614013 0.000000 0.000000 0.000000 0.000000 0.000000 0.000000 0.000000 0.000000 0.000000 
0.635557 0.000000 0.000000 0.000000 0.000000 0.000000 0.000000 0.000000 0.000000 0.000000 
0.657101 0.000000 0.000000 0.000000 0.000000 0.000000 0.000000 0.000000 0.000000 0.000000 
0.678645 0.000000 0.000000 0.000000 0.000000 0.000000 0.000000 0.000000 0.000000 0.000000 
0.700190 0.000000 0.000000 0.000000 0.000000 0.000000 0.000000 0.000000 0.000000 0.000000 
0.721734 0.000000 0.001989 0.000000 0.001989 0.000000 0.000000 0.000000 0.000000 0.000000 
0.743278 0.000000 0.051547 0.000000 0.051547 0.000784 0.002044 0.000000 0.002044 0.000000 
0.764823 0.000000 0.357052 0.000000 0.357052 0.009682 0.028582 0.000000 0.028582 0.000000 
0.786367 0.000000 1.176132 0.000106 1.176132 0.055103 0.162276 0.000106 0.162276 0.000000 
0.807911 0.000000 2.343988 0.006019 2.343988 0.166095 0.507702 0.006019 0.507702 0.000522 
0.829456 0.000000 3.342701 0.073669 3.342701 0.348490 1.005156 0.073669 1.005156 0.009537 
0.851000 0.000013 3.832256 0.383015 3.832256 0.551968 1.465983 0.383015 1.465983 0.063376 
0.872544 0.000856 3.807192 1.104550 3.807192 0.740905 1.797055 1.104550 1.797055 0.227077 
0.894088 0.015546 3.501702 2.091073 3.501702 0.860839 1.912035 2.091073 1.912035 0.532493 
0.915633 0.109288 3.042858 2.978344 3.042858 0.940379 1.902139 2.978344 1.902139 0.900473 
0.937177 0.411731 2.589912 3.498542 2.589912 0.980978 1.792537 3.498542 1.792537 1.237367 
0.958721 0.982712 2.167368 3.600287 2.167368 0.973379 1.637978 3.600287 1.637978 1.461921 
0.980266 1.703454 1.809234 3.412908 1.809234 0.960345 1.480407 3.412908 1.480407 1.572715 
1.001810 2.335636 1.530684 3.057674 1.530684 0.934472 1.335356 3.057674 1.335356 1.543084 
1.023354 2.741601 1.297979 2.658037 1.297979 0.900888 1.201475 2.658037 1.201475 1.497235 
1.044899 2.871126 1.112330 2.272132 1.112330 0.866787 1.092363 2.272132 1.092363 1.370481 
1.066443 2.790503 0.970998 1.926312 0.970998 0.844507 1.005936 1.926312 1.005936 1.286694 
1.087987 2.590272 0.858062 1.635954 0.858062 0.837457 0.920284 1.635954 0.920284 1.162294 
1.109531 2.318313 0.766242 1.391114 0.766242 0.835595 0.864489 1.391114 0.864489 1.056756 
1.131076 2.039793 0.694727 1.193705 0.694727 0.820571 0.819677 1.193705 0.819677 0.979125 
1.152620 1.774508 0.643473 1.036633 0.643473 0.827988 0.785231 1.036633 0.785231 0.899716 
1.174164 1.548839 0.596719 0.912746 0.596719 0.830815 0.754145 0.912746 0.754145 0.832813 
1.195709 1.347164 0.562296 0.809719 0.562296 0.846957 0.736792 0.809719 0.736792 0.789353 
1.217253 1.180785 0.544003 0.732069 0.544003 0.865551 0.723977 0.732069 0.723977 0.737676 
1.238797 1.045838 0.526080 0.667360 0.526080 0.886651 0.725995 0.667360 0.725995 0.715629 
1.260342 0.937043 0.514025 0.619766 0.514025 0.911193 0.728584 0.619766 0.728584 0.687671 
1.281886 0.844192 0.509758 0.579487 0.509758 0.950780 0.738029 0.579487 0.738029 0.676790 
1.303430 0.774774 0.511991 0.550198 0.511991 0.968991 0.757366 0.550198 0.757366 0.659754 
1.324974 0.716691 0.518921 0.531269 0.518921 1.010599 0.778169 0.531269 0.778169 0.667280 
1.346519 0.673956 0.533796 0.517788 0.533796 1.033405 0.799964 0.517788 0.799964 0.665357 
1.368063 0.640221 0.549885 0.511010 0.549885 1.069206 0.836531 0.511010 0.836531 0.672808 
1.389607 0.617772 0.572642 0.508482 0.572642 1.095100 0.875033 0.508482 0.875033 0.698300 
1.411152 0.601903 0.601163 0.516236 0.601163 1.107493 0.903764 0.516236 0.903764 0.717212 
1.432696 0.597357 0.635372 0.526595 0.635372 1.137262 0.944956 0.526595 0.944956 0.751002 
1.454240 0.595255 0.675034 0.544267 0.675034 1.156032 0.984261 0.544267 0.984261 0.782303 
1.475785 0.606300 0.719667 0.565300 0.719667 1.175510 1.021992 0.565300 1.021992 0.817258 
1.497329 0.619750 0.768629 0.595947 0.768629 1.182437 1.059770 0.595947 1.059770 0.865800 
1.518873 0.640461 0.820828 0.633488 0.820828 1.198595 1.086841 0.633488 1.086841 0.909712 
1.540417 0.667696 0.874795 0.673752 0.874795 1.208358 1.120122 0.673752 1.120122 0.970686 
1.561962 0.704223 0.922542 0.721840 0.922542 1.224279 1.145162 0.721840 1.145162 1.013262 
1.583506 0.744137 0.979549 0.775737 0.979549 1.239670 1.171672 0.775737 1.171672 1.053624 
1.605050 0.788908 1.029582 0.829570 1.029582 1.264665 1.185891 0.829570 1.185891 1.109578 
1.626595 0.835179 1.074048 0.891022 1.074048 1.275014 1.202056 0.891022 1.202056 1.147227 
1.648139 0.881371 1.115027 0.949550 1.115027 1.275105 1.223556 0.949550 1.223556 1.175123 
1.669683 0.927833 1.147697 1.002488 1.147697 1.285387 1.241907 1.002488 1.241907 1.208074 
1.691228 0.972365 1.179589 1.054353 1.179589 1.274290 1.259128 1.054353 1.259128 1.223086 
1.712772 1.012768 1.208167 1.096024 1.208167 1.234452 1.281967 1.096024 1.281967 1.250984 
1.734316 1.048777 1.232680 1.134289 1.232680 1.199024 1.289407 1.134289 1.289407 1.269488 
1.755860 1.081598 1.249863 1.164129 1.249863 1.155502 1.288349 1.164129 1.288349 1.284963 
1.777405 1.110055 1.271153 1.194062 1.271153 1.114908 1.267360 1.194062 1.267360 1.285247 
1.798949 1.131334 1.283019 1.214357 1.283019 1.073100 1.249035 1.214357 1.249035 1.304062 
1.820493 1.146934 1.286072 1.231684 1.286072 1.020757 1.219672 1.231684 1.219672 1.309304 
1.842038 1.161338 1.286007 1.243736 1.286007 0.981927 1.179473 1.243736 1.179473 1.309944 
1.863582 1.168727 1.270725 1.257824 1.270725 0.925499 1.137538 1.257824 1.137538 1.294269 
1.885126 1.173890 1.244009 1.266104 1.244009 0.898609 1.085382 1.266104 1.085382 1.263878 
1.906671 1.176284 1.214372 1.265133 1.214372 0.869336 1.040875 1.265133 1.040875 1.231742 
1.928215 1.177382 1.178337 1.263580 1.178337 0.850293 0.990725 1.263580 0.990725 1.199085 
1.949759 1.176255 1.138519 1.249787 1.138519 0.820347 0.953121 1.249787 0.953121 1.148283 
1.971303 1.175365 1.098455 1.229061 1.098455 0.811534 0.914961 1.229061 0.914961 1.092697 
1.992848 1.172544 1.055981 1.203346 1.055981 0.802682 0.881856 1.203346 0.881856 1.053903 
2.014392 1.163096 1.014524 1.166923 1.014524 0.793869 0.856595 1.166923 0.856595 1.010015 
2.035936 1.150024 0.979756 1.129143 0.979756 0.795090 0.833419 1.129143 0.833419 0.962435 
2.057481 1.133712 0.946071 1.091476 0.946071 0.801961 0.819430 1.091476 0.819430 0.928768 
2.079025 1.112877 0.918913 1.051713 0.918913 0.809980 0.808716 1.051713 0.808716 0.891194 
2.100569 1.087262 0.891287 1.008987 0.891287 0.825875 0.800581 1.008987 0.800581 0.864889 
2.122114 1.057413 0.875902 0.974728 0.875902 0.836939 0.795693 0.974728 0.795693 0.837227 
2.143658 1.028907 0.858937 0.943000 0.858937 0.847472 0.794246 0.943000 0.794246 0.824956 
2.165202 0.997868 0.849252 0.913725 0.849252 0.869065 0.806634 0.913725 0.806634 0.811503 
2.186746 0.972439 0.844967 0.891154 0.844967 0.892325 0.818835 0.891154 0.818835 0.796817 
2.208291 0.943014 0.846926 0.870835 0.846926 0.918728 0.830448 0.870835 0.830448 0.793322 
2.229835 0.920012 0.848926 0.855493 0.848926 0.930288 0.848374 0.855493 0.848374 0.799396 
2.251379 0.899028 0.853885 0.844368 0.853885 0.964848 0.868202 0.844368 0.868202 0.801068 
2.272924 0.883232 0.863954 0.840061 0.863954 0.983015 0.884707 0.840061 0.884707 0.818653 
2.294468 0.873163 0.877095 0.842148 0.877095 1.004778 0.911244 0.842148 0.911244 0.821444 
2.316012 0.864944 0.890250 0.844186 0.890250 1.025442 0.935661 0.844186 0.935661 0.842189 
2.337556 0.861610 0.906763 0.850424 0.906763 1.040539 0.958588 0.850424 0.958588 0.861900 
2.359101 0.861094 0.926057 0.861212 0.926057 1.062345 0.979761 0.861212 0.979761 0.886383 
2.380645 0.866430 0.942792 0.876441 0.942792 1.075037 1.005141 0.876441 1.005141 0.902282 
2.402189 0.873663 0.962680 0.890321 0.962680 1.088462 1.024960 0.890321 1.024960 0.925587 
2.423734 0.884399 0.982462 0.907839 0.982462 1.098637 1.046761 0.907839 1.046761 0.955174 
2.445278 0.898671 0.998530 0.928150 0.998530 1.099459 1.063695 0.928150 1.063695 0.981820 
2.466822 0.913805 1.016157 0.946699 1.016157 1.104704 1.075737 0.946699 1.075737 1.003389 
2.488367 0.931505 1.031994 0.968016 1.031994 1.106069 1.086206 0.968016 1.086206 1.027722 
2.509911 0.947519 1.043596 0.987448 1.043596 1.100702 1.101274 0.987448 1.101274 1.039633 
2.531455 0.967741 1.056940 1.005694 1.056940 1.102513 1.101836 1.005694 1.101836 1.064092 
2.553000 0.985390 1.064293 1.024298 1.064293 1.096109 1.107308 1.024298 1.107308 1.076782 
2.574544 1.003636 1.070615 1.038255 1.070615 1.091798 1.112637 1.038255 1.112637 1.090033 
2.596088 1.021163 1.075415 1.050131 1.075415 1.082654 1.103566 1.050131 1.103566 1.101730 
2.617633 1.035331 1.078288 1.063154 1.078288 1.077127 1.104246 1.063154 1.104246 1.103823 
2.639177 1.047640 1.079762 1.072934 1.079762 1.064826 1.097397 1.072934 1.097397 1.111701 
2.660721 1.059772 1.076895 1.078686 1.076895 1.055815 1.088446 1.078686 1.088446 1.109746 
2.682265 1.067273 1.071936 1.081261 1.071936 1.039902 1.081552 1.081261 1.081552 1.102663 
2.703810 1.073192 1.068638 1.084341 1.068638 1.029348 1.071691 1.084341 1.071691 1.105897 
2.725354 1.078070 1.061246 1.082602 1.061246 1.016586 1.061587 1.082602 1.061587 1.099579 
2.746898 1.078697 1.057920 1.079937 1.057920 1.005812 1.051061 1.079937 1.051061 1.091972 
2.768443 1.079503 1.048296 1.076099 1.048296 0.990743 1.039938 1.076099 1.039938 1.081221 
2.789987 1.075967 1.038995 1.069687 1.038995 0.981363 1.026664 1.069687 1.026664 1.068328 
2.811531 1.071167 1.030886 1.062975 1.030886 0.970655 1.015467 1.062975 1.015467 1.061059 
2.833075 1.065436 1.021512 1.056482 1.021512 0.959442 1.000197 1.056482 1.000197 1.047304 
2.854620 1.058084 1.014744 1.046425 1.014744 0.951678 0.990635 1.046425 0.990635 1.036592 
2.876164 1.050459 1.004533 1.038131 1.004533 0.948911 0.976797 1.038131 0.976797 1.022756 
2.897708 1.042607 0.995257 1.029214 0.995257 0.943799 0.967267 1.029214 0.967267 1.010372 
2.919253 1.034637 0.987377 1.019483 0.987377 0.941437 0.961595 1.019483 0.961595 0.997675 
2.940797 1.025969 0.978863 1.010136 0.978863 0.938093 0.951517 1.010136 0.951517 0.987198 
2.962341 1.016958 0.971069 0.998716 0.971069 0.934983 0.945743 0.998716 0.945743 0.975836 
2.983886 1.009190 0.965633 0.991911 0.965633 0.944067 0.945519 0.991911 0.945519 0.963470 
3.005430 1.000133 0.958071 0.981618 0.958071 0.943447 0.942711 0.981618 0.942711 0.958859 
3.026974 0.992232 0.954613 0.974608 0.954613 0.948917 0.937046 0.974608 0.937046 0.953487 
3.048518 0.986001 0.951736 0.968432 0.951736 0.955251 0.935706 0.968432 0.935706 0.943751 
3.070063 0.978652 0.951669 0.962079 0.951669 0.959266 0.940196 0.962079 0.940196 0.940279 
3.091607 0.971507 0.949895 0.954816 0.949895 0.971335 0.944126 0.954816 0.944126 0.935739 
3.113151 0.966609 0.950934 0.954080 0.950934 0.977588 0.949177 0.954080 0.949177 0.935517 
3.134696 0.962644 0.953151 0.949638 0.953151 0.980267 0.957364 0.949638 0.957364 0.935771 
3.156240 0.959220 0.956257 0.949490 0.956257 0.988923 0.961892 0.949490 0.961892 0.940778 
3.177784 0.956814 0.961753 0.949158 0.961753 1.000564 0.967379 0.949158 0.967379 0.943744 
3.199329 0.955020 0.966647 0.948497 0.966647 1.005310 0.975370 0.948497 0.975370 0.947643 
3.220873 0.954507 0.973602 0.952490 0.973602 1.009276 0.981870 0.952490 0.981870 0.952030 
3.242417 0.955392 0.979962 0.957418 0.979962 1.014985 0.992597 0.957418 0.992597 0.961181 
3.263961 0.957018 0.987415 0.961568 0.987415 1.023602 1.001208 0.961568 1.001208 0.968993 
3.285506 0.959687 0.994156 0.967760 0.994156 1.028116 1.006608 0.967760 1.006608 0.977912 
3.307050 0.963957 0.999829 0.972498 0.999829 1.030802 1.013346 0.972498 1.013346 0.985049 
3.328594 0.968160 1.005967 0.980544 1.005967 1.029592 1.020430 0.980544 1.020430 0.996838 
3.350139 0.972892 1.012589 0.987353 1.012589 1.031208 1.027016 0.987353 1.027016 1.000122 
3.371683 0.978750 1.017060 0.995063 1.017060 1.031503 1.028398 0.995063 1.028398 1.015105 
3.393227 0.985298 1.021927 1.002197 1.021927 1.035303 1.031008 1.002197 1.031008 1.017269 
3.414772 0.992992 1.025027 1.008354 1.025027 1.030829 1.034353 1.008354 1.034353 1.024281 
3.436316 0.999154 1.029171 1.014666 1.029171 1.032573 1.033947 1.014666 1.033947 1.026495 
3.457860 1.003973 1.029566 1.020071 1.029566 1.025203 1.034692 1.020071 1.034692 1.028273 
3.479404 1.008400 1.030182 1.023788 1.030182 1.026524 1.034626 1.023788 1.034626 1.031328 
3.500949 1.014493 1.032478 1.026446 1.032478 1.020231 1.033274 1.026446 1.033274 1.035894 
3.522493 1.019484 1.031760 1.031455 1.031760 1.017477 1.030506 1.031455 1.030506 1.042177 
3.544037 1.023541 1.028289 1.032149 1.028289 1.014174 1.029335 1.032149 1.029335 1.037374 
3.565582 1.025932 1.029397 1.033045 1.029397 1.010236 1.022601 1.033045 1.022601 1.042306 
3.587126 1.029218 1.025200 1.033943 1.025200 1.008322 1.020916 1.033943 1.020916 1.033973 
3.608670 1.030151 1.021911 1.032533 1.021911 1.004176 1.016194 1.032533 1.016194 1.029787 
3.630215 1.029621 1.019744 1.030341 1.019744 1.002475 1.010592 1.030341 1.010592 1.032046 
3.651759 1.030567 1.014828 1.027923 1.014828 0.990088 1.007634 1.027923 1.007634 1.027176 
3.673303 1.028534 1.010077 1.026539 1.010077 0.988931 1.005572 1.026539 1.005572 1.020367 
3.694847 1.027030 1.007387 1.022681 1.007387 0.986895 1.001106 1.022681 1.001106 1.015608 
3.716392 1.025224 1.001678 1.018692 1.001678 0.986058 0.994099 1.018692 0.994099 1.013288 
3.737936 1.022484 1.000286 1.014403 1.000286 0.982365 0.992326 1.014403 0.992326 1.008322 
3.759480 1.018298 0.994855 1.010585 0.994855 0.979993 0.989850 1.010585 0.989850 1.003858 
3.781025 1.015120 0.992240 1.006523 0.992240 0.979756 0.986743 1.006523 0.986743 0.996463 
3.802569 1.011493 0.989439 1.002163 0.989439 0.979648 0.983706 1.002163 0.983706 0.993388 
3.824113 1.008063 0.986703 0.996932 0.986703 0.981827 0.982222 0.996932 0.982222 0.986851 
3.845658 1.004333 0.983183 0.994144 0.983183 0.979539 0.979282 0.994144 0.979282 0.984091 
3.867202 0.999587 0.983384 0.991433 0.983384 0.981345 0.979083 0.991433 0.979083 0.983859 
3.888746 0.996803 0.982250 0.988307 0.982250 0.985489 0.979248 0.988307 0.979248 0.981353 
3.910290 0.993097 0.981995 0.985884 0.981995 0.983652 0.978895 0.985884 0.978895 0.982375 
3.931835 0.990933 0.981905 0.984367 0.981905 0.988020 0.978437 0.984367 0.978437 0.975852 
3.953379 0.988364 0.980728 0.982037 0.980728 0.989450 0.980649 0.982037 0.980649 0.978491 
3.974923 0.986277 0.980752 0.980794 0.980752 0.994016 0.982631 0.980794 0.982631 0.977673 
3.996468 0.984563 0.983791 0.979930 0.983791 0.995454 0.985667 0.979930 0.985667 0.977552 
4.018012 0.982926 0.983521 0.979750 0.983521 0.996447 0.987961 0.979750 0.987961 0.978974 
4.039556 0.982191 0.986025 0.981127 0.986025 1.000287 0.990980 0.981127 0.990980 0.979493 
4.061100 0.981667 0.987263 0.980622 0.987263 1.001916 0.992881 0.980622 0.992881 0.981476 
4.082645 0.982358 0.989607 0.981901 0.989607 1.006222 0.994309 0.981901 0.994309 0.981595 
4.104189 0.982818 0.991604 0.983011 0.991604 1.007431 0.997411 0.983011 0.997411 0.990280 
4.125733 0.983582 0.994572 0.985639 0.994572 1.008118 1.002321 0.985639 1.002321 0.988771 
4.147278 0.984664 0.997303 0.987631 0.997303 1.008404 1.003326 0.987631 1.003326 0.994057 
4.168822 0.987033 1.000340 0.990124 1.000340 1.011833 1.006358 0.990124 1.006358 0.996075 
4.190366 0.988904 1.002944 0.993003 1.002944 1.009691 1.009918 0.993003 1.009918 0.998248 
4.211911 0.990431 1.003590 0.995626 1.003590 1.010428 1.009480 0.995626 1.009480 1.002052 
4.233455 0.992639 1.005973 0.997948 1.005973 1.012963 1.009594 0.997948 1.009594 1.003102 
4.254999 0.994875 1.008103 1.000802 1.008103 1.015014 1.012828 1.000802 1.012828 1.005687 
4.276544 0.997561 1.009468 1.002611 1.009468 1.011599 1.014705 1.002611 1.014705 1.012010 
4.298088 0.999031 1.010861 1.005470 1.010861 1.010816 1.011502 1.005470 1.011502 1.007624 
4.319632 1.001831 1.012598 1.006648 1.012598 1.012088 1.012558 1.006648 1.012558 1.012207 
4.341177 1.003926 1.012725 1.007940 1.012725 1.009976 1.014075 1.007940 1.014075 1.014908 
4.362721 1.005819 1.012601 1.010057 1.012601 1.007143 1.012504 1.010057 1.012504 1.017147 
4.384265 1.008108 1.012246 1.011893 1.012246 1.008560 1.012021 1.011893 1.012021 1.017097 
4.405809 1.008617 1.012648 1.012057 1.012648 1.003700 1.011856 1.012057 1.011856 1.016880 
4.427354 1.010302 1.012284 1.013231 1.012284 1.004094 1.009004 1.013231 1.009004 1.015747 
4.448898 1.011015 1.010076 1.012938 1.010076 1.003458 1.008843 1.012938 1.008843 1.013947 
4.470442 1.011541 1.008843 1.014420 1.008843 0.999527 1.005891 1.014420 1.005891 1.013722 
4.491987 1.011154 1.007392 1.013614 1.007392 0.999709 1.004802 1.013614 1.004802 1.010526 
4.513531 1.010910 1.007144 1.011768 1.007144 0.992990 1.005887 1.011768 1.005887 1.013645 
4.535075 1.011412 1.004671 1.009456 1.004671 0.994422 1.000951 1.009456 1.000951 1.010650 
4.556619 1.010770 1.003468 1.009644 1.003468 0.993812 0.999446 1.009644 0.999446 1.003473 
4.578164 1.009946 1.002104 1.008794 1.002104 0.993147 0.998178 1.008794 0.998178 1.004110 
4.599708 1.009174 0.999827 1.005539 0.999827 0.993535 0.996364 1.005539 0.996364 1.002226 
4.621252 1.007530 0.998447 1.004247 0.998447 0.992699 0.993335 1.004247 0.993335 1.001826 
4.642797 1.005675 0.997077 1.003857 0.997077 0.991998 0.994576 1.003857 0.994576 0.999837 
4.664341 1.005053 0.995624 1.001110 0.995624 0.991340 0.994556 1.001110 0.994556 0.996532 
4.685885 1.003113 0.995300 0.999171 0.995300 0.988831 0.991663 0.999171 0.991663 0.995083 
4.707429 1.002032 0.993899 0.999021 0.993899 0.992958 0.991684 0.999021 0.991684 0.993729 
4.728974 0.999976 0.992369 0.996305 0.992369 0.991606 0.991784 0.996305 0.991784 0.994286 
4.750518 0.999013 0.992217 0.994293 0.992217 0.993384 0.992290 0.994293 0.992290 0.991497 
4.772062 0.997587 0.992347 0.994345 0.992347 0.993469 0.991960 0.994345 0.991960 0.992044 
4.793607 0.996713 0.991547 0.993126 0.991547 0.994363 0.991306 0.993126 0.991306 0.989502 
4.815151 0.996135 0.992115 0.992231 0.992115 0.996887 0.992272 0.992231 0.992272 0.990555 
4.836695 0.994390 0.992161 0.992468 0.992161 0.995324 0.991996 0.992468 0.991996 0.991327 
4.858240 0.994535 0.993538 0.991480 0.993538 0.997474 0.996021 0.991480 0.996021 0.987688 
4.879784 0.993641 0.993193 0.991931 0.993193 0.997929 0.993685 0.991931 0.993685 0.993200 
4.901328 0.992428 0.994522 0.991528 0.994522 1.001314 0.996735 0.991528 0.996735 0.989318 
4.922873 0.992641 0.994335 0.991551 0.994335 1.001294 0.997117 0.991551 0.997117 0.993053 
4.944417 0.992563 0.995702 0.992419 0.995702 1.002305 0.997009 0.992419 0.997009 0.993048 
4.965961 0.993292 0.996916 0.993691 0.996916 1.002588 0.998540 0.993691 0.998540 0.995461 
4.987505 0.993045 0.997498 0.993847 0.997498 1.002476 1.001328 0.993847 1.001328 0.995987 
5.009050 0.993149 0.998355 0.994211 0.998355 1.004453 1.002511 0.994211 1.002511 0.996270 
5.030594 0.994375 1.000251 0.996615 1.000251 1.006667 1.001936 0.996615 1.001936 0.998286 
5.052138 0.995513 1.000480 0.997524 1.000480 1.005902 1.004461 0.997524 1.004461 0.998408 
5.073683 0.996267 1.002071 0.998447 1.002071 1.005635 1.005256 0.998447 1.005256 1.002151 
5.095227 0.996597 1.002611 0.999244 1.002611 1.007551 1.004244 0.999244 1.004244 1.001469 
5.116771 0.998869 1.003233 1.000893 1.003233 1.005489 1.003606 1.000893 1.003606 1.002951 
5.138316 0.998666 1.004538 1.000693 1.004538 1.004843 1.008145 1.000693 1.008145 1.002899 
5.159860 1.000040 1.003523 1.002723 1.003523 1.006777 1.006138 1.002723 1.006138 1.004016 
5.181404 1.001163 1.005047 1.002899 1.005047 1.005783 1.006557 1.002899 1.006557 1.007591 
5.202949 1.002067 1.005801 1.004335 1.005801 1.005290 1.004484 1.004335 1.004484 1.005314 
5.224493 1.002449 1.005345 1.004671 1.005345 1.005762 1.004668 1.004671 1.004668 1.006200 
5.246037 1.002492 1.005208 1.004876 1.005208 1.002506 1.004080 1.004876 1.004080 1.006069 
5.267581 1.003186 1.004498 1.004924 1.004498 1.000950 1.005965 1.004924 1.005965 1.004706 
5.289126 1.004833 1.005134 1.006381 1.005134 1.001396 1.004689 1.006381 1.004689 1.005231 
5.310670 1.004264 1.004137 1.005248 1.004137 1.001233 1.005623 1.005248 1.005623 1.005540 
5.332214 1.004663 1.003585 1.005112 1.003585 1.000642 1.003054 1.005112 1.003054 1.004917 
5.353759 1.005245 1.003432 1.005280 1.003432 1.000598 1.001923 1.005280 1.001923 1.005360 
5.375303 1.004734 1.002847 1.004478 1.002847 0.996789 1.001607 1.004478 1.001607 1.005574 
5.396847 1.005032 1.002372 1.004398 1.002372 0.999484 0.998863 1.004398 0.998863 1.005987 
5.418391 1.004706 1.000440 1.004139 1.000440 0.998108 0.999496 1.004139 0.999496 1.001758 
5.439936 1.004045 1.000955 1.003296 1.000955 0.997997 1.000041 1.003296 1.000041 1.001951 
5.461480 1.003499 1.000419 1.002882 1.000419 0.995451 0.999184 1.002882 0.999184 1.001822 
5.483024 1.003010 0.999349 1.002009 0.999349 0.997407 0.997515 1.002009 0.997515 1.002764 
5.504569 1.002618 0.998675 1.001866 0.998675 0.997262 0.997134 1.001866 0.997134 1.002232 
5.526113 1.001496 0.998077 1.000774 0.998077 0.995873 0.996260 1.000774 0.996260 0.999365 
5.547657 1.001998 0.997484 0.999524 0.997484 0.997722 0.994731 0.999524 0.994731 0.998182 
5.569201 1.000487 0.997003 0.998535 0.997003 0.998070 0.998294 0.998535 0.998294 0.995550 
5.590746 1.000660 0.997309 0.998261 0.997309 0.996264 0.996953 0.998261 0.996953 0.997964 
5.612290 0.999713 0.996247 0.997378 0.996247 0.997541 0.995742 0.997378 0.995742 0.997555 
5.633834 0.999082 0.996880 0.998095 0.996880 0.996581 0.996399 0.998095 0.996399 0.994334 
5.655379 0.998638 0.997071 0.996568 0.997071 0.994442 0.996813 0.996568 0.996813 0.994964 
5.676923 0.998237 0.996105 0.997121 0.996105 0.997762 0.997470 0.997121 0.997470 0.995784 
5.698467 0.997645 0.997510 0.996875 0.997510 0.998995 0.996353 0.996875 0.996353 0.996190 
5.720012 0.997352 0.996785 0.996370 0.996785 0.997737 0.997613 0.996370 0.997613 0.994255 
5.741556 0.996911 0.997486 0.996063 0.997486 0.997642 0.998983 0.996063 0.998983 0.997190 
5.763100 0.997250 0.997555 0.996251 0.997555 0.999435 0.996841 0.996251 0.996841 0.997505 
5.784645 0.997308 0.998799 0.997348 0.998799 0.999129 0.998791 0.997348 0.998791 0.999537 
5.806189 0.997476 0.997697 0.997119 0.997697 1.002436 0.998063 0.997119 0.998063 0.997950 
5.827733 0.997003 0.999658 0.996565 0.999658 1.002278 0.999350 0.996565 0.999350 0.997851 
5.849277 0.997195 0.998854 0.998131 0.998854 1.001502 0.999807 0.998131 0.999807 0.998004 
5.870822 0.997752 0.999342 0.997404 0.999342 1.002568 0.999970 0.997404 0.999970 1.000879 
5.892366 0.997835 0.999801 0.998212 0.999801 1.002490 1.001988 0.998212 1.001988 0.999596 
5.913910 0.998241 1.000009 0.999038 1.000009 1.000831 1.000279 0.999038 1.000279 0.998160 
5.935455 0.997913 1.000720 0.999639 1.000720 1.003180 1.002722 0.999639 1.002722 1.002428 
5.956999 0.998901 1.001708 0.999768 1.001708 1.001703 1.003623 0.999768 1.003623 1.001837 
5.978543 0.999632 1.001739 0.999733 1.001739 1.004406 1.003082 0.999733 1.003082 0.999544 
6.000087 0.998940 1.001609 0.999825 1.001609 1.002159 1.000363 0.999825 1.000363 1.002474 
6.021632 1.000388 1.001514 1.000871 1.001514 1.003357 1.002771 1.000871 1.002771 1.003474 
6.043176 1.000763 1.002901 1.002249 1.002901 1.000823 1.002958 1.002249 1.002958 1.000433 
6.064720 1.000518 1.002250 1.002342 1.002250 1.001497 1.003147 1.002342 1.003147 1.002345 
6.086265 1.000733 1.002397 1.002021 1.002397 1.003476 1.002760 1.002021 1.002760 1.002030 
6.107809 1.001203 1.002004 1.002888 1.002004 1.002070 1.002487 1.002888 1.002487 1.002155 
6.129353 1.001426 1.002363 1.001688 1.002363 1.000737 1.003068 1.001688 1.003068 1.002534 
6.150898 1.001897 1.001708 1.001436 1.001708 1.000678 1.002172 1.001436 1.002172 1.004407 
6.172442 1.001515 1.002223 1.002001 1.002223 0.999766 0.999719 1.002001 0.999719 1.001746 
6.193986 1.002624 1.001341 1.002560 1.001341 1.000846 1.001681 1.002560 1.001681 1.003041 
6.215531 1.001863 1.001265 1.002173 1.001265 0.999492 1.000805 1.002173 1.000805 1.004492 
6.237075 1.003001 1.000542 1.002248 1.000542 0.999164 1.000068 1.002248 1.000068 0.998030 
6.258619 1.001901 1.000409 1.002096 1.000409 1.000432 0.999158 1.002096 0.999158 1.002378 
6.280164 1.002049 1.000885 1.001661 1.000885 1.000340 1.000134 1.001661 1.000134 0.999924 
6.301708 1.002168 1.000215 1.001736 1.000215 0.999982 0.999779 1.001736 0.999779 1.001388 
6.323252 1.001745 0.999874 1.000929 0.999874 1.000522 1.000271 1.000929 1.000271 1.002830 
6.344796 1.001406 0.999934 1.000552 0.999934 0.998897 0.999091 1.000552 0.999091 0.998965 
6.366341 1.001229 0.999483 1.000069 0.999483 0.998985 0.999105 1.000069 0.999105 1.000604 
6.387885 1.001053 0.999335 1.000152 0.999335 0.996537 0.998753 1.000152 0.998753 0.999185 
6.409429 1.000543 0.999619 0.999649 0.999619 0.997647 0.998592 0.999649 0.998592 0.999196 
6.430974 0.999992 0.998700 0.999597 0.998700 0.997534 0.998651 0.999597 0.998651 1.000156 
6.452518 0.999869 0.998937 0.999152 0.998937 0.998358 0.998911 0.999152 0.998911 1.000492 
6.474062 0.999850 0.998391 0.999265 0.998391 0.998788 0.997502 0.999265 0.997502 0.999353 
6.495606 1.000008 0.998413 0.998702 0.998413 0.997661 0.998700 0.998702 0.998700 0.999036 
6.517151 0.999674 0.998729 0.998844 0.998729 1.000456 0.997492 0.998844 0.997492 0.998147 
6.538695 0.999034 0.998742 0.998219 0.998742 0.998989 0.999104 0.998219 0.999104 0.999275 
6.560239 0.999120 0.998493 0.998504 0.998493 0.999711 0.999241 0.998504 0.999241 0.998666 
6.581784 0.999391 0.998865 0.999191 0.998865 1.000112 1.000252 0.999191 1.000252 0.998253 
6.603328 0.998734 0.998898 0.998825 0.998898 0.999444 1.000162 0.998825 1.000162 0.999276 
6.624872 0.998876 0.998884 0.998441 0.998884 0.999670 0.999890 0.998441 0.999890 0.999021 
6.646417 0.998633 0.998787 0.998051 0.998787 1.001580 1.000320 0.998051 1.000320 0.999108 
6.667961 0.998610 0.999222 0.998665 0.999222 0.999738 0.999018 0.998665 0.999018 0.999549 
6.689505 0.998985 0.999857 0.998922 0.999857 0.998975 0.999627 0.998922 0.999627 0.998934 
6.711050 0.999149 0.999494 0.998886 0.999494 1.001964 1.000520 0.998886 1.000520 0.998167 
6.732594 0.998965 0.999751 0.998993 0.999751 1.000824 1.000621 0.998993 1.000621 0.999890 
6.754138 0.998994 1.000223 0.999180 1.000223 1.000059 1.000268 0.999180 1.000268 0.999731 
6.775682 0.999381 1.000511 0.999781 1.000511 1.001766 1.000523 0.999781 1.000523 1.001589 
6.797227 0.999380 1.000728 1.000293 1.000728 1.000591 1.000128 1.000293 1.000128 0.999855 
6.818771 0.999515 1.000245 0.999991 1.000245 1.001558 1.000555 0.999991 1.000555 1.001123 
6.840315 0.999437 1.000576 1.000162 1.000576 1.000574 1.002144 1.000162 1.002144 1.000334 
6.861860 0.999649 1.000953 1.000599 1.000953 0.999560 1.001084 1.000599 1.001084 1.000918 
6.883404 1.000301 1.000906 1.000198 1.000906 1.002858 1.001575 1.000198 1.001575 1.001092 
6.904948 1.000646 1.000638 1.000299 1.000638 1.000649 1.000591 1.000299 1.000591 1.000832 
6.926492 1.000371 1.000769 1.000871 1.000769 1.000062 1.001020 1.000871 1.001020 1.000791 
6.948037 1.000241 1.001205 1.000805 1.001205 1.001138 1.000489 1.000805 1.000489 1.000796 
6.969581 1.001044 1.001021 1.001092 1.001021 1.001377 1.000099 1.001092 1.000099 1.000212 
6.991125 1.001085 1.000167 1.000592 1.000167 1.000526 1.001371 1.000592 1.001371 1.001464 
7.012670 1.001010 1.000241 1.001615 1.000241 1.001176 1.000554 1.001615 1.000554 1.001629 
7.034214 1.000301 1.000739 1.001083 1.000739 1.000225 0.999879 1.001083 0.999879 1.002097 
7.055758 1.001002 1.001172 1.001415 1.001172 0.997903 1.001550 1.001415 1.001550 1.001886 
7.077302 1.000993 1.000558 1.000620 1.000558 1.000781 1.001495 1.000620 1.001495 1.001530 
7.098847 1.000960 1.000294 1.001224 1.000294 1.000473 1.001215 1.001224 1.001215 1.000074 
7.120391 1.000614 1.000577 1.000130 1.000577 0.999206 1.000106 1.000130 1.000106 1.001407 
7.141935 1.000642 1.000424 1.000909 1.000424 1.001621 0.999212 1.000909 0.999212 1.000174 
7.163480 1.001181 1.000106 1.000814 1.000106 1.000406 0.998854 1.000814 0.998854 1.001312 
7.185024 1.000736 1.000063 1.000474 1.000063 0.999459 0.999127 1.000474 0.999127 0.999227 
7.206568 1.000654 1.000202 1.000467 1.000202 0.998949 1.000058 1.000467 1.000058 1.000349 
7.228113 1.000162 0.998924 1.000283 0.998924 0.998518 0.998581 1.000283 0.998581 1.001270 
7.249657 1.000510 1.000101 0.999852 1.000101 0.999252 0.999919 0.999852 0.999919 1.001148 
7.271201 1.000380 0.999380 1.000396 0.999380 0.999650 1.000436 1.000396 1.000436 0.998622 
7.292746 1.000105 0.999779 0.999831 0.999779 0.997045 0.999076 0.999831 0.999076 0.997886 
7.314290 1.000294 0.999057 0.999729 0.999057 1.000245 0.999068 0.999729 0.999068 0.999178 
7.335834 1.000014 0.999555 0.998897 0.999555 0.998559 0.999911 0.998897 0.999911 0.999661 
7.357378 1.000177 0.999831 1.000074 0.999831 0.998383 1.000662 1.000074 1.000662 0.999750 
7.378923 0.999907 0.999536 1.000140 0.999536 1.000414 1.000098 1.000140 1.000098 0.998465 
7.400467 1.000065 0.999258 0.999326 0.999258 0.999706 0.999650 0.999326 0.999650 1.000878 
7.422011 0.999759 0.999808 0.999941 0.999808 0.997761 0.999469 0.999941 0.999469 0.999263 
7.443556 0.999717 0.999162 0.999261 0.999162 1.000700 0.999459 0.999261 0.999459 0.998664 
7.465100 0.999504 0.999552 0.998991 0.999552 0.999202 0.999107 0.998991 0.999107 0.998884 
7.486644 0.999467 0.999231 0.999464 0.999231 1.000805 0.999408 0.999464 0.999408 0.999522 
7.508188 0.999291 0.999607 0.999248 0.999607 1.001378 1.000849 0.999248 1.000849 0.998406 
7.529733 0.999823 0.999884 0.999018 0.999884 1.000523 0.999839 0.999018 0.999839 1.000127 
7.551277 0.999632 0.999709 0.999237 0.999709 1.001719 1.000629 0.999237 1.000629 0.998651 
7.572821 0.999541 0.999717 0.999576 0.999717 1.000606 0.999188 0.999576 0.999188 0.999672 
7.594366 0.999508 0.999509 1.000362 0.999509 1.001173 1.000343 1.000362 1.000343 1.001623 
7.615910 0.999691 1.000072 1.000025 1.000072 1.001113 1.000631 1.000025 1.000631 1.001025 
7.637455 0.999932 1.000120 0.999658 1.000120 1.001699 1.000496 0.999658 1.000496 0.999720 
7.658999 1.000117 1.000981 1.000146 1.000981 1.001031 1.000335 1.000146 1.000335 1.001559 
7.680543 0.999896 1.000075 0.999111 1.000075 1.001049 0.999774 0.999111 0.999774 1.000530 
7.702087 0.999913 1.000670 0.999891 1.000670 0.999942 1.000352 0.999891 1.000352 1.001880 
7.723632 0.999937 1.000354 0.999663 1.000354 0.999341 1.001007 0.999663 1.001007 1.000504 
7.745176 1.000290 1.000629 1.000035 1.000629 0.999273 1.000879 1.000035 1.000879 1.001854 
7.766720 1.000308 0.999938 1.000113 0.999938 1.000828 0.999867 1.000113 0.999867 1.001874 
7.788265 0.999762 1.000323 1.000520 1.000323 1.001757 0.999886 1.000520 0.999886 1.001281 
7.809809 0.999968 1.000366 0.999987 1.000366 1.000046 1.001132 0.999987 1.001132 1.000363 
7.831353 1.000440 1.000034 1.000784 1.000034 1.001414 1.000108 1.000784 1.000108 1.002397 
7.852897 1.000586 1.000971 1.000527 1.000971 0.999760 1.001334 1.000527 1.001334 1.002824 
7.874442 1.000266 1.000690 1.000617 1.000690 1.000063 1.001010 1.000617 1.001010 0.999870 
7.895986 1.000305 1.000385 1.000727 1.000385 0.999249 0.999551 1.000727 0.999551 0.999758 
7.917530 1.000500 1.000248 0.999913 1.000248 0.998952 1.000100 0.999913 1.000100 1.001147 
7.939075 1.000562 0.999547 1.000485 0.999547 1.000993 0.999855 1.000485 0.999855 1.002164 
7.960619 1.000537 1.000095 1.000533 1.000095 1.000439 1.000246 1.000533 1.000246 1.000155 
7.982163 1.000654 0.999747 1.000568 0.999747 1.000312 1.000345 1.000568 1.000345 0.999694 
8.003707 1.000308 0.999873 1.000759 0.999873 0.999564 0.999743 1.000759 0.999743 0.999058 
8.025252 1.000809 1.000007 0.999927 1.000007 0.999683 1.000637 0.999927 1.000637 0.999432 
8.046796 1.000450 0.999981 1.000342 0.999981 1.000256 1.000366 1.000342 1.000366 1.000205 
8.068340 1.000281 1.000165 1.000224 1.000165 1.001728 0.999235 1.000224 0.999235 0.998945 
8.089884 1.000167 0.999489 1.000086 0.999489 1.000781 1.000768 1.000086 1.000768 0.999689 
8.111429 1.000091 1.000076 1.000334 1.000076 0.998364 0.998905 1.000334 0.998905 1.000286 
8.132973 1.000050 0.999906 0.999868 0.999906 1.000387 1.000104 0.999868 1.000104 1.000515 
8.154518 1.000731 0.999294 0.999805 0.999294 0.999753 1.000344 0.999805 1.000344 0.999274 
8.176062 0.999967 1.000123 1.000011 1.000123 1.001189 1.000644 1.000011 1.000644 0.999904 
8.197606 1.000166 0.999545 1.000394 0.999545 0.999646 1.000267 1.000394 1.000267 0.998434 
8.219150 0.999946 0.999626 0.999879 0.999626 0.999902 1.000275 0.999879 1.000275 0.999213 
8.240695 0.999951 0.999972 0.999722 0.999972 0.999400 0.999862 0.999722 0.999862 0.999054 
8.262239 0.999927 0.999711 0.999622 0.999711 1.000386 1.000114 0.999622 1.000114 0.999657 
8.283783 1.000030 0.999679 0.999998 0.999679 0.998623 0.999762 0.999998 0.999762 0.999161 
8.305328 0.999561 1.000047 0.999784 1.000047 1.000104 0.998306 0.999784 0.998306 0.998786 
8.326872 0.999958 1.000122 1.000111 1.000122 0.998479 1.000655 1.000111 1.000655 0.998658 
8.348416 1.000074 0.999686 0.999771 0.999686 1.000195 1.001087 0.999771 1.001087 0.999184 
8.369960 0.999792 0.999516 0.999625 0.999516 1.001549 0.999611 0.999625 0.999611 0.997906 
8.391505 0.999785 1.000168 0.999377 1.000168 1.000662 0.999986 0.999377 0.999986 1.000352 
8.413049 0.999468 0.999873 0.999598 0.999873 1.001451 1.000411 0.999598 1.000411 0.999755 
8.434594 0.999832 1.000052 1.000410 1.000052 1.000074 1.001479 1.000410 1.001479 1.000632 
8.456138 1.000262 1.000034 1.000009 1.000034 1.000321 1.000648 1.000009 1.000648 1.002060 
8.477682 1.000047 0.999989 1.000042 0.999989 1.000354 1.000215 1.000042 1.000215 0.999690 
8.499226 1.000022 0.999959 1.000002 0.999959 0.999531 1.000009 1.000002 1.000009 1.001264 
8.520771 0.999838 1.000222 0.999954 1.000222 1.000957 1.000166 0.999954 1.000166 1.001591 
8.542315 1.000101 0.999782 1.000294 0.999782 1.001952 1.000674 1.000294 1.000674 1.000909 
8.563859 1.000006 1.000229 0.999615 1.000229 0.999379 1.000540 0.999615 1.000540 0.999798 
8.585404 1.000320 0.999950 0.999777 0.999950 0.999962 1.000717 0.999777 1.000717 0.999966 
8.606948 1.000168 1.000630 1.000208 1.000630 0.998053 0.999692 1.000208 0.999692 1.000186 
8.628492 1.000064 1.000574 1.000140 1.000574 0.999855 0.999996 1.000140 0.999996 0.998865 
8.650036 1.000029 1.000311 1.000213 1.000311 0.999816 1.000416 1.000213 1.000416 1.000660 
8.671581 1.000100 1.000141 1.000397 1.000141 1.000079 1.000140 1.000397 1.000140 1.001445 
8.693125 0.999790 1.000047 1.000496 1.000047 1.000340 0.999783 1.000496 0.999783 0.999712 
8.714670 1.000157 1.000287 1.000531 1.000287 0.999566 1.000276 1.000531 1.000276 1.001794 
8.736214 1.000205 1.000464 1.000369 1.000464 1.000738 1.000710 1.000369 1.000710 1.000241 
8.757758 1.000446 1.000444 0.999979 1.000444 0.998880 1.000573 0.999979 1.000573 1.000417 
8.779302 1.000425 0.999877 0.999814 0.999877 1.001541 1.000569 0.999814 1.000569 1.000015 
8.800847 1.000107 0.999415 1.000106 0.999415 0.999401 0.999316 1.000106 0.999316 0.999392 
8.822391 1.000336 1.000594 1.000320 1.000594 0.998859 0.999450 1.000320 0.999450 0.999651 
8.843935 1.000194 0.999949 0.999843 0.999949 1.000755 0.999756 0.999843 0.999756 0.999870 
8.865479 1.000502 1.000207 1.000252 1.000207 0.999797 1.000078 1.000252 1.000078 1.001829 
8.887023 1.000267 1.000420 0.999790 1.000420 1.000222 0.999621 0.999790 0.999621 1.000304 
8.908568 1.000342 1.000156 1.000294 1.000156 0.999525 0.999856 1.000294 0.999856 1.000474 
8.930112 1.000403 0.999827 0.999869 0.999827 1.000734 1.001022 0.999869 1.001022 1.000074 
8.951657 1.000426 0.999904 1.000363 0.999904 1.000907 1.000075 1.000363 1.000075 1.001333 
8.973201 1.000045 0.999289 0.999461 0.999289 0.999479 1.001223 0.999461 1.001223 0.998646 
8.994745 1.000101 0.999917 1.000162 0.999917 1.001994 0.999495 1.000162 0.999495 1.001078 
9.016289 1.000152 0.999586 1.000188 0.999586 0.999980 0.999413 1.000188 0.999413 1.000222 
9.037834 1.000192 0.999947 0.999821 0.999947 1.001193 0.999438 0.999821 0.999438 1.000635 
9.059378 1.000150 0.999594 1.000063 0.999594 0.999962 1.000582 1.000063 1.000582 0.999243 
9.080923 0.999712 0.999809 1.000314 0.999809 0.998412 1.001049 1.000314 1.001049 1.001138 
9.102467 0.999896 0.999943 0.999376 0.999943 1.001317 0.999304 0.999376 0.999304 0.999941 
9.124011 1.000334 0.999866 0.999994 0.999866 1.000910 0.999995 0.999994 0.999995 1.000746 
9.145555 1.000216 1.000318 0.999562 1.000318 1.000553 0.999219 0.999562 0.999219 0.999056 
9.167099 0.999753 1.000360 0.999950 1.000360 0.999530 0.999949 0.999950 0.999949 1.001158 
9.188644 0.999909 1.000060 0.999129 1.000060 1.000201 0.999792 0.999129 0.999792 1.000314 
9.210188 0.999911 0.999788 1.000008 0.999788 1.000065 1.000021 1.000008 1.000021 0.999629 
9.231733 1.000198 1.000109 1.000172 1.000109 1.000522 1.001259 1.000172 1.001259 1.001179 
9.253277 1.000346 0.999617 1.000250 0.999617 1.000081 1.000344 1.000250 1.000344 1.000384 
9.274821 1.000118 1.000118 0.999882 1.000118 1.000294 0.999778 0.999882 0.999778 0.999381 
9.296365 0.999972 0.999530 1.000055 0.999530 1.001828 1.000013 1.000055 1.000013 1.000765 
9.317910 1.000093 0.999190 0.999574 0.999190 0.999909 1.001077 0.999574 1.001077 1.000179 
9.339454 0.999880 1.000278 1.000431 1.000278 1.000229 0.999397 1.000431 0.999397 1.000783 
9.360999 1.000158 0.999749 1.000157 0.999749 1.000795 0.999954 1.000157 0.999954 1.000391 
9.382543 1.000122 1.000208 0.999991 1.000208 1.001279 1.000729 0.999991 1.000729 1.001644 
9.404087 0.999806 1.000313 1.000047 1.000313 1.001465 0.999811 1.000047 0.999811 0.999330 
9.425631 1.000084 1.000173 1.000049 1.000173 0.999802 1.001757 1.000049 1.001757 0.999856 
9.447176 1.000062 1.000286 1.000147 1.000286 0.999993 0.999687 1.000147 0.999687 0.999298 
9.468720 1.000488 1.000021 1.000146 1.000021 0.999202 1.000055 1.000146 1.000055 1.000793 
9.490264 1.000144 1.000226 0.999898 1.000226 1.000250 1.000021 0.999898 1.000021 1.000958 
9.511808 1.000091 0.999698 0.999789 0.999698 0.999064 0.999634 0.999789 0.999634 1.000499 
9.533352 1.000276 0.999317 0.999930 0.999317 1.000517 1.000508 0.999930 1.000508 1.001161 
9.554897 1.000003 1.000058 1.000120 1.000058 1.000670 0.999984 1.000120 0.999984 1.001397 
9.576441 1.000161 1.000012 0.999813 1.000012 0.999440 1.000136 0.999813 1.000136 0.999328 
9.597986 1.000112 0.999616 0.999946 0.999616 1.000998 1.000686 0.999946 1.000686 1.000046 
9.619530 1.000108 1.000356 1.000709 1.000356 1.000739 0.999974 1.000709 0.999974 1.000670 
9.641074 1.000094 1.000240 0.999865 1.000240 0.998439 0.999770 0.999865 0.999770 0.998878 
9.662618 1.000081 1.000689 1.000697 1.000689 1.000411 0.999926 1.000697 0.999926 0.999963 
9.684163 1.000475 1.000305 1.000353 1.000305 1.000371 0.999835 1.000353 0.999835 0.999435 
9.705707 1.000132 1.000186 1.000300 1.000186 1.000435 1.000736 1.000300 1.000736 0.999593 
9.727252 1.000254 0.999842 0.999754 0.999842 1.000215 0.999605 0.999754 0.999605 0.999205 
9.748796 1.000108 0.999990 0.999703 0.999990 1.001301 1.000379 0.999703 1.000379 1.000543 
9.770340 1.000304 0.999797 1.000575 0.999797 0.998809 0.999776 1.000575 0.999776 0.999734 
9.791884 1.000106 0.999843 1.000323 0.999843 1.001022 1.000363 1.000323 1.000363 0.999807 
9.813428 1.000487 1.000097 1.000298 1.000097 1.000835 1.000870 1.000298 1.000870 1.001041 
9.834973 1.000097 0.999805 1.000324 0.999805 0.998247 0.999850 1.000324 0.999850 1.000331 
9.856517 0.999962 1.000243 0.999743 1.000243 1.001205 1.000212 0.999743 1.000212 1.000062 
9.878062 0.999857 1.000314 0.999880 1.000314 0.998876 0.999971 0.999880 0.999971 1.001177 
9.899606 0.999970 1.000087 0.999522 1.000087 0.999011 1.000182 0.999522 1.000182 1.000041 
9.921150 1.000084 1.000025 1.000025 1.000025 1.001389 1.000224 1.000025 1.000224 1.002135 
9.942694 0.999944 1.000139 1.000286 1.000139 1.000147 1.000049 1.000286 1.000049 1.000245 
9.964239 0.999927 1.000075 0.999703 1.000075 1.000431 1.000599 0.999703 1.000599 0.999161 
9.985783 1.000029 0.999312 1.000297 0.999312 1.000616 1.000547 1.000297 1.000547 1.000243 
10.007328 0.999689 1.000217 0.999631 1.000217 1.000979 0.999863 0.999631 0.999863 1.000711 
10.028872 1.000006 0.999316 0.999750 0.999316 0.999431 0.999977 0.999750 0.999977 1.000868 
10.050416 1.000200 0.999650 0.999882 0.999650 1.000269 0.999401 0.999882 0.999401 0.999925 
10.071960 1.000328 1.000068 0.999479 1.000068 1.001510 0.999850 0.999479 0.999850 1.001067 
10.093504 1.000225 1.000258 0.999826 1.000258 1.001288 1.000114 0.999826 1.000114 0.999953 
10.115049 0.999886 1.000328 1.000247 1.000328 1.001319 1.000162 1.000247 1.000162 0.999650 
10.136593 0.999891 1.000067 1.000139 1.000067 1.000209 1.000208 1.000139 1.000208 0.998983 
10.158138 1.000112 0.999848 1.000105 0.999848 1.001056 1.000539 1.000105 1.000539 0.999945 
10.179682 1.000460 0.999948 1.000029 0.999948 1.001412 1.000007 1.000029 1.000007 0.999514 
10.201226 1.000340 0.999769 1.000056 0.999769 0.999908 1.000674 1.000056 1.000674 1.000505 
10.222770 1.000333 0.999848 1.000074 0.999848 1.000265 0.999973 1.000074 0.999973 0.999455 
10.244315 1.000179 0.999949 1.000288 0.999949 0.999840 0.999153 1.000288 0.999153 0.999504 
10.265859 1.000478 0.999567 1.000347 0.999567 1.001690 1.000491 1.000347 1.000491 1.000611 
10.287404 1.000085 0.999747 0.999663 0.999747 0.999482 1.000238 0.999663 1.000238 1.000559 
10.308948 1.000026 1.000025 1.000440 1.000025 0.999830 0.998756 1.000440 0.998756 1.000121 
10.330492 1.000331 0.999732 0.999997 0.999732 1.001135 1.000945 0.999997 1.000945 1.000083 
10.352036 1.000029 0.999929 1.000579 0.999929 0.999386 0.999919 1.000579 0.999919 1.001800 
10.373580 1.000313 1.000243 0.999378 1.000243 1.000064 0.999972 0.999378 0.999972 1.000408 
10.395125 1.000093 0.999978 0.999947 0.999978 0.999377 1.000070 0.999947 1.000070 0.999289 
10.416669 0.999620 0.999979 0.999838 0.999979 1.000487 1.000327 0.999838 1.000327 1.000350 
10.438213 1.000098 1.000628 1.000115 1.000628 1.000143 0.999782 1.000115 0.999782 1.000931 
10.459757 0.999976 1.000089 1.000400 1.000089 0.999000 1.000160 1.000400 1.000160 1.000358 
10.481302 1.000261 1.000277 1.000181 1.000277 0.999874 1.000270 1.000181 1.000270 1.000931 
10.502846 1.000060 1.000176 1.000154 1.000176 1.000564 0.999342 1.000154 0.999342 1.000249 
10.524391 0.999826 1.000287 0.999929 1.000287 1.000440 1.000770 0.999929 1.000770 0.999728 
10.545935 1.000444 1.000154 1.000158 1.000154 1.001451 1.000297 1.000158 1.000297 1.001068 
10.567479 1.000219 0.999849 1.000222 0.999849 0.999821 1.000126 1.000222 1.000126 1.000044 
10.589023 1.000116 1.000007 0.999926 1.000007 0.999710 0.999693 0.999926 0.999693 1.001386 
10.610568 1.000539 0.999822 0.999708 0.999822 1.000560 0.999669 0.999708 0.999669 0.999760 
10.632112 1.000263 1.000492 1.000032 1.000492 1.000438 1.000502 1.000032 1.000502 0.999688 
10.653656 0.999943 0.999724 0.999999 0.999724 1.001631 0.999994 0.999999 0.999994 1.000027 
10.675201 1.000041 0.999832 0.999798 0.999832 1.001305 1.001323 0.999798 1.001323 1.000391 
10.696745 1.000107 1.000090 1.000351 1.000090 1.000822 0.999815 1.000351 0.999815 1.000356 
10.718289 1.000028 0.999922 1.000151 0.999922 0.999589 1.000040 1.000151 1.000040 1.001128 
10.739833 1.000236 1.000033 1.000317 1.000033 0.999595 0.999110 1.000317 0.999110 1.000948 
10.761378 1.000237 1.000050 0.999645 1.000050 0.999222 1.000820 0.999645 1.000820 0.999498 
10.782922 0.996804 0.996690 0.996923 0.996690 0.997242 0.996761 0.996923 0.996761 0.998496 
10.804467 0.990848 0.991039 0.991004 0.991039 0.991264 0.991298 0.991004 0.991298 0.992171 
10.826011 0.984997 0.985222 0.984989 0.985222 0.985723 0.984873 0.984989 0.984873 0.985795 
10.847555 0.979116 0.979130 0.979340 0.979130 0.978842 0.979786 0.979340 0.979786 0.978473 
10.869099 0.973237 0.973395 0.973110 0.973395 0.973056 0.973252 0.973110 0.973252 0.973569 
10.890644 0.967501 0.967340 0.967652 0.967340 0.967457 0.967286 0.967652 0.967286 0.967083 
10.912188 0.961227 0.961620 0.961141 0.961620 0.961150 0.961203 0.961141 0.961203 0.960613 
10.933733 0.955752 0.955463 0.955840 0.955463 0.955053 0.956356 0.955840 0.956356 0.955219 
10.955276 0.950109 0.950091 0.950093 0.950091 0.950230 0.949533 0.950093 0.949533 0.949627 
10.976820 0.944362 0.944302 0.944164 0.944302 0.943506 0.944337 0.944164 0.944337 0.942545 
10.998365 0.938734 0.938288 0.938035 0.938288 0.938106 0.938397 0.938035 0.938397 0.938549 
11.019909 0.932582 0.932575 0.932804 0.932575 0.932733 0.933690 0.932804 0.933690 0.933190 
11.041454 0.927092 0.926932 0.926877 0.926932 0.927576 0.927666 0.926877 0.927666 0.927474 
11.062998 0.920982 0.921122 0.921207 0.921122 0.921599 0.921274 0.921207 0.921274 0.921363 
11.084543 0.915527 0.915175 0.915628 0.915175 0.915476 0.915140 0.915628 0.915140 0.915584 
11.106087 0.909888 0.909383 0.909800 0.909383 0.910417 0.910257 0.909800 0.910257 0.910137 
11.127631 0.904067 0.904321 0.904311 0.904321 0.905017 0.904166 0.904311 0.904166 0.903400 
11.149175 0.898953 0.898327 0.898331 0.898327 0.898972 0.898111 0.898331 0.898111 0.898555 
11.170720 0.893129 0.892987 0.892824 0.892987 0.892912 0.893339 0.892824 0.893339 0.893163 
11.192264 0.887600 0.887371 0.887972 0.887371 0.887691 0.887092 0.887972 0.887092 0.888681 
11.213809 0.882078 0.881811 0.881663 0.881811 0.882033 0.881709 0.881663 0.881709 0.881181 
11.235353 0.876587 0.876060 0.876465 0.876060 0.877176 0.876339 0.876465 0.876339 0.876885 
11.256896 0.871087 0.870825 0.870952 0.870825 0.871955 0.871118 0.870952 0.871118 0.871641 
11.278441 0.865574 0.865479 0.865311 0.865479 0.865492 0.865564 0.865311 0.865564 0.865849 
11.299985 0.859848 0.860059 0.859852 0.860059 0.859125 0.859612 0.859852 0.859612 0.860587 
11.321530 0.854404 0.854274 0.854664 0.854274 0.854993 0.854623 0.854664 0.854623 0.854156 
11.343074 0.848863 0.849234 0.848949 0.849234 0.849382 0.849461 0.848949 0.849461 0.849530 
11.364618 0.843774 0.843300 0.843622 0.843300 0.844728 0.843314 0.843622 0.843314 0.843794 
11.386162 0.838235 0.838243 0.837954 0.838243 0.838820 0.838453 0.837954 0.838453 0.838397 
11.407707 0.832959 0.832614 0.832949 0.832614 0.833127 0.832449 0.832949 0.832449 0.833127 
11.429251 0.827754 0.827920 0.827471 0.827920 0.826950 0.828108 0.827471 0.828108 0.826360 
11.450796 0.822037 0.822057 0.822089 0.822057 0.821868 0.822526 0.822089 0.822526 0.821624 
11.472340 0.817034 0.816693 0.816976 0.816693 0.816823 0.817285 0.816976 0.817285 0.817573 
11.493884 0.811815 0.811425 0.811804 0.811425 0.810750 0.812005 0.811804 0.812005 0.812033 
11.515428 0.806497 0.806783 0.806599 0.806783 0.806665 0.806455 0.806599 0.806455 0.807408 
11.536973 0.801036 0.801202 0.800955 0.801202 0.801073 0.801142 0.800955 0.801142 0.801850 
11.558517 0.795868 0.795544 0.795641 0.795544 0.796005 0.795897 0.795641 0.795897 0.795804 
11.580061 0.790683 0.791016 0.790471 0.791016 0.791016 0.790593 0.790471 0.790593 0.789691 
11.601606 0.785739 0.785492 0.785424 0.785492 0.784856 0.785568 0.785424 0.785568 0.786640 
11.623150 0.780268 0.780586 0.780533 0.780586 0.780062 0.780383 0.780533 0.780383 0.780095 
11.644694 0.775354 0.775009 0.775454 0.775009 0.775454 0.775390 0.775454 0.775390 0.775574 
11.666238 0.770544 0.769890 0.770017 0.769890 0.768900 0.770033 0.770017 0.770033 0.769543 
11.687783 0.765189 0.765209 0.764696 0.765209 0.766378 0.765088 0.764696 0.765088 0.765293 
11.709327 0.760113 0.759934 0.759835 0.759934 0.759609 0.759696 0.759835 0.759696 0.760582 
11.730872 0.754826 0.754580 0.754647 0.754580 0.754953 0.754902 0.754647 0.754902 0.754960 
11.752416 0.749983 0.749833 0.749762 0.749833 0.751240 0.750010 0.749762 0.750010 0.751271 
11.773960 0.744849 0.744412 0.744922 0.744412 0.743887 0.744703 0.744922 0.744703 0.745523 
11.795504 0.739785 0.739870 0.739637 0.739870 0.738980 0.740083 0.739637 0.740083 0.740266 
11.817049 0.734787 0.734738 0.734906 0.734738 0.735070 0.734232 0.734906 0.734232 0.735403 
11.838593 0.729716 0.729725 0.729913 0.729725 0.730414 0.730210 0.729913 0.730210 0.730541 
11.860137 0.724879 0.724859 0.724896 0.724859 0.724389 0.724698 0.724896 0.724698 0.724388 
11.881681 0.719760 0.719830 0.719773 0.719830 0.719467 0.719988 0.719773 0.719988 0.719946 
11.903225 0.715068 0.715162 0.714756 0.715162 0.716064 0.714867 0.714756 0.714867 0.715302 
11.924770 0.709948 0.709998 0.710198 0.709998 0.709957 0.710498 0.710198 0.710498 0.709502 
11.946314 0.705321 0.705490 0.705010 0.705490 0.705522 0.704972 0.705010 0.704972 0.705820 
11.967859 0.700459 0.700153 0.700320 0.700153 0.701017 0.700550 0.700320 0.700550 0.700201 
11.989403 0.695422 0.695322 0.695568 0.695322 0.695709 0.695601 0.695568 0.695601 0.695655 
12.010947 0.690368 0.690413 0.690695 0.690413 0.690580 0.690839 0.690695 0.690839 0.690816 
12.032491 0.685974 0.685735 0.685957 0.685735 0.685579 0.686233 0.685957 0.686233 0.685395 
12.054036 0.681125 0.680909 0.681027 0.680909 0.681704 0.680809 0.681027 0.680809 0.680764 
12.075580 0.676215 0.676179 0.676106 0.676179 0.676609 0.676207 0.676106 0.676207 0.676359 
12.097125 0.671300 0.671756 0.671207 0.671756 0.671342 0.671675 0.671207 0.671675 0.671761 
12.118669 0.666752 0.666748 0.666630 0.666748 0.667335 0.666572 0.666630 0.666572 0.666149 
12.140213 0.662175 0.662186 0.662275 0.662186 0.662146 0.662305 0.662275 0.662305 0.661848 
12.161757 0.657246 0.657126 0.657338 0.657126 0.657631 0.656957 0.657338 0.656957 0.656566 
12.183301 0.652612 0.652663 0.652747 0.652663 0.652361 0.652521 0.652747 0.652521 0.652362 
12.204846 0.647951 0.648082 0.647947 0.648082 0.647435 0.647432 0.647947 0.647432 0.648547 
12.226390 0.643283 0.643068 0.643194 0.643068 0.643682 0.643376 0.643194 0.643376 0.644316 
12.247935 0.638653 0.638542 0.638777 0.638542 0.638508 0.638496 0.638777 0.638496 0.638275 
12.269479 0.634060 0.634089 0.633870 0.634089 0.633621 0.633939 0.633870 0.633939 0.633854 
12.291023 0.629280 0.629011 0.629222 0.629011 0.629562 0.629821 0.629222 0.629821 0.629680 
12.312567 0.624588 0.624732 0.624390 0.624732 0.624658 0.624540 0.624390 0.624540 0.624187 
12.334112 0.620160 0.620146 0.619973 0.620146 0.619600 0.620203 0.619973 0.620203 0.620871 
12.355656 0.615368 0.615240 0.615467 0.615240 0.616124 0.615297 0.615467 0.615297 0.615363 
12.377201 0.611184 0.610637 0.610876 0.610637 0.611261 0.610891 0.610876 0.610891 0.611414 
12.398745 0.606591 0.606373 0.606243 0.606373 0.606087 0.606308 0.606243 0.606308 0.606703 
12.420289 0.602231 0.601791 0.601922 0.601791 0.602641 0.601918 0.601922 0.601918 0.601957 
12.441833 0.597383 0.597325 0.597429 0.597325 0.597723 0.597067 0.597429 0.597067 0.598175 
12.463377 0.592968 0.592937 0.593075 0.592937 0.593374 0.592849 0.593075 0.592849 0.593022 
12.484922 0.588618 0.588345 0.588533 0.588345 0.588701 0.587948 0.588533 0.587948 0.589080 
12.506466 0.583886 0.583780 0.583815 0.583780 0.584094 0.584030 0.583815 0.584030 0.584020 
12.528011 0.579727 0.579792 0.579362 0.579792 0.579528 0.579863 0.579362 0.579863 0.580460 
12.549555 0.575014 0.575179 0.575078 0.575179 0.575658 0.575669 0.575078 0.575669 0.576007 
12.571099 0.570888 0.570624 0.571056 0.570624 0.570448 0.570928 0.571056 0.570928 0.570591 
12.592643 0.566375 0.566248 0.566342 0.566248 0.566835 0.566019 0.566342 0.566019 0.566044 
12.614188 0.561808 0.561824 0.561798 0.561824 0.561313 0.561781 0.561798 0.561781 0.562057 
12.635732 0.557633 0.557704 0.557604 0.557704 0.557730 0.557502 0.557604 0.557502 0.558083 
12.657277 0.553280 0.553176 0.552971 0.553176 0.553218 0.553672 0.552971 0.553672 0.553504 
12.678821 0.549113 0.548765 0.548777 0.548765 0.548841 0.548484 0.548777 0.548484 0.548888 
12.700365 0.544593 0.544791 0.544768 0.544791 0.545173 0.544771 0.544768 0.544771 0.544743 
12.721909 0.540320 0.540270 0.540077 0.540270 0.539794 0.540122 0.540077 0.540122 0.540885 
12.743454 0.535941 0.535986 0.535836 0.535986 0.535807 0.535838 0.535836 0.535838 0.536731 
12.764998 0.531575 0.531367 0.531396 0.531367 0.531909 0.532087 0.531396 0.532087 0.531744 
12.786542 0.527577 0.527500 0.527450 0.527500 0.527433 0.527264 0.527450 0.527264 0.527654 
12.808086 0.523230 0.523162 0.523182 0.523162 0.522920 0.522908 0.523182 0.522908 0.522997 
12.829630 0.518893 0.518972 0.518866 0.518972 0.519004 0.519029 0.518866 0.519029 0.519377 
12.851175 0.514728 0.514939 0.514908 0.514939 0.514965 0.514870 0.514908 0.514870 0.515112 
12.872719 0.510501 0.510566 0.510516 0.510566 0.510617 0.510463 0.510516 0.510463 0.510983 
12.894264 0.506310 0.506228 0.506183 0.506228 0.506330 0.506094 0.506183 0.506094 0.506799 
12.915808 0.502126 0.502130 0.502150 0.502130 0.502137 0.502192 0.502150 0.502192 0.502384 
12.937352 0.498079 0.498201 0.498197 0.498201 0.497852 0.497597 0.498197 0.497597 0.497752 
12.958896 0.493777 0.494033 0.493658 0.494033 0.493784 0.494440 0.493658 0.494440 0.493850 
12.980441 0.489660 0.489640 0.489642 0.489640 0.489346 0.489536 0.489642 0.489536 0.489685 
13.001985 0.485491 0.485433 0.485460 0.485433 0.485781 0.484957 0.485460 0.484957 0.485509 
13.023530 0.481447 0.481478 0.481387 0.481478 0.481379 0.481730 0.481387 0.481730 0.481092 
13.045074 0.477349 0.477077 0.477149 0.477077 0.477520 0.477358 0.477149 0.477358 0.476634 
13.066618 0.473161 0.473017 0.473081 0.473017 0.473567 0.473485 0.473081 0.473485 0.473331 
13.088162 0.469334 0.469239 0.469149 0.469239 0.469333 0.469413 0.469149 0.469413 0.468968 
13.109706 0.465033 0.465185 0.464994 0.465185 0.465201 0.465498 0.464994 0.465498 0.464929 
13.131251 0.461253 0.461030 0.461232 0.461030 0.461385 0.461136 0.461232 0.461136 0.461154 
13.152795 0.456934 0.456932 0.457145 0.456932 0.457404 0.456857 0.457145 0.456857 0.457207 
13.174340 0.453060 0.452666 0.453107 0.452666 0.453709 0.453126 0.453107 0.453126 0.452416 
13.195884 0.449025 0.449004 0.448941 0.449004 0.448965 0.449390 0.448941 0.449390 0.449010 
13.217428 0.444959 0.445015 0.445063 0.445015 0.444729 0.445339 0.445063 0.445339 0.444883 
13.238972 0.441069 0.441062 0.441194 0.441062 0.441678 0.441008 0.441194 0.441008 0.441691 
13.260517 0.436995 0.437138 0.437065 0.437138 0.437207 0.436917 0.437065 0.436917 0.436912 
13.282061 0.433085 0.433039 0.433095 0.433039 0.433260 0.433519 0.433095 0.433519 0.433508 
13.303606 0.429226 0.428947 0.429159 0.428947 0.429219 0.428815 0.429159 0.428815 0.429243 
13.325150 0.425162 0.425072 0.425301 0.425072 0.424983 0.424794 0.425301 0.424794 0.424853 
13.346694 0.421325 0.421418 0.421321 0.421418 0.421302 0.421287 0.421321 0.421287 0.421270 
13.368238 0.417458 0.417347 0.417504 0.417347 0.417098 0.417465 0.417504 0.417465 0.418372 
13.389782 0.413718 0.413430 0.413552 0.413430 0.414164 0.413478 0.413552 0.413478 0.413664 
13.411327 0.409592 0.409481 0.409703 0.409481 0.409803 0.409506 0.409703 0.409506 0.409417 
13.432871 0.405886 0.405683 0.405559 0.405683 0.405812 0.405932 0.405559 0.405932 0.406027 
13.454415 0.402043 0.402085 0.401969 0.402085 0.402263 0.402000 0.401969 0.402000 0.402403 
13.475959 0.398050 0.398132 0.397876 0.398132 0.398503 0.397869 0.397876 0.397869 0.397942 
13.497504 0.394482 0.394324 0.394265 0.394324 0.394234 0.394122 0.394265 0.394122 0.394959 
13.519048 0.390431 0.390376 0.390491 0.390376 0.390980 0.390239 0.390491 0.390239 0.390315 
13.540593 0.386735 0.386591 0.386784 0.386591 0.386542 0.386714 0.386784 0.386714 0.387125 
13.562137 0.382866 0.382778 0.383002 0.382778 0.383178 0.382706 0.383002 0.382706 0.383062 
13.583681 0.379103 0.379062 0.379041 0.379062 0.378777 0.379067 0.379041 0.379067 0.378912 
13.605225 0.375370 0.375454 0.375278 0.375454 0.375537 0.375218 0.375278 0.375218 0.374997 
13.626770 0.371566 0.371612 0.371422 0.371612 0.372130 0.371813 0.371422 0.371813 0.371370 
13.648314 0.367951 0.367856 0.367881 0.367856 0.367528 0.367863 0.367881 0.367863 0.367871 
13.669858 0.364154 0.363981 0.364083 0.363981 0.364307 0.364046 0.364083 0.364046 0.363855 
13.691403 0.360344 0.360292 0.360468 0.360292 0.359855 0.360224 0.360468 0.360224 0.360464 
13.712947 0.356655 0.356589 0.356518 0.356589 0.356829 0.356640 0.356518 0.356640 0.356372 
13.734491 0.352923 0.352847 0.352843 0.352847 0.353289 0.352749 0.352843 0.352749 0.353492 
13.756035 0.349408 0.349256 0.349069 0.349256 0.349403 0.349106 0.349069 0.349106 0.349054 
13.777580 0.345542 0.345584 0.345662 0.345584 0.345549 0.345490 0.345662 0.345490 0.345756 
13.799124 0.342040 0.341973 0.341828 0.341973 0.341738 0.342231 0.341828 0.342231 0.341904 
13.820669 0.338099 0.338369 0.338409 0.338369 0.338281 0.338448 0.338409 0.338448 0.338168 
13.842213 0.334711 0.334625 0.334657 0.334625 0.334671 0.334631 0.334657 0.334631 0.334743 
13.863757 0.331058 0.331165 0.331231 0.331165 0.331045 0.331118 0.331231 0.331118 0.331309 
13.885301 0.327517 0.327542 0.327416 0.327542 0.327469 0.327526 0.327416 0.327526 0.327519 
13.906846 0.323858 0.323714 0.323648 0.323714 0.324108 0.324099 0.323648 0.324099 0.323692 
13.928390 0.320258 0.320269 0.320271 0.320269 0.320260 0.320492 0.320271 0.320492 0.320151 
13.949934 0.316600 0.316566 0.316591 0.316566 0.316971 0.316482 0.316591 0.316482 0.316663 
13.971479 0.312947 0.313079 0.313072 0.313079 0.313144 0.312709 0.313072 0.312709 0.313008 
13.993023 0.309546 0.309501 0.309482 0.309501 0.309529 0.309310 0.309482 0.309310 0.309318 
14.014567 0.305901 0.305993 0.305892 0.305993 0.305894 0.306242 0.305892 0.306242 0.306529 
14.036111 0.302392 0.302308 0.302298 0.302308 0.302290 0.302221 0.302298 0.302221 0.302358 
14.057656 0.299012 0.298762 0.298851 0.298762 0.298574 0.298909 0.298851 0.298909 0.298858 
14.079200 0.295408 0.295234 0.295353 0.295234 0.295429 0.295420 0.295353 0.295420 0.295519 
14.100745 0.291846 0.291959 0.291844 0.291959 0.291471 0.291827 0.291844 0.291827 0.291742 
14.122289 0.288427 0.288253 0.288403 0.288253 0.288483 0.288350 0.288403 0.288350 0.288751 
14.143833 0.284783 0.284873 0.284831 0.284873 0.285359 0.284734 0.284831 0.284734 0.285167 
14.165377 0.281403 0.281285 0.281475 0.281285 0.281247 0.281283 0.281475 0.281283 0.280999 
14.186922 0.277963 0.277971 0.277862 0.277971 0.278110 0.277902 0.277862 0.277902 0.278076 
14.208466 0.274452 0.274349 0.274281 0.274349 0.274425 0.274513 0.274281 0.274513 0.274154 
14.230011 0.270949 0.270945 0.270889 0.270945 0.270882 0.271202 0.270889 0.271202 0.271286 
14.251554 0.267663 0.267628 0.267528 0.267628 0.267858 0.267388 0.267528 0.267388 0.267847 
14.273098 0.264149 0.264252 0.264103 0.264252 0.264817 0.264259 0.264103 0.264259 0.264289 
14.294643 0.260796 0.260759 0.260756 0.260759 0.260889 0.261068 0.260756 0.261068 0.261014 
14.316187 0.257177 0.257470 0.257336 0.257470 0.257511 0.257257 0.257336 0.257257 0.257681 
14.337732 0.253983 0.254055 0.253953 0.254055 0.253735 0.253760 0.253953 0.253760 0.254000 
14.359276 0.250684 0.250482 0.250539 0.250482 0.250775 0.250513 0.250539 0.250513 0.250665 
14.380820 0.247248 0.247139 0.247354 0.247139 0.247351 0.247377 0.247354 0.247377 0.247112 
14.402364 0.243834 0.243668 0.243900 0.243668 0.243643 0.244108 0.243900 0.244108 0.244069 
14.423909 0.240512 0.240395 0.240608 0.240395 0.240373 0.240582 0.240608 0.240582 0.240222 
14.445453 0.237201 0.237145 0.237134 0.237145 0.236915 0.237038 0.237134 0.237038 0.237829 
14.466998 0.233749 0.233839 0.233649 0.233839 0.233451 0.233958 0.233649 0.233958 0.234035 
14.488542 0.230482 0.230470 0.230598 0.230470 0.230322 0.230186 0.230598 0.230186 0.230698 
14.510086 0.227248 0.226985 0.227233 0.226985 0.227652 0.227405 0.227233 0.227405 0.227202 
14.531630 0.223907 0.223850 0.223740 0.223850 0.224204 0.223977 0.223740 0.223977 0.223930 
14.553174 0.220637 0.220480 0.220568 0.220480 0.220749 0.220757 0.220568 0.220757 0.220761 
14.574719 0.217236 0.217363 0.217321 0.217363 0.217371 0.217328 0.217321 0.217328 0.217375 
14.596263 0.214052 0.214296 0.213987 0.214296 0.214169 0.213963 0.213987 0.213963 0.214123 
14.617808 0.210873 0.210771 0.210814 0.210771 0.210724 0.210860 0.210814 0.210860 0.210690 
14.639352 0.207445 0.207466 0.207513 0.207466 0.207757 0.207395 0.207513 0.207395 0.207670 
14.660896 0.204367 0.204269 0.204308 0.204269 0.204607 0.204177 0.204308 0.204177 0.204675 
14.682440 0.201053 0.201148 0.201046 0.201148 0.200957 0.200968 0.201046 0.200968 0.200823 
14.703985 0.197909 0.197910 0.197785 0.197910 0.197746 0.197784 0.197785 0.197784 0.197556 
14.725529 0.194677 0.194505 0.194527 0.194505 0.194697 0.194516 0.194527 0.194516 0.194479 
14.747074 0.191403 0.191352 0.191420 0.191352 0.191623 0.191355 0.191420 0.191355 0.191039 
14.768618 0.188205 0.188175 0.188195 0.188175 0.188333 0.188053 0.188195 0.188053 0.188356 
14.790162 0.184999 0.185067 0.185021 0.185067 0.185225 0.184825 0.185021 0.184825 0.184494 
14.811706 0.181859 0.181889 0.181861 0.181889 0.181898 0.181846 0.181861 0.181846 0.181720 
14.833251 0.178591 0.178645 0.178678 0.178645 0.178608 0.178728 0.178678 0.178728 0.178930 
14.854795 0.175477 0.175504 0.175545 0.175504 0.175690 0.175389 0.175545 0.175389 0.175737 
14.876339 0.172383 0.172238 0.172331 0.172238 0.172051 0.172445 0.172331 0.172445 0.172110 
14.897883 0.169216 0.169199 0.169068 0.169199 0.169358 0.169163 0.169068 0.169163 0.169172 
14.919427 0.166119 0.166102 0.166148 0.166102 0.166344 0.166159 0.166148 0.166159 0.166227 
14.940972 0.162961 0.162902 0.162969 0.162902 0.163069 0.162852 0.162969 0.162852 0.162854 
14.962516 0.159860 0.159799 0.159783 0.159799 0.160061 0.159886 0.159783 0.159886 0.159985 
14.984061 0.156739 0.156636 0.156711 0.156636 0.156592 0.156835 0.156711 0.156835 0.156732 
15.005605 0.153621 0.153645 0.153590 0.153645 0.153513 0.153725 0.153590 0.153725 0.153515 
15.027149 0.150509 0.150480 0.150611 0.150480 0.150490 0.150367 0.150611 0.150367 0.150629 
15.048693 0.147453 0.147498 0.147417 0.147498 0.147659 0.147498 0.147417 0.147498 0.147258 
15.070238 0.144489 0.144364 0.144490 0.144364 0.144322 0.144374 0.144490 0.144374 0.144539 
15.091782 0.141265 0.141376 0.141267 0.141376 0.141253 0.141787 0.141267 0.141787 0.141538 
15.113327 0.138284 0.138211 0.138229 0.138211 0.138333 0.138372 0.138229 0.138372 0.138293 
15.134871 0.135249 0.135301 0.135260 0.135301 0.135475 0.135191 0.135260 0.135191 0.135380 
15.156415 0.132235 0.132143 0.132253 0.132143 0.132119 0.132232 0.132253 0.132232 0.132217 
15.177959 0.129215 0.129223 0.129185 0.129223 0.129174 0.129388 0.129185 0.129388 0.129358 
15.199503 0.126136 0.126154 0.126073 0.126154 0.126057 0.126203 0.126073 0.126203 0.126519 
15.221048 0.123182 0.123037 0.123062 0.123037 0.123349 0.123065 0.123062 0.123065 0.122958 
15.242592 0.120253 0.120197 0.120315 0.120197 0.120062 0.120116 0.120315 0.120116 0.120042 
15.264137 0.117478 0.117436 0.117467 0.117436 0.117569 0.117594 0.117467 0.117594 0.117262 
15.285681 0.114877 0.114813 0.114853 0.114813 0.114742 0.114874 0.114853 0.114874 0.115138 
15.307225 0.112415 0.112312 0.112397 0.112312 0.112150 0.112476 0.112397 0.112476 0.112343 
15.328769 0.110001 0.110013 0.109958 0.110013 0.110025 0.110091 0.109958 0.110091 0.109866 
15.350314 0.107631 0.107559 0.107667 0.107559 0.107602 0.107597 0.107667 0.107597 0.107642 
15.371858 0.105323 0.105426 0.105403 0.105426 0.105432 0.105408 0.105403 0.105408 0.105566 
15.393403 0.103182 0.103071 0.103165 0.103071 0.103225 0.103240 0.103165 0.103240 0.103404 
15.414947 0.100990 0.101000 0.100996 0.101000 0.100966 0.101052 0.100996 0.101052 0.101237 
15.436491 0.098822 0.098894 0.098885 0.098894 0.098996 0.098905 0.098885 0.098905 0.099060 
15.458035 0.096861 0.096935 0.096756 0.096935 0.096845 0.097080 0.096756 0.097080 0.096818 
15.479579 0.094869 0.094944 0.094860 0.094944 0.094752 0.094816 0.094860 0.094816 0.095008 
15.501124 0.092887 0.092855 0.092916 0.092855 0.092788 0.092849 0.092916 0.092849 0.092969 
15.522668 0.090997 0.090932 0.090922 0.090932 0.091109 0.091092 0.090922 0.091092 0.090900 
15.544213 0.089098 0.089022 0.089065 0.089022 0.089177 0.089020 0.089065 0.089020 0.089151 
15.565757 0.087247 0.087314 0.087189 0.087314 0.087304 0.087195 0.087189 0.087195 0.087365 
15.587301 0.085415 0.085472 0.085376 0.085472 0.085601 0.085436 0.085376 0.085436 0.085261 
15.608845 0.083642 0.083715 0.083717 0.083715 0.083825 0.083583 0.083717 0.083583 0.083660 
15.630390 0.081954 0.081962 0.081997 0.081962 0.081953 0.081970 0.081997 0.081970 0.081785 
15.651934 0.080235 0.080213 0.080250 0.080213 0.080279 0.080335 0.080250 0.080335 0.080184 
15.673479 0.078638 0.078589 0.078539 0.078589 0.078688 0.078490 0.078539 0.078490 0.078802 
15.695023 0.077051 0.076997 0.076925 0.076997 0.076907 0.076948 0.076925 0.076948 0.076973 
15.716567 0.075388 0.075387 0.075344 0.075387 0.075495 0.075306 0.075344 0.075306 0.075628 
15.738111 0.073823 0.073804 0.073870 0.073804 0.074027 0.073728 0.073870 0.073728 0.073711 
15.759655 0.072271 0.072232 0.072264 0.072232 0.072235 0.072332 0.072264 0.072332 0.072223 
15.781200 0.070805 0.070698 0.070842 0.070698 0.070613 0.070745 0.070842 0.070745 0.070710 
15.802744 0.069292 0.069284 0.069297 0.069284 0.069476 0.069135 0.069297 0.069135 0.069118 
15.824288 0.067844 0.067790 0.067822 0.067790 0.067892 0.067885 0.067822 0.067885 0.067979 
15.845832 0.066417 0.066403 0.066422 0.066403 0.066520 0.066366 0.066422 0.066366 0.066390 
15.867377 0.065023 0.065012 0.065006 0.065012 0.065046 0.064960 0.065006 0.064960 0.064881 
15.888921 0.063628 0.063605 0.063578 0.063605 0.063666 0.063571 0.063578 0.063571 0.063695 
15.910466 0.062194 0.062236 0.062284 0.062236 0.062202 0.062239 0.062284 0.062239 0.062346 
15.932010 0.060934 0.060833 0.060929 0.060833 0.060983 0.060811 0.060929 0.060811 0.060829 
15.953554 0.059648 0.059618 0.059697 0.059618 0.059359 0.059703 0.059697 0.059703 0.059682 
15.975098 0.058302 0.058400 0.058269 0.058400 0.058476 0.058326 0.058269 0.058326 0.058287 
15.996643 0.057114 0.057104 0.057103 0.057104 0.057139 0.057191 0.057103 0.057191 0.057052 
16.018188 0.055884 0.055899 0.055850 0.055899 0.056011 0.055917 0.055850 0.055917 0.055934 
16.039731 0.054636 0.054615 0.054601 0.054615 0.054614 0.054519 0.054601 0.054519 0.054642 
16.061275 0.053461 0.053433 0.053431 0.053433 0.053482 0.053420 0.053431 0.053420 0.053465 
16.082820 0.052250 0.052241 0.052300 0.052241 0.052282 0.052246 0.052300 0.052246 0.052352 
16.104364 0.051139 0.051104 0.051110 0.051104 0.051239 0.051023 0.051110 0.051023 0.051255 
16.125909 0.049989 0.050025 0.049985 0.050025 0.049858 0.050058 0.049985 0.050058 0.049973 
16.147452 0.048892 0.048819 0.048890 0.048819 0.048876 0.048871 0.048890 0.048871 0.049059 
16.168997 0.047807 0.047708 0.047797 0.047708 0.047639 0.047721 0.047797 0.047721 0.047971 
16.190541 0.046720 0.046754 0.046711 0.046754 0.046736 0.046718 0.046711 0.046718 0.046740 
16.212086 0.045648 0.045726 0.045694 0.045726 0.045823 0.045669 0.045694 0.045669 0.045908 
16.233630 0.044618 0.044655 0.044579 0.044655 0.044657 0.044667 0.044579 0.044667 0.044661 
16.255175 0.043548 0.043677 0.043607 0.043677 0.043666 0.043493 0.043607 0.043493 0.043650 
16.276719 0.042610 0.042623 0.042549 0.042623 0.042483 0.042495 0.042549 0.042495 0.042688 
16.298263 0.041598 0.041647 0.041641 0.041647 0.041596 0.041588 0.041641 0.041588 0.041703 
16.319807 0.040648 0.040638 0.040685 0.040638 0.040813 0.040743 0.040685 0.040743 0.040680 
16.341352 0.039738 0.039689 0.039661 0.039689 0.039822 0.039698 0.039661 0.039698 0.039790 
16.362896 0.038789 0.038768 0.038741 0.038768 0.038677 0.038863 0.038741 0.038863 0.038955 
16.384440 0.037828 0.037897 0.037837 0.037897 0.037873 0.037908 0.037837 0.037908 0.037782 
16.405984 0.037005 0.036947 0.036927 0.036947 0.036892 0.036915 0.036927 0.036915 0.037048 
16.427528 0.036086 0.036089 0.036040 0.036089 0.035955 0.036032 0.036040 0.036032 0.036092 
16.449073 0.035228 0.035188 0.035240 0.035188 0.035321 0.035234 0.035240 0.035234 0.035255 
16.470617 0.034314 0.034374 0.034314 0.034374 0.034361 0.034195 0.034314 0.034195 0.034378 
16.492162 0.033488 0.033505 0.033518 0.033505 0.033556 0.033521 0.033518 0.033521 0.033417 
16.513706 0.032684 0.032720 0.032653 0.032720 0.032661 0.032585 0.032653 0.032585 0.032698 
16.535251 0.031934 0.031847 0.031882 0.031847 0.031908 0.031947 0.031882 0.031947 0.031852 
16.556794 0.031074 0.031062 0.031055 0.031062 0.031138 0.031052 0.031055 0.031052 0.031237 
16.578339 0.030289 0.030324 0.030270 0.030324 0.030306 0.030306 0.030270 0.030306 0.030215 
16.599883 0.029550 0.029498 0.029539 0.029498 0.029471 0.029469 0.029539 0.029469 0.029446 
16.621428 0.028772 0.028807 0.028797 0.028807 0.028657 0.028744 0.028797 0.028744 0.028747 
16.642972 0.028050 0.028062 0.028048 0.028062 0.028036 0.028049 0.028048 0.028049 0.028029 
16.664516 0.027315 0.027333 0.027374 0.027333 0.027264 0.027218 0.027374 0.027218 0.027385 
16.686061 0.026616 0.026598 0.026608 0.026598 0.026592 0.026626 0.026608 0.026626 0.026575 
16.707604 0.025915 0.025914 0.025900 0.025914 0.026004 0.026004 0.025900 0.026004 0.025943 
16.729149 0.025211 0.025191 0.025216 0.025191 0.025251 0.025225 0.025216 0.025225 0.025279 
16.750693 0.024537 0.024508 0.024562 0.024508 0.024579 0.024546 0.024562 0.024546 0.024531 
16.772238 0.023905 0.023925 0.023918 0.023925 0.023840 0.023864 0.023918 0.023864 0.023865 
16.793782 0.023257 0.023194 0.023288 0.023194 0.023297 0.023194 0.023288 0.023194 0.023193 
16.815326 0.022604 0.022550 0.022596 0.022550 0.022631 0.022635 0.022596 0.022635 0.022706 
16.836870 0.021987 0.021966 0.021948 0.021966 0.021957 0.021954 0.021948 0.021954 0.021942 
16.858415 0.021352 0.021363 0.021365 0.021363 0.021286 0.021404 0.021365 0.021404 0.021443 
16.879959 0.020752 0.020764 0.020737 0.020764 0.020753 0.020695 0.020737 0.020695 0.020726 
16.901504 0.020147 0.020131 0.020176 0.020131 0.020180 0.020157 0.020176 0.020157 0.020213 
16.923048 0.019560 0.019634 0.019581 0.019634 0.019610 0.019688 0.019581 0.019688 0.019643 
16.944592 0.019014 0.019015 0.018987 0.019015 0.018993 0.018985 0.018987 0.018985 0.019002 
16.966136 0.018459 0.018454 0.018450 0.018454 0.018495 0.018511 0.018450 0.018511 0.018367 
16.987680 0.017895 0.017851 0.017910 0.017851 0.017888 0.017936 0.017910 0.017936 0.017827 
17.009225 0.017373 0.017363 0.017398 0.017363 0.017333 0.017422 0.017398 0.017422 0.017329 
17.030769 0.016853 0.016875 0.016824 0.016875 0.016802 0.016827 0.016824 0.016827 0.016913 
17.052314 0.016342 0.016308 0.016340 0.016308 0.016312 0.016335 0.016340 0.016335 0.016287 
17.073857 0.015833 0.015803 0.015838 0.015803 0.015801 0.015801 0.015838 0.015801 0.015686 
17.095402 0.015330 0.015344 0.015340 0.015344 0.015293 0.015378 0.015340 0.015378 0.015328 
17.116946 0.014856 0.014806 0.014819 0.014806 0.014953 0.014877 0.014819 0.014877 0.014942 
17.138491 0.014373 0.014392 0.014357 0.014392 0.014301 0.014410 0.014357 0.014410 0.014348 
17.160035 0.013926 0.013938 0.013935 0.013938 0.013908 0.013881 0.013935 0.013881 0.013994 
17.181580 0.013434 0.013463 0.013453 0.013463 0.013511 0.013501 0.013453 0.013501 0.013487 
17.203124 0.012993 0.013004 0.013009 0.013004 0.013019 0.012997 0.013009 0.012997 0.012906 
17.224668 0.012557 0.012605 0.012582 0.012605 0.012528 0.012520 0.012582 0.012520 0.012626 
17.246212 0.012157 0.012173 0.012163 0.012173 0.012035 0.012119 0.012163 0.012119 0.012158 
17.267756 0.011723 0.011725 0.011721 0.011725 0.011737 0.011727 0.011721 0.011727 0.011698 
17.289301 0.011326 0.011347 0.011309 0.011347 0.011326 0.011383 0.011309 0.011383 0.011292 
17.310845 0.010956 0.010905 0.010919 0.010905 0.010982 0.010923 0.010919 0.010923 0.010915 
17.332389 0.010537 0.010546 0.010503 0.010546 0.010539 0.010534 0.010503 0.010534 0.010576 
17.353933 0.010161 0.010156 0.010180 0.010156 0.010126 0.010126 0.010180 0.010126 0.010179 
17.375478 0.009796 0.009776 0.009778 0.009776 0.009731 0.009791 0.009778 0.009791 0.009756 
17.397022 0.009433 0.009388 0.009426 0.009388 0.009440 0.009423 0.009426 0.009423 0.009394 
17.418567 0.009056 0.009050 0.009048 0.009050 0.009095 0.009111 0.009048 0.009111 0.009081 
17.440111 0.008711 0.008726 0.008712 0.008726 0.008742 0.008667 0.008712 0.008667 0.008691 
17.461656 0.008363 0.008380 0.008393 0.008380 0.008320 0.008388 0.008393 0.008388 0.008363 
17.483199 0.008035 0.008030 0.008037 0.008030 0.008017 0.008011 0.008037 0.008011 0.008080 
17.504744 0.007726 0.007739 0.007692 0.007739 0.007732 0.007728 0.007692 0.007728 0.007738 
17.526288 0.007411 0.007412 0.007412 0.007412 0.007472 0.007413 0.007412 0.007413 0.007439 
17.547832 0.007083 0.007077 0.007098 0.007077 0.007142 0.007092 0.007098 0.007092 0.007061 
17.569377 0.006789 0.006772 0.006809 0.006772 0.006815 0.006756 0.006809 0.006756 0.006822 
17.590920 0.006497 0.006504 0.006501 0.006504 0.006549 0.006469 0.006501 0.006469 0.006517 
17.612465 0.006220 0.006202 0.006206 0.006202 0.006256 0.006223 0.006206 0.006223 0.006188 
17.634009 0.005940 0.005926 0.005939 0.005926 0.005946 0.005942 0.005939 0.005942 0.005924 
17.655554 0.005665 0.005664 0.005693 0.005664 0.005652 0.005675 0.005693 0.005675 0.005736 
17.677098 0.005400 0.005405 0.005408 0.005405 0.005374 0.005411 0.005408 0.005411 0.005377 
17.698643 0.005143 0.005171 0.005145 0.005171 0.005181 0.005185 0.005145 0.005185 0.005142 
17.720187 0.004915 0.004896 0.004903 0.004896 0.004907 0.004890 0.004903 0.004890 0.004900 
17.741731 0.004661 0.004652 0.004662 0.004652 0.004676 0.004661 0.004662 0.004661 0.004652 
17.763275 0.004437 0.004443 0.004434 0.004443 0.004430 0.004442 0.004434 0.004442 0.004405 
17.784820 0.004190 0.004191 0.004193 0.004191 0.004188 0.004177 0.004193 0.004177 0.004215 
17.806364 0.003976 0.003986 0.003981 0.003986 0.003973 0.003984 0.003981 0.003984 0.003961 
17.827909 0.003764 0.003773 0.003765 0.003773 0.003780 0.003773 0.003765 0.003773 0.003777 
17.849452 0.003567 0.003555 0.003552 0.003555 0.003557 0.003565 0.003552 0.003565 0.003560 
17.870996 0.003362 0.003349 0.003357 0.003349 0.003341 0.003367 0.003357 0.003367 0.003340 
17.892541 0.003156 0.003170 0.003167 0.003170 0.003146 0.003171 0.003167 0.003171 0.003153 
17.914085 0.002980 0.002988 0.002987 0.002988 0.003013 0.002942 0.002987 0.002942 0.002984 
17.935630 0.002802 0.002793 0.002786 0.002793 0.002801 0.002798 0.002786 0.002798 0.002782 
17.957174 0.002630 0.002630 0.002624 0.002630 0.002630 0.002624 0.002624 0.002624 0.002584 
17.978719 0.002460 0.002443 0.002446 0.002443 0.002456 0.002457 0.002446 0.002457 0.002483 
18.000262 0.002295 0.002294 0.002293 0.002294 0.002290 0.002298 0.002293 0.002298 0.002312 
18.021807 0.002133 0.002146 0.002143 0.002146 0.002130 0.002142 0.002143 0.002142 0.002158 
18.043351 0.001987 0.001992 0.001988 0.001992 0.001991 0.002000 0.001988 0.002000 0.002017 
18.064896 0.001849 0.001852 0.001845 0.001852 0.001852 0.001850 0.001845 0.001850 0.001872 
18.086440 0.001711 0.001706 0.001704 0.001706 0.001729 0.001705 0.001704 0.001705 0.001707 
18.107985 0.001576 0.001577 0.001586 0.001577 0.001585 0.001581 0.001586 0.001581 0.001565 
18.129529 0.001446 0.001455 0.001446 0.001455 0.001448 0.001448 0.001446 0.001448 0.001434 
18.151073 0.001328 0.001319 0.001343 0.001319 0.001318 0.001337 0.001343 0.001337 0.001324 
18.172617 0.001213 0.001212 0.001205 0.001212 0.001196 0.001209 0.001205 0.001209 0.001210 
18.194161 0.001102 0.001094 0.001106 0.001094 0.001101 0.001096 0.001106 0.001096 0.001131 
18.215706 0.001005 0.000997 0.000995 0.000997 0.000993 0.000996 0.000995 0.000996 0.000969 
18.237250 0.000900 0.000903 0.000897 0.000903 0.000899 0.000894 0.000897 0.000894 0.000919 
18.258794 0.000806 0.000804 0.000810 0.000804 0.000799 0.000807 0.000810 0.000807 0.000827 
18.280338 0.000726 0.000726 0.000721 0.000726 0.000724 0.000723 0.000721 0.000723 0.000715 
18.301883 0.000637 0.000642 0.000640 0.000642 0.000635 0.000643 0.000640 0.000643 0.000661 
18.323427 0.000561 0.000569 0.000558 0.000569 0.000572 0.000562 0.000558 0.000562 0.000573 
18.344972 0.000494 0.000493 0.000493 0.000493 0.000487 0.000487 0.000493 0.000487 0.000479 
18.366516 0.000418 0.000426 0.000425 0.000426 0.000432 0.000431 0.000425 0.000431 0.000422 
18.388061 0.000360 0.000361 0.000361 0.000361 0.000368 0.000371 0.000361 0.000371 0.000364 
18.409604 0.000307 0.000301 0.000305 0.000301 0.000300 0.000307 0.000305 0.000307 0.000306 
18.431149 0.000256 0.000249 0.000252 0.000249 0.000253 0.000250 0.000252 0.000250 0.000247 
18.452693 0.000207 0.000205 0.000206 0.000205 0.000210 0.000206 0.000206 0.000206 0.000213 
18.474237 0.000165 0.000166 0.000166 0.000166 0.000166 0.000165 0.000166 0.000165 0.000157 
18.495782 0.000126 0.000130 0.000129 0.000130 0.000125 0.000125 0.000129 0.000125 0.000128 
18.517325 0.000097 0.000100 0.000098 0.000100 0.000089 0.000096 0.000098 0.000096 0.000089 
18.538870 0.000070 0.000069 0.000068 0.000069 0.000067 0.000075 0.000068 0.000075 0.000066 
18.560414 0.000047 0.000047 0.000047 0.000047 0.000041 0.000045 0.000047 0.000045 0.000044 
18.581959 0.000028 0.000027 0.000028 0.000027 0.000026 0.000028 0.000028 0.000028 0.000027 
18.603503 0.000014 0.000014 0.000015 0.000014 0.000014 0.000016 0.000015 0.000016 0.000015 
18.625048 0.000005 0.000005 0.000005 0.000005 0.000006 0.000005 0.000005 0.000005 0.000007 
18.646592 0.000001 0.000001 0.000001 0.000001 0.000001 0.000001 0.000001 0.000001 0.000001 
18.668136 0.000000 0.000000 0.000000 0.000000 0.000000 0.000000 0.000000 0.000000 0.000000 
18.689680 0.000000 0.000000 0.000000 0.000000 0.000000 0.000000 0.000000 0.000000 0.000000 
18.711225 0.000000 0.000000 0.000000 0.000000 0.000000 0.000000 0.000000 0.000000 0.000000 
18.732769 0.000000 0.000000 0.000000 0.000000 0.000000 0.000000 0.000000 0.000000 0.000000 
18.754313 0.000000 0.000000 0.000000 0.000000 0.000000 0.000000 0.000000 0.000000 0.000000 
18.775857 0.000000 0.000000 0.000000 0.000000 0.000000 0.000000 0.000000 0.000000 0.000000 
18.797401 0.000000 0.000000 0.000000 0.000000 0.000000 0.000000 0.000000 0.000000 0.000000 
18.818946 0.000000 0.000000 0.000000 0.000000 0.000000 0.000000 0.000000 0.000000 0.000000 
18.840490 0.000000 0.000000 0.000000 0.000000 0.000000 0.000000 0.000000 0.000000 0.000000 
18.862035 0.000000 0.000000 0.000000 0.000000 0.000000 0.000000 0.000000 0.000000 0.000000 
18.883579 0.000000 0.000000 0.000000 0.000000 0.000000 0.000000 0.000000 0.000000 0.000000 
18.905124 0.000000 0.000000 0.000000 0.000000 0.000000 0.000000 0.000000 0.000000 0.000000 
18.926667 0.000000 0.000000 0.000000 0.000000 0.000000 0.000000 0.000000 0.000000 0.000000 
18.948212 0.000000 0.000000 0.000000 0.000000 0.000000 0.000000 0.000000 0.000000 0.000000 
18.969756 0.000000 0.000000 0.000000 0.000000 0.000000 0.000000 0.000000 0.000000 0.000000 
18.991301 0.000000 0.000000 0.000000 0.000000 0.000000 0.000000 0.000000 0.000000 0.000000 
19.012845 0.000000 0.000000 0.000000 0.000000 0.000000 0.000000 0.000000 0.000000 0.000000 
19.034389 0.000000 0.000000 0.000000 0.000000 0.000000 0.000000 0.000000 0.000000 0.000000 
19.055933 0.000000 0.000000 0.000000 0.000000 0.000000 0.000000 0.000000 0.000000 0.000000 
19.077477 0.000000 0.000000 0.000000 0.000000 0.000000 0.000000 0.000000 0.000000 0.000000 
19.099022 0.000000 0.000000 0.000000 0.000000 0.000000 0.000000 0.000000 0.000000 0.000000 
19.120566 0.000000 0.000000 0.000000 0.000000 0.000000 0.000000 0.000000 0.000000 0.000000 
19.142111 0.000000 0.000000 0.000000 0.000000 0.000000 0.000000 0.000000 0.000000 0.000000 
19.163655 0.000000 0.000000 0.000000 0.000000 0.000000 0.000000 0.000000 0.000000 0.000000 
19.185199 0.000000 0.000000 0.000000 0.000000 0.000000 0.000000 0.000000 0.000000 0.000000 
19.206743 0.000000 0.000000 0.000000 0.000000 0.000000 0.000000 0.000000 0.000000 0.000000 
19.228288 0.000000 0.000000 0.000000 0.000000 0.000000 0.000000 0.000000 0.000000 0.000000 
19.249832 0.000000 0.000000 0.000000 0.000000 0.000000 0.000000 0.000000 0.000000 0.000000 
19.271377 0.000000 0.000000 0.000000 0.000000 0.000000 0.000000 0.000000 0.000000 0.000000 
19.292920 0.000000 0.000000 0.000000 0.000000 0.000000 0.000000 0.000000 0.000000 0.000000 
19.314465 0.000000 0.000000 0.000000 0.000000 0.000000 0.000000 0.000000 0.000000 0.000000 
19.336009 0.000000 0.000000 0.000000 0.000000 0.000000 0.000000 0.000000 0.000000 0.000000 
19.357553 0.000000 0.000000 0.000000 0.000000 0.000000 0.000000 0.000000 0.000000 0.000000 
19.379098 0.000000 0.000000 0.000000 0.000000 0.000000 0.000000 0.000000 0.000000 0.000000 
19.400642 0.000000 0.000000 0.000000 0.000000 0.000000 0.000000 0.000000 0.000000 0.000000 
19.422187 0.000000 0.000000 0.000000 0.000000 0.000000 0.000000 0.000000 0.000000 0.000000 
19.443730 0.000000 0.000000 0.000000 0.000000 0.000000 0.000000 0.000000 0.000000 0.000000 
19.465275 0.000000 0.000000 0.000000 0.000000 0.000000 0.000000 0.000000 0.000000 0.000000 
19.486819 0.000000 0.000000 0.000000 0.000000 0.000000 0.000000 0.000000 0.000000 0.000000 
19.508364 0.000000 0.000000 0.000000 0.000000 0.000000 0.000000 0.000000 0.000000 0.000000 
19.529908 0.000000 0.000000 0.000000 0.000000 0.000000 0.000000 0.000000 0.000000 0.000000 
19.551453 0.000000 0.000000 0.000000 0.000000 0.000000 0.000000 0.000000 0.000000 0.000000 
19.572997 0.000000 0.000000 0.000000 0.000000 0.000000 0.000000 0.000000 0.000000 0.000000 
19.594541 0.000000 0.000000 0.000000 0.000000 0.000000 0.000000 0.000000 0.000000 0.000000 
19.616085 0.000000 0.000000 0.000000 0.000000 0.000000 0.000000 0.000000 0.000000 0.000000 
19.637630 0.000000 0.000000 0.000000 0.000000 0.000000 0.000000 0.000000 0.000000 0.000000 
19.659174 0.000000 0.000000 0.000000 0.000000 0.000000 0.000000 0.000000 0.000000 0.000000 
19.680718 0.000000 0.000000 0.000000 0.000000 0.000000 0.000000 0.000000 0.000000 0.000000 
19.702262 0.000000 0.000000 0.000000 0.000000 0.000000 0.000000 0.000000 0.000000 0.000000 
19.723806 0.000000 0.000000 0.000000 0.000000 0.000000 0.000000 0.000000 0.000000 0.000000 
19.745351 0.000000 0.000000 0.000000 0.000000 0.000000 0.000000 0.000000 0.000000 0.000000 
19.766895 0.000000 0.000000 0.000000 0.000000 0.000000 0.000000 0.000000 0.000000 0.000000 
19.788440 0.000000 0.000000 0.000000 0.000000 0.000000 0.000000 0.000000 0.000000 0.000000 
19.809984 0.000000 0.000000 0.000000 0.000000 0.000000 0.000000 0.000000 0.000000 0.000000 
19.831529 0.000000 0.000000 0.000000 0.000000 0.000000 0.000000 0.000000 0.000000 0.000000 
19.853072 0.000000 0.000000 0.000000 0.000000 0.000000 0.000000 0.000000 0.000000 0.000000 
19.874617 0.000000 0.000000 0.000000 0.000000 0.000000 0.000000 0.000000 0.000000 0.000000 
19.896161 0.000000 0.000000 0.000000 0.000000 0.000000 0.000000 0.000000 0.000000 0.000000 
19.917706 0.000000 0.000000 0.000000 0.000000 0.000000 0.000000 0.000000 0.000000 0.000000 
19.939250 0.000000 0.000000 0.000000 0.000000 0.000000 0.000000 0.000000 0.000000 0.000000 
19.960793 0.000000 0.000000 0.000000 0.000000 0.000000 0.000000 0.000000 0.000000 0.000000 
19.982338 0.000000 0.000000 0.000000 0.000000 0.000000 0.000000 0.000000 0.000000 0.000000 
20.003882 0.000000 0.000000 0.000000 0.000000 0.000000 0.000000 0.000000 0.000000 0.000000 
20.025427 0.000000 0.000000 0.000000 0.000000 0.000000 0.000000 0.000000 0.000000 0.000000 
20.046971 0.000000 0.000000 0.000000 0.000000 0.000000 0.000000 0.000000 0.000000 0.000000 
20.068516 0.000000 0.000000 0.000000 0.000000 0.000000 0.000000 0.000000 0.000000 0.000000 
20.090060 0.000000 0.000000 0.000000 0.000000 0.000000 0.000000 0.000000 0.000000 0.000000 
20.111604 0.000000 0.000000 0.000000 0.000000 0.000000 0.000000 0.000000 0.000000 0.000000 
20.133148 0.000000 0.000000 0.000000 0.000000 0.000000 0.000000 0.000000 0.000000 0.000000 
20.154693 0.000000 0.000000 0.000000 0.000000 0.000000 0.000000 0.000000 0.000000 0.000000 
20.176237 0.000000 0.000000 0.000000 0.000000 0.000000 0.000000 0.000000 0.000000 0.000000 
20.197782 0.000000 0.000000 0.000000 0.000000 0.000000 0.000000 0.000000 0.000000 0.000000 
20.219325 0.000000 0.000000 0.000000 0.000000 0.000000 0.000000 0.000000 0.000000 0.000000 
20.240870 0.000000 0.000000 0.000000 0.000000 0.000000 0.000000 0.000000 0.000000 0.000000 
20.262414 0.000000 0.000000 0.000000 0.000000 0.000000 0.000000 0.000000 0.000000 0.000000 
20.283958 0.000000 0.000000 0.000000 0.000000 0.000000 0.000000 0.000000 0.000000 0.000000 
20.305503 0.000000 0.000000 0.000000 0.000000 0.000000 0.000000 0.000000 0.000000 0.000000 
20.327047 0.000000 0.000000 0.000000 0.000000 0.000000 0.000000 0.000000 0.000000 0.000000 
20.348592 0.000000 0.000000 0.000000 0.000000 0.000000 0.000000 0.000000 0.000000 0.000000 
20.370135 0.000000 0.000000 0.000000 0.000000 0.000000 0.000000 0.000000 0.000000 0.000000 
20.391680 0.000000 0.000000 0.000000 0.000000 0.000000 0.000000 0.000000 0.000000 0.000000 
20.413224 0.000000 0.000000 0.000000 0.000000 0.000000 0.000000 0.000000 0.000000 0.000000 
20.434769 0.000000 0.000000 0.000000 0.000000 0.000000 0.000000 0.000000 0.000000 0.000000 
20.456313 0.000000 0.000000 0.000000 0.000000 0.000000 0.000000 0.000000 0.000000 0.000000 
20.477857 0.000000 0.000000 0.000000 0.000000 0.000000 0.000000 0.000000 0.000000 0.000000 
20.499401 0.000000 0.000000 0.000000 0.000000 0.000000 0.000000 0.000000 0.000000 0.000000 
20.520946 0.000000 0.000000 0.000000 0.000000 0.000000 0.000000 0.000000 0.000000 0.000000 
20.542490 0.000000 0.000000 0.000000 0.000000 0.000000 0.000000 0.000000 0.000000 0.000000 
20.564034 0.000000 0.000000 0.000000 0.000000 0.000000 0.000000 0.000000 0.000000 0.000000 
20.585579 0.000000 0.000000 0.000000 0.000000 0.000000 0.000000 0.000000 0.000000 0.000000 
20.607123 0.000000 0.000000 0.000000 0.000000 0.000000 0.000000 0.000000 0.000000 0.000000 
20.628667 0.000000 0.000000 0.000000 0.000000 0.000000 0.000000 0.000000 0.000000 0.000000 
20.650211 0.000000 0.000000 0.000000 0.000000 0.000000 0.000000 0.000000 0.000000 0.000000 
20.671756 0.000000 0.000000 0.000000 0.000000 0.000000 0.000000 0.000000 0.000000 0.000000 
20.693300 0.000000 0.000000 0.000000 0.000000 0.000000 0.000000 0.000000 0.000000 0.000000 
20.714845 0.000000 0.000000 0.000000 0.000000 0.000000 0.000000 0.000000 0.000000 0.000000 
20.736389 0.000000 0.000000 0.000000 0.000000 0.000000 0.000000 0.000000 0.000000 0.000000 
20.757934 0.000000 0.000000 0.000000 0.000000 0.000000 0.000000 0.000000 0.000000 0.000000 
20.779477 0.000000 0.000000 0.000000 0.000000 0.000000 0.000000 0.000000 0.000000 0.000000 
20.801022 0.000000 0.000000 0.000000 0.000000 0.000000 0.000000 0.000000 0.000000 0.000000 
20.822566 0.000000 0.000000 0.000000 0.000000 0.000000 0.000000 0.000000 0.000000 0.000000 
20.844110 0.000000 0.000000 0.000000 0.000000 0.000000 0.000000 0.000000 0.000000 0.000000 
20.865655 0.000000 0.000000 0.000000 0.000000 0.000000 0.000000 0.000000 0.000000 0.000000 
20.887198 0.000000 0.000000 0.000000 0.000000 0.000000 0.000000 0.000000 0.000000 0.000000 
20.908743 0.000000 0.000000 0.000000 0.000000 0.000000 0.000000 0.000000 0.000000 0.000000 
20.930287 0.000000 0.000000 0.000000 0.000000 0.000000 0.000000 0.000000 0.000000 0.000000 
20.951832 0.000000 0.000000 0.000000 0.000000 0.000000 0.000000 0.000000 0.000000 0.000000 
20.973376 0.000000 0.000000 0.000000 0.000000 0.000000 0.000000 0.000000 0.000000 0.000000 
20.994921 0.000000 0.000000 0.000000 0.000000 0.000000 0.000000 0.000000 0.000000 0.000000 
21.016465 0.000000 0.000000 0.000000 0.000000 0.000000 0.000000 0.000000 0.000000 0.000000 
21.038009 0.000000 0.000000 0.000000 0.000000 0.000000 0.000000 0.000000 0.000000 0.000000 
21.059553 0.000000 0.000000 0.000000 0.000000 0.000000 0.000000 0.000000 0.000000 0.000000 
21.081098 0.000000 0.000000 0.000000 0.000000 0.000000 0.000000 0.000000 0.000000 0.000000 
21.102642 0.000000 0.000000 0.000000 0.000000 0.000000 0.000000 0.000000 0.000000 0.000000 
21.124187 0.000000 0.000000 0.000000 0.000000 0.000000 0.000000 0.000000 0.000000 0.000000 
21.145730 0.000000 0.000000 0.000000 0.000000 0.000000 0.000000 0.000000 0.000000 0.000000 
21.167274 0.000000 0.000000 0.000000 0.000000 0.000000 0.000000 0.000000 0.000000 0.000000 
21.188819 0.000000 0.000000 0.000000 0.000000 0.000000 0.000000 0.000000 0.000000 0.000000 
21.210363 0.000000 0.000000 0.000000 0.000000 0.000000 0.000000 0.000000 0.000000 0.000000 
21.231908 0.000000 0.000000 0.000000 0.000000 0.000000 0.000000 0.000000 0.000000 0.000000 
21.253452 0.000000 0.000000 0.000000 0.000000 0.000000 0.000000 0.000000 0.000000 0.000000 
21.274997 0.000000 0.000000 0.000000 0.000000 0.000000 0.000000 0.000000 0.000000 0.000000 
21.296540 0.000000 0.000000 0.000000 0.000000 0.000000 0.000000 0.000000 0.000000 0.000000 
21.318085 0.000000 0.000000 0.000000 0.000000 0.000000 0.000000 0.000000 0.000000 0.000000 
21.339629 0.000000 0.000000 0.000000 0.000000 0.000000 0.000000 0.000000 0.000000 0.000000 
21.361174 0.000000 0.000000 0.000000 0.000000 0.000000 0.000000 0.000000 0.000000 0.000000 
21.382718 0.000000 0.000000 0.000000 0.000000 0.000000 0.000000 0.000000 0.000000 0.000000 
21.404262 0.000000 0.000000 0.000000 0.000000 0.000000 0.000000 0.000000 0.000000 0.000000 
21.425806 0.000000 0.000000 0.000000 0.000000 0.000000 0.000000 0.000000 0.000000 0.000000 
21.447351 0.000000 0.000000 0.000000 0.000000 0.000000 0.000000 0.000000 0.000000 0.000000 
21.468895 0.000000 0.000000 0.000000 0.000000 0.000000 0.000000 0.000000 0.000000 0.000000 
21.490439 0.000000 0.000000 0.000000 0.000000 0.000000 0.000000 0.000000 0.000000 0.000000 
21.511984 0.000000 0.000000 0.000000 0.000000 0.000000 0.000000 0.000000 0.000000 0.000000 
21.533528 0.000000 0.000000 0.000000 0.000000 0.000000 0.000000 0.000000 0.000000 0.000000 
