# concentrations: 0.666667 0.166667 0.166667
0.010772 0.000000 0.000000 0.000000 0.000000 0.000000 0.000000 0.000000 0.000000 0.000000 
0.032316 0.000000 0.000000 0.000000 0.000000 0.000000 0.000000 0.000000 0.000000 0.000000 
0.053861 0.000000 0.000000 0.000000 0.000000 0.000000 0.000000 0.000000 0.000000 0.000000 
0.075405 0.000000 0.000000 0.000000 0.000000 0.000000 0.000000 0.000000 0.000000 0.000000 
0.096949 0.000000 0.000000 0.000000 0.000000 0.000000 0.000000 0.000000 0.000000 0.000000 
0.118494 0.000000 0.000000 0.000000 0.000000 0.000000 0.000000 0.000000 0.000000 0.000000 
0.140038 0.000000 0.000000 0.000000 0.000000 0.000000 0.000000 0.000000 0.000000 0.000000 
0.161582 0.000000 0.000000 0.000000 0.000000 0.000000 0.000000 0.000000 0.000000 0.000000 
0.183127 0.000000 0.000000 0.000000 0.000000 0.000000 0.000000 0.000000 0.000000 0.000000 
0.204671 0.000000 0.000000 0.000000 0.000000 0.000000 0.000000 0.000000 0.000000 0.000000 
0.226215 0.000000 0.000000 0.000000 0.000000 0.000000 0.000000 0.000000 0.000000 0.000000 
0.247759 0.000000 0.000000 0.000000 0.000000 0.000000 0.000000 0.000000 0.000000 0.000000 
0.269304 0.000000 0.000000 0.000000 0.000000 0.000000 0.000000 0.000000 0.000000 0.000000 
0.290848 0.000000 0.000000 0.000000 0.000000 0.000000 0.000000 0.000000 0.000000 0.000000 
0.312392 0.000000 0.000000 0.000000 0.000000 0.000000 0.000000 0.000000 0.000000 0.000000 
0.333937 0.000000 0.000000 0.000000 0.000000 0.000000 0.000000 0.000000 0.000000 0.000000 
0.355481 0.000000 0.000000 0.000000 0.000000 0.000000 0.000000 0.000000 0.000000 0.000000 
0.377025 0.000000 0.000000 0.000000 0.000000 0.000000 0.000000 0.000000 0.000000 0.000000 
0.398570 0.000000 0.000000 0.000000 0.000000 0.000000 0.000000 0.000000 0.000000 0.000000 
0.420114 0.000000 0.000000 0.000000 0.000000 0.000000 0.000000 0.000000 0.000000 0.000000 
0.441658 0.000000 0.000000 0.000000 0.000000 0.000000 0.000000 0.000000 0.000000 0.000000 
0.463202 0.000000 0.000000 0.000000 0.000000 0.000000 0.000000 0.000000 0.000000 0.000000 
0.484747 0.000000 0.000000 0.000000 0.000000 0.000000 0.000000 0.000000 0.000000 0.000000 
0.506291 0.000000 0.000000 0.000000 0.000000 0.000000 0.000000 0.000000 0.000000 0.000000 
0.527835 0.000000 0.000000 0.000000 0.000000 0.000000 0.000000 0.000000 0.000000 0.000000 
0.549380 0.000000 0.000000 0.000000 0.000000 0.000000 0.000000 0.000000 0.000000 0.000000 
0.570924 0.000000 0.000000 0.000000 0.000000 0.000000 0.000000 0.000000 0.000000 0.000000 
0.592468 0.000000 0.000000 0.000000 0.000000 0.000000 0.000000 0.000000 0.000000 0.000000 
0.614013 0.000000 0.000000 0.000000 0.000000 0.000000 0.000000 0.000000 0.000000 0.000000 
0.635557 0.000000 0.000000 0.000000 0.000000 0.000000 0.000000 0.000000 0.000000 0.000000 
0.657101 0.000000 0.000000 0.000000 0.000000 0.000000 0.000000 0.000000 0.000000 0.000000 
0.678645 0.000000 0.000000 0.000000 0.000000 0.000000 0.000000 0.000000 0.000000 0.000000 
0.700190 0.000000 0.000000 0.000000 0.000000 0.000000 0.000000 0.000000 0.000000 0.000000 
0.721734 0.000000 0.000000 0.000000 0.000000 0.000000 0.000000 0.000000 0.000000 0.000000 
0.743278 0.000000 0.000562 0.000000 0.000562 0.000000 0.000000 0.000000 0.000000 0.000000 
0.764823 0.000000 0.024970 0.000000 0.024970 0.000053 0.000396 0.000000 0.000396 0.000000 
0.786367 0.000000 0.282158 0.000000 0.282158 0.001348 0.009518 0.000000 0.009518 0.000000 
0.807911 0.000000 1.243611 0.000000 1.243611 0.014142 0.084972 0.000000 0.084972 0.000000 
0.829456 0.000000 2.862555 0.000959 2.862555 0.066230 0.354955 0.000959 0.354955 0.000000 
0.851000 0.000000 4.300284 0.025956 4.300284 0.184324 0.866985 0.025956 0.866985 0.001130 
0.872544 0.000000 4.912193 0.233859 4.912193 0.351318 1.430375 0.233859 1.430375 0.016057 
0.894088 0.000058 4.723574 0.954094 4.723574 0.532259 1.843053 0.954094 1.843053 0.098033 
0.915633 0.002200 4.072945 2.227523 4.072945 0.672162 2.007251 2.227523 2.007251 0.300860 
0.937177 0.033397 3.312414 3.536727 3.312414 0.773160 1.988901 3.536727 1.988901 0.628064 
0.958721 0.212519 2.630741 4.337915 2.630741 0.822383 1.845367 4.337915 1.845367 0.979471 
0.980266 0.720526 2.054441 4.469982 2.054441 0.849926 1.645601 4.469982 1.645601 1.257042 
1.001810 1.567422 1.613445 4.112541 1.613445 0.841864 1.458510 4.112541 1.458510 1.390767 
1.023354 2.484813 1.283097 3.521711 1.283097 0.822192 1.279401 3.521711 1.279401 1.431459 
1.044899 3.137444 1.038784 2.897783 1.038784 0.824350 1.132738 2.897783 1.132738 1.372461 
1.066443 3.389249 0.857741 2.339283 0.857741 0.803655 1.007763 2.339283 1.007763 1.285817 
1.087987 3.298965 0.722288 1.881222 0.722288 0.799497 0.913175 1.881222 0.913175 1.163906 
1.109531 2.993603 0.621898 1.516510 0.621898 0.797264 0.837095 1.516510 0.837095 1.049142 
1.131076 2.597773 0.547680 1.232035 0.547680 0.817754 0.782553 1.232035 0.782553 0.958923 
1.152620 2.200487 0.491595 1.014451 0.491595 0.827040 0.743529 1.014451 0.743529 0.860827 
1.174164 1.839158 0.445622 0.850914 0.445622 0.857149 0.714044 0.850914 0.714044 0.799678 
1.195709 1.537395 0.420709 0.723589 0.420709 0.889824 0.692984 0.723589 0.692984 0.742871 
1.217253 1.288157 0.396911 0.629040 0.396911 0.939119 0.686812 0.629040 0.686812 0.699500 
1.238797 1.092099 0.385621 0.555812 0.385621 0.984471 0.687345 0.555812 0.687345 0.666551 
1.260342 0.937352 0.379559 0.503305 0.379559 1.033450 0.702087 0.503305 0.702087 0.646241 
1.281886 0.814347 0.379332 0.460021 0.379332 1.072207 0.724157 0.460021 0.724157 0.625156 
1.303430 0.720767 0.380707 0.430927 0.380707 1.130851 0.755091 0.430927 0.755091 0.622294 
1.324974 0.646673 0.394784 0.409066 0.394784 1.170749 0.790381 0.409066 0.790381 0.620792 
1.346519 0.592259 0.408826 0.395501 0.408826 1.216872 0.835060 0.395501 0.835060 0.633305 
1.368063 0.551275 0.431710 0.390283 0.431710 1.255569 0.888149 0.390283 0.888149 0.645183 
1.389607 0.522044 0.459042 0.389706 0.459042 1.280650 0.933794 0.389706 0.933794 0.662560 
1.411152 0.504808 0.493555 0.394482 0.493555 1.297904 0.991695 0.394482 0.991695 0.695074 
1.432696 0.495358 0.532360 0.405306 0.532360 1.291110 1.041057 0.405306 1.041057 0.738396 
1.454240 0.494348 0.582208 0.422410 0.582208 1.288342 1.095482 0.422410 1.095482 0.779072 
1.475785 0.502044 0.638502 0.444768 0.638502 1.264036 1.136494 0.444768 1.136494 0.841845 
1.497329 0.519508 0.704018 0.474378 0.704018 1.251890 1.181812 0.474378 1.181812 0.898082 
1.518873 0.543565 0.772808 0.513323 0.772808 1.227307 1.212920 0.513323 1.212920 0.965002 
1.540417 0.575577 0.845556 0.559269 0.845556 1.210566 1.228716 0.559269 1.228716 1.034554 
1.561962 0.616755 0.919534 0.614961 0.919534 1.200515 1.237501 0.614961 1.237501 1.099124 
1.583506 0.667253 0.994987 0.681914 0.994987 1.202932 1.240811 0.681914 1.240811 1.162444 
1.605050 0.723903 1.063981 0.754065 1.063981 1.221176 1.229593 0.754065 1.229593 1.221673 
1.626595 0.788367 1.121683 0.835908 1.121683 1.253680 1.227620 0.835908 1.227620 1.267705 
1.648139 0.854430 1.169349 0.917105 1.169349 1.282394 1.221359 0.917105 1.221359 1.301732 
1.669683 0.921605 1.210190 0.999597 1.210190 1.316179 1.214239 0.999597 1.214239 1.321843 
1.691228 0.986839 1.237872 1.074314 1.237872 1.330251 1.224263 1.074314 1.224263 1.327234 
1.712772 1.042233 1.256698 1.140343 1.256698 1.335859 1.241816 1.140343 1.241816 1.329424 
1.734316 1.091909 1.268448 1.193233 1.268448 1.308624 1.271805 1.193233 1.271805 1.316974 
1.755860 1.131894 1.278756 1.232729 1.278756 1.258576 1.297526 1.232729 1.297526 1.311733 
1.777405 1.164827 1.291077 1.258802 1.291077 1.194284 1.322159 1.258802 1.322159 1.304165 
1.798949 1.188561 1.310096 1.270688 1.310096 1.122702 1.326884 1.270688 1.326884 1.309041 
1.820493 1.205543 1.325801 1.279963 1.325801 1.050080 1.309110 1.279963 1.309110 1.314979 
1.842038 1.214655 1.342021 1.279017 1.342021 0.972346 1.274429 1.279017 1.274429 1.325582 
1.863582 1.217222 1.353180 1.279168 1.353180 0.904400 1.229782 1.279168 1.229782 1.338362 
1.885126 1.210931 1.349579 1.284298 1.349579 0.841782 1.164806 1.284298 1.164806 1.340344 
1.906671 1.200844 1.334979 1.289100 1.334979 0.794609 1.092636 1.289100 1.092636 1.335308 
1.928215 1.185959 1.299644 1.296901 1.299644 0.752033 1.020491 1.296901 1.020491 1.307081 
1.949759 1.172782 1.253233 1.304301 1.253233 0.719515 0.950955 1.304301 0.950955 1.258471 
1.971303 1.160905 1.197521 1.303371 1.197521 0.693927 0.889003 1.303371 0.889003 1.204673 
1.992848 1.153603 1.133366 1.296996 1.133366 0.681002 0.831970 1.296996 0.831970 1.135333 
2.014392 1.151642 1.071579 1.271938 1.071579 0.674822 0.788023 1.271938 0.788023 1.065211 
2.035936 1.151413 1.009165 1.235435 1.009165 0.673620 0.749277 1.235435 0.749277 0.991111 
2.057481 1.149345 0.951822 1.190921 0.951822 0.678009 0.720870 1.190921 0.720870 0.927614 
2.079025 1.145862 0.902853 1.138005 0.902853 0.696421 0.702568 1.138005 0.702568 0.872944 
2.100569 1.133581 0.861888 1.081475 0.861888 0.714562 0.688745 1.081475 0.688745 0.818698 
2.122114 1.111643 0.826105 1.022558 0.826105 0.742686 0.686760 1.022558 0.686760 0.777714 
2.143658 1.083949 0.801780 0.967661 0.801780 0.769239 0.687824 0.967661 0.687824 0.743138 
2.165202 1.048530 0.783607 0.918496 0.783607 0.806058 0.696430 0.918496 0.696430 0.709422 
2.186746 1.009784 0.772536 0.874369 0.772536 0.839023 0.712468 0.874369 0.712468 0.701689 
2.208291 0.969331 0.769792 0.837182 0.769792 0.876529 0.730066 0.837182 0.730066 0.686010 
2.229835 0.930175 0.772760 0.808775 0.772760 0.919494 0.756173 0.808775 0.756173 0.684714 
2.251379 0.894411 0.780075 0.785887 0.780075 0.956436 0.787488 0.785887 0.787488 0.691968 
2.272924 0.862312 0.792488 0.772513 0.792488 0.998975 0.821907 0.772513 0.821907 0.703984 
2.294468 0.836934 0.810773 0.766833 0.810773 1.032765 0.856502 0.766833 0.856502 0.721749 
2.316012 0.817588 0.830887 0.768693 0.830887 1.064462 0.895948 0.768693 0.895948 0.743265 
2.337556 0.804826 0.855992 0.775087 0.855992 1.095395 0.931651 0.775087 0.931651 0.765969 
2.359101 0.799300 0.882292 0.784854 0.882292 1.122392 0.975954 0.784854 0.975954 0.801530 
2.380645 0.800853 0.911022 0.803847 0.911022 1.142236 1.009098 0.803847 1.009098 0.836643 
2.402189 0.807992 0.938675 0.824843 0.938675 1.160114 1.046236 0.824843 1.046236 0.871813 
2.423734 0.820328 0.967614 0.851293 0.967614 1.169185 1.081696 0.851293 1.081696 0.916560 
2.445278 0.839805 0.996054 0.878576 0.996054 1.175990 1.105972 0.878576 1.105972 0.951501 
2.466822 0.862631 1.023279 0.910042 1.023279 1.179160 1.131016 0.910042 1.131016 0.991590 
2.488367 0.888240 1.045565 0.939706 1.045565 1.174341 1.149756 0.939706 1.149756 1.029088 
2.509911 0.915648 1.067372 0.971601 1.067372 1.165275 1.164210 0.971601 1.164210 1.062107 
2.531455 0.944725 1.083302 1.001594 1.083302 1.157674 1.171331 1.001594 1.171331 1.094903 
2.553000 0.973976 1.097132 1.027078 1.097132 1.146349 1.174416 1.027078 1.174416 1.122514 
2.574544 1.002228 1.106145 1.052959 1.106145 1.136830 1.173598 1.052959 1.173598 1.139100 
2.596088 1.029732 1.113909 1.074105 1.113909 1.122981 1.170175 1.074105 1.170175 1.161537 
2.617633 1.054428 1.115029 1.093375 1.115029 1.108245 1.162304 1.093375 1.162304 1.175639 
2.639177 1.075717 1.114358 1.108424 1.114358 1.092703 1.149474 1.108424 1.149474 1.172393 
2.660721 1.093850 1.109551 1.118097 1.109551 1.078229 1.139251 1.118097 1.139251 1.174519 
2.682265 1.108440 1.104511 1.123370 1.104511 1.066570 1.122486 1.123370 1.122486 1.172085 
2.703810 1.117802 1.095852 1.125999 1.095852 1.051247 1.106860 1.125999 1.106860 1.164552 
2.725354 1.123496 1.085055 1.123632 1.085055 1.029889 1.093416 1.123632 1.093416 1.152435 
2.746898 1.124375 1.073250 1.119428 1.073250 1.014465 1.078769 1.119428 1.078769 1.138682 
2.768443 1.122477 1.063892 1.112592 1.063892 0.996806 1.063319 1.112592 1.063319 1.121524 
2.789987 1.116497 1.050369 1.101690 1.050369 0.981827 1.046962 1.101690 1.046962 1.109110 
2.811531 1.107794 1.041371 1.089343 1.041371 0.965635 1.031001 1.089343 1.031001 1.089879 
2.833075 1.098673 1.027527 1.077556 1.027527 0.946133 1.013312 1.077556 1.013312 1.075039 
2.854620 1.085741 1.017639 1.062620 1.017639 0.929018 0.998774 1.062620 0.998774 1.055072 
2.876164 1.071626 1.008360 1.049948 1.008360 0.914735 0.983999 1.049948 0.983999 1.043589 
2.897708 1.058075 0.998055 1.036071 0.998055 0.905585 0.965390 1.036071 0.965390 1.025417 
2.919253 1.044426 0.986957 1.023973 0.986957 0.896784 0.947988 1.023973 0.947988 1.011293 
2.940797 1.030869 0.977023 1.011864 0.977023 0.894601 0.934016 1.011864 0.934016 0.994519 
2.962341 1.015978 0.966331 1.000863 0.966331 0.892272 0.920964 1.000863 0.920964 0.981730 
2.983886 1.003583 0.956368 0.990363 0.956368 0.892029 0.910701 0.990363 0.910701 0.964457 
3.005430 0.992425 0.949178 0.979740 0.949178 0.895251 0.903786 0.979740 0.903786 0.952941 
3.026974 0.981457 0.940166 0.970709 0.940166 0.902924 0.898048 0.970709 0.898048 0.937760 
3.048518 0.973009 0.934464 0.960066 0.934464 0.914465 0.894485 0.960066 0.894485 0.923979 
3.070063 0.964646 0.929411 0.952516 0.929411 0.927177 0.895029 0.952516 0.895029 0.913798 
3.091607 0.957836 0.925481 0.944208 0.925481 0.933158 0.899626 0.944208 0.899626 0.906169 
3.113151 0.952124 0.925835 0.937003 0.925835 0.949360 0.903871 0.937003 0.903871 0.899107 
3.134696 0.946737 0.926221 0.931438 0.926221 0.963744 0.915219 0.931438 0.915219 0.897398 
3.156240 0.943050 0.930874 0.927242 0.930874 0.980900 0.922360 0.927242 0.922360 0.896673 
3.177784 0.939068 0.935959 0.924716 0.935959 0.991916 0.938066 0.924716 0.938066 0.900664 
3.199329 0.937386 0.943854 0.923433 0.943854 1.005963 0.950685 0.923433 0.950685 0.906266 
3.220873 0.935171 0.952915 0.924429 0.952915 1.019750 0.964146 0.924429 0.964146 0.915016 
3.242417 0.935602 0.964203 0.928930 0.964203 1.029381 0.979220 0.928930 0.979220 0.927157 
3.263961 0.935733 0.973040 0.933424 0.973040 1.037488 0.993293 0.933424 0.993293 0.935959 
3.285506 0.938602 0.986628 0.941558 0.986628 1.048131 1.008260 0.941558 1.008260 0.952798 
3.307050 0.942800 0.998938 0.950531 0.998938 1.052968 1.019935 0.950531 1.019935 0.963807 
3.328594 0.949102 1.008604 0.962498 1.008604 1.053962 1.030895 0.962498 1.030895 0.978209 
3.350139 0.955138 1.019883 0.973486 1.019883 1.055240 1.039102 0.973486 1.039102 0.997543 
3.371683 0.963750 1.027725 0.985198 1.027725 1.061289 1.049107 0.985198 1.049107 1.010114 
3.393227 0.973158 1.037013 0.997278 1.037013 1.058636 1.054743 0.997278 1.054743 1.021373 
3.414772 0.982686 1.044646 1.009175 1.044646 1.058167 1.057714 1.009175 1.057714 1.033833 
3.436316 0.992744 1.048810 1.020323 1.048810 1.052575 1.062109 1.020323 1.062109 1.041894 
3.457860 1.002246 1.053629 1.030383 1.053629 1.049165 1.061684 1.030383 1.061684 1.051710 
3.479404 1.013598 1.053952 1.039172 1.053952 1.043987 1.060278 1.039172 1.060278 1.059735 
3.500949 1.022214 1.054116 1.046456 1.054116 1.035600 1.057547 1.046456 1.057547 1.062997 
3.522493 1.029907 1.052677 1.051998 1.052677 1.028833 1.053401 1.051998 1.053401 1.063852 
3.544037 1.037559 1.050999 1.055836 1.050999 1.024580 1.049124 1.055836 1.049124 1.064845 
3.565582 1.043630 1.046800 1.057539 1.046800 1.017661 1.044962 1.057539 1.044962 1.063940 
3.587126 1.048129 1.042074 1.058107 1.042074 1.011078 1.038467 1.058107 1.038467 1.059716 
3.608670 1.050324 1.036733 1.056185 1.036733 1.003784 1.029564 1.056185 1.029564 1.056965 
3.630215 1.052332 1.030314 1.055027 1.030314 0.994662 1.021079 1.055027 1.021079 1.050434 
3.651759 1.052107 1.023572 1.050014 1.023572 0.991018 1.016053 1.050014 1.016053 1.047252 
3.673303 1.049988 1.016234 1.045187 1.016234 0.983046 1.007833 1.045187 1.007833 1.036327 
3.694847 1.047657 1.009481 1.038653 1.009481 0.981584 1.000349 1.038653 1.000349 1.026601 
3.716392 1.043235 1.002643 1.032354 1.002643 0.977622 0.991881 1.032354 0.991881 1.019111 
3.737936 1.039219 0.996234 1.026040 0.996234 0.975212 0.987768 1.026040 0.987768 1.013990 
3.759480 1.032885 0.989716 1.018612 0.989716 0.971484 0.983051 1.018612 0.983051 1.005488 
3.781025 1.026257 0.984531 1.010314 0.984531 0.967905 0.975686 1.010314 0.975686 0.996627 
3.802569 1.020015 0.978844 1.002563 0.978844 0.966919 0.974839 1.002563 0.974839 0.992173 
3.824113 1.013513 0.975618 0.996656 0.975618 0.966455 0.970623 0.996656 0.970623 0.984548 
3.845658 1.006234 0.971929 0.990058 0.971929 0.966547 0.968151 0.990058 0.968151 0.978745 
3.867202 1.000007 0.969821 0.983183 0.969821 0.968713 0.965834 0.983183 0.965834 0.974457 
3.888746 0.993227 0.968095 0.978185 0.968095 0.972274 0.965337 0.978185 0.965337 0.969658 
3.910290 0.988074 0.966247 0.973589 0.966247 0.973239 0.964963 0.973589 0.964963 0.967361 
3.931835 0.982881 0.966543 0.969827 0.966543 0.975011 0.965346 0.969827 0.965346 0.963869 
3.953379 0.977744 0.966803 0.967748 0.966803 0.979172 0.966326 0.967748 0.966326 0.963139 
3.974923 0.974328 0.968870 0.965410 0.968870 0.984813 0.968850 0.965410 0.968850 0.963556 
3.996468 0.971587 0.969827 0.963893 0.969827 0.987376 0.972125 0.963893 0.972125 0.962031 
4.018012 0.969339 0.973213 0.963796 0.973213 0.996023 0.975611 0.963796 0.975611 0.964847 
4.039556 0.968196 0.975397 0.965221 0.975397 0.998220 0.978278 0.965221 0.978278 0.963754 
4.061100 0.967423 0.978840 0.966651 0.978840 1.003452 0.984140 0.966651 0.984140 0.968190 
4.082645 0.968414 0.982488 0.967879 0.982488 1.008276 0.990280 0.967879 0.990280 0.972699 
4.104189 0.969337 0.986699 0.970927 0.986699 1.013923 0.995327 0.970927 0.995327 0.975521 
4.125733 0.971528 0.990997 0.973520 0.990997 1.013757 0.999947 0.973520 0.999947 0.981438 
4.147278 0.974086 0.995509 0.978271 0.995509 1.021890 1.004856 0.978271 1.004856 0.987370 
4.168822 0.976374 1.000518 0.981797 1.000518 1.020785 1.008683 0.981797 1.008683 0.990743 
4.190366 0.979574 1.004308 0.986335 1.004308 1.024446 1.013729 0.986335 1.013729 0.998164 
4.211911 0.983500 1.007929 0.991394 1.007929 1.021110 1.016419 0.991394 1.016419 0.999737 
4.233455 0.987772 1.012654 0.996248 1.012654 1.023776 1.020371 0.996248 1.020371 1.007204 
4.254999 0.991330 1.015990 1.001026 1.015990 1.024007 1.022995 1.001026 1.022995 1.013057 
4.276544 0.995472 1.018521 1.004233 1.018521 1.024180 1.025175 1.004233 1.025175 1.014101 
4.298088 0.999357 1.021186 1.008920 1.021186 1.022517 1.026812 1.008920 1.026812 1.018709 
4.319632 1.003298 1.022181 1.012784 1.022181 1.019702 1.026020 1.012784 1.026020 1.021596 
4.341177 1.006899 1.023610 1.016505 1.023610 1.017906 1.028017 1.016505 1.028017 1.022371 
4.362721 1.010592 1.023831 1.019479 1.023831 1.012153 1.025956 1.019479 1.025956 1.027174 
4.384265 1.013626 1.025120 1.021470 1.025120 1.012786 1.022879 1.021470 1.022879 1.029693 
4.405809 1.016081 1.023036 1.024087 1.023036 1.007625 1.020039 1.024087 1.020039 1.030027 
4.427354 1.018096 1.022164 1.024345 1.022164 1.004827 1.019246 1.024345 1.019246 1.026224 
4.448898 1.019882 1.019795 1.025101 1.019795 1.001203 1.015479 1.025101 1.015479 1.025666 
4.470442 1.021289 1.018541 1.025363 1.018541 0.999111 1.012668 1.025363 1.012668 1.023818 
4.491987 1.021559 1.015112 1.024969 1.015112 0.995540 1.007699 1.024969 1.007699 1.021513 
4.513531 1.021372 1.012411 1.022928 1.012411 0.992742 1.004789 1.022928 1.004789 1.021148 
4.535075 1.020771 1.009343 1.020557 1.009343 0.991484 1.001909 1.020557 1.001909 1.015027 
4.556619 1.020195 1.006135 1.018339 1.006135 0.990531 0.999055 1.018339 0.999055 1.011199 
4.578164 1.018957 1.002844 1.016255 1.002844 0.984201 0.994712 1.016255 0.994712 1.010696 
4.599708 1.016441 0.999406 1.012768 0.999406 0.986410 0.991942 1.012768 0.991942 1.006009 
4.621252 1.014632 0.996815 1.009632 0.996815 0.983707 0.989398 1.009632 0.989398 1.002885 
4.642797 1.011948 0.993609 1.006722 0.993609 0.982746 0.987345 1.006722 0.987345 0.998459 
4.664341 1.008702 0.991506 1.002382 0.991506 0.984590 0.985270 1.002382 0.985270 0.994097 
4.685885 1.006370 0.988426 1.000270 0.988426 0.983060 0.984918 1.000270 0.984918 0.990866 
4.707429 1.003560 0.987219 0.996333 0.987219 0.985273 0.983348 0.996333 0.983348 0.986512 
4.728974 1.000737 0.985688 0.993444 0.985688 0.985176 0.982759 0.993444 0.982759 0.987758 
4.750518 0.998255 0.983058 0.990598 0.983058 0.986389 0.981401 0.990598 0.981401 0.984569 
4.772062 0.995463 0.983510 0.988154 0.983510 0.989119 0.982642 0.988154 0.982642 0.982442 
4.793607 0.993020 0.982925 0.987061 0.982925 0.988869 0.981732 0.987061 0.981732 0.980530 
4.815151 0.991053 0.984119 0.984679 0.984119 0.993473 0.984353 0.984679 0.984353 0.981328 
4.836695 0.989041 0.984203 0.983618 0.984203 0.995030 0.984624 0.983618 0.984624 0.979894 
4.858240 0.987476 0.984984 0.982584 0.984984 0.996860 0.988504 0.982584 0.988504 0.983527 
4.879784 0.985769 0.986191 0.983276 0.986191 0.998084 0.991656 0.983276 0.991656 0.981165 
4.901328 0.985385 0.987983 0.982969 0.987983 1.000450 0.993253 0.982969 0.993253 0.983910 
4.922873 0.985539 0.989238 0.983475 0.989238 1.003846 0.993520 0.983475 0.993520 0.983335 
4.944417 0.985073 0.991632 0.984670 0.991632 1.008261 0.996884 0.984670 0.996884 0.985525 
4.965961 0.985438 0.993941 0.985346 0.993941 1.005946 0.998895 0.985346 0.998895 0.991021 
4.987505 0.986287 0.996027 0.987764 0.996027 1.011668 0.999585 0.987764 0.999585 0.991726 
5.009050 0.987548 0.997937 0.989655 0.997937 1.008872 1.004309 0.989655 1.004309 0.995617 
5.030594 0.988610 1.000553 0.991332 1.000553 1.010819 1.005217 0.991332 1.005217 0.996447 
5.052138 0.990376 1.002744 0.993276 1.002744 1.011608 1.007931 0.993276 1.007931 1.000057 
5.073683 0.992105 1.004637 0.996082 1.004637 1.012073 1.010407 0.996082 1.010407 1.003529 
5.095227 0.994136 1.005761 0.998057 1.005761 1.011630 1.011576 0.998057 1.011576 1.005368 
5.116771 0.996214 1.007501 1.000748 1.007501 1.012123 1.011961 1.000748 1.011961 1.006502 
5.138316 0.998059 1.008878 1.003114 1.008878 1.010260 1.012238 1.003114 1.012238 1.009300 
5.159860 1.000142 1.010093 1.004487 1.010093 1.011329 1.011946 1.004487 1.011946 1.009013 
5.181404 1.002263 1.010633 1.005668 1.010633 1.007901 1.011271 1.005668 1.011271 1.010679 
5.202949 1.003773 1.010515 1.007852 1.010515 1.009666 1.011921 1.007852 1.011921 1.011729 
5.224493 1.005346 1.011624 1.008917 1.011624 1.007644 1.011859 1.008917 1.011859 1.012165 
5.246037 1.006687 1.010673 1.010517 1.010673 1.007606 1.011569 1.010517 1.011569 1.012227 
5.267581 1.008331 1.011312 1.011646 1.011312 1.002607 1.010561 1.011646 1.010561 1.014039 
5.289126 1.008481 1.010449 1.011041 1.010449 1.002251 1.008936 1.011041 1.008936 1.012462 
5.310670 1.009720 1.009251 1.011843 1.009251 1.001119 1.006956 1.011843 1.006956 1.010847 
5.332214 1.010067 1.008302 1.011411 1.008302 0.999087 1.005776 1.011411 1.005776 1.013454 
5.353759 1.009925 1.007010 1.010952 1.007010 0.998161 1.003586 1.010952 1.003586 1.009495 
5.375303 1.010696 1.004886 1.009824 1.004886 0.997374 1.003655 1.009824 1.003655 1.008125 
5.396847 1.010012 1.004016 1.009723 1.004016 0.994723 1.000828 1.009723 1.000828 1.006576 
5.418391 1.009793 1.003070 1.008684 1.003070 0.993447 0.998382 1.008684 0.998382 1.005100 
5.439936 1.008590 1.000605 1.007027 1.000605 0.993936 0.997988 1.007027 0.997988 1.005753 
5.461480 1.007597 1.000351 1.006271 1.000351 0.993176 0.995853 1.006271 0.995853 1.002630 
5.483024 1.006503 0.998117 1.004099 0.998117 0.991833 0.995532 1.004099 0.995532 1.003493 
5.504569 1.005348 0.997055 1.003764 0.997055 0.992097 0.994542 1.003764 0.994542 1.001226 
5.526113 1.004291 0.996286 1.001148 0.996286 0.991803 0.992537 1.001148 0.992537 0.997299 
5.547657 1.002687 0.995160 1.000203 0.995160 0.990565 0.992418 1.000203 0.992418 0.995865 
5.569201 1.001086 0.994312 0.998373 0.994312 0.991257 0.991347 0.998373 0.991347 0.994289 
5.590746 0.999857 0.993447 0.996915 0.993447 0.992732 0.991703 0.996915 0.991703 0.995887 
5.612290 0.998773 0.992586 0.995245 0.992586 0.993277 0.990852 0.995245 0.990852 0.993081 
5.633834 0.997560 0.992526 0.994625 0.992526 0.995966 0.990473 0.994625 0.990473 0.993251 
5.655379 0.996361 0.992389 0.993903 0.992389 0.995437 0.991596 0.993903 0.991596 0.991159 
5.676923 0.995636 0.992594 0.993116 0.992594 0.998572 0.992399 0.993116 0.992399 0.991057 
5.698467 0.994754 0.992580 0.992668 0.992580 0.998797 0.992687 0.992668 0.992687 0.990513 
5.720012 0.994139 0.992928 0.992228 0.992928 0.998078 0.993306 0.992228 0.993306 0.991251 
5.741556 0.993884 0.993747 0.992200 0.993747 1.001369 0.995848 0.992200 0.995848 0.990625 
5.763100 0.993287 0.994326 0.992702 0.994326 1.000115 0.995623 0.992702 0.995623 0.993187 
5.784645 0.993232 0.994978 0.992319 0.994978 1.002087 0.996510 0.992319 0.996510 0.992719 
5.806189 0.993408 0.996010 0.992748 0.996010 1.001868 0.998231 0.992748 0.998231 0.994045 
5.827733 0.993001 0.997405 0.993305 0.997405 1.002250 1.000505 0.993305 1.000505 0.994818 
5.849277 0.993954 0.998302 0.994285 0.998302 1.004042 1.000801 0.994285 1.000801 0.995748 
5.870822 0.994299 0.999368 0.994983 0.999368 1.006211 1.001809 0.994983 1.001809 0.996590 
5.892366 0.994263 0.999445 0.995692 0.999445 1.005171 1.002964 0.995692 1.002964 0.996735 
5.913910 0.995720 1.001070 0.996941 1.001070 1.006124 1.003546 0.996941 1.003546 0.999958 
5.935455 0.996295 1.001540 0.997701 1.001540 1.005867 1.004102 0.997701 1.004102 1.002092 
5.956999 0.997295 1.002457 0.999176 1.002457 1.005200 1.004624 0.999176 1.004624 1.003184 
5.978543 0.998153 1.004055 1.000417 1.004055 1.005802 1.005775 1.000417 1.005775 1.003699 
6.000087 0.999165 1.004102 1.001213 1.004102 1.006332 1.007029 1.001213 1.007029 1.002284 
6.021632 1.000005 1.004264 1.001601 1.004264 1.005016 1.005967 1.001601 1.005967 1.005004 
6.043176 1.001243 1.004766 1.002545 1.004766 1.005450 1.005243 1.002545 1.005243 1.006437 
6.064720 1.002210 1.005325 1.003726 1.005325 1.004844 1.006341 1.003726 1.006341 1.006769 
6.086265 1.002892 1.005760 1.004507 1.005760 1.002991 1.006718 1.004507 1.006718 1.006062 
6.107809 1.003524 1.005447 1.004674 1.005447 1.002869 1.005493 1.004674 1.005493 1.006700 
6.129353 1.003684 1.005783 1.005715 1.005783 1.002926 1.004556 1.005715 1.004556 1.007585 
6.150898 1.004238 1.004709 1.005397 1.004709 1.001581 1.003908 1.005397 1.003908 1.006230 
6.172442 1.004620 1.003955 1.005498 1.003955 1.000312 1.003253 1.005498 1.003253 1.005379 
6.193986 1.004931 1.003312 1.005898 1.003312 1.000672 1.003276 1.005898 1.003276 1.005591 
6.215531 1.005026 1.003546 1.005541 1.003546 0.998528 1.001909 1.005541 1.001909 1.003811 
6.237075 1.005292 1.002658 1.004808 1.002658 0.999697 1.001718 1.004808 1.001718 1.005374 
6.258619 1.005116 1.002289 1.004842 1.002289 0.998438 1.001367 1.004842 1.001367 1.003019 
6.280164 1.004510 1.001209 1.003718 1.001209 0.997955 1.000040 1.003718 1.000040 1.004144 
6.301708 1.004208 1.000603 1.002696 1.000603 0.997482 0.999734 1.002696 0.999734 1.002087 
6.323252 1.003672 0.999691 1.002803 0.999691 0.996262 0.997996 1.002803 0.997996 1.001767 
6.344796 1.003351 0.998867 1.002411 0.998867 0.995754 0.997608 1.002411 0.997608 1.002113 
6.366341 1.002561 0.998336 1.001731 0.998336 0.996361 0.997579 1.001731 0.997579 0.999548 
6.387885 1.001984 0.998156 1.000344 0.998156 0.995670 0.996397 1.000344 0.996397 1.000171 
6.409429 1.001368 0.997888 0.999862 0.997888 0.995123 0.996050 0.999862 0.996050 0.997789 
6.430974 1.000692 0.997366 0.999794 0.997366 0.996455 0.996800 0.999794 0.996800 0.997060 
6.452518 0.999894 0.997054 0.998586 0.997054 0.996730 0.996615 0.998586 0.996615 0.996979 
6.474062 0.999604 0.996556 0.998144 0.996556 0.996541 0.996661 0.998144 0.996661 0.995002 
6.495606 0.998545 0.996096 0.997931 0.996096 0.999048 0.996723 0.997931 0.996723 0.995801 
6.517151 0.998344 0.995855 0.997064 0.995855 0.998330 0.995665 0.997064 0.995665 0.994840 
6.538695 0.997922 0.996351 0.996473 0.996351 0.998775 0.995719 0.996473 0.995719 0.994655 
6.560239 0.997301 0.996519 0.996411 0.996519 0.998737 0.997141 0.996411 0.997141 0.994955 
6.581784 0.997162 0.996671 0.996220 0.996671 0.998796 0.996606 0.996220 0.996606 0.995822 
6.603328 0.997199 0.996685 0.996152 0.996685 0.999378 0.997249 0.996152 0.997249 0.997016 
6.624872 0.996745 0.997624 0.996455 0.997624 0.999532 0.998157 0.996455 0.998157 0.996797 
6.646417 0.996650 0.997627 0.996540 0.997627 1.000519 0.999026 0.996540 0.999026 0.996523 
6.667961 0.996768 0.998541 0.996503 0.998541 1.001307 0.999577 0.996503 0.999577 0.996457 
6.689505 0.996665 0.998325 0.996892 0.998325 1.002599 1.000243 0.996892 1.000243 0.997270 
6.711050 0.996590 0.998934 0.996933 0.998934 1.001841 1.000905 0.996933 1.000905 0.998002 
6.732594 0.997149 0.999574 0.997475 0.999574 1.003272 1.000689 0.997475 1.000689 0.999361 
6.754138 0.997874 0.999864 0.997968 0.999864 1.003125 1.000819 0.997968 1.000819 0.998389 
6.775682 0.997512 1.000212 0.998084 1.000212 1.002631 1.001113 0.998084 1.001113 1.000349 
6.797227 0.998554 1.001029 0.999595 1.001029 1.001845 1.002469 0.999595 1.002469 0.999439 
6.818771 0.998685 1.001222 1.000086 1.001222 1.004181 1.001893 1.000086 1.001893 1.000397 
6.840315 0.999256 1.001839 0.999966 1.001839 1.002537 1.002847 0.999966 1.002847 1.001630 
6.861860 0.999822 1.002116 1.000688 1.002116 1.001461 1.003561 1.000688 1.003561 1.002045 
6.883404 1.000283 1.002344 1.001333 1.002344 1.002326 1.003179 1.001333 1.003179 1.002953 
6.904948 1.000638 1.002564 1.001533 1.002564 1.003423 1.003102 1.001533 1.003102 1.003145 
6.926492 1.001166 1.002823 1.002029 1.002823 1.002646 1.003527 1.002029 1.003527 1.001716 
6.948037 1.001584 1.002570 1.002254 1.002570 1.002053 1.003043 1.002254 1.003043 1.003002 
6.969581 1.001433 1.002707 1.001905 1.002707 1.000749 1.002197 1.001905 1.002197 1.002952 
6.991125 1.002048 1.002518 1.002107 1.002518 1.000675 1.002535 1.002107 1.002535 1.004223 
7.012670 1.002213 1.002689 1.002881 1.002689 1.000153 1.002088 1.002881 1.002088 1.005321 
7.034214 1.002519 1.002270 1.002586 1.002270 1.000576 1.001539 1.002586 1.001539 1.002957 
7.055758 1.002542 1.001825 1.002241 1.001825 0.999617 1.001565 1.002241 1.001565 1.003343 
7.077302 1.002525 1.002119 1.002728 1.002119 0.999672 1.000891 1.002728 1.000891 1.003285 
7.098847 1.002406 1.001272 1.002860 1.001272 0.999624 1.000852 1.002860 1.000852 1.001948 
7.120391 1.002349 1.000941 1.002571 1.000941 0.998680 1.000042 1.002571 1.000042 1.003232 
7.141935 1.002250 1.000340 1.001826 1.000340 1.000356 1.000151 1.001826 1.000151 1.001678 
7.163480 1.002357 0.999653 1.001453 0.999653 0.998861 0.999807 1.001453 0.999807 1.000887 
7.185024 1.002211 0.999691 1.001423 0.999691 0.998186 0.999598 1.001423 0.999598 1.001708 
7.206568 1.001878 0.999380 1.000555 0.999380 0.998070 0.998460 1.000555 0.998460 1.000454 
7.228113 1.001284 0.999567 1.000668 0.999567 0.997948 0.998198 1.000668 0.998198 0.999651 
7.249657 1.000807 0.999463 1.000180 0.999463 0.998390 0.998389 1.000180 0.998389 1.000290 
7.271201 1.000868 0.998552 0.999581 0.998552 0.999973 0.998378 0.999581 0.998378 0.999631 
7.292746 1.000299 0.998225 0.999296 0.998225 0.997372 0.998490 0.999296 0.998490 1.000421 
7.314290 1.000065 0.998321 0.999409 0.998321 0.998663 0.998217 0.999409 0.998217 0.999412 
7.335834 0.999931 0.998207 0.998618 0.998207 0.998819 0.997778 0.998618 0.997778 0.999553 
7.357378 0.999345 0.998423 0.998979 0.998423 0.998041 0.997893 0.998979 0.997893 0.998342 
7.378923 0.999106 0.998505 0.998780 0.998505 0.997465 0.998106 0.998780 0.998106 0.998808 
7.400467 0.998884 0.998277 0.998102 0.998277 0.999691 0.998237 0.998102 0.998237 0.998427 
7.422011 0.999006 0.998155 0.998373 0.998155 0.998555 0.999001 0.998373 0.999001 0.997801 
7.443556 0.998585 0.998018 0.998351 0.998018 1.000551 0.998656 0.998351 0.998656 0.998046 
7.465100 0.998599 0.998454 0.998636 0.998454 0.999825 0.999199 0.998636 0.999199 0.998154 
7.486644 0.998085 0.998591 0.998469 0.998591 1.000530 0.998904 0.998469 0.998904 0.997709 
7.508188 0.998496 0.999220 0.998248 0.999220 1.000977 1.000283 0.998248 1.000283 0.999302 
7.529733 0.998449 0.999345 0.998407 0.999345 1.001794 0.999646 0.998407 0.999646 0.998599 
7.551277 0.998575 0.998805 0.998185 0.998805 1.000745 0.999996 0.998185 0.999996 0.998309 
7.572821 0.998406 0.999502 0.998293 0.999502 1.000894 1.000973 0.998293 1.000973 0.997905 
7.594366 0.998745 0.999768 0.998639 0.999768 1.000822 1.000981 0.998639 1.000981 0.999309 
7.615910 0.998717 1.000000 0.999199 1.000000 1.001226 1.000461 0.999199 1.000461 0.998893 
7.637455 0.998910 1.000519 0.999498 1.000519 1.000879 1.001546 0.999498 1.001546 1.000354 
7.658999 0.999196 1.000524 0.999618 1.000524 1.001999 1.001391 0.999618 1.001391 1.001519 
7.680543 0.999321 1.000878 0.999781 1.000878 1.000545 1.001688 0.999781 1.001688 1.001005 
7.702087 0.999965 1.000821 0.999995 1.000821 1.001735 1.000500 0.999995 1.000500 1.000084 
7.723632 1.000114 1.001052 1.000111 1.001052 1.002925 1.001030 1.000111 1.001030 1.000271 
7.745176 1.000147 1.001026 1.000362 1.001026 1.001840 1.001298 1.000362 1.001298 1.000939 
7.766720 1.000676 1.001025 1.000848 1.001025 1.000681 1.001310 1.000848 1.001310 1.002045 
7.788265 1.000373 1.001318 1.000887 1.001318 1.001910 1.001174 1.000887 1.001174 1.001338 
7.809809 1.000616 1.000883 1.000995 1.000883 1.000684 1.002012 1.000995 1.002012 1.001535 
7.831353 1.000950 1.001597 1.001223 1.001597 1.001023 1.000583 1.001223 1.000583 1.002304 
7.852897 1.001219 1.001556 1.001421 1.001556 1.000360 1.000904 1.001421 1.000904 1.001110 
7.874442 1.001248 1.001087 1.001284 1.001087 0.999393 1.001241 1.001284 1.001241 1.000978 
7.895986 1.001362 1.001259 1.001439 1.001259 0.999655 1.001482 1.001439 1.001482 1.001775 
7.917530 1.001332 1.001025 1.001739 1.001025 1.001505 1.001055 1.001739 1.001055 1.002282 
7.939075 1.001321 1.001303 1.001407 1.001303 1.000030 1.001504 1.001407 1.001504 1.000758 
7.960619 1.001173 1.000697 1.001193 1.000697 1.000140 0.998988 1.001193 0.998988 1.000560 
7.982163 1.001172 0.999971 1.001094 0.999971 0.998953 1.000368 1.001094 1.000368 1.001576 
8.003707 1.001238 1.000009 1.000837 1.000009 1.000772 1.000375 1.000837 1.000375 1.000809 
8.025252 1.000743 1.000313 1.000761 1.000313 0.999265 0.999511 1.000761 0.999511 1.001288 
8.046796 1.000959 1.000028 1.001103 1.000028 0.999077 0.999494 1.001103 0.999494 1.000018 
8.068340 1.001281 0.999966 1.000910 0.999966 0.999841 0.999636 1.000910 0.999636 1.001027 
8.089884 1.000465 0.999767 1.000485 0.999767 0.998655 0.998973 1.000485 0.998973 0.999830 
8.111429 1.000595 0.999493 1.000489 0.999493 0.998450 0.999349 1.000489 0.999349 0.999296 
8.132973 1.000365 0.998866 1.000059 0.998866 0.999479 0.998678 1.000059 0.998678 1.000563 
8.154518 1.000291 0.999451 0.999690 0.999451 0.999064 0.999061 0.999690 0.999061 0.999760 
8.176062 1.000053 0.999059 0.999647 0.999059 0.999223 0.999249 0.999647 0.999249 0.999224 
8.197606 1.000024 0.999310 0.999543 0.999310 1.000625 0.998524 0.999543 0.998524 0.998804 
8.219150 1.000014 0.999022 0.999273 0.999022 0.999340 0.998550 0.999273 0.998550 0.998798 
8.240695 0.999723 0.999307 0.999087 0.999307 0.999813 0.998926 0.999087 0.998926 0.998640 
8.262239 0.999624 0.999048 0.998957 0.999048 0.999766 0.999442 0.998957 0.999442 0.999771 
8.283783 0.999232 0.999382 0.998799 0.999382 0.999718 0.999207 0.998799 0.999207 1.000334 
8.305328 0.999463 0.998981 0.999233 0.998981 1.000357 0.999338 0.999233 0.999338 0.999794 
8.326872 0.999219 0.999009 0.999060 0.999009 1.000573 0.999801 0.999060 0.999801 0.999113 
8.348416 0.999410 0.999401 0.999193 0.999401 0.999652 1.000283 0.999193 1.000283 0.998630 
8.369960 0.999306 0.999455 0.999291 0.999455 1.000440 0.999764 0.999291 0.999764 1.000364 
8.391505 0.999098 0.999538 0.999450 0.999538 1.001185 0.999890 0.999450 0.999890 0.999541 
8.413049 0.999500 0.999813 0.999238 0.999813 1.001418 0.999978 0.999238 0.999978 0.998994 
8.434594 0.999290 0.999890 0.999359 0.999890 1.000924 1.000440 0.999359 1.000440 1.000206 
8.456138 0.999195 0.999858 0.999022 0.999858 1.001283 1.000006 0.999022 1.000006 0.999088 
8.477682 0.999244 0.999861 0.999605 0.999861 1.000744 1.000385 0.999605 1.000385 1.000046 
8.499226 0.999712 1.000107 0.999674 1.000107 1.000648 1.000634 0.999674 1.000634 0.999990 
8.520771 0.999566 1.000183 0.999452 1.000183 0.999742 1.000743 0.999452 1.000743 1.000280 
8.542315 0.999906 0.999991 1.000319 0.999991 1.000266 1.000745 1.000319 1.000745 1.000185 
8.563859 0.999688 1.000623 1.000081 1.000623 1.001837 1.000605 1.000081 1.000605 1.001036 
8.585404 0.999932 1.000524 1.000200 1.000524 1.000405 1.000412 1.000200 1.000412 1.001067 
8.606948 1.000254 1.000527 1.000577 1.000527 1.000566 1.001000 1.000577 1.001000 1.001115 
8.628492 1.000077 1.000716 1.000369 1.000716 1.000734 1.000875 1.000369 1.000875 1.000949 
8.650036 1.000287 1.000603 1.000086 1.000603 1.000269 1.001008 1.000086 1.001008 1.000399 
8.671581 1.000408 1.000702 1.000352 1.000702 1.000579 1.000139 1.000352 1.000139 1.000743 
8.693125 1.000683 1.000931 1.000686 1.000931 1.000676 1.000486 1.000686 1.000486 1.001316 
8.714670 1.000730 1.000386 1.000960 1.000386 1.000558 1.001389 1.000960 1.001389 1.001752 
8.736214 1.000868 1.000733 1.000464 1.000733 1.000993 1.000723 1.000464 1.000723 1.001590 
8.757758 1.000895 1.000287 1.000852 1.000287 1.000650 1.000685 1.000852 1.000685 1.002020 
8.779302 1.000636 1.000357 1.000638 1.000357 0.999688 1.000481 1.000638 1.000481 1.001442 
8.800847 1.000804 1.000275 1.000314 1.000275 1.000662 1.000251 1.000314 1.000251 1.001855 
8.822391 1.001016 1.000262 1.000427 1.000262 1.000138 0.999572 1.000427 0.999572 1.000263 
8.843935 1.000698 1.000448 1.000791 1.000448 1.000340 1.000589 1.000791 1.000589 1.001267 
8.865479 1.000898 1.000083 1.000185 1.000083 1.000017 0.999920 1.000185 0.999920 1.000787 
8.887023 1.000257 1.000187 1.000545 1.000187 1.000888 0.999979 1.000545 0.999979 1.000210 
8.908568 1.000758 0.999888 1.000333 0.999888 1.000724 0.999581 1.000333 0.999581 1.000043 
8.930112 1.000353 0.999958 1.000524 0.999958 0.999147 0.999743 1.000524 0.999743 1.001232 
8.951657 1.000484 0.999651 1.000095 0.999651 0.999651 0.999635 1.000095 0.999635 1.000063 
8.973201 1.000360 0.999826 0.999738 0.999826 0.999153 1.000111 0.999738 1.000111 1.000291 
8.994745 1.000277 0.999917 1.000349 0.999917 0.999072 0.999243 1.000349 0.999243 0.999939 
9.016289 0.999923 0.999633 1.000164 0.999633 1.000580 0.999681 1.000164 0.999681 0.999974 
9.037834 1.000109 0.999459 0.999566 0.999459 1.000017 0.999861 0.999566 0.999861 1.000444 
9.059378 0.999870 0.999565 0.999631 0.999565 0.999936 0.999681 0.999631 0.999681 0.999544 
9.080923 1.000045 0.999416 0.999799 0.999416 0.999974 0.999176 0.999799 0.999176 0.999764 
9.102467 0.999850 0.999697 0.999776 0.999697 0.999441 1.000250 0.999776 1.000250 1.000510 
9.124011 0.999896 0.999440 0.999705 0.999440 1.000303 0.999246 0.999705 0.999246 1.000142 
9.145555 0.999735 0.999768 0.999506 0.999768 1.000415 0.999650 0.999506 0.999650 1.000277 
9.167099 0.999729 0.999575 0.999619 0.999575 0.999695 0.999474 0.999619 0.999474 0.999357 
9.188644 0.999815 0.999532 0.999316 0.999532 1.000266 0.999807 0.999316 0.999807 0.998784 
9.210188 0.999860 0.999632 0.999660 0.999632 1.000561 1.000474 0.999660 1.000474 0.999975 
9.231733 0.999751 0.999919 0.999539 0.999919 0.999944 0.999730 0.999539 0.999730 0.999210 
9.253277 0.999853 0.999590 0.999599 0.999590 1.000367 0.999303 0.999599 0.999303 0.999958 
9.274821 0.999667 0.999810 0.999401 0.999810 1.000421 1.000567 0.999401 1.000567 0.998820 
9.296365 0.999841 0.999764 1.000121 0.999764 1.000868 1.000421 1.000121 1.000421 1.000325 
9.317910 0.999355 1.000101 0.999796 1.000101 0.999710 1.000069 0.999796 1.000069 1.000028 
9.339454 0.999633 1.000045 0.999441 1.000045 1.000585 0.999927 0.999441 0.999927 1.000292 
9.360999 0.999922 0.999944 1.000126 0.999944 0.999902 0.999528 1.000126 0.999528 1.000182 
9.382543 0.999865 1.000269 0.999656 1.000269 1.001239 1.000456 0.999656 1.000456 1.000706 
9.404087 0.999947 0.999915 0.999991 0.999915 1.000759 0.999856 0.999991 0.999856 0.999900 
9.425631 0.999858 1.000547 0.999933 1.000547 1.000472 1.000361 0.999933 1.000361 1.000378 
9.447176 1.000054 1.000095 0.999920 1.000095 1.000084 1.000508 0.999920 1.000508 1.000849 
9.468720 1.000059 1.000475 1.000201 1.000475 0.999986 1.000790 1.000201 1.000790 1.000379 
9.490264 1.000208 1.000380 1.000084 1.000380 0.999834 1.000945 1.000084 1.000945 1.000510 
9.511808 1.000325 1.000383 1.000508 1.000383 1.000477 1.001171 1.000508 1.001171 1.000660 
9.533352 1.000184 1.000466 1.000528 1.000466 1.000565 1.000608 1.000528 1.000608 1.000200 
9.554897 1.000282 1.000034 1.000262 1.000034 1.000034 1.000165 1.000262 1.000165 1.000927 
9.576441 1.000324 1.000330 1.000661 1.000330 1.001400 1.000686 1.000661 1.000686 1.000751 
9.597986 1.000326 1.000438 1.000219 1.000438 1.000167 0.999951 1.000219 0.999951 1.000706 
9.619530 1.000461 1.000281 1.000407 1.000281 0.999776 1.000099 1.000407 1.000099 1.001164 
9.641074 1.000514 1.000356 1.000205 1.000356 0.999616 1.000826 1.000205 1.000826 1.000684 
9.662618 1.000404 0.999883 1.000228 0.999883 1.000607 1.000368 1.000228 1.000368 1.000852 
9.684163 1.000446 1.000054 1.000433 1.000054 1.000056 1.000222 1.000433 1.000222 1.000095 
9.705707 1.000329 1.000065 1.000438 1.000065 0.999200 0.999894 1.000438 0.999894 0.999591 
9.727252 1.000547 0.999992 0.999971 0.999992 0.998823 1.000469 0.999971 1.000469 1.000526 
9.748796 1.000314 1.000120 1.000158 1.000120 1.000281 1.001104 1.000158 1.001104 1.000164 
9.770340 1.000683 1.000041 1.000189 1.000041 1.000501 0.999774 1.000189 0.999774 0.999810 
9.791884 1.000674 0.999899 1.000030 0.999899 1.000492 0.999612 1.000030 0.999612 1.000970 
9.813428 1.000282 0.999993 1.000128 0.999993 0.999834 1.000009 1.000128 1.000009 1.000577 
9.834973 1.000333 0.999887 1.000176 0.999887 1.000651 1.000386 1.000176 1.000386 0.999725 
9.856517 1.000062 0.999895 1.000226 0.999895 0.999673 0.999585 1.000226 0.999585 1.000752 
9.878062 1.000118 0.999708 1.000046 0.999708 0.999656 0.999405 1.000046 0.999405 1.000049 
9.899606 0.999938 0.999771 0.999713 0.999771 1.000527 1.000530 0.999713 1.000530 1.000352 
9.921150 0.999893 0.999774 0.999840 0.999774 1.000815 0.999676 0.999840 0.999676 0.999570 
9.942694 1.000100 0.999590 0.999351 0.999590 1.000549 0.999987 0.999351 0.999987 0.999778 
9.964239 0.999904 0.999744 1.000029 0.999744 0.999723 1.000029 1.000029 1.000029 1.000727 
9.985783 1.000295 0.999529 1.000323 0.999529 1.001295 1.000318 1.000323 1.000318 0.999756 
10.007328 1.000052 0.999938 0.999795 0.999938 0.999698 0.999060 0.999795 0.999060 1.001089 
10.028872 1.000057 0.999879 0.999744 0.999879 1.000826 0.999856 0.999744 0.999856 0.999517 
10.050416 0.999886 1.000090 1.000064 1.000090 1.000211 1.000142 1.000064 1.000142 0.999571 
10.071960 0.999714 0.999757 0.999916 0.999757 1.000082 0.999666 0.999916 0.999666 0.999823 
10.093504 0.999865 1.000113 0.999808 1.000113 1.000619 0.999329 0.999808 0.999329 0.999714 
10.115049 1.000073 0.999417 0.999701 0.999417 1.000292 0.999953 0.999701 0.999953 0.999784 
10.136593 0.999897 0.999957 0.999660 0.999957 1.000634 1.000248 0.999660 1.000248 1.000445 
10.158138 0.999873 0.999879 0.999980 0.999879 1.000870 1.000228 0.999980 1.000228 0.999118 
10.179682 0.999958 0.999936 0.999751 0.999936 1.000188 1.000182 0.999751 1.000182 1.000170 
10.201226 0.999530 1.000038 1.000167 1.000038 0.999768 1.000588 1.000167 1.000588 1.000542 
10.222770 0.999891 0.999851 0.999796 0.999851 1.000485 1.000207 0.999796 1.000207 0.999882 
10.244315 0.999905 0.999959 0.999592 0.999959 1.000970 1.000406 0.999592 1.000406 1.001127 
10.265859 0.999940 1.000179 0.999896 1.000179 0.999615 1.000787 0.999896 1.000787 0.999807 
10.287404 0.999966 1.000138 1.000044 1.000138 1.000043 1.000027 1.000044 1.000027 1.000480 
10.308948 1.000199 1.000142 1.000248 1.000142 1.000604 1.000938 1.000248 1.000938 1.000493 
10.330492 1.000191 1.000163 1.000368 1.000163 1.000623 1.000367 1.000368 1.000367 0.999682 
10.352036 1.000286 1.000140 0.999945 1.000140 1.000263 1.000117 0.999945 1.000117 1.000061 
10.373580 1.000223 1.000419 1.000315 1.000419 1.000556 0.999516 1.000315 0.999516 1.000764 
10.395125 1.000111 1.000044 1.000105 1.000044 1.000227 1.000724 1.000105 1.000724 1.000378 
10.416669 1.000171 0.999911 1.000115 0.999911 0.999537 1.000261 1.000115 1.000261 1.000601 
10.438213 1.000315 1.000075 1.000253 1.000075 0.999825 0.999620 1.000253 0.999620 1.000920 
10.459757 1.000221 1.000364 1.000011 1.000364 1.000243 1.000577 1.000011 1.000577 1.001547 
10.481302 1.000290 1.000101 0.999859 1.000101 1.000445 0.999819 0.999859 0.999819 1.000698 
10.502846 1.000398 1.000320 1.000123 1.000320 0.999049 1.000511 1.000123 1.000511 1.000251 
10.524391 1.000097 1.000117 1.000388 1.000117 1.000334 0.999860 1.000388 0.999860 1.001052 
10.545935 1.000230 1.000096 1.000478 1.000096 1.000399 0.999952 1.000478 0.999952 1.000427 
10.567479 1.000381 1.000182 1.000141 1.000182 1.000157 1.000130 1.000141 1.000130 1.000422 
10.589023 1.000300 0.999745 1.000051 0.999745 0.999785 0.999864 1.000051 0.999864 1.000525 
10.610568 1.000330 0.999954 0.999981 0.999954 0.999828 1.000668 0.999981 1.000668 0.999138 
10.632112 1.000328 1.000267 1.000240 1.000267 1.000661 1.000417 1.000240 1.000417 1.000571 
10.653656 1.000305 1.000016 1.000096 1.000016 1.000286 1.000009 1.000096 1.000009 1.000353 
10.675201 1.000123 0.999913 0.999872 0.999913 0.999192 1.000482 0.999872 1.000482 1.000326 
10.696745 1.000171 1.000248 1.000126 1.000248 0.999733 1.000268 1.000126 1.000268 1.000143 
10.718289 1.000189 1.000174 0.999876 1.000174 0.998817 1.000457 0.999876 1.000457 1.000278 
10.739833 1.000081 1.000070 0.999922 1.000070 0.999669 0.999847 0.999922 0.999847 0.999800 
10.761378 1.000096 0.999925 1.000110 0.999925 0.999287 0.999772 1.000110 0.999772 1.000235 
10.782922 0.997197 0.997084 0.997067 0.997084 0.997059 0.996906 0.997067 0.996906 0.997347 
10.804467 0.991036 0.990841 0.991268 0.990841 0.991478 0.991043 0.991268 0.991043 0.991189 
10.826011 0.985091 0.984939 0.984944 0.984939 0.984890 0.984663 0.984944 0.984663 0.984581 
10.847555 0.979239 0.978778 0.979249 0.978778 0.979831 0.978939 0.979249 0.978939 0.979371 
10.869099 0.973249 0.973177 0.973314 0.973177 0.973508 0.973403 0.973314 0.973403 0.973097 
10.890644 0.967386 0.967255 0.967369 0.967255 0.968372 0.967644 0.967369 0.967644 0.967827 
10.912188 0.961485 0.961261 0.961288 0.961261 0.961173 0.961969 0.961288 0.961969 0.962092 
10.933733 0.955708 0.955545 0.955635 0.955545 0.955748 0.955797 0.955635 0.955797 0.955928 
10.955276 0.949875 0.949828 0.949933 0.949828 0.949706 0.950059 0.949933 0.950059 0.950157 
10.976820 0.944151 0.943789 0.943913 0.943789 0.945170 0.943350 0.943913 0.943350 0.943537 
10.998365 0.938194 0.938159 0.938186 0.938159 0.938214 0.938194 0.938186 0.938194 0.938135 
11.019909 0.932629 0.932406 0.932408 0.932406 0.932318 0.933155 0.932408 0.933155 0.932272 
11.041454 0.926774 0.926650 0.926495 0.926650 0.927215 0.927411 0.926495 0.927411 0.926112 
11.062998 0.921252 0.921115 0.921104 0.921115 0.921022 0.921342 0.921104 0.921342 0.920786 
11.084543 0.915345 0.915501 0.915472 0.915501 0.915758 0.915738 0.915472 0.915738 0.915170 
11.106087 0.909886 0.909814 0.909832 0.909814 0.910276 0.909975 0.909832 0.909975 0.910649 
11.127631 0.904042 0.904181 0.904243 0.904181 0.905057 0.904329 0.904243 0.904329 0.903959 
11.149175 0.898731 0.898566 0.898825 0.898566 0.898485 0.898370 0.898825 0.898370 0.899119 
11.170720 0.893152 0.892731 0.893076 0.892731 0.893364 0.893470 0.893076 0.893470 0.893144 
11.192264 0.887641 0.887560 0.887278 0.887560 0.887402 0.887222 0.887278 0.887222 0.887732 
11.213809 0.881956 0.881956 0.881728 0.881956 0.881638 0.882068 0.881728 0.882068 0.883424 
11.235353 0.876523 0.876232 0.876302 0.876232 0.876568 0.876547 0.876302 0.876547 0.876899 
11.256896 0.870784 0.870827 0.870750 0.870827 0.871666 0.871287 0.870750 0.871287 0.871365 
11.278441 0.865261 0.865594 0.865605 0.865594 0.864874 0.865713 0.865605 0.865713 0.865235 
11.299985 0.860031 0.859862 0.859869 0.859862 0.860193 0.859843 0.859869 0.859843 0.860340 
11.321530 0.854601 0.854548 0.854401 0.854548 0.854560 0.854798 0.854401 0.854798 0.854430 
11.343074 0.849094 0.849068 0.848997 0.849068 0.848045 0.848913 0.848997 0.848913 0.849960 
11.364618 0.843730 0.843647 0.843799 0.843647 0.843288 0.844130 0.843799 0.844130 0.844270 
11.386162 0.838420 0.838482 0.838305 0.838482 0.838317 0.838771 0.838305 0.838771 0.838319 
11.407707 0.833013 0.832907 0.832929 0.832907 0.832791 0.833186 0.832929 0.833186 0.832713 
11.429251 0.827673 0.827569 0.827643 0.827569 0.828262 0.827574 0.827643 0.827574 0.828139 
11.450796 0.822228 0.822154 0.822176 0.822154 0.822620 0.822039 0.822176 0.822039 0.822416 
11.472340 0.817105 0.816788 0.816968 0.816788 0.816589 0.817108 0.816968 0.817108 0.817339 
11.493884 0.811779 0.811676 0.811753 0.811676 0.812434 0.811968 0.811753 0.811968 0.812192 
11.515428 0.806672 0.806458 0.806311 0.806458 0.806364 0.806565 0.806311 0.806565 0.806464 
11.536973 0.801414 0.801075 0.801060 0.801075 0.801046 0.801688 0.801060 0.801688 0.801477 
11.558517 0.796275 0.795999 0.795725 0.795999 0.796438 0.795776 0.795725 0.795776 0.795677 
11.580061 0.790786 0.790686 0.790810 0.790686 0.790920 0.790834 0.790810 0.790834 0.790677 
11.601606 0.785670 0.785398 0.785611 0.785398 0.785737 0.785485 0.785611 0.785485 0.786299 
11.623150 0.780465 0.780482 0.780193 0.780482 0.780432 0.780496 0.780193 0.780496 0.780265 
11.644694 0.775268 0.775054 0.775388 0.775054 0.775155 0.775410 0.775388 0.775410 0.775476 
11.666238 0.770058 0.770123 0.770155 0.770123 0.770293 0.769998 0.770155 0.769998 0.770320 
11.687783 0.765221 0.765020 0.764893 0.765020 0.765309 0.764952 0.764893 0.764952 0.765022 
11.709327 0.759809 0.759918 0.760118 0.759918 0.760063 0.759445 0.760118 0.759445 0.760788 
11.730872 0.754819 0.754939 0.754921 0.754939 0.755071 0.754685 0.754921 0.754685 0.754870 
11.752416 0.749892 0.749467 0.749611 0.749467 0.750158 0.749774 0.749611 0.749774 0.749955 
11.773960 0.744686 0.744754 0.744787 0.744754 0.745318 0.744736 0.744787 0.744736 0.744986 
11.795504 0.739739 0.739586 0.739970 0.739586 0.740029 0.739491 0.739970 0.739491 0.740218 
11.817049 0.734611 0.734553 0.734639 0.734553 0.734640 0.734795 0.734639 0.734795 0.734999 
11.838593 0.729813 0.729762 0.729709 0.729762 0.730161 0.730241 0.729709 0.730241 0.729841 
11.860137 0.724837 0.724468 0.724729 0.724468 0.724949 0.724278 0.724729 0.724278 0.725272 
11.881681 0.719977 0.719961 0.719621 0.719961 0.719971 0.720183 0.719621 0.720183 0.719945 
11.903225 0.714986 0.715070 0.714986 0.715070 0.714695 0.714999 0.714986 0.714999 0.715080 
11.924770 0.710069 0.709888 0.709906 0.709888 0.709665 0.710081 0.709906 0.710081 0.710095 
11.946314 0.705109 0.705162 0.705160 0.705162 0.705138 0.705491 0.705160 0.705491 0.705137 
11.967859 0.700400 0.700187 0.700138 0.700187 0.700619 0.700439 0.700138 0.700439 0.700523 
11.989403 0.695252 0.695523 0.695483 0.695523 0.695549 0.695684 0.695483 0.695684 0.695400 
12.010947 0.690537 0.690684 0.690537 0.690684 0.690665 0.690380 0.690537 0.690380 0.690132 
12.032491 0.685823 0.685728 0.685797 0.685728 0.685560 0.685654 0.685797 0.685654 0.685890 
12.054036 0.680978 0.680964 0.680959 0.680964 0.681134 0.681378 0.680959 0.681378 0.681103 
12.075580 0.676303 0.676248 0.676112 0.676248 0.676201 0.676424 0.676112 0.676424 0.676785 
12.097125 0.671552 0.671423 0.671610 0.671423 0.671026 0.671983 0.671610 0.671983 0.671883 
12.118669 0.666912 0.666704 0.666786 0.666704 0.666899 0.667154 0.666786 0.667154 0.666510 
12.140213 0.662112 0.661909 0.662061 0.661909 0.661596 0.662291 0.662061 0.662291 0.662545 
12.161757 0.657370 0.657156 0.657162 0.657156 0.657326 0.657463 0.657162 0.657463 0.657017 
12.183301 0.652611 0.652535 0.652627 0.652535 0.652571 0.652397 0.652627 0.652397 0.652225 
12.204846 0.647843 0.647789 0.647981 0.647789 0.647924 0.647754 0.647981 0.647754 0.647996 
12.226390 0.643248 0.643238 0.643269 0.643238 0.643515 0.643119 0.643269 0.643119 0.643267 
12.247935 0.638700 0.638453 0.638397 0.638453 0.638541 0.638138 0.638397 0.638138 0.638666 
12.269479 0.634079 0.634054 0.633924 0.634054 0.633825 0.634437 0.633924 0.634437 0.634330 
12.291023 0.629432 0.629195 0.629145 0.629195 0.628824 0.629199 0.629145 0.629199 0.629672 
12.312567 0.624690 0.624678 0.624838 0.624678 0.624701 0.624862 0.624838 0.624862 0.624909 
12.334112 0.620177 0.620063 0.620239 0.620063 0.620393 0.620558 0.620239 0.620558 0.620074 
12.355656 0.615633 0.615641 0.615591 0.615641 0.615155 0.615236 0.615591 0.615236 0.615830 
12.377201 0.610902 0.611043 0.610989 0.611043 0.611260 0.611080 0.610989 0.611080 0.611062 
12.398745 0.606525 0.606285 0.606448 0.606285 0.606037 0.606665 0.606448 0.606665 0.606378 
12.420289 0.602069 0.602037 0.601959 0.602037 0.602181 0.601753 0.601959 0.601753 0.601960 
12.441833 0.597460 0.597413 0.597459 0.597413 0.597311 0.597418 0.597459 0.597418 0.597615 
12.463377 0.592946 0.592967 0.592917 0.592967 0.592889 0.593128 0.592917 0.593128 0.592837 
12.484922 0.588541 0.588491 0.588370 0.588491 0.589126 0.588883 0.588370 0.588883 0.588427 
12.506466 0.584051 0.583933 0.583881 0.583933 0.584277 0.584026 0.583881 0.584026 0.583437 
12.528011 0.579587 0.579486 0.579617 0.579486 0.579418 0.579679 0.579617 0.579679 0.579790 
12.549555 0.575362 0.575206 0.575163 0.575206 0.575406 0.575178 0.575163 0.575178 0.575596 
12.571099 0.570867 0.570661 0.570809 0.570661 0.570991 0.570930 0.570809 0.570930 0.571035 
12.592643 0.566337 0.566395 0.566107 0.566395 0.566936 0.566217 0.566107 0.566217 0.566293 
12.614188 0.562015 0.561645 0.561840 0.561645 0.562336 0.562097 0.561840 0.562097 0.561864 
12.635732 0.557520 0.557572 0.557563 0.557572 0.557852 0.557699 0.557563 0.557699 0.558293 
12.657277 0.553381 0.553260 0.552938 0.553260 0.553581 0.552978 0.552938 0.552978 0.553393 
12.678821 0.548894 0.548830 0.548831 0.548830 0.548753 0.549471 0.548831 0.549471 0.548981 
12.700365 0.544447 0.544271 0.544699 0.544271 0.544542 0.544546 0.544699 0.544546 0.545113 
12.721909 0.540304 0.540125 0.540065 0.540125 0.540207 0.540063 0.540065 0.540063 0.540412 
12.743454 0.536090 0.536084 0.535896 0.536084 0.536189 0.535667 0.535896 0.535667 0.535706 
12.764998 0.531584 0.531632 0.531649 0.531632 0.531636 0.531399 0.531649 0.531399 0.532310 
12.786542 0.527484 0.527272 0.527320 0.527272 0.527356 0.527616 0.527320 0.527616 0.527267 
12.808086 0.523158 0.523179 0.522938 0.523179 0.523527 0.523058 0.522938 0.523058 0.523899 
12.829630 0.518897 0.518908 0.519004 0.518908 0.518938 0.519252 0.519004 0.519252 0.518909 
12.851175 0.514646 0.514654 0.514650 0.514654 0.515092 0.514675 0.514650 0.514675 0.515144 
12.872719 0.510466 0.510520 0.510465 0.510520 0.510675 0.509981 0.510465 0.509981 0.510583 
12.894264 0.506346 0.506178 0.506117 0.506178 0.506263 0.506358 0.506117 0.506358 0.506780 
12.915808 0.502039 0.502078 0.502129 0.502078 0.502474 0.501739 0.502129 0.501739 0.502242 
12.937352 0.497924 0.497883 0.497974 0.497883 0.497754 0.498120 0.497974 0.498120 0.498034 
12.958896 0.493763 0.493718 0.493885 0.493718 0.494044 0.493703 0.493885 0.493703 0.493985 
12.980441 0.489765 0.489702 0.489654 0.489702 0.489534 0.489762 0.489654 0.489762 0.489753 
13.001985 0.485420 0.485620 0.485611 0.485620 0.485504 0.485613 0.485611 0.485613 0.485054 
13.023530 0.481501 0.481557 0.481392 0.481557 0.481342 0.481333 0.481392 0.481333 0.481290 
13.045074 0.477439 0.477137 0.477368 0.477137 0.477462 0.477260 0.477368 0.477260 0.477875 
13.066618 0.473232 0.473172 0.473305 0.473172 0.472755 0.473313 0.473305 0.473313 0.473486 
13.088162 0.469242 0.469229 0.469356 0.469229 0.469497 0.469125 0.469356 0.469125 0.469182 
13.109706 0.465116 0.465070 0.465250 0.465070 0.465382 0.464992 0.465250 0.464992 0.464814 
13.131251 0.461127 0.461190 0.461045 0.461190 0.461217 0.461067 0.461045 0.461067 0.461543 
13.152795 0.457108 0.456954 0.457060 0.456954 0.457166 0.456883 0.457060 0.456883 0.456856 
13.174340 0.453022 0.452970 0.453073 0.452970 0.453070 0.452884 0.453073 0.452884 0.453235 
13.195884 0.449064 0.448947 0.449008 0.448947 0.449086 0.448885 0.449008 0.448885 0.449169 
13.217428 0.445015 0.444866 0.444845 0.444866 0.444823 0.444819 0.444845 0.444819 0.445552 
13.238972 0.441017 0.441062 0.441022 0.441062 0.441520 0.441076 0.441022 0.441076 0.441279 
13.260517 0.437200 0.437035 0.436921 0.437035 0.436824 0.437051 0.436921 0.437051 0.437319 
13.282061 0.433229 0.433180 0.433063 0.433180 0.433270 0.433102 0.433063 0.433102 0.433952 
13.303606 0.429165 0.429153 0.429009 0.429153 0.429298 0.429010 0.429009 0.429010 0.429190 
13.325150 0.425356 0.425196 0.425206 0.425196 0.425451 0.425330 0.425206 0.425330 0.425146 
13.346694 0.421511 0.421474 0.421188 0.421474 0.421348 0.421456 0.421188 0.421456 0.421060 
13.368238 0.417483 0.417424 0.417430 0.417424 0.417623 0.417215 0.417430 0.417215 0.417302 
13.389782 0.413509 0.413465 0.413516 0.413465 0.413885 0.413501 0.413516 0.413501 0.413782 
13.411327 0.409684 0.409901 0.409819 0.409901 0.409677 0.409621 0.409819 0.409621 0.409768 
13.432871 0.405766 0.405793 0.405789 0.405793 0.405060 0.406024 0.405789 0.406024 0.406012 
13.454415 0.401948 0.401983 0.401999 0.401983 0.402203 0.401622 0.401999 0.401622 0.402132 
13.475959 0.398037 0.398130 0.398054 0.398130 0.398472 0.398066 0.398054 0.398066 0.398139 
13.497504 0.394266 0.394128 0.394211 0.394128 0.394153 0.394230 0.394211 0.394230 0.394451 
13.519048 0.390477 0.390458 0.390285 0.390458 0.390864 0.390500 0.390285 0.390500 0.391142 
13.540593 0.386576 0.386542 0.386673 0.386542 0.386687 0.386849 0.386673 0.386849 0.386528 
13.562137 0.382813 0.382923 0.382838 0.382923 0.382726 0.382969 0.382838 0.382969 0.383146 
13.583681 0.379164 0.379022 0.379161 0.379022 0.379423 0.379155 0.379161 0.379155 0.379151 
13.605225 0.375363 0.375424 0.375256 0.375424 0.375436 0.375298 0.375256 0.375298 0.375610 
13.626770 0.371590 0.371495 0.371434 0.371495 0.372044 0.371784 0.371434 0.371784 0.371283 
13.648314 0.367856 0.367752 0.367837 0.367752 0.368211 0.367856 0.367837 0.367856 0.367805 
13.669858 0.364149 0.364140 0.364191 0.364140 0.364226 0.364186 0.364191 0.364186 0.364198 
13.691403 0.360412 0.360307 0.360353 0.360307 0.360508 0.360277 0.360353 0.360277 0.360719 
13.712947 0.356712 0.356566 0.356534 0.356566 0.357205 0.356699 0.356534 0.356699 0.356853 
13.734491 0.352930 0.352875 0.352934 0.352875 0.353110 0.352814 0.352934 0.352814 0.352990 
13.756035 0.349282 0.349314 0.349191 0.349314 0.349363 0.349058 0.349191 0.349058 0.349617 
13.777580 0.345650 0.345361 0.345656 0.345361 0.345431 0.345788 0.345656 0.345788 0.345627 
13.799124 0.341898 0.341830 0.341962 0.341830 0.341992 0.341700 0.341962 0.341700 0.341783 
13.820669 0.338235 0.338236 0.338347 0.338236 0.338694 0.338500 0.338347 0.338500 0.338103 
13.842213 0.334819 0.334494 0.334715 0.334494 0.334547 0.334534 0.334715 0.334534 0.335082 
13.863757 0.331000 0.331044 0.330961 0.331044 0.330743 0.330990 0.330961 0.330990 0.331369 
13.885301 0.327405 0.327391 0.327363 0.327391 0.327693 0.327665 0.327363 0.327665 0.327095 
13.906846 0.323775 0.323769 0.323680 0.323769 0.323398 0.323849 0.323680 0.323849 0.323810 
13.928390 0.320309 0.320259 0.320253 0.320259 0.320242 0.320179 0.320253 0.320179 0.319983 
13.949934 0.316635 0.316622 0.316631 0.316622 0.316118 0.316678 0.316631 0.316678 0.316790 
13.971479 0.313025 0.312969 0.312942 0.312969 0.313210 0.313042 0.312942 0.313042 0.313352 
13.993023 0.309558 0.309390 0.309573 0.309390 0.309677 0.309490 0.309573 0.309490 0.309323 
14.014567 0.305925 0.305880 0.306059 0.305880 0.305794 0.305879 0.306059 0.305879 0.305968 
14.036111 0.302350 0.302432 0.302364 0.302432 0.302466 0.302510 0.302364 0.302510 0.302275 
14.057656 0.298938 0.298879 0.298856 0.298879 0.299109 0.298923 0.298856 0.298923 0.299170 
14.079200 0.295375 0.295249 0.295449 0.295249 0.295305 0.295358 0.295449 0.295358 0.295365 
14.100745 0.291878 0.291789 0.291865 0.291789 0.291662 0.291789 0.291865 0.291789 0.291695 
14.122289 0.288398 0.288438 0.288384 0.288438 0.288177 0.288344 0.288384 0.288344 0.288481 
14.143833 0.284911 0.284904 0.284959 0.284904 0.284993 0.284834 0.284959 0.284834 0.284898 
14.165377 0.281367 0.281396 0.281303 0.281396 0.281262 0.281399 0.281303 0.281399 0.281368 
14.186922 0.277977 0.278036 0.277769 0.278036 0.278036 0.278157 0.277769 0.278157 0.277964 
14.208466 0.274461 0.274451 0.274448 0.274451 0.274380 0.274380 0.274448 0.274380 0.274449 
14.230011 0.270968 0.271000 0.270999 0.271000 0.270945 0.271086 0.270999 0.271086 0.271058 
14.251554 0.267645 0.267529 0.267520 0.267529 0.268034 0.267663 0.267520 0.267663 0.267772 
14.273098 0.264163 0.264160 0.264127 0.264160 0.264194 0.264308 0.264127 0.264308 0.264375 
14.294643 0.260709 0.260707 0.260728 0.260707 0.261142 0.260761 0.260728 0.260761 0.260867 
14.316187 0.257434 0.257235 0.257283 0.257235 0.257409 0.257541 0.257283 0.257541 0.257557 
14.337732 0.254016 0.253979 0.253905 0.253979 0.254155 0.253867 0.253905 0.253867 0.254176 
14.359276 0.250576 0.250572 0.250576 0.250572 0.250687 0.250616 0.250576 0.250616 0.250769 
14.380820 0.247238 0.247247 0.247245 0.247247 0.247146 0.247143 0.247245 0.247143 0.247666 
14.402364 0.243850 0.243915 0.243822 0.243915 0.243643 0.243846 0.243822 0.243846 0.243914 
14.423909 0.240592 0.240488 0.240514 0.240488 0.240344 0.240392 0.240514 0.240392 0.240432 
14.445453 0.237190 0.237213 0.237146 0.237213 0.237418 0.237067 0.237146 0.237067 0.237059 
14.466998 0.233819 0.233810 0.233730 0.233810 0.234135 0.233761 0.233730 0.233761 0.233752 
14.488542 0.230503 0.230561 0.230414 0.230561 0.230587 0.230564 0.230414 0.230564 0.230735 
14.510086 0.227213 0.227162 0.227114 0.227162 0.227379 0.227143 0.227114 0.227143 0.227109 
14.531630 0.223856 0.223985 0.223869 0.223985 0.223776 0.224083 0.223869 0.224083 0.223933 
14.553174 0.220623 0.220554 0.220590 0.220554 0.220868 0.220443 0.220590 0.220443 0.220458 
14.574719 0.217294 0.217294 0.217336 0.217294 0.217392 0.217312 0.217336 0.217312 0.217305 
14.596263 0.214018 0.213989 0.213996 0.213989 0.214018 0.214104 0.213996 0.214104 0.214507 
14.617808 0.210801 0.210724 0.210837 0.210724 0.210944 0.210629 0.210837 0.210629 0.210948 
14.639352 0.207492 0.207370 0.207693 0.207370 0.207426 0.207608 0.207693 0.207608 0.207744 
14.660896 0.204270 0.204225 0.204178 0.204225 0.204181 0.204291 0.204178 0.204291 0.204315 
14.682440 0.201053 0.201017 0.201030 0.201017 0.201221 0.200928 0.201030 0.200928 0.200797 
14.703985 0.197782 0.197771 0.197754 0.197771 0.197811 0.197913 0.197754 0.197913 0.197989 
14.725529 0.194612 0.194460 0.194528 0.194460 0.194681 0.194636 0.194528 0.194636 0.194687 
14.747074 0.191404 0.191350 0.191365 0.191350 0.191840 0.191368 0.191365 0.191368 0.191275 
14.768618 0.188216 0.188233 0.188121 0.188233 0.188232 0.188142 0.188121 0.188142 0.188594 
14.790162 0.185014 0.184992 0.184988 0.184992 0.185013 0.184915 0.184988 0.184915 0.185211 
14.811706 0.181847 0.181859 0.181907 0.181859 0.181615 0.181723 0.181907 0.181723 0.181873 
14.833251 0.178718 0.178596 0.178585 0.178596 0.178843 0.178642 0.178585 0.178642 0.178533 
14.854795 0.175483 0.175475 0.175484 0.175475 0.175341 0.175573 0.175484 0.175573 0.175530 
14.876339 0.172366 0.172342 0.172508 0.172342 0.172326 0.172299 0.172508 0.172299 0.172385 
14.897883 0.169261 0.169237 0.169124 0.169237 0.169151 0.169070 0.169124 0.169070 0.169133 
14.919427 0.166046 0.166026 0.166046 0.166026 0.166210 0.166158 0.166046 0.166158 0.165946 
14.940972 0.162967 0.162945 0.162950 0.162945 0.162904 0.163046 0.162950 0.163046 0.162899 
14.962516 0.159824 0.159841 0.159773 0.159841 0.160015 0.159989 0.159773 0.159989 0.159942 
14.984061 0.156703 0.156703 0.156667 0.156703 0.156677 0.156828 0.156667 0.156828 0.156920 
15.005605 0.153710 0.153691 0.153588 0.153691 0.153770 0.153699 0.153588 0.153699 0.153641 
15.027149 0.150518 0.150618 0.150648 0.150618 0.150536 0.150475 0.150648 0.150475 0.150708 
15.048693 0.147504 0.147472 0.147467 0.147472 0.147477 0.147545 0.147467 0.147545 0.147491 
15.070238 0.144426 0.144391 0.144361 0.144391 0.144331 0.144351 0.144361 0.144351 0.144545 
15.091782 0.141337 0.141324 0.141419 0.141324 0.141499 0.141262 0.141419 0.141262 0.141458 
15.113327 0.138293 0.138232 0.138311 0.138232 0.138467 0.138196 0.138311 0.138196 0.138144 
15.134871 0.135227 0.135221 0.135266 0.135221 0.135186 0.135342 0.135266 0.135342 0.135254 
15.156415 0.132204 0.132206 0.132176 0.132206 0.132237 0.132373 0.132176 0.132373 0.132274 
15.177959 0.129153 0.129228 0.129193 0.129228 0.129271 0.129111 0.129193 0.129111 0.129345 
15.199503 0.126152 0.126198 0.126227 0.126198 0.126155 0.126128 0.126227 0.126128 0.125998 
15.221048 0.123162 0.123155 0.123093 0.123155 0.123278 0.123120 0.123093 0.123120 0.123188 
15.242592 0.120230 0.120232 0.120125 0.120232 0.120010 0.120189 0.120125 0.120189 0.120334 
15.264137 0.117491 0.117394 0.117444 0.117394 0.117610 0.117525 0.117444 0.117525 0.117549 
15.285681 0.114878 0.114863 0.114911 0.114863 0.114883 0.114832 0.114911 0.114832 0.114864 
15.307225 0.112376 0.112434 0.112396 0.112434 0.112249 0.112271 0.112396 0.112271 0.112386 
15.328769 0.109999 0.109908 0.109934 0.109908 0.110020 0.110096 0.109934 0.110096 0.109974 
15.350314 0.107674 0.107543 0.107600 0.107543 0.107688 0.107570 0.107600 0.107570 0.107496 
15.371858 0.105378 0.105388 0.105353 0.105388 0.105402 0.105203 0.105353 0.105203 0.105537 
15.393403 0.103172 0.103162 0.103129 0.103162 0.102948 0.103081 0.103129 0.103081 0.103188 
15.414947 0.100986 0.101051 0.100958 0.101051 0.101214 0.101031 0.100958 0.101031 0.101080 
15.436491 0.098942 0.098908 0.098970 0.098908 0.098934 0.098927 0.098970 0.098927 0.098884 
15.458035 0.096818 0.096929 0.096830 0.096929 0.096774 0.096802 0.096830 0.096802 0.097045 
15.479579 0.094860 0.094787 0.094831 0.094787 0.095019 0.094861 0.094831 0.094861 0.094859 
15.501124 0.092904 0.092829 0.092866 0.092829 0.092919 0.092838 0.092866 0.092838 0.092861 
15.522668 0.091006 0.090931 0.090946 0.090931 0.091130 0.090838 0.090946 0.090838 0.090991 
15.544213 0.089051 0.089114 0.089133 0.089114 0.089046 0.089023 0.089133 0.089023 0.089234 
15.565757 0.087231 0.087245 0.087325 0.087245 0.087314 0.087196 0.087325 0.087196 0.087383 
15.587301 0.085474 0.085423 0.085423 0.085423 0.085319 0.085408 0.085423 0.085408 0.085327 
15.608845 0.083714 0.083664 0.083697 0.083664 0.083551 0.083662 0.083697 0.083662 0.083533 
15.630390 0.081935 0.082004 0.081889 0.082004 0.081840 0.081969 0.081889 0.081969 0.082152 
15.651934 0.080271 0.080299 0.080267 0.080299 0.080385 0.080277 0.080267 0.080277 0.080308 
15.673479 0.078604 0.078574 0.078603 0.078574 0.078669 0.078534 0.078603 0.078534 0.078566 
15.695023 0.076975 0.076964 0.077049 0.076964 0.077077 0.076902 0.077049 0.076902 0.076780 
15.716567 0.075384 0.075381 0.075381 0.075381 0.075520 0.075387 0.075381 0.075387 0.075427 
15.738111 0.073830 0.073799 0.073793 0.073799 0.073774 0.073824 0.073793 0.073824 0.073995 
15.759655 0.072230 0.072233 0.072290 0.072233 0.072306 0.072283 0.072290 0.072283 0.072319 
15.781200 0.070760 0.070717 0.070734 0.070717 0.070858 0.070726 0.070734 0.070726 0.070820 
15.802744 0.069274 0.069282 0.069253 0.069282 0.069311 0.069248 0.069253 0.069248 0.069280 
15.824288 0.067823 0.067865 0.067819 0.067865 0.068020 0.067859 0.067819 0.067859 0.067925 
15.845832 0.066438 0.066380 0.066335 0.066380 0.066416 0.066396 0.066335 0.066396 0.066261 
15.867377 0.065020 0.065005 0.065043 0.065005 0.064877 0.064987 0.065043 0.064987 0.065088 
15.888921 0.063632 0.063616 0.063652 0.063616 0.063503 0.063625 0.063652 0.063625 0.063603 
15.910466 0.062230 0.062278 0.062268 0.062278 0.062285 0.062355 0.062268 0.062355 0.062400 
15.932010 0.060936 0.060927 0.060929 0.060927 0.061076 0.060937 0.060929 0.060937 0.060978 
15.953554 0.059611 0.059621 0.059630 0.059621 0.059764 0.059646 0.059630 0.059646 0.059609 
15.975098 0.058330 0.058311 0.058307 0.058311 0.058343 0.058395 0.058307 0.058395 0.058346 
15.996643 0.057093 0.057081 0.057068 0.057081 0.057040 0.057069 0.057068 0.057069 0.057111 
16.018188 0.055851 0.055867 0.055849 0.055867 0.055787 0.055800 0.055849 0.055800 0.055783 
16.039731 0.054648 0.054654 0.054681 0.054654 0.054726 0.054644 0.054681 0.054644 0.054734 
16.061275 0.053443 0.053444 0.053410 0.053444 0.053348 0.053435 0.053410 0.053435 0.053557 
16.082820 0.052264 0.052296 0.052295 0.052296 0.052110 0.052200 0.052295 0.052200 0.052354 
16.104364 0.051144 0.051127 0.051150 0.051127 0.051175 0.051127 0.051150 0.051127 0.051201 
16.125909 0.050017 0.050033 0.049978 0.050033 0.050063 0.050001 0.049978 0.050001 0.049866 
16.147452 0.048884 0.048857 0.048876 0.048857 0.048934 0.048924 0.048876 0.048924 0.048833 
16.168997 0.047805 0.047752 0.047780 0.047752 0.047724 0.047788 0.047780 0.047788 0.047883 
16.190541 0.046729 0.046714 0.046728 0.046714 0.046711 0.046637 0.046728 0.046637 0.046848 
16.212086 0.045666 0.045654 0.045650 0.045654 0.045549 0.045584 0.045650 0.045584 0.045679 
16.233630 0.044608 0.044599 0.044590 0.044599 0.044707 0.044646 0.044590 0.044646 0.044778 
16.255175 0.043622 0.043631 0.043547 0.043631 0.043520 0.043588 0.043547 0.043588 0.043561 
16.276719 0.042594 0.042606 0.042561 0.042606 0.042697 0.042700 0.042561 0.042700 0.042531 
16.298263 0.041619 0.041584 0.041616 0.041584 0.041582 0.041622 0.041616 0.041622 0.041645 
16.319807 0.040686 0.040614 0.040615 0.040614 0.040673 0.040745 0.040615 0.040745 0.040635 
16.341352 0.039748 0.039723 0.039707 0.039723 0.039708 0.039697 0.039707 0.039697 0.039861 
16.362896 0.038773 0.038798 0.038769 0.038798 0.038771 0.038759 0.038769 0.038759 0.038803 
16.384440 0.037842 0.037874 0.037852 0.037874 0.037774 0.037870 0.037852 0.037870 0.037874 
16.405984 0.036963 0.036927 0.036913 0.036927 0.036984 0.036989 0.036913 0.036989 0.036923 
16.427528 0.036059 0.036022 0.036094 0.036022 0.036016 0.036100 0.036094 0.036100 0.036052 
16.449073 0.035228 0.035163 0.035226 0.035163 0.035215 0.035126 0.035226 0.035126 0.035181 
16.470617 0.034333 0.034357 0.034353 0.034357 0.034334 0.034316 0.034353 0.034316 0.034302 
16.492162 0.033506 0.033527 0.033518 0.033527 0.033453 0.033465 0.033518 0.033465 0.033493 
16.513706 0.032672 0.032684 0.032734 0.032684 0.032747 0.032765 0.032734 0.032765 0.032734 
16.535251 0.031894 0.031858 0.031901 0.031858 0.031903 0.031962 0.031901 0.031962 0.031851 
16.556794 0.031085 0.031097 0.031092 0.031097 0.031136 0.031045 0.031092 0.031045 0.031006 
16.578339 0.030312 0.030345 0.030302 0.030345 0.030341 0.030280 0.030302 0.030280 0.030234 
16.599883 0.029528 0.029523 0.029537 0.029523 0.029552 0.029499 0.029537 0.029499 0.029599 
16.621428 0.028774 0.028771 0.028790 0.028771 0.028765 0.028781 0.028790 0.028781 0.028828 
16.642972 0.028023 0.028050 0.028049 0.028050 0.028078 0.028027 0.028049 0.028027 0.028018 
16.664516 0.027299 0.027303 0.027310 0.027303 0.027407 0.027334 0.027310 0.027334 0.027335 
16.686061 0.026598 0.026624 0.026617 0.026624 0.026643 0.026592 0.026617 0.026592 0.026552 
16.707604 0.025920 0.025930 0.025893 0.025930 0.025830 0.025888 0.025893 0.025888 0.025890 
16.729149 0.025209 0.025223 0.025208 0.025223 0.025172 0.025220 0.025208 0.025220 0.025232 
16.750693 0.024550 0.024528 0.024565 0.024528 0.024629 0.024549 0.024565 0.024549 0.024520 
16.772238 0.023886 0.023861 0.023894 0.023861 0.023880 0.023873 0.023894 0.023873 0.023831 
16.793782 0.023219 0.023224 0.023245 0.023224 0.023176 0.023210 0.023245 0.023210 0.023242 
16.815326 0.022607 0.022610 0.022585 0.022610 0.022662 0.022607 0.022585 0.022607 0.022553 
16.836870 0.021962 0.021954 0.021967 0.021954 0.021904 0.021961 0.021967 0.021961 0.021903 
16.858415 0.021348 0.021380 0.021360 0.021380 0.021371 0.021305 0.021360 0.021305 0.021277 
16.879959 0.020759 0.020745 0.020753 0.020745 0.020806 0.020780 0.020753 0.020780 0.020771 
16.901504 0.020166 0.020164 0.020167 0.020164 0.020169 0.020172 0.020167 0.020172 0.020199 
16.923048 0.019596 0.019576 0.019588 0.019576 0.019635 0.019568 0.019588 0.019568 0.019660 
16.944592 0.019029 0.019007 0.019027 0.019007 0.019018 0.019044 0.019027 0.019044 0.018988 
16.966136 0.018450 0.018453 0.018455 0.018453 0.018481 0.018518 0.018455 0.018518 0.018454 
16.987680 0.017910 0.017936 0.017917 0.017936 0.017809 0.017915 0.017917 0.017915 0.017902 
17.009225 0.017377 0.017393 0.017360 0.017393 0.017379 0.017379 0.017360 0.017379 0.017431 
17.030769 0.016855 0.016846 0.016846 0.016846 0.016901 0.016858 0.016846 0.016858 0.016842 
17.052314 0.016330 0.016335 0.016325 0.016335 0.016339 0.016316 0.016325 0.016316 0.016366 
17.073857 0.015846 0.015816 0.015840 0.015816 0.015854 0.015843 0.015840 0.015843 0.015803 
17.095402 0.015345 0.015329 0.015326 0.015329 0.015232 0.015347 0.015326 0.015347 0.015305 
17.116946 0.014871 0.014858 0.014853 0.014858 0.014883 0.014844 0.014853 0.014844 0.014885 
17.138491 0.014372 0.014381 0.014384 0.014381 0.014387 0.014371 0.014384 0.014371 0.014352 
17.160035 0.013910 0.013900 0.013906 0.013900 0.013865 0.013869 0.013906 0.013869 0.013895 
17.181580 0.013447 0.013465 0.013447 0.013465 0.013410 0.013465 0.013447 0.013465 0.013478 
17.203124 0.013016 0.012981 0.013027 0.012981 0.013002 0.013020 0.013027 0.013020 0.013028 
17.224668 0.012580 0.012579 0.012575 0.012579 0.012531 0.012572 0.012575 0.012572 0.012624 
17.246212 0.012152 0.012155 0.012141 0.012155 0.012188 0.012197 0.012141 0.012197 0.012171 
17.267756 0.011730 0.011712 0.011718 0.011712 0.011731 0.011782 0.011718 0.011782 0.011749 
17.289301 0.011333 0.011311 0.011331 0.011311 0.011350 0.011357 0.011331 0.011357 0.011322 
17.310845 0.010916 0.010912 0.010932 0.010912 0.010897 0.010949 0.010932 0.010949 0.010917 
17.332389 0.010536 0.010521 0.010525 0.010521 0.010549 0.010545 0.010525 0.010545 0.010503 
17.353933 0.010145 0.010141 0.010141 0.010141 0.010146 0.010142 0.010141 0.010142 0.010163 
17.375478 0.009788 0.009788 0.009789 0.009788 0.009795 0.009791 0.009789 0.009791 0.009791 
17.397022 0.009423 0.009418 0.009405 0.009418 0.009430 0.009421 0.009405 0.009421 0.009489 
17.418567 0.009066 0.009068 0.009038 0.009068 0.009057 0.009023 0.009038 0.009023 0.009062 
17.440111 0.008708 0.008727 0.008690 0.008727 0.008725 0.008692 0.008690 0.008692 0.008786 
17.461656 0.008370 0.008367 0.008361 0.008367 0.008373 0.008364 0.008361 0.008364 0.008337 
17.483199 0.008041 0.008044 0.008045 0.008044 0.008033 0.008036 0.008045 0.008036 0.008055 
17.504744 0.007718 0.007732 0.007721 0.007732 0.007727 0.007731 0.007721 0.007731 0.007730 
17.526288 0.007396 0.007404 0.007390 0.007404 0.007380 0.007396 0.007390 0.007396 0.007407 
17.547832 0.007089 0.007084 0.007097 0.007084 0.007068 0.007087 0.007097 0.007087 0.007172 
17.569377 0.006784 0.006798 0.006797 0.006798 0.006808 0.006766 0.006797 0.006766 0.006832 
17.590920 0.006506 0.006503 0.006495 0.006503 0.006530 0.006480 0.006495 0.006480 0.006489 
17.612465 0.006218 0.006209 0.006213 0.006209 0.006209 0.006222 0.006213 0.006222 0.006203 
17.634009 0.005930 0.005921 0.005944 0.005921 0.005953 0.005936 0.005944 0.005936 0.005928 
17.655554 0.005676 0.005664 0.005681 0.005664 0.005679 0.005674 0.005681 0.005674 0.005677 
17.677098 0.005401 0.005422 0.005411 0.005422 0.005364 0.005416 0.005411 0.005416 0.005388 
17.698643 0.005150 0.005143 0.005162 0.005143 0.005134 0.005146 0.005162 0.005146 0.005115 
17.720187 0.004913 0.004908 0.004889 0.004908 0.004891 0.004913 0.004889 0.004913 0.004908 
17.741731 0.004662 0.004669 0.004646 0.004669 0.004640 0.004656 0.004646 0.004656 0.004689 
17.763275 0.004425 0.004429 0.004423 0.004429 0.004444 0.004452 0.004423 0.004452 0.004434 
17.784820 0.004197 0.004207 0.004206 0.004207 0.004180 0.004189 0.004206 0.004189 0.004193 
17.806364 0.003984 0.003976 0.003985 0.003976 0.004015 0.004004 0.003985 0.004004 0.003970 
17.827909 0.003765 0.003764 0.003767 0.003764 0.003771 0.003770 0.003767 0.003770 0.003768 
17.849452 0.003562 0.003568 0.003569 0.003568 0.003541 0.003573 0.003569 0.003573 0.003564 
17.870996 0.003354 0.003351 0.003358 0.003351 0.003347 0.003340 0.003358 0.003340 0.003350 
17.892541 0.003170 0.003166 0.003167 0.003166 0.003176 0.003162 0.003167 0.003162 0.003169 
17.914085 0.002978 0.002978 0.002983 0.002978 0.002975 0.002971 0.002983 0.002971 0.002957 
17.935630 0.002797 0.002800 0.002808 0.002800 0.002816 0.002805 0.002808 0.002805 0.002789 
17.957174 0.002624 0.002633 0.002629 0.002633 0.002619 0.002623 0.002629 0.002623 0.002594 
17.978719 0.002456 0.002460 0.002459 0.002460 0.002448 0.002456 0.002459 0.002456 0.002457 
18.000262 0.002302 0.002294 0.002295 0.002294 0.002308 0.002295 0.002295 0.002295 0.002314 
18.021807 0.002141 0.002143 0.002142 0.002143 0.002123 0.002142 0.002142 0.002142 0.002142 
18.043351 0.001989 0.001990 0.001990 0.001990 0.001977 0.001986 0.001990 0.001986 0.001999 
18.064896 0.001844 0.001846 0.001841 0.001846 0.001837 0.001847 0.001841 0.001847 0.001840 
18.086440 0.001711 0.001704 0.001703 0.001704 0.001710 0.001695 0.001703 0.001695 0.001716 
18.107985 0.001579 0.001574 0.001570 0.001574 0.001577 0.001573 0.001570 0.001573 0.001595 
18.129529 0.001445 0.001448 0.001450 0.001448 0.001438 0.001444 0.001450 0.001444 0.001458 
18.151073 0.001331 0.001323 0.001325 0.001323 0.001334 0.001322 0.001325 0.001322 0.001323 
18.172617 0.001211 0.001210 0.001212 0.001210 0.001216 0.001226 0.001212 0.001226 0.001225 
18.194161 0.001101 0.001099 0.001100 0.001099 0.001103 0.001105 0.001100 0.001105 0.001112 
18.215706 0.000999 0.001003 0.000997 0.001003 0.001001 0.000997 0.000997 0.000997 0.000991 
18.237250 0.000903 0.000902 0.000903 0.000902 0.000894 0.000897 0.000903 0.000897 0.000905 
18.258794 0.000807 0.000806 0.000808 0.000806 0.000819 0.000804 0.000808 0.000804 0.000821 
18.280338 0.000720 0.000723 0.000721 0.000723 0.000722 0.000713 0.000721 0.000713 0.000714 
18.301883 0.000641 0.000636 0.000641 0.000636 0.000630 0.000635 0.000641 0.000635 0.000641 
18.323427 0.000559 0.000566 0.000563 0.000566 0.000554 0.000558 0.000563 0.000558 0.000566 
18.344972 0.000489 0.000489 0.000487 0.000489 0.000493 0.000501 0.000487 0.000501 0.000490 
18.366516 0.000424 0.000425 0.000425 0.000425 0.000427 0.000425 0.000425 0.000425 0.000421 
18.388061 0.000361 0.000363 0.000361 0.000363 0.000368 0.000358 0.000361 0.000358 0.000365 
18.409604 0.000305 0.000306 0.000307 0.000306 0.000315 0.000307 0.000307 0.000307 0.000305 
18.431149 0.000254 0.000253 0.000254 0.000253 0.000252 0.000253 0.000254 0.000253 0.000253 
18.452693 0.000208 0.000207 0.000206 0.000207 0.000209 0.000208 0.000206 0.000208 0.000205 
18.474237 0.000166 0.000165 0.000166 0.000165 0.000173 0.000163 0.000166 0.000163 0.000166 
18.495782 0.000129 0.000128 0.000129 0.000128 0.000126 0.000132 0.000129 0.000132 0.000129 
18.517325 0.000097 0.000096 0.000097 0.000096 0.000098 0.000097 0.000097 0.000097 0.000097 
18.538870 0.000068 0.000069 0.000070 0.000069 0.000064 0.000068 0.000070 0.000068 0.000064 
18.560414 0.000046 0.000046 0.000047 0.000046 0.000046 0.000047 0.000047 0.000047 0.000047 
18.581959 0.000028 0.000029 0.000027 0.000029 0.000026 0.000028 0.000027 0.000028 0.000030 
18.603503 0.000014 0.000014 0.000014 0.000014 0.000014 0.000014 0.000014 0.000014 0.000015 
18.625048 0.000005 0.000005 0.000006 0.000005 0.000005 0.000005 0.000006 0.000005 0.000005 
18.646592 0.000001 0.000001 0.000001 0.000001 0.000001 0.000001 0.000001 0.000001 0.000001 
18.668136 0.000000 0.000000 0.000000 0.000000 0.000000 0.000000 0.000000 0.000000 0.000000 
18.689680 0.000000 0.000000 0.000000 0.000000 0.000000 0.000000 0.000000 0.000000 0.000000 
18.711225 0.000000 0.000000 0.000000 0.000000 0.000000 0.000000 0.000000 0.000000 0.000000 
18.732769 0.000000 0.000000 0.000000 0.000000 0.000000 0.000000 0.000000 0.000000 0.000000 
18.754313 0.000000 0.000000 0.000000 0.000000 0.000000 0.000000 0.000000 0.000000 0.000000 
18.775857 0.000000 0.000000 0.000000 0.000000 0.000000 0.000000 0.000000 0.000000 0.000000 
18.797401 0.000000 0.000000 0.000000 0.000000 0.000000 0.000000 0.000000 0.000000 0.000000 
18.818946 0.000000 0.000000 0.000000 0.000000 0.000000 0.000000 0.000000 0.000000 0.000000 
18.840490 0.000000 0.000000 0.000000 0.000000 0.000000 0.000000 0.000000 0.000000 0.000000 
18.862035 0.000000 0.000000 0.000000 0.000000 0.000000 0.000000 0.000000 0.000000 0.000000 
18.883579 0.000000 0.000000 0.000000 0.000000 0.000000 0.000000 0.000000 0.000000 0.000000 
18.905124 0.000000 0.000000 0.000000 0.000000 0.000000 0.000000 0.000000 0.000000 0.000000 
18.926667 0.000000 0.000000 0.000000 0.000000 0.000000 0.000000 0.000000 0.000000 0.000000 
18.948212 0.000000 0.000000 0.000000 0.000000 0.000000 0.000000 0.000000 0.000000 0.000000 
18.969756 0.000000 0.000000 0.000000 0.000000 0.000000 0.000000 0.000000 0.000000 0.000000 
18.991301 0.000000 0.000000 0.000000 0.000000 0.000000 0.000000 0.000000 0.000000 0.000000 
19.012845 0.000000 0.000000 0.000000 0.000000 0.000000 0.000000 0.000000 0.000000 0.000000 
19.034389 0.000000 0.000000 0.000000 0.000000 0.000000 0.000000 0.000000 0.000000 0.000000 
19.055933 0.000000 0.000000 0.000000 0.000000 0.000000 0.000000 0.000000 0.000000 0.000000 
19.077477 0.000000 0.000000 0.000000 0.000000 0.000000 0.000000 0.000000 0.000000 0.000000 
19.099022 0.000000 0.000000 0.000000 0.000000 0.000000 0.000000 0.000000 0.000000 0.000000 
19.120566 0.000000 0.000000 0.000000 0.000000 0.000000 0.000000 0.000000 0.000000 0.000000 
19.142111 0.000000 0.000000 0.000000 0.000000 0.000000 0.000000 0.000000 0.000000 0.000000 
19.163655 0.000000 0.000000 0.000000 0.000000 0.000000 0.000000 0.000000 0.000000 0.000000 
19.185199 0.000000 0.000000 0.000000 0.000000 0.000000 0.000000 0.000000 0.000000 0.000000 
19.206743 0.000000 0.000000 0.000000 0.000000 0.000000 0.000000 0.000000 0.000000 0.000000 
19.228288 0.000000 0.000000 0.000000 0.000000 0.000000 0.000000 0.000000 0.000000 0.000000 
19.249832 0.000000 0.000000 0.000000 0.000000 0.000000 0.000000 0.000000 0.000000 0.000000 
19.271377 0.000000 0.000000 0.000000 0.000000 0.000000 0.000000 0.000000 0.000000 0.000000 
19.292920 0.000000 0.000000 0.000000 0.000000 0.000000 0.000000 0.000000 0.000000 0.000000 
19.314465 0.000000 0.000000 0.000000 0.000000 0.000000 0.000000 0.000000 0.000000 0.000000 
19.336009 0.000000 0.000000 0.000000 0.000000 0.000000 0.000000 0.000000 0.000000 0.000000 
19.357553 0.000000 0.000000 0.000000 0.000000 0.000000 0.000000 0.000000 0.000000 0.000000 
19.379098 0.000000 0.000000 0.000000 0.000000 0.000000 0.000000 0.000000 0.000000 0.000000 
19.400642 0.000000 0.000000 0.000000 0.000000 0.000000 0.000000 0.000000 0.000000 0.000000 
19.422187 0.000000 0.000000 0.000000 0.000000 0.000000 0.000000 0.000000 0.000000 0.000000 
19.443730 0.000000 0.000000 0.000000 0.000000 0.000000 0.000000 0.000000 0.000000 0.000000 
19.465275 0.000000 0.000000 0.000000 0.000000 0.000000 0.000000 0.000000 0.000000 0.000000 
19.486819 0.000000 0.000000 0.000000 0.000000 0.000000 0.000000 0.000000 0.000000 0.000000 
19.508364 0.000000 0.000000 0.000000 0.000000 0.000000 0.000000 0.000000 0.000000 0.000000 
19.529908 0.000000 0.000000 0.000000 0.000000 0.000000 0.000000 0.000000 0.000000 0.000000 
19.551453 0.000000 0.000000 0.000000 0.000000 0.000000 0.000000 0.000000 0.000000 0.000000 
19.572997 0.000000 0.000000 0.000000 0.000000 0.000000 0.000000 0.000000 0.000000 0.000000 
19.594541 0.000000 0.000000 0.000000 0.000000 0.000000 0.000000 0.000000 0.000000 0.000000 
19.616085 0.000000 0.000000 0.000000 0.000000 0.000000 0.000000 0.000000 0.000000 0.000000 
19.637630 0.000000 0.000000 0.000000 0.000000 0.000000 0.000000 0.000000 0.000000 0.000000 
19.659174 0.000000 0.000000 0.000000 0.000000 0.000000 0.000000 0.000000 0.000000 0.000000 
19.680718 0.000000 0.000000 0.000000 0.000000 0.000000 0.000000 0.000000 0.000000 0.000000 
19.702262 0.000000 0.000000 0.000000 0.000000 0.000000 0.000000 0.000000 0.000000 0.000000 
19.723806 0.000000 0.000000 0.000000 0.000000 0.000000 0.000000 0.000000 0.000000 0.000000 
19.745351 0.000000 0.000000 0.000000 0.000000 0.000000 0.000000 0.000000 0.000000 0.000000 
19.766895 0.000000 0.000000 0.000000 0.000000 0.000000 0.000000 0.000000 0.000000 0.000000 
19.788440 0.000000 0.000000 0.000000 0.000000 0.000000 0.000000 0.000000 0.000000 0.000000 
19.809984 0.000000 0.000000 0.000000 0.000000 0.000000 0.000000 0.000000 0.000000 0.000000 
19.831529 0.000000 0.000000 0.000000 0.000000 0.000000 0.000000 0.000000 0.000000 0.000000 
19.853072 0.000000 0.000000 0.000000 0.000000 0.000000 0.000000 0.000000 0.000000 0.000000 
19.874617 0.000000 0.000000 0.000000 0.000000 0.000000 0.000000 0.000000 0.000000 0.000000 
19.896161 0.000000 0.000000 0.000000 0.000000 0.000000 0.000000 0.000000 0.000000 0.000000 
19.917706 0.000000 0.000000 0.000000 0.000000 0.000000 0.000000 0.000000 0.000000 0.000000 
19.939250 0.000000 0.000000 0.000000 0.000000 0.000000 0.000000 0.000000 0.000000 0.000000 
19.960793 0.000000 0.000000 0.000000 0.000000 0.000000 0.000000 0.000000 0.000000 0.000000 
19.982338 0.000000 0.000000 0.000000 0.000000 0.000000 0.000000 0.000000 0.000000 0.000000 
20.003882 0.000000 0.000000 0.000000 0.000000 0.000000 0.000000 0.000000 0.000000 0.000000 
20.025427 0.000000 0.000000 0.000000 0.000000 0.000000 0.000000 0.000000 0.000000 0.000000 
20.046971 0.000000 0.000000 0.000000 0.000000 0.000000 0.000000 0.000000 0.000000 0.000000 
20.068516 0.000000 0.000000 0.000000 0.000000 0.000000 0.000000 0.000000 0.000000 0.000000 
20.090060 0.000000 0.000000 0.000000 0.000000 0.000000 0.000000 0.000000 0.000000 0.000000 
20.111604 0.000000 0.000000 0.000000 0.000000 0.000000 0.000000 0.000000 0.000000 0.000000 
20.133148 0.000000 0.000000 0.000000 0.000000 0.000000 0.000000 0.000000 0.000000 0.000000 
20.154693 0.000000 0.000000 0.000000 0.000000 0.000000 0.000000 0.000000 0.000000 0.000000 
20.176237 0.000000 0.000000 0.000000 0.000000 0.000000 0.000000 0.000000 0.000000 0.000000 
20.197782 0.000000 0.000000 0.000000 0.000000 0.000000 0.000000 0.000000 0.000000 0.000000 
20.219325 0.000000 0.000000 0.000000 0.000000 0.000000 0.000000 0.000000 0.000000 0.000000 
20.240870 0.000000 0.000000 0.000000 0.000000 0.000000 0.000000 0.000000 0.000000 0.000000 
20.262414 0.000000 0.000000 0.000000 0.000000 0.000000 0.000000 0.000000 0.000000 0.000000 
20.283958 0.000000 0.000000 0.000000 0.000000 0.000000 0.000000 0.000000 0.000000 0.000000 
20.305503 0.000000 0.000000 0.000000 0.000000 0.000000 0.000000 0.000000 0.000000 0.000000 
20.327047 0.000000 0.000000 0.000000 0.000000 0.000000 0.000000 0.000000 0.000000 0.000000 
20.348592 0.000000 0.000000 0.000000 0.000000 0.000000 0.000000 0.000000 0.000000 0.000000 
20.370135 0.000000 0.000000 0.000000 0.000000 0.000000 0.000000 0.000000 0.000000 0.000000 
20.391680 0.000000 0.000000 0.000000 0.000000 0.000000 0.000000 0.000000 0.000000 0.000000 
20.413224 0.000000 0.000000 0.000000 0.000000 0.000000 0.000000 0.000000 0.000000 0.000000 
20.434769 0.000000 0.000000 0.000000 0.000000 0.000000 0.000000 0.000000 0.000000 0.000000 
20.456313 0.000000 0.000000 0.000000 0.000000 0.000000 0.000000 0.000000 0.000000 0.000000 
20.477857 0.000000 0.000000 0.000000 0.000000 0.000000 0.000000 0.000000 0.000000 0.000000 
20.499401 0.000000 0.000000 0.000000 0.000000 0.000000 0.000000 0.000000 0.000000 0.000000 
20.520946 0.000000 0.000000 0.000000 0.000000 0.000000 0.000000 0.000000 0.000000 0.000000 
20.542490 0.000000 0.000000 0.000000 0.000000 0.000000 0.000000 0.000000 0.000000 0.000000 
20.564034 0.000000 0.000000 0.000000 0.000000 0.000000 0.000000 0.000000 0.000000 0.000000 
20.585579 0.000000 0.000000 0.000000 0.000000 0.000000 0.000000 0.000000 0.000000 0.000000 
20.607123 0.000000 0.000000 0.000000 0.000000 0.000000 0.000000 0.000000 0.000000 0.000000 
20.628667 0.000000 0.000000 0.000000 0.000000 0.000000 0.000000 0.000000 0.000000 0.000000 
20.650211 0.000000 0.000000 0.000000 0.000000 0.000000 0.000000 0.000000 0.000000 0.000000 
20.671756 0.000000 0.000000 0.000000 0.000000 0.000000 0.000000 0.000000 0.000000 0.000000 
20.693300 0.000000 0.000000 0.000000 0.000000 0.000000 0.000000 0.000000 0.000000 0.000000 
20.714845 0.000000 0.000000 0.000000 0.000000 0.000000 0.000000 0.000000 0.000000 0.000000 
20.736389 0.000000 0.000000 0.000000 0.000000 0.000000 0.000000 0.000000 0.000000 0.000000 
20.757934 0.000000 0.000000 0.000000 0.000000 0.000000 0.000000 0.000000 0.000000 0.000000 
20.779477 0.000000 0.000000 0.000000 0.000000 0.000000 0.000000 0.000000 0.000000 0.000000 
20.801022 0.000000 0.000000 0.000000 0.000000 0.000000 0.000000 0.000000 0.000000 0.000000 
20.822566 0.000000 0.000000 0.000000 0.000000 0.000000 0.000000 0.000000 0.000000 0.000000 
20.844110 0.000000 0.000000 0.000000 0.000000 0.000000 0.000000 0.000000 0.000000 0.000000 
20.865655 0.000000 0.000000 0.000000 0.000000 0.000000 0.000000 0.000000 0.000000 0.000000 
20.887198 0.000000 0.000000 0.000000 0.000000 0.000000 0.000000 0.000000 0.000000 0.000000 
20.908743 0.000000 0.000000 0.000000 0.000000 0.000000 0.000000 0.000000 0.000000 0.000000 
20.930287 0.000000 0.000000 0.000000 0.000000 0.000000 0.000000 0.000000 0.000000 0.000000 
20.951832 0.000000 0.000000 0.000000 0.000000 0.000000 0.000000 0.000000 0.000000 0.000000 
20.973376 0.000000 0.000000 0.000000 0.000000 0.000000 0.000000 0.000000 0.000000 0.000000 
20.994921 0.000000 0.000000 0.000000 0.000000 0.000000 0.000000 0.000000 0.000000 0.000000 
21.016465 0.000000 0.000000 0.000000 0.000000 0.000000 0.000000 0.000000 0.000000 0.000000 
21.038009 0.000000 0.000000 0.000000 0.000000 0.000000 0.000000 0.000000 0.000000 0.000000 
21.059553 0.000000 0.000000 0.000000 0.000000 0.000000 0.000000 0.000000 0.000000 0.000000 
21.081098 0.000000 0.000000 0.000000 0.000000 0.000000 0.000000 0.000000 0.000000 0.000000 
21.102642 0.000000 0.000000 0.000000 0.000000 0.000000 0.000000 0.000000 0.000000 0.000000 
21.124187 0.000000 0.000000 0.000000 0.000000 0.000000 0.000000 0.000000 0.000000 0.000000 
21.145730 0.000000 0.000000 0.000000 0.000000 0.000000 0.000000 0.000000 0.000000 0.000000 
21.167274 0.000000 0.000000 0.000000 0.000000 0.000000 0.000000 0.000000 0.000000 0.000000 
21.188819 0.000000 0.000000 0.000000 0.000000 0.000000 0.000000 0.000000 0.000000 0.000000 
21.210363 0.000000 0.000000 0.000000 0.000000 0.000000 0.000000 0.000000 0.000000 0.000000 
21.231908 0.000000 0.000000 0.000000 0.000000 0.000000 0.000000 0.000000 0.000000 0.000000 
21.253452 0.000000 0.000000 0.000000 0.000000 0.000000 0.000000 0.000000 0.000000 0.000000 
21.274997 0.000000 0.000000 0.000000 0.000000 0.000000 0.000000 0.000000 0.000000 0.000000 
21.296540 0.000000 0.000000 0.000000 0.000000 0.000000 0.000000 0.000000 0.000000 0.000000 
21.318085 0.000000 0.000000 0.000000 0.000000 0.000000 0.000000 0.000000 0.000000 0.000000 
21.339629 0.000000 0.000000 0.000000 0.000000 0.000000 0.000000 0.000000 0.000000 0.000000 
21.361174 0.000000 0.000000 0.000000 0.000000 0.000000 0.000000 0.000000 0.000000 0.000000 
21.382718 0.000000 0.000000 0.000000 0.000000 0.000000 0.000000 0.000000 0.000000 0.000000 
21.404262 0.000000 0.000000 0.000000 0.000000 0.000000 0.000000 0.000000 0.000000 0.000000 
21.425806 0.000000 0.000000 0.000000 0.000000 0.000000 0.000000 0.000000 0.000000 0.000000 
21.447351 0.000000 0.000000 0.000000 0.000000 0.000000 0.000000 0.000000 0.000000 0.000000 
21.468895 0.000000 0.000000 0.000000 0.000000 0.000000 0.000000 0.000000 0.000000 0.000000 
21.490439 0.000000 0.000000 0.000000 0.000000 0.000000 0.000000 0.000000 0.000000 0.000000 
21.511984 0.000000 0.000000 0.000000 0.000000 0.000000 0.000000 0.000000 0.000000 0.000000 
21.533528 0.000000 0.000000 0.000000 0.000000 0.000000 0.000000 0.000000 0.000000 0.000000 
