# concentrations: 0.333333 0.333333 0.333333
0.005724 0.000000 0.000000 0.000000 0.000000 0.000000 0.000000 0.000000 0.000000 0.000000 
0.017171 0.000000 0.000000 0.000000 0.000000 0.000000 0.000000 0.000000 0.000000 0.000000 
0.028618 0.000000 0.000000 0.000000 0.000000 0.000000 0.000000 0.000000 0.000000 0.000000 
0.040065 0.000000 0.000000 0.000000 0.000000 0.000000 0.000000 0.000000 0.000000 0.000000 
0.051512 0.000000 0.000000 0.000000 0.000000 0.000000 0.000000 0.000000 0.000000 0.000000 
0.062959 0.000000 0.000000 0.000000 0.000000 0.000000 0.000000 0.000000 0.000000 0.000000 
0.074406 0.000000 0.000000 0.000000 0.000000 0.000000 0.000000 0.000000 0.000000 0.000000 
0.085853 0.000000 0.000000 0.000000 0.000000 0.000000 0.000000 0.000000 0.000000 0.000000 
0.097300 0.000000 0.000000 0.000000 0.000000 0.000000 0.000000 0.000000 0.000000 0.000000 
0.108747 0.000000 0.000000 0.000000 0.000000 0.000000 0.000000 0.000000 0.000000 0.000000 
0.120195 0.000000 0.000000 0.000000 0.000000 0.000000 0.000000 0.000000 0.000000 0.000000 
0.131642 0.000000 0.000000 0.000000 0.000000 0.000000 0.000000 0.000000 0.000000 0.000000 
0.143089 0.000000 0.000000 0.000000 0.000000 0.000000 0.000000 0.000000 0.000000 0.000000 
0.154536 0.000000 0.000000 0.000000 0.000000 0.000000 0.000000 0.000000 0.000000 0.000000 
0.165983 0.000000 0.000000 0.000000 0.000000 0.000000 0.000000 0.000000 0.000000 0.000000 
0.177430 0.000000 0.000000 0.000000 0.000000 0.000000 0.000000 0.000000 0.000000 0.000000 
0.188877 0.000000 0.000000 0.000000 0.000000 0.000000 0.000000 0.000000 0.000000 0.000000 
0.200324 0.000000 0.000000 0.000000 0.000000 0.000000 0.000000 0.000000 0.000000 0.000000 
0.211771 0.000000 0.000000 0.000000 0.000000 0.000000 0.000000 0.000000 0.000000 0.000000 
0.223218 0.000000 0.000000 0.000000 0.000000 0.000000 0.000000 0.000000 0.000000 0.000000 
0.234666 0.000000 0.000000 0.000000 0.000000 0.000000 0.000000 0.000000 0.000000 0.000000 
0.246113 0.000000 0.000000 0.000000 0.000000 0.000000 0.000000 0.000000 0.000000 0.000000 
0.257560 0.000000 0.000000 0.000000 0.000000 0.000000 0.000000 0.000000 0.000000 0.000000 
0.269007 0.000000 0.000000 0.000000 0.000000 0.000000 0.000000 0.000000 0.000000 0.000000 
0.280454 0.000000 0.000000 0.000000 0.000000 0.000000 0.000000 0.000000 0.000000 0.000000 
0.291901 0.000000 0.000000 0.000000 0.000000 0.000000 0.000000 0.000000 0.000000 0.000000 
0.303348 0.000000 0.000000 0.000000 0.000000 0.000000 0.000000 0.000000 0.000000 0.000000 
0.314795 0.000000 0.000000 0.000000 0.000000 0.000000 0.000000 0.000000 0.000000 0.000000 
0.326242 0.000000 0.000000 0.000000 0.000000 0.000000 0.000000 0.000000 0.000000 0.000000 
0.337689 0.000000 0.000000 0.000000 0.000000 0.000000 0.000000 0.000000 0.000000 0.000000 
0.349137 0.000000 0.000000 0.000000 0.000000 0.000000 0.000000 0.000000 0.000000 0.000000 
0.360584 0.000000 0.000000 0.000000 0.000000 0.000000 0.000000 0.000000 0.000000 0.000000 
0.372031 0.000000 0.000000 0.000000 0.000000 0.000000 0.000000 0.000000 0.000000 0.000000 
0.383478 0.000000 0.000000 0.000000 0.000000 0.000000 0.000000 0.000000 0.000000 0.000000 
0.394925 0.000000 0.000000 0.000000 0.000000 0.000000 0.000000 0.000000 0.000000 0.000000 
0.406372 0.000000 0.000000 0.000000 0.000000 0.000000 0.000000 0.000000 0.000000 0.000000 
0.417819 0.000000 0.000000 0.000000 0.000000 0.000000 0.000000 0.000000 0.000000 0.000000 
0.429266 0.000000 0.000000 0.000000 0.000000 0.000000 0.000000 0.000000 0.000000 0.000000 
0.440713 0.000000 0.000000 0.000000 0.000000 0.000000 0.000000 0.000000 0.000000 0.000000 
0.452160 0.000000 0.000000 0.000000 0.000000 0.000000 0.000000 0.000000 0.000000 0.000000 
0.463608 0.000000 0.000000 0.000000 0.000000 0.000000 0.000000 0.000000 0.000000 0.000000 
0.475055 0.000000 0.000000 0.000000 0.000000 0.000000 0.000000 0.000000 0.000000 0.000000 
0.486502 0.000000 0.000000 0.000000 0.000000 0.000000 0.000000 0.000000 0.000000 0.000000 
0.497949 0.000000 0.000000 0.000000 0.000000 0.000000 0.000000 0.000000 0.000000 0.000000 
0.509396 0.000000 0.000000 0.000000 0.000000 0.000000 0.000000 0.000000 0.000000 0.000000 
0.520843 0.000000 0.000000 0.000000 0.000000 0.000000 0.000000 0.000000 0.000000 0.000000 
0.532290 0.000000 0.000000 0.000000 0.000000 0.000000 0.000000 0.000000 0.000000 0.000000 
0.543737 0.000000 0.000000 0.000000 0.000000 0.000000 0.000000 0.000000 0.000000 0.000000 
0.555184 0.000000 0.000000 0.000000 0.000000 0.000000 0.000000 0.000000 0.000000 0.000000 
0.566631 0.000000 0.000000 0.000000 0.000000 0.000000 0.000000 0.000000 0.000000 0.000000 
0.578079 0.000000 0.000000 0.000000 0.000000 0.000000 0.000000 0.000000 0.000000 0.000000 
0.589526 0.000000 0.000000 0.000000 0.000000 0.000000 0.000000 0.000000 0.000000 0.000000 
0.600973 0.000000 0.000000 0.000000 0.000000 0.000000 0.000000 0.000000 0.000000 0.000000 
0.612420 0.000000 0.000000 0.000000 0.000000 0.000000 0.000000 0.000000 0.000000 0.000000 
0.623867 0.000000 0.000000 0.000000 0.000000 0.000000 0.000000 0.000000 0.000000 0.000000 
0.635314 0.000000 0.000000 0.000000 0.000000 0.000000 0.000000 0.000000 0.000000 0.000000 
0.646761 0.000000 0.000000 0.000000 0.000000 0.000000 0.000000 0.000000 0.000000 0.000000 
0.658208 0.000000 0.000000 0.000000 0.000000 0.000000 0.000000 0.000000 0.000000 0.000000 
0.669655 0.000000 0.000000 0.000000 0.000000 0.000000 0.000000 0.000000 0.000000 0.000000 
0.681102 0.000000 0.000000 0.000000 0.000000 0.000000 0.000000 0.000000 0.000000 0.000000 
0.692550 0.000000 0.000000 0.000000 0.000000 0.000000 0.000000 0.000000 0.000000 0.000000 
0.703997 0.000000 0.000000 0.000000 0.000000 0.000000 0.000000 0.000000 0.000000 0.000000 
0.715444 0.000000 0.000000 0.000000 0.000000 0.000000 0.000000 0.000000 0.000000 0.000000 
0.726891 0.000000 0.000000 0.000000 0.000000 0.000000 0.000000 0.000000 0.000000 0.000000 
0.738338 0.000000 0.000000 0.000000 0.000000 0.000000 0.000000 0.000000 0.000000 0.000000 
0.749785 0.000000 0.000000 0.000000 0.000000 0.000000 0.000000 0.000000 0.000000 0.000000 
0.761232 0.000000 0.000000 0.000000 0.000000 0.000000 0.000000 0.000000 0.000000 0.000000 
0.772679 0.000000 0.000000 0.000000 0.000000 0.000000 0.000000 0.000000 0.000000 0.000000 
0.784126 0.000000 0.000000 0.000000 0.000000 0.000000 0.000000 0.000000 0.000000 0.000000 
0.795573 0.000000 0.000000 0.000000 0.000000 0.000000 0.000000 0.000000 0.000000 0.000000 
0.807021 0.000000 0.000000 0.000000 0.000000 0.000000 0.000000 0.000000 0.000000 0.000000 
0.818468 0.000000 0.000000 0.000000 0.000000 0.000000 0.000000 0.000000 0.000000 0.000000 
0.829915 0.000000 0.000000 0.000000 0.000000 0.000000 0.000000 0.000000 0.000000 0.000000 
0.841362 0.000000 0.000000 0.000000 0.000000 0.000000 0.000000 0.000000 0.000000 0.000000 
0.852809 0.000000 0.000000 0.000000 0.000000 0.000000 0.000000 0.000000 0.000000 0.000000 
0.864256 0.000000 0.000000 0.000000 0.000000 0.000000 0.000000 0.000000 0.000000 0.000000 
0.875703 0.000000 0.000000 0.000000 0.000000 0.000000 0.000000 0.000000 0.000000 0.000000 
0.887150 0.000000 0.000000 0.000000 0.000000 0.000000 0.000000 0.000000 0.000000 0.000000 
0.898597 0.000000 0.000000 0.000000 0.000000 0.000541 0.000000 0.000000 0.000000 0.000000 
0.910044 0.000000 0.000000 0.000000 0.000000 0.001847 0.000000 0.000000 0.000000 0.000000 
0.921492 0.000000 0.000000 0.000000 0.000000 0.011151 0.000085 0.000000 0.000085 0.000000 
0.932939 0.000000 0.000000 0.000000 0.000000 0.031967 0.000083 0.000000 0.000083 0.000000 
0.944386 0.000000 0.000000 0.000000 0.000000 0.086976 0.000448 0.000000 0.000448 0.000000 
0.955833 0.000000 0.000000 0.000000 0.000000 0.201621 0.003139 0.000000 0.003139 0.000000 
0.967280 0.000000 0.000078 0.000000 0.000078 0.377950 0.009543 0.000000 0.009543 0.000000 
0.978727 0.000000 0.000000 0.000000 0.000000 0.621152 0.033648 0.000000 0.033648 0.000076 
0.990174 0.000000 0.000407 0.000000 0.000407 0.934263 0.084482 0.000000 0.084482 0.000669 
1.001621 0.000000 0.003148 0.000000 0.003148 1.282860 0.180644 0.000000 0.180644 0.002686 
1.013068 0.000000 0.010539 0.000000 0.010539 1.657646 0.331351 0.000000 0.331351 0.010716 
1.024515 0.000000 0.030327 0.000138 0.030327 2.015656 0.559345 0.000138 0.559345 0.033517 
1.035963 0.000000 0.076232 0.000473 0.076232 2.319113 0.836727 0.000473 0.836727 0.080152 
1.047410 0.000000 0.162416 0.002448 0.162416 2.582776 1.174858 0.002448 1.174858 0.157548 
1.058857 0.000065 0.294054 0.010068 0.294054 2.718452 1.511677 0.010068 1.511677 0.300527 
1.070304 0.000127 0.493499 0.029372 0.493499 2.893582 1.853624 0.029372 1.853624 0.501794 
1.081751 0.000685 0.741927 0.070194 0.741927 2.944457 2.142310 0.070194 2.142310 0.762366 
1.093198 0.004266 1.048810 0.145604 1.048810 2.960459 2.431075 0.145604 2.431075 1.057559 
1.104645 0.010505 1.390428 0.265866 1.390428 2.919625 2.646139 0.265866 2.646139 1.369889 
1.116092 0.028301 1.692997 0.450953 1.692997 2.818089 2.776089 0.450953 2.776089 1.679393 
1.127539 0.065312 2.000286 0.683150 2.000286 2.741166 2.870040 0.683150 2.870040 2.003137 
1.138986 0.134693 2.281735 0.957086 2.281735 2.609874 2.892886 0.957086 2.892886 2.280243 
1.150434 0.243027 2.492844 1.274985 2.492844 2.479801 2.872295 1.274985 2.872295 2.482828 
1.161881 0.418905 2.663286 1.558398 2.663286 2.379947 2.834586 1.558398 2.834586 2.661267 
1.173328 0.621236 2.764809 1.869176 2.764809 2.256703 2.755370 1.869176 2.755370 2.789267 
1.184775 0.865366 2.814041 2.136576 2.814041 2.131217 2.658140 2.136576 2.658140 2.827837 
1.196222 1.153363 2.843054 2.361894 2.843054 2.008956 2.541888 2.361894 2.541888 2.844800 
1.207669 1.445893 2.811716 2.553485 2.811716 1.880081 2.423225 2.553485 2.423225 2.836751 
1.219116 1.731095 2.752690 2.667018 2.752690 1.778535 2.297389 2.667018 2.297389 2.774075 
1.230563 2.000049 2.674247 2.742321 2.674247 1.659212 2.184734 2.742321 2.184734 2.688025 
1.242010 2.245784 2.565057 2.793790 2.565057 1.586162 2.078789 2.793790 2.078789 2.575548 
1.253457 2.427777 2.488922 2.782251 2.488922 1.479549 1.956669 2.782251 1.956669 2.477381 
1.264905 2.565538 2.367513 2.741718 2.367513 1.397216 1.846528 2.741718 1.846528 2.365142 
1.276352 2.675231 2.242797 2.681486 2.242797 1.350090 1.741410 2.681486 1.741410 2.241669 
1.287799 2.734739 2.137159 2.599009 2.137159 1.262072 1.647009 2.599009 1.647009 2.140771 
1.299246 2.720520 2.037932 2.519478 2.037932 1.226801 1.559095 2.519478 1.559095 2.016809 
1.310693 2.693841 1.917637 2.418091 1.917637 1.150318 1.477887 2.418091 1.477887 1.903784 
1.322140 2.679481 1.822386 2.294963 1.822386 1.108818 1.389553 2.294963 1.389553 1.808418 
1.333587 2.611072 1.726007 2.182668 1.726007 1.038547 1.331206 2.182668 1.331206 1.704605 
1.345034 2.529388 1.629062 2.090779 1.629062 1.007890 1.256205 2.090779 1.256205 1.612246 
1.356481 2.431723 1.544493 1.960285 1.544493 0.954464 1.205378 1.960285 1.205378 1.531490 
1.367928 2.322454 1.440134 1.869131 1.440134 0.914463 1.143933 1.869131 1.143933 1.444659 
1.379376 2.238359 1.393152 1.776618 1.393152 0.895252 1.084182 1.776618 1.084182 1.377063 
1.390823 2.135636 1.310049 1.671313 1.310049 0.857636 1.046921 1.671313 1.046921 1.312303 
1.402270 2.008069 1.237906 1.577425 1.237906 0.842255 0.994135 1.577425 0.994135 1.244676 
1.413717 1.913690 1.186448 1.505453 1.186448 0.802358 0.955526 1.505453 0.955526 1.180467 
1.425164 1.818163 1.135513 1.424448 1.135513 0.776969 0.921277 1.424448 0.921277 1.109079 
1.436611 1.714255 1.079525 1.362446 1.079525 0.763711 0.880457 1.362446 0.880457 1.073147 
1.448058 1.631699 1.038786 1.287205 1.038786 0.736790 0.856198 1.287205 0.856198 1.028574 
1.459505 1.558641 0.995649 1.212122 0.995649 0.721243 0.828438 1.212122 0.828438 1.000022 
1.470952 1.474051 0.951678 1.164610 0.951678 0.718376 0.808079 1.164610 0.808079 0.953952 
1.482399 1.399170 0.917249 1.111561 0.917249 0.699800 0.779510 1.111561 0.779510 0.923101 
1.493847 1.329945 0.892713 1.060244 0.892713 0.682418 0.761242 1.060244 0.761242 0.886021 
1.505294 1.270335 0.850090 1.016943 0.850090 0.662249 0.742459 1.016943 0.742459 0.851165 
1.516741 1.214410 0.826325 0.972572 0.826325 0.665462 0.722127 0.972572 0.722127 0.822250 
1.528188 1.146507 0.801978 0.940944 0.801978 0.665760 0.705832 0.940944 0.705832 0.801526 
1.539635 1.099644 0.779125 0.905603 0.779125 0.654262 0.695062 0.905603 0.695062 0.775909 
1.551082 1.051272 0.760344 0.871928 0.760344 0.640257 0.684471 0.871928 0.684471 0.749762 
1.562529 1.005525 0.732697 0.843827 0.732697 0.645678 0.673096 0.843827 0.673096 0.723184 
1.573976 0.960640 0.725346 0.815291 0.725346 0.636115 0.667326 0.815291 0.667326 0.723670 
1.585423 0.932668 0.709530 0.794743 0.709530 0.637214 0.655451 0.794743 0.655451 0.704876 
1.596870 0.897388 0.692469 0.771000 0.692469 0.631659 0.643574 0.771000 0.643574 0.691815 
1.608318 0.856022 0.684457 0.751097 0.684457 0.623939 0.645433 0.751097 0.645433 0.669161 
1.619765 0.840134 0.669615 0.734348 0.669615 0.630337 0.643454 0.734348 0.643454 0.670425 
1.631212 0.804725 0.664472 0.710347 0.664472 0.643057 0.640273 0.710347 0.640273 0.656635 
1.642659 0.777334 0.647879 0.702210 0.647879 0.628410 0.635517 0.702210 0.635517 0.656618 
1.654106 0.756629 0.650882 0.689036 0.650882 0.645352 0.631766 0.689036 0.631766 0.645006 
1.665553 0.737153 0.650563 0.675777 0.650563 0.653763 0.632702 0.675777 0.632702 0.642183 
1.677000 0.723162 0.638150 0.668480 0.638150 0.656885 0.628921 0.668480 0.628921 0.629484 
1.688447 0.713280 0.635669 0.653570 0.635669 0.656152 0.636191 0.653570 0.636191 0.627792 
1.699894 0.696403 0.629957 0.650595 0.629957 0.661971 0.633185 0.650595 0.633185 0.626380 
1.711341 0.684904 0.631993 0.641425 0.631993 0.686173 0.644833 0.641425 0.644833 0.630538 
1.722789 0.662949 0.631731 0.634152 0.631731 0.694656 0.651176 0.634152 0.651176 0.629622 
1.734236 0.660443 0.629700 0.632536 0.629700 0.701323 0.655237 0.632536 0.655237 0.632399 
1.745683 0.648662 0.635756 0.627466 0.635756 0.712718 0.662841 0.627466 0.662841 0.629804 
1.757130 0.645003 0.637422 0.629933 0.637422 0.730662 0.666272 0.629933 0.666272 0.630872 
1.768577 0.637263 0.640430 0.626052 0.640430 0.733809 0.671832 0.626052 0.671832 0.638800 
1.780024 0.635730 0.650714 0.623644 0.650714 0.755451 0.684921 0.623644 0.684921 0.645523 
1.791471 0.634833 0.651762 0.630839 0.651762 0.760156 0.703584 0.630839 0.703584 0.654668 
1.802918 0.622674 0.661792 0.626773 0.661792 0.782712 0.708256 0.626773 0.708256 0.654717 
1.814365 0.618891 0.668000 0.635561 0.668000 0.798688 0.721896 0.635561 0.721896 0.667369 
1.825812 0.627928 0.677108 0.640110 0.677108 0.808754 0.740402 0.640110 0.740402 0.675101 
1.837260 0.629348 0.688715 0.639187 0.688715 0.831040 0.756439 0.639187 0.756439 0.687286 
1.848707 0.625628 0.695549 0.647109 0.695549 0.858928 0.764677 0.647109 0.764677 0.703501 
1.860154 0.626204 0.710806 0.660108 0.710806 0.865314 0.780397 0.660108 0.780397 0.705395 
1.871601 0.633705 0.727888 0.664264 0.727888 0.887303 0.799542 0.664264 0.799542 0.721682 
1.883048 0.635754 0.737851 0.670639 0.737851 0.902955 0.818084 0.670639 0.818084 0.735646 
1.894495 0.647948 0.752482 0.685998 0.752482 0.918326 0.836806 0.685998 0.836806 0.754329 
1.905942 0.642574 0.765823 0.697827 0.765823 0.938487 0.855042 0.697827 0.855042 0.761397 
1.917389 0.651310 0.783976 0.716809 0.783976 0.963730 0.867878 0.716809 0.867878 0.781140 
1.928836 0.662311 0.798924 0.718124 0.798924 0.974124 0.890935 0.718124 0.890935 0.801978 
1.940283 0.670488 0.819962 0.736669 0.819962 0.991328 0.905858 0.736669 0.905858 0.823604 
1.951731 0.682628 0.838282 0.750741 0.838282 1.007440 0.927309 0.750741 0.927309 0.845713 
1.963178 0.692928 0.862364 0.772319 0.862364 1.029895 0.948425 0.772319 0.948425 0.854098 
1.974625 0.701554 0.875909 0.784393 0.875909 1.040226 0.968683 0.784393 0.968683 0.875205 
1.986072 0.715638 0.894727 0.798132 0.894727 1.056902 0.982432 0.798132 0.982432 0.902178 
1.997519 0.737233 0.912583 0.823743 0.912583 1.077938 0.999332 0.823743 0.999332 0.909995 
2.008966 0.747111 0.934167 0.837730 0.934167 1.085078 1.018633 0.837730 1.018633 0.924929 
2.020413 0.760811 0.953783 0.859884 0.953783 1.104565 1.038568 0.859884 1.038568 0.950576 
2.031860 0.782874 0.966970 0.878119 0.966970 1.121348 1.049710 0.878119 1.049710 0.966640 
2.043307 0.797207 0.993552 0.896781 0.993552 1.125224 1.072240 0.896781 1.072240 0.994485 
2.054754 0.823267 1.014121 0.917524 1.014121 1.144838 1.088838 0.917524 1.088838 1.000666 
2.066202 0.833876 1.033072 0.937789 1.033072 1.151007 1.103656 0.937789 1.103656 1.031767 
2.077649 0.863489 1.047514 0.957834 1.047514 1.156218 1.115651 0.957834 1.115651 1.044783 
2.089096 0.888648 1.064380 0.975415 1.064380 1.166005 1.124019 0.975415 1.124019 1.063300 
2.100543 0.908075 1.077934 0.994971 1.077934 1.174362 1.136333 0.994971 1.136333 1.092203 
2.111990 0.925547 1.096924 1.017404 1.096924 1.183915 1.151878 1.017404 1.151878 1.095800 
2.123437 0.940712 1.105763 1.039673 1.105763 1.179383 1.164190 1.039673 1.164190 1.113443 
2.134884 0.968210 1.124016 1.051257 1.124016 1.190174 1.171489 1.051257 1.171489 1.122174 
2.146331 0.986113 1.141038 1.072837 1.141038 1.200193 1.175068 1.072837 1.175068 1.134656 
2.157778 1.006183 1.153326 1.089712 1.153326 1.195940 1.190051 1.089712 1.190051 1.149729 
2.169225 1.030626 1.161188 1.109467 1.161188 1.199103 1.194874 1.109467 1.194874 1.160358 
2.180673 1.045392 1.163325 1.118764 1.163325 1.192312 1.197146 1.118764 1.197146 1.162659 
2.192120 1.062369 1.177978 1.139175 1.177978 1.194438 1.203788 1.139175 1.203788 1.176067 
2.203567 1.086049 1.187866 1.148808 1.187866 1.204791 1.201134 1.148808 1.201134 1.195446 
2.215014 1.095755 1.186820 1.158656 1.186820 1.201471 1.205086 1.158656 1.205086 1.191658 
2.226461 1.121435 1.200381 1.173105 1.200381 1.204675 1.209673 1.173105 1.209673 1.208951 
2.237908 1.132933 1.205900 1.180295 1.205900 1.192081 1.208067 1.180295 1.208067 1.201360 
2.249355 1.142363 1.205889 1.187459 1.205889 1.195800 1.215524 1.187459 1.215524 1.197787 
2.260802 1.167172 1.210571 1.193648 1.210571 1.188762 1.211388 1.193648 1.211388 1.213387 
2.272249 1.175747 1.211273 1.205544 1.211273 1.190093 1.207294 1.205544 1.207294 1.216685 
2.283696 1.179767 1.217226 1.210210 1.217226 1.180550 1.203125 1.210210 1.203125 1.211541 
2.295143 1.188828 1.217271 1.218360 1.217271 1.171074 1.199287 1.218360 1.199287 1.216883 
2.306591 1.203945 1.214566 1.217144 1.214566 1.162737 1.193335 1.217144 1.193335 1.218046 
2.318038 1.207440 1.207198 1.220938 1.207198 1.155644 1.193546 1.220938 1.193546 1.202085 
2.329485 1.204436 1.208421 1.222648 1.208421 1.138961 1.179258 1.222648 1.179258 1.211496 
2.340932 1.215986 1.201725 1.220887 1.201725 1.135359 1.168170 1.220887 1.168170 1.202162 
2.352379 1.223001 1.196531 1.222421 1.196531 1.125413 1.160690 1.222421 1.160690 1.196610 
2.363826 1.224691 1.196690 1.222044 1.196690 1.105053 1.166588 1.222044 1.166588 1.198659 
2.375273 1.235301 1.189860 1.216894 1.189860 1.105901 1.149592 1.216894 1.149592 1.187946 
2.386720 1.233760 1.176232 1.209863 1.176232 1.084607 1.139695 1.209863 1.139695 1.186668 
2.398167 1.226139 1.176264 1.208848 1.176264 1.073568 1.131694 1.208848 1.131694 1.172276 
2.409615 1.227965 1.164120 1.200247 1.164120 1.063326 1.121672 1.200247 1.121672 1.169656 
2.421062 1.222754 1.156482 1.190293 1.156482 1.044301 1.107581 1.190293 1.107581 1.161269 
2.432509 1.222710 1.142684 1.187324 1.142684 1.035133 1.092505 1.187324 1.092505 1.139840 
2.443956 1.216782 1.133847 1.181065 1.133847 1.023742 1.087869 1.181065 1.087869 1.134822 
2.455403 1.215019 1.124468 1.172854 1.124468 1.017723 1.068532 1.172854 1.068532 1.125293 
2.466850 1.205745 1.111389 1.163432 1.111389 0.998745 1.062519 1.163432 1.062519 1.108780 
2.478297 1.194927 1.097459 1.158122 1.097459 0.990029 1.043238 1.158122 1.043238 1.099926 
2.489744 1.194199 1.091044 1.143673 1.091044 0.976094 1.030768 1.143673 1.030768 1.090587 
2.501191 1.178381 1.077343 1.127961 1.077343 0.971880 1.021010 1.127961 1.021010 1.076260 
2.512638 1.175928 1.062347 1.122852 1.062347 0.963371 1.011294 1.122852 1.011294 1.068069 
2.524086 1.156644 1.050328 1.108583 1.050328 0.952180 0.999445 1.108583 0.999445 1.057351 
2.535533 1.156136 1.039687 1.098997 1.039687 0.950369 0.987428 1.098997 0.987428 1.033097 
2.546980 1.147946 1.024761 1.078968 1.024761 0.934267 0.972154 1.078968 0.972154 1.029906 
2.558427 1.123743 1.014257 1.072179 1.014257 0.929016 0.966600 1.072179 0.966600 1.009994 
2.569874 1.120613 1.003929 1.058719 1.003929 0.919305 0.959741 1.058719 0.959741 1.006509 
2.581321 1.106762 0.994881 1.048173 0.994881 0.914359 0.941828 1.048173 0.941828 0.996902 
2.592768 1.099286 0.979669 1.032362 0.979669 0.911885 0.940519 1.032362 0.940519 0.978368 
2.604215 1.076250 0.970798 1.024061 0.970798 0.902082 0.929228 1.024061 0.929228 0.973105 
2.615662 1.071280 0.958769 1.017192 0.958769 0.903240 0.926257 1.017192 0.926257 0.960879 
2.627109 1.060054 0.956581 1.000142 0.956581 0.890861 0.920393 1.000142 0.920393 0.952334 
2.638557 1.043636 0.943721 0.989632 0.943721 0.888127 0.908868 0.989632 0.908868 0.941944 
2.650004 1.032327 0.937202 0.974898 0.937202 0.886267 0.904055 0.974898 0.904055 0.935057 
2.661451 1.014848 0.924506 0.959633 0.924506 0.890199 0.898172 0.959633 0.898172 0.929110 
2.672898 1.006154 0.918559 0.960693 0.918559 0.887258 0.894787 0.960693 0.894787 0.920229 
2.684345 0.998814 0.910838 0.948039 0.910838 0.889817 0.893057 0.948039 0.893057 0.911489 
2.695792 0.981760 0.903884 0.940249 0.903884 0.879891 0.883721 0.940249 0.883721 0.909016 
2.707239 0.970942 0.899504 0.933691 0.899504 0.878586 0.886627 0.933691 0.886627 0.898403 
2.718686 0.966310 0.895821 0.921386 0.895821 0.887119 0.883637 0.921386 0.883637 0.895782 
2.730133 0.958058 0.892483 0.917401 0.892483 0.887885 0.881283 0.917401 0.881283 0.887074 
2.741580 0.941750 0.889270 0.907240 0.889270 0.890738 0.880399 0.907240 0.880399 0.882355 
2.753028 0.936539 0.887686 0.901838 0.887686 0.895417 0.881063 0.901838 0.881063 0.886008 
2.764475 0.928018 0.882377 0.896987 0.882377 0.891724 0.880672 0.896987 0.880672 0.882984 
2.775922 0.915540 0.876755 0.890462 0.876755 0.904008 0.881974 0.890462 0.881974 0.880358 
2.787369 0.910463 0.878347 0.884924 0.878347 0.894639 0.886205 0.884924 0.886205 0.878561 
2.798816 0.905951 0.879762 0.888307 0.879762 0.898308 0.885406 0.888307 0.885406 0.879004 
2.810263 0.898880 0.879532 0.882184 0.879532 0.910003 0.888544 0.882184 0.888544 0.876165 
2.821710 0.891054 0.879540 0.881081 0.879540 0.910091 0.891069 0.881081 0.891069 0.878731 
2.833157 0.886299 0.883322 0.879700 0.883322 0.915509 0.892791 0.879700 0.892791 0.881118 
2.844604 0.881116 0.885221 0.878896 0.885221 0.926095 0.900858 0.878896 0.900858 0.885517 
2.856051 0.876442 0.888401 0.874451 0.888401 0.925707 0.902734 0.874451 0.902734 0.887488 
2.867499 0.882179 0.888023 0.876135 0.888023 0.939970 0.907543 0.876135 0.907543 0.890913 
2.878946 0.876557 0.890193 0.882197 0.890193 0.941429 0.914153 0.882197 0.914153 0.893360 
2.890393 0.872889 0.895392 0.879477 0.895392 0.945751 0.915887 0.879477 0.915887 0.893500 
2.901840 0.882208 0.897160 0.878681 0.897160 0.956700 0.922234 0.878681 0.922234 0.895554 
2.913287 0.873959 0.903259 0.883936 0.903259 0.957240 0.928688 0.883936 0.928688 0.903319 
2.924734 0.877876 0.907895 0.883085 0.907895 0.963792 0.935943 0.883085 0.935943 0.904136 
2.936181 0.873638 0.912854 0.886915 0.912854 0.972268 0.938035 0.886915 0.938035 0.915603 
2.947628 0.880163 0.919566 0.894650 0.919566 0.975808 0.947544 0.894650 0.947544 0.918156 
2.959075 0.881900 0.919419 0.898029 0.919419 0.983027 0.950252 0.898029 0.950252 0.926046 
2.970522 0.879641 0.931230 0.898848 0.931230 0.990715 0.959663 0.898848 0.959663 0.926602 
2.981969 0.883171 0.936566 0.906682 0.936566 0.995480 0.965449 0.906682 0.965449 0.940746 
2.993417 0.892077 0.943327 0.913310 0.943327 1.000260 0.971030 0.913310 0.971030 0.944880 
3.004864 0.891773 0.947698 0.918126 0.947698 1.008050 0.977257 0.918126 0.977257 0.945975 
3.016311 0.895358 0.953920 0.922877 0.953920 1.015548 0.986857 0.922877 0.986857 0.956690 
3.027758 0.897817 0.962926 0.932633 0.962926 1.016774 0.984873 0.932633 0.984873 0.958297 
3.039205 0.906202 0.968026 0.936050 0.968026 1.022248 0.995852 0.936050 0.995852 0.965227 
3.050652 0.911495 0.975170 0.939495 0.975170 1.028501 1.005661 0.939495 1.005661 0.977425 
3.062099 0.917910 0.979174 0.948402 0.979174 1.030371 1.009822 0.948402 1.009822 0.981734 
3.073546 0.921260 0.986428 0.954771 0.986428 1.032666 1.013455 0.954771 1.013455 0.985695 
3.084993 0.930415 0.994975 0.964506 0.994975 1.038310 1.017237 0.964506 1.017237 0.997771 
3.096441 0.938906 0.998022 0.968092 0.998022 1.042968 1.024023 0.968092 1.024023 1.003016 
3.107888 0.948301 1.003233 0.973287 1.003233 1.051325 1.031248 0.973287 1.031248 1.006102 
3.119335 0.950941 1.010632 0.984385 1.010632 1.049573 1.034357 0.984385 1.034357 1.010445 
3.130782 0.955052 1.018106 0.988977 1.018106 1.059175 1.038343 0.988977 1.038343 1.016157 
3.142229 0.962373 1.023432 0.998585 1.023432 1.055227 1.042920 0.998585 1.042920 1.021322 
3.153676 0.973692 1.027307 1.002344 1.027307 1.053241 1.052015 1.002344 1.052015 1.028868 
3.165123 0.978224 1.035582 1.004546 1.035582 1.062868 1.048571 1.004546 1.048571 1.031568 
3.176570 0.986121 1.035028 1.018492 1.035028 1.060888 1.050290 1.018492 1.050290 1.036959 
3.188017 0.989922 1.043080 1.018776 1.043080 1.059103 1.053537 1.018776 1.053537 1.049428 
3.199464 0.997133 1.043330 1.026420 1.043330 1.058453 1.052326 1.026420 1.052326 1.047994 
3.210912 1.003049 1.049621 1.030599 1.049621 1.060981 1.061535 1.030599 1.061535 1.048660 
3.222359 1.013304 1.055750 1.040523 1.055750 1.064209 1.063717 1.040523 1.063717 1.053413 
3.233806 1.021076 1.060159 1.037456 1.060159 1.062747 1.066334 1.037456 1.066334 1.057572 
3.245253 1.024004 1.057010 1.040825 1.057010 1.061641 1.065516 1.040825 1.065516 1.058903 
3.256700 1.028890 1.062941 1.050898 1.062941 1.065556 1.066394 1.050898 1.066394 1.063296 
3.268147 1.034434 1.063260 1.057102 1.063260 1.067508 1.066726 1.057102 1.066726 1.063696 
3.279594 1.043080 1.065315 1.057334 1.065315 1.055594 1.066074 1.057334 1.066074 1.067141 
3.291041 1.040872 1.063022 1.061581 1.063022 1.066225 1.064034 1.061581 1.064034 1.069715 
3.302488 1.051074 1.062414 1.064364 1.062414 1.057920 1.063446 1.064364 1.063446 1.071597 
3.313935 1.045913 1.068470 1.064798 1.068470 1.058222 1.064736 1.064798 1.064736 1.067454 
3.325383 1.056805 1.066074 1.068946 1.066074 1.051568 1.065650 1.068946 1.065650 1.066856 
3.336830 1.057903 1.068958 1.069216 1.068958 1.054534 1.062875 1.069216 1.062875 1.068271 
3.348277 1.060165 1.069983 1.067891 1.069983 1.049562 1.059674 1.067891 1.059674 1.070553 
3.359724 1.065861 1.063492 1.072547 1.063492 1.042128 1.059032 1.072547 1.059032 1.065390 
3.371171 1.065490 1.063740 1.067879 1.063740 1.045975 1.055848 1.067879 1.055848 1.067156 
3.382618 1.069984 1.066104 1.070110 1.066104 1.043058 1.054541 1.070110 1.054541 1.066095 
3.394065 1.072469 1.062665 1.073391 1.062665 1.040178 1.052683 1.073391 1.052683 1.064540 
3.405512 1.072164 1.062521 1.068471 1.062521 1.035273 1.052065 1.068471 1.052065 1.060614 
3.416959 1.073402 1.059484 1.074944 1.059484 1.035510 1.047129 1.074944 1.047129 1.061455 
3.428406 1.078073 1.055219 1.066518 1.055219 1.034924 1.044163 1.066518 1.044163 1.053781 
3.439854 1.070758 1.057029 1.067324 1.057029 1.029128 1.045121 1.067324 1.045121 1.057431 
3.451301 1.077216 1.054549 1.064190 1.054549 1.023826 1.040236 1.064190 1.040236 1.050407 
3.462748 1.073959 1.047715 1.061815 1.047715 1.020375 1.033312 1.061815 1.033312 1.051392 
3.474195 1.073398 1.049128 1.062050 1.049128 1.017476 1.031060 1.062050 1.031060 1.041059 
3.485642 1.070578 1.041684 1.060560 1.041684 1.016730 1.027425 1.060560 1.027425 1.049296 
3.497089 1.069181 1.036166 1.059011 1.036166 1.009617 1.028957 1.059011 1.028957 1.037991 
3.508536 1.066859 1.034406 1.054834 1.034406 1.000020 1.025123 1.054834 1.025123 1.039552 
3.519983 1.061944 1.035243 1.051329 1.035243 1.007702 1.017822 1.051329 1.017822 1.033474 
3.531430 1.057278 1.031444 1.045144 1.031444 1.001612 1.017966 1.045144 1.017966 1.026901 
3.542877 1.059520 1.027136 1.047203 1.027136 0.995954 1.010367 1.047203 1.010367 1.027812 
3.554325 1.058167 1.024282 1.039521 1.024282 0.992723 1.006081 1.039521 1.006081 1.020772 
3.565772 1.048056 1.021784 1.037702 1.021784 0.997049 1.007014 1.037702 1.007014 1.021687 
3.577219 1.049463 1.020538 1.033584 1.020538 0.990795 0.999902 1.033584 0.999902 1.017838 
3.588666 1.049352 1.012143 1.032526 1.012143 0.986687 0.998479 1.032526 0.998479 1.011447 
3.600113 1.048938 1.010008 1.029400 1.010008 0.986815 0.993560 1.029400 0.993560 1.015848 
3.611560 1.041049 1.004700 1.024221 1.004700 0.983045 0.993744 1.024221 0.993744 1.002758 
3.623007 1.039480 1.002694 1.021824 1.002694 0.974091 0.991959 1.021824 0.991959 1.002807 
3.634454 1.036692 1.000201 1.014102 1.000201 0.974183 0.989764 1.014102 0.989764 0.999112 
3.645901 1.032225 1.001178 1.014845 1.001178 0.978389 0.982457 1.014845 0.982457 0.997902 
3.657349 1.026564 0.996514 1.009183 0.996514 0.970014 0.980609 1.009183 0.980609 0.992895 
3.668796 1.021125 0.990617 1.009432 0.990617 0.970533 0.984023 1.009432 0.984023 0.990393 
3.680243 1.019601 0.987614 1.003806 0.987614 0.966663 0.975774 1.003806 0.975774 0.989056 
3.691690 1.009616 0.987847 0.998516 0.987847 0.967966 0.975209 0.998516 0.975209 0.984299 
3.703137 1.010751 0.978889 0.996414 0.978889 0.965567 0.972060 0.996414 0.972060 0.979812 
3.714584 1.005803 0.979549 0.991708 0.979549 0.964571 0.970894 0.991708 0.970894 0.977984 
3.726031 1.006820 0.977040 0.994063 0.977040 0.963647 0.969910 0.994063 0.969910 0.977251 
3.737478 1.005481 0.974076 0.983867 0.974076 0.959903 0.968926 0.983867 0.968926 0.978737 
3.748925 0.996909 0.975342 0.987052 0.975342 0.959926 0.967222 0.987052 0.967222 0.976339 
3.760372 0.995175 0.969398 0.981054 0.969398 0.959927 0.964569 0.981054 0.964569 0.967875 
3.771819 0.993424 0.972169 0.976616 0.972169 0.961769 0.965196 0.976616 0.965196 0.964293 
3.783267 0.985895 0.966812 0.975726 0.966812 0.960710 0.964471 0.975726 0.964471 0.966415 
3.794714 0.985201 0.968424 0.971204 0.968424 0.959657 0.963668 0.971204 0.963668 0.967366 
3.806161 0.982406 0.965436 0.971592 0.965436 0.962652 0.962212 0.971592 0.962212 0.963130 
3.817608 0.987559 0.967097 0.969229 0.967097 0.958512 0.963688 0.969229 0.963688 0.959996 
3.829055 0.978786 0.962190 0.967136 0.962190 0.962556 0.963433 0.967136 0.963433 0.964414 
3.840502 0.975884 0.962615 0.965239 0.962615 0.966556 0.962475 0.965239 0.962475 0.964116 
3.851949 0.977514 0.959962 0.964048 0.959962 0.967058 0.965290 0.964048 0.965290 0.961521 
3.863396 0.970310 0.960009 0.964659 0.960009 0.967968 0.963973 0.964659 0.963973 0.962546 
3.874843 0.968632 0.962256 0.965058 0.962256 0.967701 0.966673 0.965058 0.966673 0.959910 
3.886290 0.966044 0.963492 0.963113 0.963492 0.976866 0.965742 0.963113 0.965742 0.963821 
3.897738 0.966252 0.962164 0.960478 0.962164 0.974590 0.966357 0.960478 0.966357 0.961592 
3.909185 0.965729 0.962627 0.963197 0.962627 0.972946 0.969391 0.963197 0.969391 0.957693 
3.920632 0.964448 0.960938 0.961982 0.960938 0.975697 0.970001 0.961982 0.970001 0.959217 
3.932079 0.960684 0.962811 0.960755 0.962811 0.980292 0.968725 0.960755 0.968725 0.963925 
3.943526 0.962083 0.964933 0.961021 0.964933 0.980293 0.971221 0.961021 0.971221 0.964612 
3.954973 0.956918 0.965275 0.963996 0.965275 0.978394 0.971956 0.963996 0.971956 0.965812 
3.966420 0.960941 0.968040 0.958737 0.968040 0.983836 0.975090 0.958737 0.975090 0.966182 
3.977867 0.960287 0.970324 0.963796 0.970324 0.987993 0.977690 0.963796 0.977690 0.970745 
3.989314 0.957472 0.971040 0.963586 0.971040 0.989258 0.978345 0.963586 0.978345 0.969926 
4.000761 0.961542 0.971975 0.964437 0.971975 0.992331 0.979989 0.964437 0.979989 0.972782 
4.012208 0.962617 0.972463 0.966781 0.972463 0.988141 0.983120 0.966781 0.983120 0.973594 
4.023656 0.959042 0.974085 0.968528 0.974085 0.990696 0.985284 0.968528 0.985284 0.974770 
4.035103 0.961342 0.978226 0.968774 0.978226 1.001202 0.987453 0.968774 0.987453 0.972128 
4.046550 0.963335 0.977337 0.971217 0.977337 0.999233 0.989740 0.971217 0.989740 0.979144 
4.057997 0.960947 0.980693 0.975925 0.980693 0.998914 0.991861 0.975925 0.991861 0.980638 
4.069444 0.966927 0.981285 0.971743 0.981285 1.003134 0.994184 0.971743 0.994184 0.986680 
4.080891 0.969925 0.983714 0.976515 0.983714 1.005641 0.996471 0.976515 0.996471 0.982657 
4.092338 0.966063 0.988195 0.979389 0.988195 1.010135 0.999160 0.979389 0.999160 0.987501 
4.103785 0.967016 0.989811 0.979507 0.989811 1.009283 1.001139 0.979507 1.001139 0.989181 
4.115232 0.971847 0.993289 0.982216 0.993289 1.009856 1.001770 0.982216 1.001770 0.989245 
4.126679 0.975296 0.996401 0.983084 0.996401 1.013534 1.005967 0.983084 1.005967 1.000266 
4.138127 0.977251 0.997580 0.986183 0.997580 1.011218 1.004467 0.986183 1.004467 0.996012 
4.149574 0.981378 1.000180 0.988927 1.000180 1.014048 1.007313 0.988927 1.007313 0.997597 
4.161021 0.978413 1.000865 0.989177 1.000865 1.014706 1.008322 0.989177 1.008322 1.002914 
4.172468 0.980864 0.999111 0.990027 0.999111 1.010468 1.008572 0.990027 1.008572 0.999996 
4.183915 0.986039 1.003019 0.993379 1.003019 1.020301 1.012931 0.993379 1.012931 1.003028 
4.195362 0.984874 1.007176 0.997630 1.007176 1.019595 1.012074 0.997630 1.012074 1.008206 
4.206809 0.988079 1.009150 0.997511 1.009150 1.022646 1.015135 0.997511 1.015135 1.006932 
4.218256 0.992105 1.012457 1.002513 1.012457 1.022831 1.018851 1.002513 1.018851 1.012209 
4.229703 0.994360 1.013187 1.004562 1.013187 1.019994 1.018375 1.004562 1.018375 1.008810 
4.241150 0.996273 1.014395 1.005867 1.014395 1.024602 1.023936 1.005867 1.023936 1.016949 
4.252598 0.998314 1.013734 1.007293 1.013734 1.021295 1.016843 1.007293 1.016843 1.012764 
4.264045 0.999288 1.016571 1.009348 1.016571 1.022663 1.022688 1.009348 1.022688 1.016522 
4.275492 1.003778 1.018458 1.011959 1.018458 1.022271 1.022070 1.011959 1.022070 1.018410 
4.286939 1.004843 1.017209 1.013867 1.017209 1.025289 1.022322 1.013867 1.022322 1.017712 
4.298386 1.009254 1.022402 1.015217 1.022402 1.019618 1.022522 1.015217 1.022522 1.018877 
4.309833 1.017962 1.019821 1.015118 1.019821 1.022118 1.023499 1.015118 1.023499 1.020718 
4.321280 1.013910 1.022914 1.020728 1.022914 1.019773 1.023190 1.020728 1.023190 1.023299 
4.332727 1.013774 1.025579 1.018781 1.025579 1.019288 1.021679 1.018781 1.021679 1.025042 
4.344174 1.014861 1.023251 1.019647 1.023251 1.021523 1.024420 1.019647 1.024420 1.024394 
4.355622 1.017573 1.023801 1.021664 1.023801 1.020783 1.022947 1.021664 1.022947 1.026004 
4.367069 1.017669 1.024290 1.022893 1.024290 1.022134 1.022116 1.022893 1.022116 1.023902 
4.378516 1.016276 1.025068 1.023252 1.025068 1.020105 1.024398 1.023252 1.024398 1.021659 
4.389963 1.021906 1.023176 1.024696 1.023176 1.022257 1.023973 1.024696 1.023973 1.024370 
4.401410 1.022957 1.024172 1.024786 1.024172 1.019754 1.022354 1.024786 1.022354 1.025525 
4.412857 1.025360 1.023068 1.024076 1.023068 1.018317 1.020285 1.024076 1.020285 1.026710 
4.424304 1.022327 1.021892 1.023613 1.021892 1.018189 1.020410 1.023613 1.020410 1.027581 
4.435751 1.020402 1.021941 1.027868 1.021941 1.016760 1.019100 1.027868 1.019100 1.027291 
4.447198 1.025451 1.021965 1.024314 1.021965 1.014789 1.019796 1.024314 1.019796 1.021776 
4.458645 1.024208 1.020913 1.023383 1.020913 1.014982 1.021242 1.023383 1.021242 1.021149 
4.470093 1.027241 1.022413 1.021550 1.022413 1.014936 1.017999 1.021550 1.017999 1.023691 
4.481540 1.026141 1.023031 1.025426 1.023031 1.010568 1.017055 1.025426 1.017055 1.024096 
4.492987 1.030203 1.020470 1.025143 1.020470 1.011567 1.016719 1.025143 1.016719 1.017556 
4.504434 1.027989 1.020407 1.025373 1.020407 1.004598 1.017745 1.025373 1.017745 1.018354 
4.515881 1.029806 1.019547 1.022263 1.019547 1.009629 1.012154 1.022263 1.012154 1.021102 
4.527328 1.027242 1.016718 1.023178 1.016718 1.007281 1.010493 1.023178 1.010493 1.016410 
4.538775 1.026493 1.019315 1.021264 1.019315 1.006255 1.010874 1.021264 1.010874 1.014426 
4.550222 1.025891 1.016141 1.019950 1.016141 1.007492 1.011365 1.019950 1.011365 1.020297 
4.561669 1.025828 1.018185 1.018670 1.018185 1.002120 1.006739 1.018670 1.006739 1.017738 
4.573116 1.022123 1.012404 1.024327 1.012404 1.001588 1.010137 1.024327 1.010137 1.014454 
4.584563 1.024340 1.011823 1.017323 1.011823 1.001070 1.005677 1.017323 1.005677 1.014474 
4.596011 1.018996 1.012474 1.016804 1.012474 0.997445 1.004396 1.016804 1.004396 1.014400 
4.607458 1.021979 1.007297 1.018104 1.007297 0.997566 1.004579 1.018104 1.004579 1.013260 
4.618905 1.016822 1.007487 1.016133 1.007487 0.999937 1.002034 1.016133 1.002034 1.014234 
4.630352 1.022881 1.009625 1.013520 1.009625 0.999939 0.998934 1.013520 0.998934 1.006835 
4.641799 1.017643 1.005965 1.011233 1.005965 0.993137 0.999975 1.011233 0.999975 1.005797 
4.653246 1.018665 1.002866 1.010958 1.002866 0.992551 0.996914 1.010958 0.996914 1.005825 
4.664693 1.017653 1.003640 1.009767 1.003640 0.994111 1.001428 1.009767 1.001428 1.004474 
4.676140 1.017800 1.003656 1.006430 1.003656 0.994133 0.995688 1.006430 0.995688 1.003873 
4.687587 1.013184 1.000867 1.005152 1.000867 0.991775 0.996896 1.005152 0.996896 1.001377 
4.699035 1.013805 0.998434 1.004779 0.998434 0.989582 0.993576 1.004779 0.993576 0.999927 
4.710482 1.012495 0.995871 1.005175 0.995871 0.990395 0.992918 1.005175 0.992918 1.000076 
4.721929 1.008447 0.996697 1.005314 0.996697 0.992597 0.992499 1.005314 0.992499 0.998023 
4.733376 1.012207 0.996194 1.001656 0.996194 0.986945 0.991977 1.001656 0.991977 0.995872 
4.744823 1.007973 0.994926 1.001132 0.994926 0.987849 0.989899 1.001132 0.989899 0.999486 
4.756270 1.006572 0.995838 1.000948 0.995838 0.986963 0.990225 1.000948 0.990225 0.992006 
4.767717 1.003199 0.993295 0.997616 0.993295 0.986149 0.990215 0.997616 0.990215 0.995349 
4.779164 1.004238 0.993669 0.998748 0.993669 0.988625 0.990874 0.998748 0.990874 0.994831 
4.790611 1.003323 0.991966 0.995387 0.991966 0.987603 0.989983 0.995387 0.989983 0.989435 
4.802058 1.007367 0.989386 0.998273 0.989386 0.988390 0.989596 0.998273 0.989596 0.993728 
4.813506 0.999319 0.990625 0.994189 0.990625 0.989325 0.988393 0.994189 0.988393 0.991497 
4.824953 0.999877 0.989749 0.994932 0.989749 0.988131 0.987083 0.994932 0.987083 0.989680 
4.836400 0.995242 0.990607 0.991140 0.990607 0.989378 0.986945 0.991140 0.986945 0.987790 
4.847847 0.997704 0.991024 0.991850 0.991024 0.988685 0.987859 0.991850 0.987859 0.986097 
4.859294 0.993629 0.986648 0.990665 0.986648 0.989560 0.986720 0.990665 0.986720 0.990039 
4.870741 0.994171 0.986777 0.990356 0.986777 0.987491 0.988419 0.990356 0.988419 0.989339 
4.882188 0.992288 0.988782 0.989466 0.988782 0.987909 0.988359 0.989466 0.988359 0.985180 
4.893635 0.991391 0.987766 0.987995 0.987766 0.985192 0.983642 0.987995 0.983642 0.984833 
4.905082 0.988483 0.985773 0.989552 0.985773 0.989684 0.987325 0.989552 0.987325 0.987977 
4.916529 0.991033 0.989674 0.985338 0.989674 0.991383 0.988542 0.985338 0.988542 0.986053 
4.927977 0.988569 0.987520 0.985385 0.987520 0.988626 0.990380 0.985385 0.990380 0.988284 
4.939424 0.985497 0.985842 0.986635 0.985842 0.987614 0.986671 0.986635 0.986671 0.986130 
4.950871 0.989777 0.986681 0.989456 0.986681 0.988547 0.985835 0.989456 0.985835 0.985076 
4.962318 0.989165 0.989300 0.986957 0.989300 0.989620 0.989578 0.986957 0.989578 0.987538 
4.973765 0.990143 0.987613 0.986624 0.987613 0.993950 0.989600 0.986624 0.989600 0.986434 
4.985212 0.987430 0.989824 0.984844 0.989824 0.993963 0.993089 0.984844 0.993089 0.987149 
4.996659 0.985362 0.986988 0.988221 0.986988 0.993140 0.989315 0.988221 0.989315 0.987153 
5.008106 0.987208 0.985587 0.986001 0.985587 0.996248 0.992051 0.986001 0.992051 0.989871 
5.019553 0.986740 0.987184 0.988633 0.987184 0.994069 0.991620 0.988633 0.991620 0.989735 
5.031000 0.986424 0.992069 0.987104 0.992069 0.995604 0.993296 0.987104 0.993296 0.990073 
5.042448 0.986446 0.989862 0.985512 0.989862 0.994794 0.994202 0.985512 0.994202 0.993055 
5.053895 0.987241 0.988516 0.991424 0.988516 0.994111 0.992307 0.991424 0.992307 0.992232 
5.065342 0.987643 0.991080 0.989373 0.991080 0.999600 0.992065 0.989373 0.992065 0.991563 
5.076789 0.985962 0.992516 0.988398 0.992516 0.996433 0.996869 0.988398 0.996869 0.992182 
5.088236 0.988913 0.991809 0.987542 0.991809 0.997975 0.996156 0.987542 0.996156 0.991023 
5.099683 0.986334 0.992546 0.989107 0.992546 1.001493 0.995293 0.989107 0.995293 0.994215 
5.111130 0.991073 0.995376 0.991157 0.995376 1.000405 0.996755 0.991157 0.996755 0.990934 
5.122577 0.989141 0.993236 0.991729 0.993236 1.000297 0.998053 0.991729 0.998053 0.992472 
5.134024 0.990528 0.996544 0.991886 0.996544 0.999351 0.998538 0.991886 0.998538 0.992589 
5.145472 0.990989 0.996046 0.992280 0.996046 1.002486 0.998419 0.992280 0.998419 0.996335 
5.156919 0.993510 0.997502 0.991723 0.997502 1.002198 1.001549 0.991723 1.001549 0.994992 
5.168365 0.990693 0.998512 0.993575 0.998512 1.004562 1.001755 0.993575 1.001755 1.000063 
5.179813 0.993070 0.998806 0.994936 0.998806 1.006486 1.001090 0.994936 1.001090 0.998918 
5.191260 0.988918 0.997803 0.995473 0.997803 1.001443 1.002561 0.995473 1.002561 0.998237 
5.202707 0.994156 1.001602 0.995702 1.001602 1.005687 1.001250 0.995702 1.001250 1.001656 
5.214154 0.993304 1.001432 0.995708 1.001432 1.007152 1.004097 0.995708 1.004097 1.000572 
5.225601 0.994357 1.000568 0.996590 1.000568 1.004328 1.004820 0.996590 1.004820 1.001919 
5.237048 0.992410 1.004646 0.999241 1.004646 1.006396 1.004903 0.999241 1.004903 0.999873 
5.248495 0.996924 1.002642 1.001782 1.002642 1.007378 1.003816 1.001782 1.003816 1.000599 
5.259943 0.996667 1.001796 1.000672 1.001796 1.007232 1.006579 1.000672 1.006579 1.004014 
5.271389 0.999378 1.005452 1.001817 1.005452 1.007897 1.005567 1.001817 1.005567 1.003376 
5.282837 0.996660 1.005119 1.001340 1.005119 1.009858 1.008048 1.001340 1.008048 1.002135 
5.294284 0.999623 1.004638 1.001704 1.004638 1.011075 1.008502 1.001704 1.008502 1.006548 
5.305731 0.998476 1.006026 1.002785 1.006026 1.008758 1.008074 1.002785 1.008074 1.009266 
5.317178 1.001367 1.005183 1.003078 1.005183 1.010520 1.006242 1.003078 1.006242 1.009557 
5.328625 1.003461 1.006173 1.004467 1.006173 1.010795 1.007592 1.004467 1.007592 1.009569 
5.340072 1.007527 1.007702 1.004279 1.007702 1.009910 1.009143 1.004279 1.009143 1.005575 
5.351519 1.003046 1.007781 1.004503 1.007781 1.010945 1.010301 1.004503 1.010301 1.008466 
5.362966 1.002647 1.009288 1.006266 1.009288 1.009771 1.009505 1.006266 1.009505 1.007345 
5.374413 1.003039 1.009233 1.008773 1.009233 1.006640 1.010315 1.008773 1.010315 1.006955 
5.385860 1.006923 1.007078 1.006075 1.007078 1.008297 1.009009 1.006075 1.009009 1.006640 
5.397308 1.007610 1.009936 1.007055 1.009936 1.007390 1.008851 1.007055 1.008851 1.011561 
5.408755 1.006140 1.008910 1.008211 1.008910 1.008376 1.010036 1.008211 1.010036 1.009569 
5.420202 1.005503 1.008687 1.009644 1.008687 1.010241 1.009459 1.009644 1.009459 1.008624 
5.431649 1.008253 1.007398 1.011228 1.007398 1.003407 1.008807 1.011228 1.008807 1.007335 
5.443096 1.006832 1.009588 1.009267 1.009588 1.011579 1.008416 1.009267 1.008416 1.011710 
5.454543 1.006647 1.010490 1.008591 1.010490 1.007424 1.009004 1.008591 1.009004 1.011306 
5.465990 1.008769 1.010278 1.009341 1.010278 1.008610 1.008737 1.009341 1.008737 1.012101 
5.477437 1.012166 1.009784 1.010240 1.009784 1.008833 1.008130 1.010240 1.008130 1.007903 
5.488884 1.008045 1.009128 1.007814 1.009128 1.006372 1.008625 1.007814 1.008625 1.009583 
5.500331 1.010595 1.006732 1.012267 1.006732 1.005636 1.007309 1.012267 1.007309 1.006842 
5.511779 1.009254 1.008664 1.010694 1.008664 1.004823 1.005984 1.010694 1.005984 1.008065 
5.523226 1.009395 1.007061 1.011087 1.007061 1.005126 1.007745 1.011087 1.007745 1.012287 
5.534673 1.011028 1.007405 1.010423 1.007405 1.007980 1.007926 1.010423 1.007926 1.009171 
5.546120 1.008465 1.006942 1.009522 1.006942 1.004539 1.006760 1.009522 1.006760 1.008096 
5.557567 1.008281 1.007044 1.012248 1.007044 1.003909 1.006442 1.012248 1.006442 1.004640 
5.569014 1.011381 1.006017 1.009860 1.006017 1.005270 1.004221 1.009860 1.004221 1.008497 
5.580461 1.008857 1.007126 1.009567 1.007126 1.004032 1.006349 1.009567 1.006349 1.007973 
5.591908 1.009383 1.006204 1.007072 1.006204 1.003301 1.006843 1.007072 1.006843 1.003424 
5.603355 1.006026 1.008442 1.008802 1.008442 1.004940 1.005657 1.008802 1.005657 1.007866 
5.614803 1.010474 1.005231 1.008986 1.005231 0.998014 1.001827 1.008986 1.001827 1.007674 
5.626250 1.012938 1.005756 1.007793 1.005756 1.004853 1.002744 1.007793 1.002744 1.004664 
5.637697 1.011375 1.006355 1.008220 1.006355 1.003716 1.003291 1.008220 1.003291 1.004056 
5.649144 1.011259 1.003938 1.008553 1.003938 1.002122 1.001992 1.008553 1.001992 1.005042 
5.660591 1.011848 1.002492 1.007991 1.002492 0.998111 1.001005 1.007991 1.001005 1.006858 
5.672038 1.009897 1.005485 1.006888 1.005485 1.000456 0.999381 1.006888 0.999381 1.003610 
5.683485 1.008278 1.001939 1.004814 1.001939 1.000636 1.000624 1.004814 1.000624 1.004410 
5.694932 1.010192 1.002918 1.006897 1.002918 0.998356 0.999837 1.006897 0.999837 1.005226 
5.706379 1.006019 1.001380 1.005426 1.001380 0.999338 1.001296 1.005426 1.001296 1.002026 
5.717826 1.007113 1.001566 1.005625 1.001566 0.997169 0.997923 1.005625 0.997923 1.003338 
5.729274 1.003348 0.999029 1.000745 0.999029 0.995353 0.994768 1.000745 0.994768 0.996575 
5.740721 0.996561 0.993864 0.995504 0.993864 0.987521 0.989284 0.995504 0.989284 0.995113 
5.752168 0.992636 0.986411 0.988365 0.986411 0.983454 0.983159 0.988365 0.983159 0.986324 
5.763615 0.984075 0.978049 0.982170 0.978049 0.973838 0.976302 0.982170 0.976302 0.977533 
5.775062 0.979664 0.973642 0.976320 0.973642 0.970655 0.971848 0.976320 0.971848 0.973009 
5.786509 0.971693 0.967539 0.968983 0.967539 0.966031 0.964979 0.968983 0.964979 0.969068 
5.797956 0.967171 0.961771 0.963333 0.961771 0.954931 0.959160 0.963333 0.959160 0.958513 
5.809403 0.958034 0.953663 0.954119 0.953663 0.952205 0.951802 0.954119 0.951802 0.953748 
5.820850 0.951925 0.946640 0.949974 0.946640 0.946602 0.946553 0.949974 0.946553 0.948924 
5.832297 0.945286 0.942264 0.944812 0.942264 0.940381 0.942108 0.944812 0.942108 0.940672 
5.843745 0.938751 0.937759 0.936670 0.937759 0.931949 0.932966 0.936670 0.932966 0.935765 
5.855192 0.936215 0.931309 0.931724 0.931309 0.930508 0.928812 0.931724 0.928812 0.929512 
5.866639 0.925152 0.922923 0.925898 0.922923 0.924663 0.922812 0.925898 0.922812 0.923935 
5.878086 0.919629 0.917024 0.916876 0.917024 0.916549 0.915358 0.916876 0.915358 0.918634 
5.889533 0.915491 0.912936 0.912763 0.912936 0.913328 0.911591 0.912763 0.911591 0.911902 
5.900980 0.907765 0.905190 0.908067 0.905190 0.904203 0.905718 0.908067 0.905718 0.906207 
5.912427 0.905081 0.901745 0.902247 0.901745 0.899774 0.900192 0.902247 0.900192 0.899155 
5.923874 0.896729 0.896484 0.894836 0.896484 0.893817 0.894732 0.894836 0.894732 0.895893 
5.935321 0.890456 0.887886 0.889549 0.887886 0.888198 0.887914 0.889549 0.887914 0.890013 
5.946768 0.884510 0.884877 0.883192 0.884877 0.882506 0.885109 0.883192 0.885109 0.885414 
5.958215 0.882282 0.879778 0.877978 0.879778 0.875618 0.877772 0.877978 0.877772 0.878293 
5.969663 0.874037 0.871881 0.872709 0.871881 0.873704 0.871520 0.872709 0.871520 0.873951 
5.981110 0.869615 0.867245 0.868527 0.867245 0.868155 0.867418 0.868527 0.867418 0.866698 
5.992557 0.862658 0.860138 0.861980 0.860138 0.863100 0.862023 0.861980 0.862023 0.861670 
6.004004 0.856971 0.856273 0.857002 0.856273 0.857280 0.858060 0.857002 0.858060 0.854855 
6.015451 0.853020 0.851382 0.848868 0.851382 0.852070 0.850435 0.848868 0.850435 0.849682 
6.026898 0.847068 0.846214 0.846674 0.846214 0.848368 0.847632 0.846674 0.847632 0.844921 
6.038345 0.838745 0.842697 0.839144 0.842697 0.842528 0.840441 0.839144 0.840441 0.841126 
6.049792 0.835128 0.836181 0.834514 0.836181 0.836358 0.835785 0.834514 0.835785 0.835070 
6.061239 0.828110 0.830330 0.829854 0.830330 0.831044 0.830238 0.829854 0.830238 0.828938 
6.072687 0.826755 0.824869 0.824253 0.824869 0.825086 0.827149 0.824253 0.827149 0.825906 
6.084134 0.817053 0.817788 0.818534 0.817788 0.822146 0.819251 0.818534 0.819251 0.822075 
6.095581 0.810616 0.816133 0.813899 0.816133 0.816602 0.815026 0.813899 0.815026 0.812278 
6.107028 0.807056 0.809245 0.808798 0.809245 0.810057 0.810437 0.808798 0.810437 0.806448 
6.118475 0.800654 0.803777 0.802912 0.803777 0.805880 0.805421 0.802912 0.805421 0.802169 
6.129922 0.799763 0.799299 0.797742 0.799299 0.803344 0.800452 0.797742 0.800452 0.799258 
6.141369 0.793154 0.793172 0.795107 0.793172 0.795408 0.794059 0.795107 0.794059 0.794566 
6.152816 0.787579 0.787969 0.789491 0.787969 0.792768 0.788625 0.789491 0.788625 0.786833 
6.164263 0.780861 0.786241 0.782944 0.786241 0.787655 0.786202 0.782944 0.786202 0.781185 
6.175710 0.778651 0.779486 0.777622 0.779486 0.780823 0.779971 0.777622 0.779971 0.780544 
6.187158 0.772428 0.774190 0.773139 0.774190 0.776798 0.774770 0.773139 0.774770 0.774330 
6.198605 0.766055 0.770373 0.768850 0.770373 0.769454 0.769879 0.768850 0.769879 0.769623 
6.210052 0.763585 0.763349 0.764570 0.763349 0.766167 0.765820 0.764570 0.765820 0.764592 
6.221499 0.755951 0.759176 0.758831 0.759176 0.758602 0.758553 0.758831 0.758553 0.760749 
6.232946 0.751499 0.755251 0.753482 0.755251 0.756908 0.753254 0.753482 0.753254 0.754386 
6.244393 0.748327 0.749341 0.748517 0.749341 0.750847 0.752749 0.748517 0.752749 0.751864 
6.255840 0.744888 0.744333 0.743611 0.744333 0.746627 0.744471 0.743611 0.744471 0.745536 
6.267287 0.736966 0.740264 0.739373 0.740264 0.739922 0.740110 0.739373 0.740110 0.740476 
6.278734 0.732964 0.735685 0.735000 0.735685 0.735674 0.735501 0.735000 0.735501 0.735816 
6.290181 0.728033 0.730659 0.730660 0.730659 0.731886 0.732260 0.730660 0.732260 0.731755 
6.301629 0.724049 0.725545 0.725177 0.725545 0.726235 0.727901 0.725177 0.727901 0.726303 
6.313076 0.718605 0.722222 0.719586 0.722222 0.722370 0.722843 0.719586 0.722843 0.720486 
6.324523 0.716818 0.714840 0.715356 0.714840 0.716889 0.716810 0.715356 0.716810 0.716616 
6.335970 0.711400 0.712641 0.713852 0.712641 0.712364 0.712542 0.713852 0.712542 0.713324 
6.347417 0.707367 0.706788 0.706237 0.706788 0.706747 0.708061 0.706237 0.708061 0.708188 
6.358864 0.703323 0.702466 0.700397 0.702466 0.702794 0.702138 0.700397 0.702138 0.704548 
6.370311 0.694360 0.697890 0.697190 0.697890 0.698655 0.699959 0.697190 0.699959 0.697731 
6.381758 0.695114 0.693616 0.692101 0.693616 0.693002 0.692822 0.692101 0.692822 0.691244 
6.393205 0.687521 0.688704 0.689153 0.688704 0.686553 0.686164 0.689153 0.686164 0.687895 
6.404653 0.683297 0.684876 0.684225 0.684876 0.682601 0.684366 0.684225 0.684366 0.684089 
6.416100 0.675772 0.680518 0.678574 0.680518 0.678381 0.679114 0.678574 0.679114 0.678934 
6.427547 0.673629 0.672473 0.672696 0.672473 0.674152 0.673996 0.672696 0.673996 0.673600 
6.438994 0.669781 0.668400 0.667977 0.668400 0.670603 0.668943 0.667977 0.668943 0.669161 
6.450441 0.662193 0.664167 0.664683 0.664167 0.662695 0.663068 0.664683 0.663068 0.664318 
6.461888 0.660222 0.660995 0.660327 0.660995 0.658408 0.659418 0.660327 0.659418 0.658463 
6.473335 0.653478 0.655396 0.655105 0.655396 0.654157 0.654092 0.655105 0.654092 0.654131 
6.484782 0.650043 0.648943 0.651721 0.648943 0.648725 0.650597 0.651721 0.650597 0.650176 
6.496229 0.644942 0.646165 0.646531 0.646165 0.645716 0.646760 0.646531 0.646760 0.647266 
6.507676 0.642348 0.642125 0.640893 0.642125 0.640019 0.642716 0.640893 0.642716 0.642575 
6.519124 0.636041 0.634896 0.636839 0.634896 0.633711 0.636484 0.636839 0.636484 0.636338 
6.530571 0.631122 0.633242 0.632144 0.633242 0.631686 0.631925 0.632144 0.631925 0.632483 
6.542018 0.627962 0.626300 0.628468 0.626300 0.626306 0.626070 0.628468 0.626070 0.628358 
6.553465 0.624359 0.622784 0.622440 0.622784 0.621000 0.621516 0.622440 0.621516 0.624061 
6.564912 0.618518 0.618005 0.618548 0.618005 0.619145 0.617316 0.618548 0.617316 0.618248 
6.576359 0.615523 0.614207 0.613843 0.614207 0.612010 0.612317 0.613843 0.612317 0.615062 
6.587806 0.610618 0.609395 0.609049 0.609395 0.607694 0.607693 0.609049 0.607693 0.608174 
6.599253 0.604916 0.604692 0.605332 0.604692 0.603250 0.602884 0.605332 0.602884 0.606528 
6.610700 0.601984 0.599475 0.600205 0.599475 0.599289 0.599582 0.600205 0.599582 0.600138 
6.622147 0.594751 0.595067 0.597006 0.595067 0.593132 0.592932 0.597006 0.592932 0.594824 
6.633595 0.592899 0.590192 0.591409 0.590192 0.590194 0.588350 0.591409 0.588350 0.592018 
6.645041 0.586825 0.585548 0.585704 0.585548 0.585000 0.585459 0.585704 0.585459 0.584555 
6.656489 0.583153 0.580213 0.583083 0.580213 0.577865 0.581034 0.583083 0.581034 0.580848 
6.667936 0.577119 0.576357 0.577416 0.576357 0.577838 0.576152 0.577416 0.576152 0.576105 
6.679383 0.573435 0.571663 0.572691 0.571663 0.571307 0.569386 0.572691 0.569386 0.572791 
6.690830 0.568406 0.567079 0.569012 0.567079 0.566986 0.568269 0.569012 0.568269 0.568333 
6.702277 0.563991 0.562884 0.565416 0.562884 0.562415 0.561626 0.565416 0.561626 0.563362 
6.713724 0.561386 0.558684 0.558540 0.558684 0.557687 0.557720 0.558540 0.557720 0.558089 
6.725171 0.555660 0.555352 0.553674 0.555352 0.553366 0.552836 0.553674 0.552836 0.553801 
6.736618 0.549344 0.549896 0.549906 0.549896 0.547057 0.549994 0.549906 0.549994 0.550643 
6.748065 0.544985 0.546297 0.545574 0.546297 0.545525 0.544536 0.545574 0.544536 0.544197 
6.759512 0.542335 0.542606 0.539875 0.542606 0.542491 0.541104 0.539875 0.541104 0.539857 
6.770960 0.538440 0.536693 0.537774 0.536693 0.536507 0.536003 0.537774 0.536003 0.536006 
6.782407 0.533704 0.532939 0.532460 0.532939 0.530658 0.530911 0.532460 0.530911 0.532438 
6.793854 0.528172 0.527961 0.527107 0.527961 0.526714 0.527569 0.527107 0.527569 0.526663 
6.805301 0.523174 0.523408 0.523583 0.523408 0.523388 0.522955 0.523583 0.522955 0.524423 
6.816748 0.520183 0.519434 0.519590 0.519434 0.518918 0.519209 0.519590 0.519209 0.519738 
6.828195 0.515688 0.516150 0.515274 0.516150 0.514379 0.514657 0.515274 0.514657 0.513645 
6.839642 0.512262 0.510810 0.510845 0.510810 0.510635 0.510701 0.510845 0.510701 0.509125 
6.851089 0.508222 0.507435 0.506688 0.507435 0.505816 0.506926 0.506688 0.506926 0.507630 
6.862536 0.505481 0.503134 0.502538 0.503134 0.500434 0.502541 0.502538 0.502541 0.502995 
6.873983 0.497770 0.497684 0.498171 0.497684 0.497589 0.497830 0.498171 0.497830 0.497030 
6.885431 0.494699 0.493878 0.493994 0.493878 0.493995 0.494886 0.493994 0.494886 0.494998 
6.896878 0.489247 0.489638 0.490043 0.489638 0.489125 0.488582 0.490043 0.488582 0.489682 
6.908325 0.485996 0.485289 0.486284 0.485289 0.485376 0.485352 0.486284 0.485352 0.485942 
6.919772 0.481231 0.480232 0.482600 0.480232 0.480823 0.479946 0.482600 0.479946 0.482133 
6.931219 0.476730 0.477327 0.477125 0.477327 0.476899 0.476473 0.477125 0.476473 0.477655 
6.942666 0.473984 0.472979 0.473938 0.472979 0.471111 0.472169 0.473938 0.472169 0.474468 
6.954113 0.467759 0.468217 0.469138 0.468217 0.468923 0.468798 0.469138 0.468798 0.467009 
6.965560 0.467212 0.464519 0.465271 0.464519 0.465221 0.464760 0.465271 0.464760 0.464996 
6.977007 0.460881 0.460737 0.460029 0.460737 0.458607 0.460118 0.460029 0.460118 0.460317 
6.988455 0.458201 0.457501 0.456627 0.457501 0.456985 0.456651 0.456627 0.456651 0.458472 
6.999902 0.453620 0.452641 0.453409 0.452641 0.452729 0.452716 0.453409 0.452716 0.453343 
7.011349 0.448852 0.448649 0.448889 0.448649 0.449291 0.448611 0.448889 0.448611 0.448885 
7.022796 0.446043 0.444265 0.443760 0.444265 0.445986 0.444624 0.443760 0.444624 0.443788 
7.034243 0.442354 0.440938 0.440330 0.440938 0.441665 0.441021 0.440330 0.441021 0.440925 
7.045690 0.435955 0.437305 0.436462 0.437305 0.435146 0.436156 0.436462 0.436156 0.435887 
7.057137 0.432759 0.432090 0.431558 0.432090 0.431561 0.433280 0.431558 0.433280 0.432227 
7.068584 0.431031 0.428708 0.430492 0.428708 0.428703 0.428487 0.430492 0.428487 0.428045 
7.080031 0.424986 0.425476 0.423586 0.425476 0.424914 0.424517 0.423586 0.424517 0.422734 
7.091478 0.420738 0.420706 0.420718 0.420706 0.421061 0.420637 0.420718 0.420637 0.418814 
7.102926 0.415703 0.417036 0.417340 0.417036 0.418215 0.415645 0.417340 0.415645 0.417270 
7.114373 0.414022 0.413402 0.413239 0.413402 0.413084 0.413107 0.413239 0.413107 0.414077 
7.125820 0.410773 0.409770 0.407716 0.409770 0.408595 0.409546 0.407716 0.409546 0.409603 
7.137267 0.405083 0.405422 0.406180 0.405422 0.406426 0.405194 0.406180 0.405194 0.404716 
7.148714 0.401566 0.401206 0.402690 0.401206 0.400652 0.401128 0.402690 0.401128 0.402085 
7.160161 0.397636 0.397218 0.398954 0.397218 0.396997 0.397169 0.398954 0.397169 0.397493 
7.171608 0.395555 0.394872 0.394079 0.394872 0.394024 0.394298 0.394079 0.394298 0.394853 
7.183055 0.389132 0.389363 0.389366 0.389363 0.390075 0.390229 0.389366 0.390229 0.389565 
7.194502 0.386138 0.386806 0.386498 0.386806 0.385407 0.387546 0.386498 0.387546 0.385780 
7.205949 0.383755 0.382763 0.381390 0.382763 0.382745 0.382571 0.381390 0.382571 0.383137 
7.217396 0.378262 0.378973 0.379831 0.378973 0.378971 0.378150 0.379831 0.378150 0.377951 
7.228844 0.374813 0.376075 0.375567 0.376075 0.375793 0.375536 0.375567 0.375536 0.376725 
7.240291 0.371486 0.372282 0.371734 0.372282 0.371296 0.371793 0.371734 0.371793 0.371371 
7.251738 0.369282 0.367224 0.368408 0.367224 0.367858 0.368634 0.368408 0.368634 0.368329 
7.263185 0.363560 0.364179 0.362982 0.364179 0.364607 0.364180 0.362982 0.364180 0.364858 
7.274632 0.360476 0.361036 0.360753 0.361036 0.360622 0.360168 0.360753 0.360168 0.361633 
7.286079 0.356834 0.356117 0.357352 0.356117 0.356154 0.356551 0.357352 0.356551 0.356230 
7.297526 0.353229 0.353601 0.352426 0.353601 0.353065 0.353334 0.352426 0.353334 0.352998 
7.308973 0.349551 0.349625 0.350699 0.349625 0.350366 0.349981 0.350699 0.349981 0.347909 
7.320421 0.345444 0.344676 0.346196 0.344676 0.346106 0.346597 0.346196 0.346597 0.346411 
7.331868 0.342147 0.342337 0.342245 0.342337 0.341552 0.341991 0.342245 0.341991 0.342025 
7.343315 0.337613 0.338031 0.338460 0.338031 0.338048 0.338953 0.338460 0.338953 0.338860 
7.354762 0.334372 0.335490 0.335586 0.335490 0.335817 0.335841 0.335586 0.335841 0.335599 
7.366209 0.332684 0.331285 0.332249 0.331285 0.331445 0.332118 0.332249 0.332118 0.332093 
7.377656 0.326944 0.327443 0.328225 0.327443 0.328053 0.327953 0.328225 0.327953 0.328677 
7.389103 0.322568 0.323643 0.324035 0.323643 0.325319 0.323971 0.324035 0.323971 0.325685 
7.400550 0.318936 0.320592 0.320985 0.320592 0.321398 0.320840 0.320985 0.320840 0.320020 
7.411997 0.317043 0.317320 0.317172 0.317320 0.316683 0.317088 0.317172 0.317088 0.318094 
7.423444 0.314649 0.313651 0.313689 0.313651 0.313755 0.313024 0.313689 0.313024 0.313150 
7.434891 0.309371 0.309735 0.309873 0.309735 0.310744 0.309505 0.309873 0.309505 0.310318 
7.446339 0.307433 0.307570 0.305538 0.307570 0.306759 0.306451 0.305538 0.306451 0.305635 
7.457786 0.302694 0.303033 0.302619 0.303033 0.302981 0.303553 0.302619 0.303553 0.302540 
7.469233 0.300245 0.299427 0.299099 0.299427 0.299518 0.300671 0.299099 0.300671 0.300221 
7.480680 0.295926 0.296066 0.296126 0.296066 0.295796 0.295668 0.296126 0.295668 0.296133 
7.492127 0.291763 0.292496 0.293126 0.292496 0.291541 0.291693 0.293126 0.291693 0.292318 
7.503574 0.288859 0.288606 0.289732 0.288606 0.289228 0.288609 0.289732 0.288609 0.288223 
7.515021 0.284865 0.286075 0.285252 0.286075 0.285533 0.285257 0.285252 0.285257 0.284812 
7.526468 0.281514 0.281677 0.281755 0.281677 0.281882 0.281940 0.281755 0.281940 0.282414 
7.537915 0.278957 0.279035 0.278248 0.279035 0.277711 0.278234 0.278248 0.278234 0.277834 
7.549362 0.275546 0.275254 0.274628 0.275254 0.274257 0.275115 0.274628 0.275115 0.275923 
7.560810 0.272300 0.271805 0.272267 0.271805 0.271687 0.271289 0.272267 0.271289 0.272110 
7.572257 0.267803 0.268404 0.268499 0.268404 0.266245 0.268071 0.268499 0.268071 0.267984 
7.583704 0.265690 0.264167 0.264865 0.264167 0.263303 0.264585 0.264865 0.264585 0.265362 
7.595151 0.261583 0.261779 0.261424 0.261779 0.260873 0.261955 0.261424 0.261955 0.261568 
7.606598 0.257396 0.257329 0.258081 0.257329 0.257646 0.258184 0.258081 0.258184 0.257656 
7.618045 0.254982 0.254350 0.255026 0.254350 0.255555 0.254231 0.255026 0.254231 0.254110 
7.629492 0.251278 0.251740 0.252189 0.251740 0.250336 0.250494 0.252189 0.250494 0.251253 
7.640939 0.247932 0.247519 0.247871 0.247519 0.247450 0.248029 0.247871 0.248029 0.247481 
7.652386 0.243140 0.244368 0.244809 0.244368 0.244288 0.244334 0.244809 0.244334 0.243945 
7.663833 0.241009 0.241300 0.240918 0.241300 0.240953 0.240379 0.240918 0.240379 0.240780 
7.675281 0.238164 0.238070 0.237437 0.238070 0.236160 0.238373 0.237437 0.238373 0.238272 
7.686728 0.234590 0.234550 0.234401 0.234550 0.233101 0.233752 0.234401 0.233752 0.233406 
7.698175 0.231114 0.230979 0.231163 0.230979 0.230445 0.231009 0.231163 0.231009 0.231184 
7.709622 0.228040 0.227272 0.227703 0.227272 0.228275 0.227627 0.227703 0.227627 0.227616 
7.721069 0.224551 0.223860 0.224809 0.223860 0.224023 0.223853 0.224809 0.223853 0.224733 
7.732516 0.220361 0.220612 0.221398 0.220612 0.219947 0.220413 0.221398 0.220413 0.221082 
7.743963 0.218206 0.217298 0.217887 0.217298 0.217437 0.217076 0.217887 0.217076 0.217078 
7.755410 0.214726 0.213625 0.213783 0.213625 0.214469 0.214683 0.213783 0.214683 0.214611 
7.766857 0.211233 0.211288 0.211341 0.211288 0.210879 0.211644 0.211341 0.211644 0.211431 
7.778305 0.208807 0.207378 0.207832 0.207378 0.207535 0.206735 0.207832 0.206735 0.208121 
7.789752 0.204939 0.205128 0.204385 0.205128 0.204789 0.204229 0.204385 0.204229 0.205211 
7.801198 0.201160 0.201324 0.201644 0.201324 0.200468 0.201003 0.201644 0.201003 0.200728 
7.812646 0.197724 0.198637 0.198163 0.198637 0.197428 0.197496 0.198163 0.197496 0.199394 
7.824093 0.194806 0.194463 0.194872 0.194463 0.195182 0.194331 0.194872 0.194331 0.194687 
7.835540 0.192215 0.192020 0.191757 0.192020 0.191476 0.191986 0.191757 0.191986 0.191735 
7.846987 0.189495 0.187711 0.188778 0.187711 0.187564 0.188759 0.188778 0.188759 0.188223 
7.858434 0.184839 0.185326 0.185584 0.185326 0.184784 0.184616 0.185584 0.184616 0.184656 
7.869881 0.182119 0.182021 0.181700 0.182021 0.181062 0.181932 0.181700 0.181932 0.181632 
7.881328 0.179352 0.178945 0.179311 0.178945 0.178793 0.178963 0.179311 0.178963 0.178365 
7.892776 0.175154 0.175523 0.175487 0.175523 0.175506 0.175927 0.175487 0.175927 0.175598 
7.904222 0.173461 0.172298 0.172377 0.172298 0.173447 0.172001 0.172377 0.172001 0.171998 
7.915670 0.169364 0.169240 0.168729 0.169240 0.170112 0.169302 0.168729 0.169302 0.168742 
7.927117 0.166360 0.166488 0.165816 0.166488 0.166870 0.166473 0.165816 0.166473 0.166688 
7.938564 0.162047 0.162928 0.163362 0.162928 0.162447 0.162751 0.163362 0.162751 0.162976 
7.950011 0.160356 0.159850 0.160141 0.159850 0.159379 0.160077 0.160141 0.160077 0.159654 
7.961458 0.156133 0.156924 0.156884 0.156924 0.156334 0.157405 0.156884 0.157405 0.156914 
7.972905 0.153225 0.153792 0.153348 0.153792 0.153732 0.153585 0.153348 0.153585 0.153773 
7.984352 0.150947 0.150498 0.150554 0.150498 0.150569 0.150703 0.150554 0.150703 0.150321 
7.995799 0.147350 0.147205 0.147892 0.147205 0.147516 0.147117 0.147892 0.147117 0.147501 
8.007246 0.144627 0.144716 0.143791 0.144716 0.143608 0.144056 0.143791 0.144056 0.143520 
8.018693 0.141118 0.142015 0.142068 0.142015 0.141420 0.141705 0.142068 0.141705 0.141313 
8.030140 0.137774 0.138280 0.137764 0.138280 0.138929 0.138036 0.137764 0.138036 0.138697 
8.041587 0.135356 0.134780 0.135057 0.134780 0.134749 0.135386 0.135057 0.135386 0.135344 
8.053035 0.132287 0.132354 0.132014 0.132354 0.132407 0.132440 0.132014 0.132440 0.132672 
8.064482 0.129190 0.128854 0.128983 0.128854 0.129350 0.129381 0.128983 0.129381 0.129544 
8.075929 0.126518 0.125902 0.126137 0.125902 0.125257 0.125955 0.126137 0.125955 0.125772 
8.087376 0.123734 0.123379 0.123077 0.123379 0.123452 0.123757 0.123077 0.123757 0.122808 
8.098823 0.119736 0.120804 0.120072 0.120804 0.120085 0.120181 0.120072 0.120181 0.120072 
8.110270 0.118333 0.117390 0.117522 0.117390 0.118187 0.116923 0.117522 0.116923 0.118222 
8.121717 0.114991 0.115231 0.115074 0.115231 0.114759 0.114804 0.115074 0.114804 0.115193 
8.133165 0.112089 0.112782 0.112611 0.112782 0.111949 0.112491 0.112611 0.112491 0.111960 
8.144612 0.110266 0.110091 0.110387 0.110091 0.109917 0.110061 0.110387 0.110061 0.110035 
8.156059 0.108017 0.107372 0.107778 0.107372 0.108404 0.107902 0.107778 0.107902 0.107607 
8.167506 0.105453 0.105499 0.105772 0.105499 0.105261 0.105333 0.105772 0.105333 0.105361 
8.178953 0.103040 0.103420 0.103035 0.103420 0.102876 0.103096 0.103035 0.103096 0.103085 
8.190400 0.101495 0.100675 0.101303 0.100675 0.100844 0.100748 0.101303 0.100748 0.101007 
8.201847 0.098991 0.099032 0.098923 0.099032 0.098294 0.099125 0.098923 0.099125 0.098847 
8.213295 0.096752 0.096720 0.096778 0.096720 0.096939 0.097252 0.096778 0.097252 0.097374 
8.224741 0.094886 0.095071 0.095079 0.095071 0.094808 0.094912 0.095079 0.094912 0.094624 
8.236188 0.092653 0.093049 0.092913 0.093049 0.092124 0.093274 0.092913 0.093274 0.093237 
8.247635 0.091394 0.091007 0.090902 0.091007 0.090945 0.091026 0.090902 0.091026 0.090690 
8.259082 0.089572 0.089223 0.089320 0.089223 0.089231 0.089208 0.089320 0.089208 0.089534 
8.270530 0.087333 0.087639 0.087506 0.087639 0.086932 0.086953 0.087506 0.086953 0.087022 
8.281977 0.085353 0.085984 0.085262 0.085984 0.085632 0.085380 0.085262 0.085380 0.085204 
8.293424 0.083758 0.083936 0.083327 0.083936 0.083638 0.083925 0.083327 0.083925 0.083431 
8.304871 0.082044 0.082102 0.082046 0.082102 0.081961 0.082300 0.082046 0.082300 0.081820 
8.316318 0.080183 0.080154 0.080107 0.080154 0.079975 0.079880 0.080107 0.079880 0.080194 
8.327765 0.078645 0.078730 0.078536 0.078730 0.079060 0.078961 0.078536 0.078961 0.079016 
8.339212 0.077139 0.077354 0.076921 0.077354 0.077292 0.077075 0.076921 0.077075 0.076458 
8.350659 0.075528 0.075302 0.075535 0.075302 0.075721 0.075947 0.075535 0.075947 0.075695 
8.362107 0.074005 0.073809 0.073977 0.073809 0.073829 0.073709 0.073977 0.073709 0.073797 
8.373554 0.072539 0.072548 0.072098 0.072548 0.071743 0.072374 0.072098 0.072374 0.072114 
8.385001 0.070980 0.070595 0.071061 0.070595 0.070832 0.070847 0.071061 0.070847 0.070512 
8.396448 0.068921 0.069359 0.069008 0.069359 0.069363 0.069275 0.069008 0.069275 0.069192 
8.407895 0.068269 0.067645 0.067876 0.067645 0.067840 0.068053 0.067876 0.068053 0.068031 
8.419342 0.066724 0.066591 0.066642 0.066591 0.066964 0.066905 0.066642 0.066905 0.066339 
8.430789 0.065176 0.064376 0.065436 0.064376 0.064824 0.064954 0.065436 0.064954 0.065092 
8.442236 0.063568 0.063998 0.063728 0.063998 0.063366 0.063698 0.063728 0.063698 0.063739 
8.453683 0.062483 0.062709 0.062108 0.062709 0.062181 0.062501 0.062108 0.062501 0.062242 
8.465130 0.061121 0.060846 0.061261 0.060846 0.060804 0.060923 0.061261 0.060923 0.061079 
8.476577 0.059578 0.059796 0.059815 0.059796 0.059786 0.059925 0.059815 0.059925 0.059090 
8.488024 0.058573 0.058313 0.058633 0.058313 0.058175 0.058562 0.058633 0.058562 0.058220 
8.499472 0.057201 0.057386 0.056933 0.057386 0.056738 0.057594 0.056933 0.057594 0.057534 
8.510919 0.056173 0.055929 0.055752 0.055929 0.056011 0.055893 0.055752 0.055893 0.056026 
8.522366 0.055051 0.054683 0.054799 0.054683 0.055071 0.054417 0.054799 0.054417 0.054713 
8.533813 0.053668 0.053071 0.053725 0.053071 0.052892 0.053310 0.053725 0.053310 0.053511 
8.545260 0.052375 0.052189 0.052600 0.052189 0.051995 0.052036 0.052600 0.052036 0.052086 
8.556707 0.050705 0.051050 0.051047 0.051050 0.051086 0.051028 0.051047 0.051028 0.050938 
8.568154 0.049671 0.049960 0.050072 0.049960 0.049935 0.050086 0.050072 0.050086 0.050283 
8.579602 0.049135 0.049119 0.049026 0.049119 0.049283 0.048472 0.049026 0.048472 0.048794 
8.591049 0.047863 0.047489 0.048173 0.047489 0.048016 0.047900 0.048173 0.047900 0.047597 
8.602496 0.046582 0.046844 0.046867 0.046844 0.046870 0.047043 0.046867 0.047043 0.046564 
8.613943 0.046056 0.045732 0.045929 0.045732 0.045725 0.045300 0.045929 0.045300 0.045507 
8.625390 0.044531 0.044718 0.044792 0.044718 0.044265 0.044650 0.044792 0.044650 0.044622 
8.636837 0.043541 0.043555 0.043764 0.043555 0.043811 0.043516 0.043764 0.043516 0.043642 
8.648284 0.042819 0.042646 0.042611 0.042646 0.042530 0.042633 0.042611 0.042633 0.042730 
8.659731 0.041609 0.041547 0.041716 0.041547 0.041632 0.041674 0.041716 0.041674 0.041613 
8.671178 0.040813 0.041033 0.040865 0.041033 0.041167 0.040603 0.040865 0.040603 0.040994 
8.682625 0.039510 0.040082 0.039684 0.040082 0.039577 0.039698 0.039684 0.039698 0.040045 
8.694072 0.038697 0.038945 0.038680 0.038945 0.038572 0.039004 0.038680 0.039004 0.038638 
8.705519 0.037460 0.038109 0.038105 0.038109 0.038173 0.037879 0.038105 0.037879 0.037711 
8.716967 0.037056 0.036795 0.037169 0.036795 0.037042 0.036986 0.037169 0.036986 0.037058 
8.728414 0.035791 0.036103 0.036337 0.036103 0.036122 0.035971 0.036337 0.035971 0.036014 
8.739861 0.035091 0.035318 0.035202 0.035318 0.035543 0.035214 0.035202 0.035214 0.035128 
8.751308 0.034404 0.034140 0.034445 0.034140 0.034274 0.034402 0.034445 0.034402 0.034615 
8.762755 0.033904 0.033594 0.033618 0.033594 0.033599 0.033639 0.033618 0.033639 0.033459 
8.774202 0.032913 0.032777 0.032583 0.032777 0.032551 0.032791 0.032583 0.032791 0.032546 
8.785649 0.031668 0.031958 0.031742 0.031958 0.031491 0.032086 0.031742 0.032086 0.031849 
8.797096 0.031340 0.031097 0.031116 0.031097 0.031110 0.031120 0.031116 0.031120 0.031425 
8.808544 0.029971 0.030340 0.030298 0.030340 0.030369 0.030259 0.030298 0.030259 0.030339 
8.819991 0.029811 0.029651 0.029607 0.029651 0.029840 0.029526 0.029607 0.029526 0.029558 
8.831438 0.028785 0.028856 0.028629 0.028856 0.028661 0.028835 0.028629 0.028835 0.028764 
8.842885 0.028258 0.028080 0.028167 0.028080 0.027873 0.028136 0.028167 0.028136 0.028246 
8.854331 0.027443 0.027342 0.027127 0.027342 0.027075 0.027303 0.027127 0.027303 0.027144 
8.865779 0.026518 0.026717 0.026579 0.026717 0.026663 0.026473 0.026579 0.026473 0.026824 
8.877226 0.025965 0.026023 0.025767 0.026023 0.025997 0.026070 0.025767 0.026070 0.025952 
8.888673 0.025398 0.025238 0.025284 0.025238 0.025306 0.025361 0.025284 0.025361 0.025300 
8.900120 0.024564 0.024658 0.024953 0.024658 0.024563 0.024632 0.024953 0.024632 0.024299 
8.911567 0.023930 0.023617 0.023908 0.023617 0.024018 0.023884 0.023908 0.023884 0.023976 
8.923014 0.023267 0.023206 0.023359 0.023206 0.023181 0.023191 0.023359 0.023191 0.023078 
8.934462 0.022744 0.022547 0.022599 0.022547 0.022724 0.022624 0.022599 0.022624 0.022290 
8.945909 0.021732 0.022091 0.021880 0.022091 0.021946 0.021884 0.021880 0.021884 0.021985 
8.957356 0.021217 0.021547 0.021206 0.021547 0.021497 0.021707 0.021206 0.021707 0.021669 
8.968803 0.021139 0.020808 0.020710 0.020808 0.020483 0.020725 0.020710 0.020725 0.020629 
8.980250 0.020140 0.020108 0.020140 0.020108 0.019960 0.020332 0.020140 0.020332 0.020240 
8.991697 0.019600 0.019597 0.019708 0.019597 0.019559 0.019399 0.019708 0.019399 0.019605 
9.003144 0.018878 0.019055 0.019198 0.019055 0.019212 0.019146 0.019198 0.019146 0.018825 
9.014591 0.018399 0.018570 0.018342 0.018570 0.018326 0.018652 0.018342 0.018652 0.018550 
9.026039 0.017948 0.017974 0.017868 0.017974 0.018066 0.017910 0.017868 0.017910 0.018098 
9.037486 0.017238 0.017409 0.017581 0.017409 0.017378 0.017395 0.017581 0.017395 0.017500 
9.048933 0.017075 0.016974 0.016895 0.016974 0.016739 0.016864 0.016895 0.016864 0.016684 
9.060380 0.016352 0.016260 0.016289 0.016260 0.016596 0.016526 0.016289 0.016526 0.016605 
9.071826 0.015740 0.015730 0.015912 0.015730 0.015800 0.015841 0.015912 0.015841 0.015901 
9.083274 0.015393 0.015332 0.015324 0.015332 0.015481 0.015362 0.015324 0.015362 0.015303 
9.094721 0.014762 0.014967 0.014764 0.014967 0.014675 0.015034 0.014764 0.015034 0.014963 
9.106168 0.014324 0.014369 0.014365 0.014369 0.014449 0.014468 0.014365 0.014468 0.014278 
9.117615 0.014053 0.013874 0.013931 0.013874 0.013882 0.013972 0.013931 0.013972 0.013864 
9.129062 0.013524 0.013357 0.013438 0.013357 0.013353 0.013459 0.013438 0.013459 0.013490 
9.140509 0.013017 0.012878 0.012964 0.012878 0.013086 0.013039 0.012964 0.013039 0.012782 
9.151956 0.012576 0.012548 0.012532 0.012548 0.012590 0.012566 0.012532 0.012566 0.012450 
9.163404 0.012090 0.012091 0.012242 0.012091 0.012163 0.012063 0.012242 0.012063 0.012223 
9.174851 0.011934 0.011777 0.011828 0.011777 0.011873 0.011768 0.011828 0.011768 0.011549 
9.186298 0.011330 0.011308 0.011471 0.011308 0.011290 0.011280 0.011471 0.011280 0.011199 
9.197745 0.010651 0.010771 0.010959 0.010771 0.010939 0.010869 0.010959 0.010869 0.010967 
9.209192 0.010542 0.010501 0.010469 0.010501 0.010439 0.010466 0.010469 0.010466 0.010481 
9.220639 0.010303 0.010284 0.010212 0.010284 0.010399 0.010202 0.010212 0.010202 0.010232 
9.232086 0.009828 0.009810 0.009810 0.009810 0.009874 0.009818 0.009810 0.009818 0.009794 
9.243534 0.009377 0.009503 0.009436 0.009503 0.009371 0.009443 0.009436 0.009443 0.009323 
9.254981 0.009082 0.008953 0.009073 0.008953 0.009227 0.008935 0.009073 0.008935 0.009063 
9.266428 0.008645 0.008766 0.008737 0.008766 0.008657 0.008740 0.008737 0.008740 0.008694 
9.277874 0.008559 0.008352 0.008316 0.008352 0.008356 0.008259 0.008316 0.008259 0.008330 
9.289321 0.008149 0.008092 0.008089 0.008092 0.007978 0.008087 0.008089 0.008087 0.008042 
9.300768 0.007750 0.007709 0.007685 0.007709 0.007683 0.007811 0.007685 0.007811 0.007964 
9.312216 0.007374 0.007414 0.007456 0.007414 0.007351 0.007383 0.007456 0.007383 0.007480 
9.323663 0.007007 0.007027 0.007082 0.007027 0.006939 0.007175 0.007082 0.007175 0.007227 
9.335110 0.006825 0.006757 0.006815 0.006757 0.006739 0.006753 0.006815 0.006753 0.006650 
9.346557 0.006503 0.006612 0.006567 0.006612 0.006399 0.006553 0.006567 0.006553 0.006469 
9.358004 0.006309 0.006239 0.006331 0.006239 0.006446 0.006210 0.006331 0.006210 0.006341 
9.369451 0.005937 0.005858 0.006045 0.005858 0.005939 0.005999 0.006045 0.005999 0.005859 
9.380898 0.005815 0.005711 0.005687 0.005711 0.005743 0.005713 0.005687 0.005713 0.005633 
9.392346 0.005431 0.005396 0.005553 0.005396 0.005368 0.005398 0.005553 0.005398 0.005397 
9.403793 0.005176 0.005113 0.005170 0.005113 0.005201 0.005101 0.005170 0.005101 0.005113 
9.415240 0.004897 0.004863 0.004936 0.004863 0.004951 0.004858 0.004936 0.004858 0.004909 
9.426687 0.004751 0.004632 0.004661 0.004632 0.004675 0.004693 0.004661 0.004693 0.004537 
9.438134 0.004452 0.004468 0.004479 0.004468 0.004409 0.004424 0.004479 0.004424 0.004397 
9.449581 0.004340 0.004120 0.004223 0.004120 0.004094 0.004253 0.004223 0.004253 0.004173 
9.461028 0.004097 0.003962 0.004030 0.003962 0.003929 0.004029 0.004030 0.004029 0.003872 
9.472476 0.003685 0.003762 0.003718 0.003762 0.003646 0.003718 0.003718 0.003718 0.003828 
9.483922 0.003545 0.003573 0.003588 0.003573 0.003502 0.003565 0.003588 0.003565 0.003462 
9.495369 0.003334 0.003338 0.003347 0.003338 0.003343 0.003366 0.003347 0.003366 0.003438 
9.506816 0.003108 0.003116 0.003140 0.003116 0.003170 0.003168 0.003140 0.003168 0.003138 
9.518263 0.003053 0.002934 0.003037 0.002934 0.002955 0.003014 0.003037 0.003014 0.002966 
9.529711 0.002852 0.002876 0.002767 0.002876 0.002831 0.002836 0.002767 0.002836 0.002756 
9.541158 0.002532 0.002614 0.002621 0.002614 0.002654 0.002616 0.002621 0.002616 0.002599 
9.552605 0.002529 0.002422 0.002478 0.002422 0.002450 0.002440 0.002478 0.002440 0.002460 
9.564052 0.002300 0.002273 0.002250 0.002273 0.002320 0.002283 0.002250 0.002283 0.002347 
9.575499 0.002071 0.002129 0.002157 0.002129 0.002199 0.002134 0.002157 0.002134 0.002108 
9.586946 0.002005 0.001944 0.001989 0.001944 0.002057 0.002043 0.001989 0.002043 0.002003 
9.598393 0.001866 0.001829 0.001853 0.001829 0.001913 0.001852 0.001853 0.001852 0.001847 
9.609840 0.001713 0.001697 0.001669 0.001697 0.001645 0.001672 0.001669 0.001672 0.001713 
9.621288 0.001565 0.001571 0.001581 0.001571 0.001631 0.001578 0.001581 0.001578 0.001527 
9.632735 0.001455 0.001455 0.001473 0.001455 0.001419 0.001479 0.001473 0.001479 0.001477 
9.644182 0.001379 0.001304 0.001305 0.001304 0.001367 0.001323 0.001305 0.001323 0.001273 
9.655629 0.001156 0.001218 0.001202 0.001218 0.001271 0.001209 0.001202 0.001209 0.001190 
9.667076 0.001075 0.001135 0.001162 0.001135 0.001147 0.001100 0.001162 0.001100 0.001079 
9.678523 0.000980 0.001012 0.000997 0.001012 0.000992 0.001007 0.000997 0.001007 0.001034 
9.689970 0.000863 0.000893 0.000878 0.000893 0.000908 0.000860 0.000878 0.000860 0.000939 
9.701417 0.000855 0.000817 0.000801 0.000817 0.000789 0.000820 0.000801 0.000820 0.000817 
9.712864 0.000744 0.000708 0.000736 0.000708 0.000712 0.000699 0.000736 0.000699 0.000733 
9.724311 0.000635 0.000644 0.000652 0.000644 0.000656 0.000650 0.000652 0.000650 0.000631 
9.735758 0.000537 0.000579 0.000548 0.000579 0.000609 0.000573 0.000548 0.000573 0.000515 
9.747205 0.000508 0.000484 0.000482 0.000484 0.000485 0.000481 0.000482 0.000481 0.000480 
9.758653 0.000447 0.000401 0.000438 0.000401 0.000421 0.000420 0.000438 0.000420 0.000431 
9.770100 0.000295 0.000396 0.000351 0.000396 0.000336 0.000387 0.000351 0.000387 0.000375 
9.781547 0.000301 0.000326 0.000309 0.000326 0.000308 0.000318 0.000309 0.000318 0.000306 
9.792994 0.000245 0.000253 0.000253 0.000253 0.000227 0.000260 0.000253 0.000260 0.000261 
9.804441 0.000203 0.000188 0.000193 0.000188 0.000212 0.000205 0.000193 0.000205 0.000208 
9.815888 0.000143 0.000159 0.000147 0.000159 0.000175 0.000151 0.000147 0.000151 0.000191 
9.827335 0.000129 0.000125 0.000128 0.000125 0.000129 0.000119 0.000128 0.000119 0.000140 
9.838783 0.000102 0.000099 0.000092 0.000099 0.000110 0.000100 0.000092 0.000100 0.000084 
9.850230 0.000073 0.000073 0.000075 0.000073 0.000077 0.000076 0.000075 0.000076 0.000060 
9.861677 0.000038 0.000049 0.000046 0.000049 0.000043 0.000052 0.000046 0.000052 0.000041 
9.873124 0.000025 0.000027 0.000034 0.000027 0.000021 0.000025 0.000034 0.000025 0.000030 
9.884571 0.000009 0.000017 0.000014 0.000017 0.000016 0.000011 0.000014 0.000011 0.000015 
9.896018 0.000003 0.000003 0.000004 0.000003 0.000006 0.000005 0.000004 0.000005 0.000007 
9.907465 0.000002 0.000001 0.000001 0.000001 0.000000 0.000000 0.000001 0.000000 0.000001 
9.918912 0.000000 0.000000 0.000000 0.000000 0.000000 0.000000 0.000000 0.000000 0.000000 
9.930359 0.000000 0.000000 0.000000 0.000000 0.000000 0.000000 0.000000 0.000000 0.000000 
9.941806 0.000000 0.000000 0.000000 0.000000 0.000000 0.000000 0.000000 0.000000 0.000000 
9.953253 0.000000 0.000000 0.000000 0.000000 0.000000 0.000000 0.000000 0.000000 0.000000 
9.964700 0.000000 0.000000 0.000000 0.000000 0.000000 0.000000 0.000000 0.000000 0.000000 
9.976148 0.000000 0.000000 0.000000 0.000000 0.000000 0.000000 0.000000 0.000000 0.000000 
9.987595 0.000000 0.000000 0.000000 0.000000 0.000000 0.000000 0.000000 0.000000 0.000000 
9.999042 0.000000 0.000000 0.000000 0.000000 0.000000 0.000000 0.000000 0.000000 0.000000 
10.010489 0.000000 0.000000 0.000000 0.000000 0.000000 0.000000 0.000000 0.000000 0.000000 
10.021936 0.000000 0.000000 0.000000 0.000000 0.000000 0.000000 0.000000 0.000000 0.000000 
10.033383 0.000000 0.000000 0.000000 0.000000 0.000000 0.000000 0.000000 0.000000 0.000000 
10.044830 0.000000 0.000000 0.000000 0.000000 0.000000 0.000000 0.000000 0.000000 0.000000 
10.056277 0.000000 0.000000 0.000000 0.000000 0.000000 0.000000 0.000000 0.000000 0.000000 
10.067725 0.000000 0.000000 0.000000 0.000000 0.000000 0.000000 0.000000 0.000000 0.000000 
10.079172 0.000000 0.000000 0.000000 0.000000 0.000000 0.000000 0.000000 0.000000 0.000000 
10.090619 0.000000 0.000000 0.000000 0.000000 0.000000 0.000000 0.000000 0.000000 0.000000 
10.102066 0.000000 0.000000 0.000000 0.000000 0.000000 0.000000 0.000000 0.000000 0.000000 
10.113513 0.000000 0.000000 0.000000 0.000000 0.000000 0.000000 0.000000 0.000000 0.000000 
10.124960 0.000000 0.000000 0.000000 0.000000 0.000000 0.000000 0.000000 0.000000 0.000000 
10.136407 0.000000 0.000000 0.000000 0.000000 0.000000 0.000000 0.000000 0.000000 0.000000 
10.147854 0.000000 0.000000 0.000000 0.000000 0.000000 0.000000 0.000000 0.000000 0.000000 
10.159301 0.000000 0.000000 0.000000 0.000000 0.000000 0.000000 0.000000 0.000000 0.000000 
10.170748 0.000000 0.000000 0.000000 0.000000 0.000000 0.000000 0.000000 0.000000 0.000000 
10.182195 0.000000 0.000000 0.000000 0.000000 0.000000 0.000000 0.000000 0.000000 0.000000 
10.193642 0.000000 0.000000 0.000000 0.000000 0.000000 0.000000 0.000000 0.000000 0.000000 
10.205090 0.000000 0.000000 0.000000 0.000000 0.000000 0.000000 0.000000 0.000000 0.000000 
10.216537 0.000000 0.000000 0.000000 0.000000 0.000000 0.000000 0.000000 0.000000 0.000000 
10.227984 0.000000 0.000000 0.000000 0.000000 0.000000 0.000000 0.000000 0.000000 0.000000 
10.239431 0.000000 0.000000 0.000000 0.000000 0.000000 0.000000 0.000000 0.000000 0.000000 
10.250878 0.000000 0.000000 0.000000 0.000000 0.000000 0.000000 0.000000 0.000000 0.000000 
10.262325 0.000000 0.000000 0.000000 0.000000 0.000000 0.000000 0.000000 0.000000 0.000000 
10.273772 0.000000 0.000000 0.000000 0.000000 0.000000 0.000000 0.000000 0.000000 0.000000 
10.285220 0.000000 0.000000 0.000000 0.000000 0.000000 0.000000 0.000000 0.000000 0.000000 
10.296667 0.000000 0.000000 0.000000 0.000000 0.000000 0.000000 0.000000 0.000000 0.000000 
10.308114 0.000000 0.000000 0.000000 0.000000 0.000000 0.000000 0.000000 0.000000 0.000000 
10.319561 0.000000 0.000000 0.000000 0.000000 0.000000 0.000000 0.000000 0.000000 0.000000 
10.331007 0.000000 0.000000 0.000000 0.000000 0.000000 0.000000 0.000000 0.000000 0.000000 
10.342454 0.000000 0.000000 0.000000 0.000000 0.000000 0.000000 0.000000 0.000000 0.000000 
10.353902 0.000000 0.000000 0.000000 0.000000 0.000000 0.000000 0.000000 0.000000 0.000000 
10.365349 0.000000 0.000000 0.000000 0.000000 0.000000 0.000000 0.000000 0.000000 0.000000 
10.376796 0.000000 0.000000 0.000000 0.000000 0.000000 0.000000 0.000000 0.000000 0.000000 
10.388243 0.000000 0.000000 0.000000 0.000000 0.000000 0.000000 0.000000 0.000000 0.000000 
10.399690 0.000000 0.000000 0.000000 0.000000 0.000000 0.000000 0.000000 0.000000 0.000000 
10.411137 0.000000 0.000000 0.000000 0.000000 0.000000 0.000000 0.000000 0.000000 0.000000 
10.422585 0.000000 0.000000 0.000000 0.000000 0.000000 0.000000 0.000000 0.000000 0.000000 
10.434032 0.000000 0.000000 0.000000 0.000000 0.000000 0.000000 0.000000 0.000000 0.000000 
10.445479 0.000000 0.000000 0.000000 0.000000 0.000000 0.000000 0.000000 0.000000 0.000000 
10.456926 0.000000 0.000000 0.000000 0.000000 0.000000 0.000000 0.000000 0.000000 0.000000 
10.468373 0.000000 0.000000 0.000000 0.000000 0.000000 0.000000 0.000000 0.000000 0.000000 
10.479820 0.000000 0.000000 0.000000 0.000000 0.000000 0.000000 0.000000 0.000000 0.000000 
10.491267 0.000000 0.000000 0.000000 0.000000 0.000000 0.000000 0.000000 0.000000 0.000000 
10.502714 0.000000 0.000000 0.000000 0.000000 0.000000 0.000000 0.000000 0.000000 0.000000 
10.514162 0.000000 0.000000 0.000000 0.000000 0.000000 0.000000 0.000000 0.000000 0.000000 
10.525609 0.000000 0.000000 0.000000 0.000000 0.000000 0.000000 0.000000 0.000000 0.000000 
10.537055 0.000000 0.000000 0.000000 0.000000 0.000000 0.000000 0.000000 0.000000 0.000000 
10.548502 0.000000 0.000000 0.000000 0.000000 0.000000 0.000000 0.000000 0.000000 0.000000 
10.559949 0.000000 0.000000 0.000000 0.000000 0.000000 0.000000 0.000000 0.000000 0.000000 
10.571397 0.000000 0.000000 0.000000 0.000000 0.000000 0.000000 0.000000 0.000000 0.000000 
10.582844 0.000000 0.000000 0.000000 0.000000 0.000000 0.000000 0.000000 0.000000 0.000000 
10.594291 0.000000 0.000000 0.000000 0.000000 0.000000 0.000000 0.000000 0.000000 0.000000 
10.605738 0.000000 0.000000 0.000000 0.000000 0.000000 0.000000 0.000000 0.000000 0.000000 
10.617185 0.000000 0.000000 0.000000 0.000000 0.000000 0.000000 0.000000 0.000000 0.000000 
10.628632 0.000000 0.000000 0.000000 0.000000 0.000000 0.000000 0.000000 0.000000 0.000000 
10.640079 0.000000 0.000000 0.000000 0.000000 0.000000 0.000000 0.000000 0.000000 0.000000 
10.651526 0.000000 0.000000 0.000000 0.000000 0.000000 0.000000 0.000000 0.000000 0.000000 
10.662974 0.000000 0.000000 0.000000 0.000000 0.000000 0.000000 0.000000 0.000000 0.000000 
10.674421 0.000000 0.000000 0.000000 0.000000 0.000000 0.000000 0.000000 0.000000 0.000000 
10.685868 0.000000 0.000000 0.000000 0.000000 0.000000 0.000000 0.000000 0.000000 0.000000 
10.697315 0.000000 0.000000 0.000000 0.000000 0.000000 0.000000 0.000000 0.000000 0.000000 
10.708762 0.000000 0.000000 0.000000 0.000000 0.000000 0.000000 0.000000 0.000000 0.000000 
10.720209 0.000000 0.000000 0.000000 0.000000 0.000000 0.000000 0.000000 0.000000 0.000000 
10.731657 0.000000 0.000000 0.000000 0.000000 0.000000 0.000000 0.000000 0.000000 0.000000 
10.743104 0.000000 0.000000 0.000000 0.000000 0.000000 0.000000 0.000000 0.000000 0.000000 
10.754550 0.000000 0.000000 0.000000 0.000000 0.000000 0.000000 0.000000 0.000000 0.000000 
10.765997 0.000000 0.000000 0.000000 0.000000 0.000000 0.000000 0.000000 0.000000 0.000000 
10.777444 0.000000 0.000000 0.000000 0.000000 0.000000 0.000000 0.000000 0.000000 0.000000 
10.788892 0.000000 0.000000 0.000000 0.000000 0.000000 0.000000 0.000000 0.000000 0.000000 
10.800339 0.000000 0.000000 0.000000 0.000000 0.000000 0.000000 0.000000 0.000000 0.000000 
10.811786 0.000000 0.000000 0.000000 0.000000 0.000000 0.000000 0.000000 0.000000 0.000000 
10.823233 0.000000 0.000000 0.000000 0.000000 0.000000 0.000000 0.000000 0.000000 0.000000 
10.834680 0.000000 0.000000 0.000000 0.000000 0.000000 0.000000 0.000000 0.000000 0.000000 
10.846127 0.000000 0.000000 0.000000 0.000000 0.000000 0.000000 0.000000 0.000000 0.000000 
10.857574 0.000000 0.000000 0.000000 0.000000 0.000000 0.000000 0.000000 0.000000 0.000000 
10.869021 0.000000 0.000000 0.000000 0.000000 0.000000 0.000000 0.000000 0.000000 0.000000 
10.880469 0.000000 0.000000 0.000000 0.000000 0.000000 0.000000 0.000000 0.000000 0.000000 
10.891916 0.000000 0.000000 0.000000 0.000000 0.000000 0.000000 0.000000 0.000000 0.000000 
10.903363 0.000000 0.000000 0.000000 0.000000 0.000000 0.000000 0.000000 0.000000 0.000000 
10.914810 0.000000 0.000000 0.000000 0.000000 0.000000 0.000000 0.000000 0.000000 0.000000 
10.926257 0.000000 0.000000 0.000000 0.000000 0.000000 0.000000 0.000000 0.000000 0.000000 
10.937704 0.000000 0.000000 0.000000 0.000000 0.000000 0.000000 0.000000 0.000000 0.000000 
10.949152 0.000000 0.000000 0.000000 0.000000 0.000000 0.000000 0.000000 0.000000 0.000000 
10.960598 0.000000 0.000000 0.000000 0.000000 0.000000 0.000000 0.000000 0.000000 0.000000 
10.972045 0.000000 0.000000 0.000000 0.000000 0.000000 0.000000 0.000000 0.000000 0.000000 
10.983492 0.000000 0.000000 0.000000 0.000000 0.000000 0.000000 0.000000 0.000000 0.000000 
10.994939 0.000000 0.000000 0.000000 0.000000 0.000000 0.000000 0.000000 0.000000 0.000000 
11.006386 0.000000 0.000000 0.000000 0.000000 0.000000 0.000000 0.000000 0.000000 0.000000 
11.017834 0.000000 0.000000 0.000000 0.000000 0.000000 0.000000 0.000000 0.000000 0.000000 
11.029281 0.000000 0.000000 0.000000 0.000000 0.000000 0.000000 0.000000 0.000000 0.000000 
11.040728 0.000000 0.000000 0.000000 0.000000 0.000000 0.000000 0.000000 0.000000 0.000000 
11.052175 0.000000 0.000000 0.000000 0.000000 0.000000 0.000000 0.000000 0.000000 0.000000 
11.063622 0.000000 0.000000 0.000000 0.000000 0.000000 0.000000 0.000000 0.000000 0.000000 
11.075069 0.000000 0.000000 0.000000 0.000000 0.000000 0.000000 0.000000 0.000000 0.000000 
11.086516 0.000000 0.000000 0.000000 0.000000 0.000000 0.000000 0.000000 0.000000 0.000000 
11.097964 0.000000 0.000000 0.000000 0.000000 0.000000 0.000000 0.000000 0.000000 0.000000 
11.109411 0.000000 0.000000 0.000000 0.000000 0.000000 0.000000 0.000000 0.000000 0.000000 
11.120858 0.000000 0.000000 0.000000 0.000000 0.000000 0.000000 0.000000 0.000000 0.000000 
11.132305 0.000000 0.000000 0.000000 0.000000 0.000000 0.000000 0.000000 0.000000 0.000000 
11.143752 0.000000 0.000000 0.000000 0.000000 0.000000 0.000000 0.000000 0.000000 0.000000 
11.155199 0.000000 0.000000 0.000000 0.000000 0.000000 0.000000 0.000000 0.000000 0.000000 
11.166646 0.000000 0.000000 0.000000 0.000000 0.000000 0.000000 0.000000 0.000000 0.000000 
11.178093 0.000000 0.000000 0.000000 0.000000 0.000000 0.000000 0.000000 0.000000 0.000000 
11.189540 0.000000 0.000000 0.000000 0.000000 0.000000 0.000000 0.000000 0.000000 0.000000 
11.200987 0.000000 0.000000 0.000000 0.000000 0.000000 0.000000 0.000000 0.000000 0.000000 
11.212434 0.000000 0.000000 0.000000 0.000000 0.000000 0.000000 0.000000 0.000000 0.000000 
11.223881 0.000000 0.000000 0.000000 0.000000 0.000000 0.000000 0.000000 0.000000 0.000000 
11.235329 0.000000 0.000000 0.000000 0.000000 0.000000 0.000000 0.000000 0.000000 0.000000 
11.246776 0.000000 0.000000 0.000000 0.000000 0.000000 0.000000 0.000000 0.000000 0.000000 
11.258223 0.000000 0.000000 0.000000 0.000000 0.000000 0.000000 0.000000 0.000000 0.000000 
11.269670 0.000000 0.000000 0.000000 0.000000 0.000000 0.000000 0.000000 0.000000 0.000000 
11.281117 0.000000 0.000000 0.000000 0.000000 0.000000 0.000000 0.000000 0.000000 0.000000 
11.292564 0.000000 0.000000 0.000000 0.000000 0.000000 0.000000 0.000000 0.000000 0.000000 
11.304011 0.000000 0.000000 0.000000 0.000000 0.000000 0.000000 0.000000 0.000000 0.000000 
11.315458 0.000000 0.000000 0.000000 0.000000 0.000000 0.000000 0.000000 0.000000 0.000000 
11.326906 0.000000 0.000000 0.000000 0.000000 0.000000 0.000000 0.000000 0.000000 0.000000 
11.338353 0.000000 0.000000 0.000000 0.000000 0.000000 0.000000 0.000000 0.000000 0.000000 
11.349800 0.000000 0.000000 0.000000 0.000000 0.000000 0.000000 0.000000 0.000000 0.000000 
11.361247 0.000000 0.000000 0.000000 0.000000 0.000000 0.000000 0.000000 0.000000 0.000000 
11.372694 0.000000 0.000000 0.000000 0.000000 0.000000 0.000000 0.000000 0.000000 0.000000 
11.384141 0.000000 0.000000 0.000000 0.000000 0.000000 0.000000 0.000000 0.000000 0.000000 
11.395588 0.000000 0.000000 0.000000 0.000000 0.000000 0.000000 0.000000 0.000000 0.000000 
11.407035 0.000000 0.000000 0.000000 0.000000 0.000000 0.000000 0.000000 0.000000 0.000000 
11.418482 0.000000 0.000000 0.000000 0.000000 0.000000 0.000000 0.000000 0.000000 0.000000 
11.429929 0.000000 0.000000 0.000000 0.000000 0.000000 0.000000 0.000000 0.000000 0.000000 
11.441376 0.000000 0.000000 0.000000 0.000000 0.000000 0.000000 0.000000 0.000000 0.000000 
