# concentrations: 0.666667 0.166667 0.166667
0.010357 0.000000 0.000000 0.000000 0.000000 0.000000 0.000000 0.000000 0.000000 0.000000 
0.031072 0.000000 0.000000 0.000000 0.000000 0.000000 0.000000 0.000000 0.000000 0.000000 
0.051787 0.000000 0.000000 0.000000 0.000000 0.000000 0.000000 0.000000 0.000000 0.000000 
0.072502 0.000000 0.000000 0.000000 0.000000 0.000000 0.000000 0.000000 0.000000 0.000000 
0.093217 0.000000 0.000000 0.000000 0.000000 0.000000 0.000000 0.000000 0.000000 0.000000 
0.113932 0.000000 0.000000 0.000000 0.000000 0.000000 0.000000 0.000000 0.000000 0.000000 
0.134647 0.000000 0.000000 0.000000 0.000000 0.000000 0.000000 0.000000 0.000000 0.000000 
0.155362 0.000000 0.000000 0.000000 0.000000 0.000000 0.000000 0.000000 0.000000 0.000000 
0.176077 0.000000 0.000000 0.000000 0.000000 0.000000 0.000000 0.000000 0.000000 0.000000 
0.196792 0.000000 0.000000 0.000000 0.000000 0.000000 0.000000 0.000000 0.000000 0.000000 
0.217506 0.000000 0.000000 0.000000 0.000000 0.000000 0.000000 0.000000 0.000000 0.000000 
0.238221 0.000000 0.000000 0.000000 0.000000 0.000000 0.000000 0.000000 0.000000 0.000000 
0.258936 0.000000 0.000000 0.000000 0.000000 0.000000 0.000000 0.000000 0.000000 0.000000 
0.279651 0.000000 0.000000 0.000000 0.000000 0.000000 0.000000 0.000000 0.000000 0.000000 
0.300366 0.000000 0.000000 0.000000 0.000000 0.000000 0.000000 0.000000 0.000000 0.000000 
0.321081 0.000000 0.000000 0.000000 0.000000 0.000000 0.000000 0.000000 0.000000 0.000000 
0.341796 0.000000 0.000000 0.000000 0.000000 0.000000 0.000000 0.000000 0.000000 0.000000 
0.362511 0.000000 0.000000 0.000000 0.000000 0.000000 0.000000 0.000000 0.000000 0.000000 
0.383226 0.000000 0.000000 0.000000 0.000000 0.000000 0.000000 0.000000 0.000000 0.000000 
0.403941 0.000000 0.000000 0.000000 0.000000 0.000000 0.000000 0.000000 0.000000 0.000000 
0.424655 0.000000 0.000000 0.000000 0.000000 0.000000 0.000000 0.000000 0.000000 0.000000 
0.445370 0.000000 0.000000 0.000000 0.000000 0.000000 0.000000 0.000000 0.000000 0.000000 
0.466085 0.000000 0.000000 0.000000 0.000000 0.000000 0.000000 0.000000 0.000000 0.000000 
0.486800 0.000000 0.000000 0.000000 0.000000 0.000000 0.000000 0.000000 0.000000 0.000000 
0.507515 0.000000 0.000000 0.000000 0.000000 0.000000 0.000000 0.000000 0.000000 0.000000 
0.528230 0.000000 0.000000 0.000000 0.000000 0.000000 0.000000 0.000000 0.000000 0.000000 
0.548945 0.000000 0.000000 0.000000 0.000000 0.000000 0.000000 0.000000 0.000000 0.000000 
0.569660 0.000000 0.000000 0.000000 0.000000 0.000000 0.000000 0.000000 0.000000 0.000000 
0.590375 0.000000 0.000000 0.000000 0.000000 0.000000 0.000000 0.000000 0.000000 0.000000 
0.611090 0.000000 0.000000 0.000000 0.000000 0.000000 0.000000 0.000000 0.000000 0.000000 
0.631804 0.000000 0.000000 0.000000 0.000000 0.000000 0.000000 0.000000 0.000000 0.000000 
0.652519 0.000000 0.000000 0.000000 0.000000 0.000000 0.000000 0.000000 0.000000 0.000000 
0.673234 0.000000 0.000000 0.000000 0.000000 0.000000 0.000000 0.000000 0.000000 0.000000 
0.693949 0.000000 0.000060 0.000000 0.000060 0.000000 0.000000 0.000000 0.000000 0.000000 
0.714664 0.000000 0.003841 0.000000 0.003841 0.000056 0.000113 0.000000 0.000113 0.000000 
0.735379 0.000000 0.069916 0.000000 0.069916 0.001063 0.002711 0.000000 0.002711 0.000000 
0.756094 0.000000 0.444961 0.000000 0.444961 0.008300 0.036601 0.000000 0.036601 0.000000 
0.776809 0.000000 1.393462 0.000256 1.393462 0.055041 0.184307 0.000256 0.184307 0.000000 
0.797524 0.000000 2.683018 0.008100 2.683018 0.159912 0.533925 0.008100 0.533925 0.000407 
0.818239 0.000000 3.734338 0.093313 3.734338 0.329434 1.038786 0.093313 1.038786 0.012198 
0.838953 0.000020 4.206382 0.468806 4.206382 0.522103 1.497554 0.468806 1.497554 0.069537 
0.859668 0.001026 4.120605 1.310538 4.120605 0.672618 1.797399 1.310538 1.797399 0.240782 
0.880383 0.018263 3.709817 2.454538 3.709817 0.807107 1.913947 2.454538 1.913947 0.563610 
0.901098 0.127452 3.171551 3.444402 3.171551 0.869982 1.877960 3.444402 1.877960 0.936670 
0.921813 0.481345 2.624030 3.952234 2.624030 0.892103 1.756017 3.952234 1.756017 1.276478 
0.942528 1.144126 2.150852 3.995422 2.150852 0.902555 1.600553 3.995422 1.600553 1.489174 
0.963243 1.972421 1.762687 3.681154 1.762687 0.895491 1.435514 3.681154 1.435514 1.569008 
0.983958 2.684007 1.449078 3.216123 1.449078 0.866145 1.282343 3.216123 1.282343 1.533374 
1.004673 3.101275 1.210302 2.719655 1.210302 0.838033 1.148086 2.719655 1.148086 1.456865 
1.025388 3.176179 1.018488 2.259192 1.018488 0.820594 1.033478 2.259192 1.033478 1.340087 
1.046102 3.014939 0.869972 1.867181 0.869972 0.797909 0.940707 1.867181 0.940707 1.213629 
1.066817 2.712323 0.757461 1.539489 0.757461 0.799465 0.867772 1.539489 0.867772 1.099467 
1.087532 2.369704 0.668163 1.283062 0.668163 0.795973 0.810521 1.283062 0.810521 0.999094 
1.108247 2.025926 0.603340 1.079569 0.603340 0.791338 0.764522 1.079569 0.764522 0.899791 
1.128962 1.719592 0.549138 0.915340 0.549138 0.810917 0.725403 0.915340 0.725403 0.830185 
1.149677 1.457182 0.509413 0.790857 0.509413 0.820942 0.714695 0.790857 0.714695 0.765289 
1.170392 1.242497 0.480839 0.696182 0.480839 0.838603 0.693957 0.696182 0.693957 0.712684 
1.191107 1.068648 0.459408 0.618169 0.459408 0.877227 0.688699 0.618169 0.688699 0.678889 
1.211822 0.927454 0.445669 0.560862 0.445669 0.901874 0.697534 0.560862 0.697534 0.647360 
1.232536 0.816835 0.443335 0.512846 0.443335 0.950146 0.705144 0.512846 0.705144 0.631159 
1.253251 0.729970 0.443942 0.480291 0.443942 0.981138 0.728994 0.480291 0.728994 0.620208 
1.273966 0.661800 0.446429 0.458321 0.446429 1.021335 0.750804 0.458321 0.750804 0.618166 
1.294681 0.609955 0.458569 0.443593 0.458569 1.067066 0.781496 0.443593 0.781496 0.615600 
1.315396 0.571908 0.477291 0.434788 0.477291 1.094902 0.824263 0.434788 0.824263 0.629505 
1.336111 0.543600 0.498165 0.431377 0.498165 1.142001 0.863483 0.431377 0.863483 0.647042 
1.356826 0.529039 0.527173 0.433663 0.527173 1.158399 0.914056 0.433663 0.914056 0.677282 
1.377541 0.520119 0.563560 0.444664 0.563560 1.186176 0.955784 0.444664 0.955784 0.707193 
1.398256 0.518718 0.605558 0.460997 0.605558 1.204514 1.002503 0.460997 1.002503 0.741012 
1.418971 0.528246 0.654449 0.482166 0.654449 1.216935 1.052004 0.482166 1.052004 0.799660 
1.439686 0.541872 0.707131 0.515044 0.707131 1.220156 1.099426 0.515044 1.099426 0.842703 
1.460400 0.564910 0.766609 0.552180 0.766609 1.224526 1.129778 0.552180 1.129778 0.900192 
1.481115 0.596114 0.828286 0.595040 0.828286 1.219616 1.164631 0.595040 1.164631 0.960397 
1.501830 0.633135 0.893882 0.646589 0.893882 1.222139 1.184292 0.646589 1.184292 1.025013 
1.522545 0.679662 0.958981 0.706902 0.958981 1.238243 1.202596 0.706902 1.202596 1.081674 
1.543260 0.733144 1.016784 0.775333 1.016784 1.247160 1.216111 0.775333 1.216111 1.139901 
1.563975 0.790885 1.072501 0.845751 1.072501 1.272597 1.228282 0.845751 1.228282 1.187430 
1.584690 0.854230 1.121397 0.914685 1.121397 1.283816 1.234077 0.914685 1.234077 1.230395 
1.605405 0.916198 1.161026 0.988469 1.161026 1.309768 1.246042 0.988469 1.246042 1.257304 
1.626120 0.975059 1.196303 1.054949 1.196303 1.308317 1.260454 1.054949 1.260454 1.283651 
1.646835 1.030662 1.216051 1.114444 1.216051 1.305350 1.273809 1.114444 1.273809 1.295637 
1.667549 1.080508 1.239269 1.162843 1.239269 1.279502 1.291359 1.162843 1.291359 1.296286 
1.688264 1.122502 1.262212 1.203732 1.262212 1.253543 1.305612 1.203732 1.305612 1.315633 
1.708979 1.158837 1.278235 1.231510 1.278235 1.198496 1.314164 1.231510 1.314164 1.315097 
1.729694 1.186248 1.294750 1.255486 1.294750 1.141741 1.310501 1.255486 1.310501 1.328944 
1.750409 1.203943 1.308978 1.264472 1.308978 1.086807 1.287751 1.264472 1.287751 1.330237 
1.771124 1.217674 1.317187 1.274944 1.317187 1.031140 1.256685 1.274944 1.256685 1.335238 
1.791839 1.221169 1.321248 1.277556 1.321248 0.975112 1.213688 1.277556 1.213688 1.335338 
1.812554 1.218663 1.308523 1.286897 1.308523 0.924214 1.162072 1.286897 1.162072 1.324055 
1.833269 1.213638 1.286756 1.293000 1.286756 0.874517 1.103106 1.293000 1.103106 1.307522 
1.853983 1.203497 1.259306 1.296027 1.259306 0.838903 1.045466 1.296027 1.045466 1.274970 
1.874698 1.195294 1.214868 1.291312 1.214868 0.801920 0.992338 1.291312 0.992338 1.231208 
1.895413 1.187139 1.165694 1.282489 1.165694 0.779953 0.938181 1.282489 0.938181 1.181261 
1.916128 1.183192 1.114746 1.263465 1.114746 0.760964 0.889177 1.263465 0.889177 1.123314 
1.936843 1.176412 1.060924 1.233379 1.060924 0.742352 0.847269 1.233379 0.847269 1.062986 
1.957558 1.167046 1.011716 1.194493 1.011716 0.736052 0.810617 1.194493 0.810617 0.996392 
1.978273 1.154513 0.967105 1.151737 0.967105 0.735716 0.778897 1.151737 0.778897 0.951356 
1.998988 1.139336 0.923454 1.102610 0.923454 0.744292 0.760399 1.102610 0.760399 0.898833 
2.019703 1.116662 0.886393 1.052506 0.886393 0.753983 0.746799 1.052506 0.746799 0.854451 
2.040418 1.088866 0.856824 1.004128 0.856824 0.767927 0.737935 1.004128 0.737935 0.814372 
2.061133 1.056606 0.833203 0.955417 0.833203 0.787085 0.733302 0.955417 0.733302 0.789894 
2.081847 1.018972 0.815548 0.915561 0.815548 0.810026 0.741879 0.915561 0.741879 0.757681 
2.102562 0.983243 0.805744 0.879968 0.805744 0.837628 0.751017 0.879968 0.751017 0.742484 
2.123277 0.945025 0.799784 0.848701 0.799784 0.862982 0.762555 0.848701 0.762555 0.732548 
2.143992 0.912450 0.801076 0.822210 0.801076 0.898147 0.782017 0.822210 0.782017 0.730583 
2.164707 0.882622 0.806203 0.805000 0.806203 0.926073 0.802665 0.805000 0.802665 0.730248 
2.185422 0.856814 0.816328 0.794166 0.816328 0.956040 0.828649 0.794166 0.828649 0.741196 
2.206137 0.836773 0.830081 0.790147 0.830081 0.984418 0.858743 0.790147 0.858743 0.748670 
2.226852 0.821900 0.847179 0.789411 0.847179 1.011672 0.890610 0.789411 0.890610 0.773734 
2.247567 0.813037 0.867751 0.795067 0.867751 1.045774 0.920413 0.795067 0.920413 0.795154 
2.268281 0.809824 0.891537 0.807730 0.891537 1.068502 0.954963 0.807730 0.954963 0.823632 
2.288996 0.813456 0.914692 0.823991 0.914692 1.089267 0.983479 0.823991 0.983479 0.851364 
2.309711 0.819654 0.942293 0.841932 0.942293 1.101130 1.015079 0.841932 1.015079 0.883474 
2.330426 0.833882 0.967363 0.864733 0.967363 1.118631 1.044160 0.864733 1.044160 0.913699 
2.351141 0.850550 0.990548 0.892145 0.990548 1.129734 1.070667 0.892145 1.070667 0.955780 
2.371856 0.871382 1.015721 0.918211 1.015721 1.135899 1.095164 0.918211 1.095164 0.983785 
2.392571 0.895285 1.036359 0.945679 1.036359 1.136005 1.108770 0.945679 1.108770 1.016200 
2.413286 0.919962 1.056603 0.975163 1.056603 1.135948 1.124979 0.975163 1.124979 1.050336 
2.434001 0.950008 1.073352 1.002075 1.073352 1.137722 1.136755 1.002075 1.136755 1.074088 
2.454716 0.976653 1.087387 1.027727 1.087387 1.131478 1.140942 1.027727 1.140942 1.098505 
2.475430 1.002092 1.094485 1.051771 1.094485 1.120940 1.144206 1.051771 1.144206 1.120232 
2.496145 1.026463 1.102397 1.070054 1.102397 1.112794 1.140477 1.070054 1.140477 1.135248 
2.516860 1.049849 1.106536 1.088594 1.106536 1.106550 1.139198 1.088594 1.139198 1.146845 
2.537575 1.070217 1.106107 1.101456 1.106107 1.094346 1.132169 1.101456 1.132169 1.147589 
2.558290 1.087074 1.103055 1.110560 1.103055 1.079482 1.126206 1.110560 1.126206 1.154894 
2.579005 1.100143 1.097641 1.116139 1.097641 1.068950 1.111218 1.116139 1.111218 1.148622 
2.599720 1.111201 1.091288 1.119254 1.091288 1.054222 1.100844 1.119254 1.100844 1.142960 
2.620435 1.115346 1.083019 1.117410 1.083019 1.040497 1.086399 1.117410 1.086399 1.135934 
2.641150 1.117992 1.073940 1.114307 1.073940 1.026841 1.072700 1.114307 1.072700 1.124014 
2.661865 1.117869 1.063473 1.106527 1.063473 1.006920 1.062408 1.106527 1.062408 1.107042 
2.682580 1.111968 1.052364 1.097919 1.052364 0.991776 1.047869 1.097919 1.047869 1.095019 
2.703294 1.105633 1.041143 1.086653 1.041143 0.979398 1.032406 1.086653 1.032406 1.085546 
2.724009 1.096607 1.029697 1.075666 1.029697 0.965632 1.016376 1.075666 1.016376 1.068580 
2.744724 1.084830 1.018175 1.062974 1.018175 0.952421 1.001045 1.062974 1.001045 1.054950 
2.765439 1.073463 1.007844 1.049879 1.007844 0.939455 0.986401 1.049879 0.986401 1.039031 
2.786154 1.059730 0.996408 1.035964 0.996408 0.924766 0.973095 1.035964 0.973095 1.026184 
2.806869 1.046424 0.987191 1.025045 0.987191 0.923713 0.958251 1.025045 0.958251 1.003464 
2.827584 1.033482 0.976702 1.013223 0.976702 0.916342 0.948472 1.013223 0.948472 0.992665 
2.848299 1.020272 0.967454 1.000277 0.967454 0.917369 0.935428 1.000277 0.935428 0.982124 
2.869014 1.007239 0.957859 0.989150 0.957859 0.916415 0.928527 0.989150 0.928527 0.966662 
2.889728 0.996866 0.950324 0.976868 0.950324 0.914420 0.919976 0.976868 0.919976 0.953534 
2.910443 0.986613 0.941817 0.968309 0.941817 0.919602 0.918170 0.968309 0.918170 0.940814 
2.931158 0.977723 0.937421 0.957898 0.937421 0.927403 0.912188 0.957898 0.912188 0.930242 
2.951873 0.967117 0.932688 0.950520 0.932688 0.937462 0.912484 0.950520 0.912484 0.921861 
2.972588 0.960333 0.930280 0.943153 0.930280 0.944022 0.916256 0.943153 0.916256 0.917777 
2.993303 0.952348 0.929895 0.936274 0.929895 0.957611 0.920911 0.936274 0.920911 0.910796 
3.014018 0.946090 0.932906 0.932410 0.932906 0.968273 0.928530 0.932410 0.928530 0.905277 
3.034733 0.942204 0.935294 0.927476 0.935294 0.977284 0.936522 0.927476 0.936522 0.916144 
3.055448 0.939285 0.941641 0.926405 0.941641 0.985063 0.945866 0.926405 0.945866 0.915748 
3.076163 0.935268 0.948257 0.925788 0.948257 0.999249 0.954667 0.925788 0.954667 0.919583 
3.096877 0.934026 0.956491 0.929515 0.956491 1.009522 0.967850 0.929515 0.967850 0.929761 
3.117592 0.934748 0.963819 0.933705 0.963819 1.016963 0.980765 0.933705 0.980765 0.937690 
3.138307 0.934930 0.975053 0.938807 0.975053 1.024544 0.994070 0.938807 0.994070 0.947042 
3.159022 0.939142 0.984843 0.946316 0.984843 1.031807 1.001419 0.946316 1.001419 0.959217 
3.179737 0.944173 0.996583 0.956024 0.996583 1.040439 1.015327 0.956024 1.015327 0.971488 
3.200452 0.950884 1.004776 0.965098 1.004776 1.049042 1.022354 0.965098 1.022354 0.983929 
3.221167 0.957219 1.015008 0.974299 1.015008 1.043105 1.032170 0.974299 1.032170 0.999228 
3.241882 0.965370 1.024556 0.986415 1.024556 1.044603 1.038675 0.986415 1.038675 1.007447 
3.262597 0.975104 1.032275 0.998244 1.032275 1.049811 1.044756 0.998244 1.044756 1.019531 
3.283312 0.984257 1.037993 1.009131 1.037993 1.050367 1.049943 1.009131 1.049943 1.027094 
3.304026 0.994362 1.042530 1.018100 1.042530 1.043190 1.049567 1.018100 1.049567 1.040553 
3.324741 1.003675 1.046224 1.028839 1.046224 1.042718 1.052611 1.028839 1.052611 1.048460 
3.345456 1.012747 1.048683 1.036002 1.048683 1.037326 1.051406 1.036002 1.051406 1.054587 
3.366171 1.022017 1.050365 1.042802 1.050365 1.033656 1.051069 1.042802 1.051069 1.052106 
3.386886 1.029058 1.050231 1.048861 1.050231 1.027793 1.047534 1.048861 1.047534 1.060111 
3.407601 1.036604 1.046813 1.051711 1.046813 1.023058 1.045402 1.051711 1.045402 1.059982 
3.428316 1.041759 1.045034 1.053415 1.045034 1.016367 1.039713 1.053415 1.039713 1.057656 
3.449031 1.046056 1.039896 1.053512 1.039896 1.008559 1.034417 1.053512 1.034417 1.055692 
3.469746 1.048618 1.034510 1.052872 1.034510 1.003472 1.025455 1.052872 1.025455 1.051050 
3.490461 1.049826 1.031487 1.050959 1.031487 0.998690 1.020082 1.050959 1.020082 1.044147 
3.511176 1.049198 1.023944 1.048046 1.023944 0.993230 1.013355 1.048046 1.013355 1.039094 
3.531890 1.047095 1.017936 1.042105 1.017936 0.989048 1.006807 1.042105 1.006807 1.031561 
3.552605 1.044630 1.012161 1.036430 1.012161 0.983180 1.000780 1.036430 1.000780 1.025101 
3.573320 1.041342 1.005566 1.031551 1.005566 0.982974 0.994975 1.031551 0.994975 1.018399 
3.594035 1.035928 1.000414 1.026321 1.000414 0.977030 0.987506 1.026321 0.987506 1.013842 
3.614750 1.031757 0.993566 1.018222 0.993566 0.974163 0.985274 1.018222 0.985274 1.005790 
3.635465 1.025001 0.988719 1.010182 0.988719 0.971827 0.979599 1.010182 0.979599 0.999268 
3.656180 1.018763 0.984722 1.003664 0.984722 0.972646 0.979033 1.003664 0.979033 0.992453 
3.676895 1.011982 0.979938 0.998062 0.979938 0.971639 0.974126 0.998062 0.974126 0.983208 
3.697610 1.006929 0.977143 0.991880 0.977143 0.973438 0.971417 0.991880 0.971417 0.981509 
3.718324 1.000031 0.974007 0.986010 0.974007 0.971866 0.969479 0.986010 0.969479 0.979205 
3.739039 0.994444 0.971874 0.981094 0.971874 0.973936 0.968078 0.981094 0.968078 0.969544 
3.759754 0.988679 0.969398 0.977147 0.969398 0.977970 0.967705 0.977147 0.967705 0.968476 
3.780469 0.983982 0.970192 0.973647 0.970192 0.978787 0.968090 0.973647 0.968090 0.965724 
3.801184 0.980150 0.969137 0.971017 0.969137 0.978749 0.972094 0.971017 0.972094 0.963551 
3.821899 0.976692 0.970972 0.968244 0.970972 0.982995 0.971262 0.968244 0.971262 0.964988 
3.842614 0.973588 0.971194 0.966993 0.971194 0.987833 0.975388 0.966993 0.975388 0.965163 
3.863329 0.971481 0.973786 0.967541 0.973786 0.993100 0.977242 0.967541 0.977242 0.966767 
3.884044 0.970482 0.975677 0.966795 0.975677 0.998649 0.980043 0.966795 0.980043 0.968915 
3.904759 0.969737 0.979268 0.967391 0.979268 1.001535 0.984929 0.967391 0.984929 0.971729 
3.925473 0.970068 0.981718 0.969632 0.981718 1.004995 0.991206 0.969632 0.991206 0.972886 
3.946188 0.971213 0.985671 0.970996 0.985671 1.008390 0.994788 0.970996 0.994788 0.977962 
3.966903 0.973008 0.990125 0.975401 0.990125 1.012061 0.996859 0.975401 0.996859 0.984950 
3.987618 0.974580 0.993382 0.978569 0.993382 1.017453 1.003673 0.978569 1.003673 0.984178 
4.008333 0.976850 0.997783 0.982840 0.997783 1.017415 1.008595 0.982840 1.008595 0.990558 
4.029048 0.980544 1.001254 0.986148 1.001254 1.020218 1.012772 0.986148 1.012772 0.996747 
4.049763 0.983017 1.005363 0.990482 1.005363 1.019650 1.014091 0.990482 1.014091 1.002619 
4.070478 0.987086 1.008684 0.996193 1.008684 1.022944 1.016505 0.996193 1.016505 1.003800 
4.091193 0.990709 1.012195 0.998368 1.012195 1.023689 1.020899 0.998368 1.020899 1.008495 
4.111907 0.994757 1.014966 1.002496 1.014966 1.020187 1.021473 1.002496 1.021473 1.013821 
4.132622 0.998596 1.018295 1.007996 1.018295 1.020456 1.023864 1.007996 1.023864 1.021750 
4.153337 1.002936 1.019131 1.011956 1.019131 1.018747 1.024587 1.011956 1.024587 1.018577 
4.174052 1.006385 1.020581 1.015000 1.020581 1.016716 1.022867 1.015000 1.022867 1.022151 
4.194767 1.009313 1.021811 1.017944 1.021811 1.013862 1.024090 1.017944 1.024090 1.024714 
4.215482 1.013002 1.022322 1.021243 1.022322 1.014261 1.021177 1.021243 1.021177 1.025235 
4.236197 1.015409 1.021275 1.021303 1.021275 1.009089 1.021095 1.021303 1.021095 1.025836 
4.256912 1.017493 1.020451 1.021802 1.020451 1.006878 1.016614 1.021802 1.016614 1.025505 
4.277627 1.018984 1.018805 1.023561 1.018805 1.002013 1.015793 1.023561 1.015793 1.023829 
4.298342 1.020211 1.017583 1.023372 1.017583 1.002735 1.012912 1.023372 1.012912 1.022157 
4.319057 1.021278 1.014507 1.023405 1.014507 0.997667 1.009793 1.023405 1.009793 1.022391 
4.339772 1.020522 1.011895 1.020844 1.011895 0.995036 1.007232 1.020844 1.007232 1.021625 
4.360487 1.020622 1.010002 1.019568 1.010002 0.992437 1.003615 1.019568 1.003615 1.017602 
4.381201 1.019670 1.006941 1.016907 1.006941 0.991218 0.998677 1.016907 0.998677 1.010599 
4.401916 1.017584 1.002743 1.014746 1.002743 0.989849 0.996245 1.014746 0.996245 1.007013 
4.422631 1.016768 1.001701 1.011901 1.001701 0.991281 0.994501 1.011901 0.994501 1.005443 
4.443346 1.014278 0.997764 1.009192 0.997764 0.983732 0.991468 1.009192 0.991468 1.000878 
4.464061 1.011310 0.995976 1.005950 0.995976 0.987201 0.989671 1.005950 0.989671 0.996471 
4.484776 1.008911 0.992149 1.003252 0.992149 0.985254 0.988380 1.003252 0.988380 0.995425 
4.505491 1.006539 0.990855 0.999702 0.990855 0.985258 0.985443 0.999702 0.985443 0.994024 
4.526206 1.002893 0.990030 0.997574 0.990030 0.987757 0.983587 0.997574 0.983587 0.989131 
4.546920 1.000702 0.988133 0.994359 0.988133 0.986398 0.984792 0.994359 0.984792 0.987892 
4.567635 0.998135 0.987162 0.991507 0.987162 0.987962 0.983401 0.991507 0.983401 0.986021 
4.588350 0.996615 0.986353 0.989454 0.986353 0.989997 0.985527 0.989454 0.985527 0.985807 
4.609065 0.993310 0.986219 0.988504 0.986219 0.989660 0.984817 0.988504 0.984817 0.985862 
4.629780 0.991691 0.985534 0.986532 0.985534 0.991169 0.986579 0.986532 0.986579 0.983436 
4.650495 0.989062 0.986289 0.986279 0.986289 0.994909 0.986266 0.986279 0.986266 0.981172 
4.671210 0.987941 0.986900 0.984401 0.986900 0.997221 0.987311 0.984401 0.987311 0.986008 
4.691925 0.986935 0.987516 0.984728 0.987516 0.998250 0.990932 0.984728 0.990932 0.984960 
4.712640 0.985836 0.988642 0.985279 0.988642 0.996895 0.991042 0.985279 0.991042 0.982948 
4.733355 0.985938 0.989445 0.985552 0.989445 1.000538 0.993311 0.985552 0.993311 0.987011 
4.754069 0.985604 0.991728 0.986630 0.991728 1.001043 0.994811 0.986630 0.994811 0.988412 
4.774784 0.986254 0.993186 0.986165 0.993186 1.002491 0.999386 0.986165 0.999386 0.989304 
4.795499 0.986654 0.995958 0.988467 0.995958 1.005297 0.999413 0.988467 0.999413 0.990986 
4.816214 0.988331 0.997579 0.989538 0.997579 1.008663 1.003026 0.989538 1.003026 0.992259 
4.836929 0.989386 0.999678 0.991998 0.999678 1.009884 1.004334 0.991998 1.004334 0.995317 
4.857644 0.990930 1.001251 0.994021 1.001251 1.008790 1.004600 0.994021 1.004600 0.997904 
4.878359 0.992749 1.003477 0.995715 1.003477 1.009614 1.007866 0.995715 1.007866 1.003266 
4.899074 0.994008 1.005001 0.998166 1.005001 1.013662 1.007359 0.998166 1.007359 1.001774 
4.919789 0.996108 1.005835 0.999076 1.005835 1.009450 1.009694 0.999076 1.009694 1.003621 
4.940504 0.997953 1.006357 1.001477 1.006357 1.009887 1.010770 1.001477 1.010770 1.005128 
4.961218 0.999608 1.007586 1.004072 1.007586 1.009199 1.012569 1.004072 1.012569 1.009624 
4.981933 1.001070 1.008913 1.005786 1.008913 1.011100 1.009484 1.005786 1.009484 1.009793 
5.002648 1.003541 1.008872 1.007388 1.008872 1.007670 1.011230 1.007388 1.011230 1.011748 
5.023363 1.004405 1.008569 1.008573 1.008569 1.005424 1.010567 1.008573 1.010567 1.012153 
5.044078 1.006848 1.009216 1.009253 1.009216 1.005620 1.011282 1.009253 1.011282 1.012619 
5.064793 1.007243 1.009489 1.010304 1.009489 1.006019 1.008707 1.010304 1.008707 1.009819 
5.085508 1.008265 1.009410 1.010643 1.009410 1.005158 1.008585 1.010643 1.008585 1.012500 
5.106223 1.008949 1.008803 1.010736 1.008803 1.001177 1.007061 1.010736 1.007061 1.011235 
5.126938 1.009361 1.007689 1.009716 1.007689 1.000911 1.005121 1.009716 1.005121 1.011557 
5.147653 1.009873 1.007465 1.010240 1.007465 0.998864 1.003066 1.010240 1.003066 1.009841 
5.168367 1.009799 1.005612 1.009070 1.005612 0.998517 1.003978 1.009070 1.003978 1.007434 
5.189082 1.009240 1.004846 1.008596 1.004846 0.996421 1.000331 1.008596 1.000331 1.008210 
5.209797 1.009185 1.003628 1.008520 1.003628 0.998934 0.998947 1.008520 0.998947 1.006122 
5.230512 1.008476 1.002136 1.006792 1.002136 0.994641 1.000001 1.006792 1.000001 1.004193 
5.251227 1.007774 1.000119 1.005747 1.000119 0.995753 0.996645 1.005747 0.996645 1.005600 
5.271942 1.006431 0.999765 1.004652 0.999765 0.995202 0.996390 1.004652 0.996390 1.001529 
5.292657 1.005410 0.997926 1.002072 0.997926 0.995181 0.996492 1.002072 0.996492 1.002843 
5.313372 1.003842 0.997214 1.001380 0.997214 0.994673 0.993677 1.001380 0.993677 0.999196 
5.334087 1.003088 0.995484 1.000389 0.995484 0.991532 0.994162 1.000389 0.994162 0.997988 
5.354802 1.002186 0.994856 0.998174 0.994856 0.994401 0.993846 0.998174 0.993846 0.996495 
5.375516 1.000578 0.993970 0.997531 0.993970 0.992689 0.993836 0.997531 0.993836 0.993490 
5.396231 0.999332 0.993411 0.996161 0.993411 0.994999 0.992761 0.996161 0.992761 0.995462 
5.416946 0.997974 0.993647 0.994922 0.993647 0.993803 0.992996 0.994922 0.992996 0.994804 
5.437661 0.997171 0.993717 0.993970 0.993717 0.996575 0.993390 0.993970 0.993390 0.991891 
5.458376 0.995872 0.993701 0.993307 0.993701 0.995921 0.994071 0.993307 0.994071 0.991967 
5.479091 0.995013 0.993215 0.993234 0.993215 0.998455 0.992921 0.993234 0.992921 0.992352 
5.499806 0.994444 0.993196 0.992390 0.993196 0.996317 0.994123 0.992390 0.994123 0.990835 
5.520521 0.993780 0.994343 0.992929 0.994343 0.999700 0.995622 0.992929 0.995622 0.992699 
5.541236 0.993613 0.995155 0.992382 0.995155 0.996937 0.997105 0.992382 0.997105 0.994256 
5.561951 0.993588 0.995335 0.993391 0.995335 1.000942 0.998248 0.993391 0.998248 0.995120 
5.582665 0.993416 0.996042 0.993316 0.996042 0.999939 0.997152 0.993316 0.997152 0.993797 
5.603380 0.993768 0.996699 0.994299 0.996699 1.004307 0.998197 0.994299 0.998197 0.994843 
5.624095 0.994216 0.998020 0.994293 0.998020 1.000496 0.999737 0.994293 0.999737 0.996499 
5.644810 0.994620 0.998647 0.995285 0.998647 1.004338 1.000320 0.995285 1.000320 0.996858 
5.665525 0.994842 0.999728 0.996320 0.999728 1.004384 1.000305 0.996320 1.000305 0.997733 
5.686240 0.995125 1.000042 0.996979 1.000042 1.003338 1.002445 0.996979 1.002445 0.999651 
5.706955 0.996098 1.001139 0.998577 1.001139 1.005654 1.004919 0.998577 1.004919 1.000928 
5.727670 0.996965 1.001804 0.999097 1.001804 1.004564 1.004304 0.999097 1.004304 1.002100 
5.748384 0.998056 1.002637 1.000554 1.002637 1.005095 1.004497 1.000554 1.004497 1.002182 
5.769099 0.998675 1.002829 1.001450 1.002829 1.005088 1.004816 1.001450 1.004816 1.001877 
5.789814 0.999988 1.004110 1.002057 1.004110 1.006189 1.003924 1.002057 1.003924 1.003888 
5.810529 1.001166 1.004946 1.003000 1.004946 1.002291 1.004387 1.003000 1.004387 1.004607 
5.831244 1.001953 1.004828 1.003116 1.004828 1.004550 1.006067 1.003116 1.006067 1.003885 
5.851959 1.002387 1.004548 1.003741 1.004548 1.002924 1.004303 1.003741 1.004303 1.006727 
5.872674 1.002916 1.005068 1.004744 1.005068 1.004439 1.005672 1.004744 1.005672 1.003234 
5.893389 1.003652 1.004234 1.004339 1.004234 1.003210 1.005612 1.004339 1.005612 1.005991 
5.914104 1.003933 1.004491 1.004173 1.004491 1.001437 1.002946 1.004173 1.002946 1.004691 
5.934819 1.004349 1.004151 1.005238 1.004151 1.000340 1.003540 1.005238 1.003540 1.005843 
5.955534 1.004740 1.003279 1.005075 1.003279 0.998506 1.001209 1.005075 1.001209 1.004663 
5.976249 1.004951 1.002922 1.004806 1.002922 0.999339 1.002739 1.004806 1.002739 1.003828 
5.996964 1.004813 1.002748 1.005043 1.002748 1.000793 1.000995 1.005043 1.000995 1.003835 
6.017678 1.004734 1.002916 1.003901 1.002916 1.000233 0.999806 1.003901 0.999806 1.006678 
6.038393 1.004559 1.001310 1.003621 1.001310 0.998210 0.999634 1.003621 0.999634 1.001448 
6.059108 1.004038 1.000618 1.003883 1.000618 0.998410 0.999605 1.003883 0.999605 1.003044 
6.079823 1.003659 1.000369 1.003781 1.000369 0.996009 1.000081 1.003781 1.000081 1.001308 
6.100538 1.002915 1.000380 1.001985 1.000380 0.996989 0.998426 1.001985 0.998426 1.000728 
6.121253 1.002727 0.999017 1.001752 0.999017 0.997637 0.997936 1.001752 0.997936 0.998562 
6.141968 1.002035 0.999145 1.000100 0.999145 0.996175 0.997982 1.000100 0.997982 1.000104 
6.162683 1.001756 0.998346 1.000380 0.998346 0.996489 0.997467 1.000380 0.997467 1.000054 
6.183398 1.000315 0.997189 0.999210 0.997189 0.998322 0.996227 0.999210 0.996227 0.997256 
6.204113 1.000191 0.997434 0.998406 0.997434 0.998529 0.997307 0.998406 0.997307 0.998143 
6.224827 0.999490 0.997099 0.998410 0.997099 0.995797 0.996476 0.998410 0.996476 0.997036 
6.245542 0.999235 0.997202 0.997709 0.997202 0.997670 0.996902 0.997709 0.996902 0.999211 
6.266257 0.998546 0.996637 0.996815 0.996637 0.997949 0.996223 0.996815 0.996223 0.995861 
6.286972 0.998385 0.996105 0.997536 0.996105 0.998756 0.997444 0.997536 0.997444 0.997714 
6.307687 0.997347 0.996161 0.996594 0.996161 0.998713 0.996952 0.996594 0.996952 0.995752 
6.328402 0.997315 0.996878 0.996512 0.996878 0.998877 0.996579 0.996512 0.996579 0.997260 
6.349117 0.996967 0.997545 0.996102 0.997545 0.999416 0.997170 0.996102 0.997170 0.997416 
6.369832 0.996947 0.998097 0.996322 0.998097 1.001501 0.997550 0.996322 0.997550 0.995910 
6.390547 0.996908 0.997451 0.996451 0.997451 1.000112 0.997881 0.996451 0.997881 0.997612 
6.411262 0.997061 0.998989 0.996652 0.998989 1.000378 0.999056 0.996652 0.999056 0.999156 
6.431976 0.997353 0.998540 0.996818 0.998540 0.999167 0.998414 0.996818 0.998414 0.998261 
6.452691 0.997120 0.999440 0.997019 0.999440 1.000426 0.999394 0.997019 0.999394 0.998681 
6.473406 0.997079 0.998976 0.997272 0.998976 1.003982 1.000932 0.997272 1.000932 0.998817 
6.494121 0.998240 0.999340 0.997976 0.999340 1.001844 1.002273 0.997976 1.002273 0.999888 
6.514836 0.998279 1.000214 0.998574 1.000214 1.001963 1.000728 0.998574 1.000728 1.001737 
6.535551 0.998564 1.000840 0.998855 1.000840 1.002762 1.002078 0.998855 1.002078 1.001644 
6.556266 0.998431 1.000776 1.000118 1.000776 1.002065 1.002274 1.000118 1.002274 1.000687 
6.576981 0.999280 1.000914 0.999876 1.000914 1.001881 1.001540 0.999876 1.001540 1.001716 
6.597695 0.999431 1.001337 1.000895 1.001337 1.004117 1.002282 1.000895 1.002282 1.002042 
6.618410 1.000247 1.001333 1.000511 1.001333 1.002707 1.003834 1.000511 1.003834 1.001832 
6.639125 1.000341 1.002131 1.001553 1.002131 1.002655 1.003627 1.001553 1.003627 1.002540 
6.659840 1.000615 1.002548 1.002026 1.002548 1.001884 1.002463 1.002026 1.002463 1.002371 
6.680555 1.000662 1.002000 1.002047 1.002000 1.003251 1.001538 1.002047 1.001538 1.001692 
6.701270 1.001557 1.002742 1.002421 1.002742 1.002740 1.002860 1.002421 1.002860 1.002677 
6.721985 1.001740 1.002632 1.001986 1.002632 1.002254 1.003526 1.001986 1.003526 1.002933 
6.742700 1.002065 1.001973 1.002065 1.001973 1.000327 1.002923 1.002065 1.002923 1.002560 
6.763415 1.002592 1.002247 1.002900 1.002247 0.999805 1.001837 1.002900 1.001837 1.002027 
6.784130 1.002542 1.001747 1.002224 1.001747 1.001411 1.000721 1.002224 1.000721 1.002112 
6.804844 1.002111 1.001270 1.002114 1.001270 0.999723 1.000850 1.002114 1.000850 1.003820 
6.825559 1.002318 1.001156 1.002354 1.001156 0.999716 1.000089 1.002354 1.000089 1.000987 
6.846274 1.002255 1.001640 1.001779 1.001640 0.999828 1.001780 1.001779 1.001780 1.001301 
6.866989 1.002288 1.000139 1.001623 1.000139 1.000766 1.000309 1.001623 1.000309 1.001855 
6.887704 1.001910 1.000202 1.002310 1.000202 0.999098 0.998635 1.002310 0.998635 0.999568 
6.908419 1.002135 0.999755 1.001455 0.999755 1.000288 0.999212 1.001455 0.999212 1.000887 
6.929134 1.001783 0.999799 1.001427 0.999799 0.998408 0.999628 1.001427 0.999628 0.999867 
6.949849 1.001782 0.999046 1.000528 0.999046 0.999623 0.999495 1.000528 0.999495 1.000619 
6.970564 1.000770 0.999727 1.000322 0.999727 0.998557 0.998209 1.000322 0.998209 1.001198 
6.991279 1.000801 0.999246 1.000301 0.999246 0.998986 0.999309 1.000301 0.999309 0.999361 
7.011993 1.000412 0.998855 1.000373 0.998855 0.996902 0.998760 1.000373 0.998760 0.997372 
7.032708 1.000334 0.998468 0.999243 0.998468 0.998719 0.997984 0.999243 0.997984 0.999635 
7.053423 0.999861 0.998160 0.999220 0.998160 0.999975 0.998553 0.999220 0.998553 0.999222 
7.074138 0.999556 0.998889 0.999132 0.998889 0.997859 0.997324 0.999132 0.997324 0.999547 
7.094853 0.999162 0.998183 0.998066 0.998183 0.999005 0.998964 0.998066 0.998964 0.998445 
7.115568 0.998966 0.998642 0.999005 0.998642 0.998729 0.998678 0.999005 0.998678 0.998295 
7.136283 0.998520 0.998507 0.998276 0.998507 0.999192 0.997887 0.998276 0.997887 0.997994 
7.156998 0.999251 0.998489 0.998532 0.998489 0.999159 0.998325 0.998532 0.998325 0.997717 
7.177713 0.998490 0.998691 0.998477 0.998691 1.000040 0.998289 0.998477 0.998289 0.998052 
7.198428 0.998158 0.998811 0.998236 0.998811 1.000692 0.998045 0.998236 0.998045 0.998780 
7.219142 0.998454 0.999183 0.998775 0.999183 0.999751 1.000743 0.998775 1.000743 0.998898 
7.239857 0.998404 0.999235 0.998373 0.999235 1.000981 0.999518 0.998373 0.999518 0.998756 
7.260572 0.998769 0.999680 0.998011 0.999680 1.001981 1.000131 0.998011 1.000131 0.998658 
7.281287 0.998227 0.999529 0.998849 0.999529 1.000373 0.999491 0.998849 0.999491 0.998981 
7.302002 0.998685 0.999512 0.999147 0.999512 1.000669 1.001244 0.999147 1.001244 0.999522 
7.322717 0.998778 0.999861 0.998740 0.999861 1.000190 1.001240 0.998740 1.001240 0.999661 
7.343432 0.999251 1.000246 0.998971 1.000246 0.999891 1.001124 0.998971 1.001124 0.999697 
7.364147 0.999852 1.000266 0.999398 1.000266 1.000177 1.001086 0.999398 1.001086 0.999749 
7.384862 0.999606 1.000626 0.999333 1.000626 1.002680 1.001549 0.999333 1.001549 1.001404 
7.405577 1.000005 1.000757 0.999514 1.000757 1.001613 1.001684 0.999514 1.001684 1.000329 
7.426291 1.000459 1.001031 1.000535 1.001031 1.000711 1.000972 1.000535 1.000972 1.001251 
7.447006 1.000059 1.000678 1.000303 1.000678 1.000969 1.002663 1.000303 1.002663 1.001559 
7.467721 1.000194 1.000674 1.001043 1.000674 1.002385 1.000956 1.001043 1.000956 1.001944 
7.488436 1.000791 1.001170 1.001290 1.001170 1.000938 1.001594 1.001290 1.001594 1.001092 
7.509151 1.000520 1.001398 1.000317 1.001398 1.000757 1.001132 1.000317 1.001132 1.000469 
7.529866 1.000420 1.000949 1.001253 1.000949 0.999801 1.000830 1.001253 1.000830 1.001523 
7.550581 1.000536 1.001188 1.000956 1.001188 1.001398 1.000348 1.000956 1.000348 1.000802 
7.571296 1.000996 1.001188 1.001628 1.001188 1.000507 1.000783 1.001628 1.000783 1.001197 
7.592011 1.001177 1.000946 1.001393 1.000946 0.999951 1.000753 1.001393 1.000753 1.000765 
7.612726 1.001310 1.000421 1.001359 1.000421 1.000132 1.001183 1.001359 1.001183 1.002228 
7.633440 1.001344 1.001062 1.001466 1.001062 0.999803 1.000736 1.001466 1.000736 1.000595 
7.654155 1.000845 1.000707 1.001117 1.000707 0.999879 1.000932 1.001117 1.000932 1.000979 
7.674870 1.001086 1.000717 1.001045 1.000717 0.999798 1.000186 1.001045 1.000186 1.000947 
7.695585 1.001073 1.000127 1.000817 1.000127 0.999645 1.000280 1.000817 1.000280 1.000686 
7.716300 1.000985 1.000227 1.000882 1.000227 0.999605 0.999782 1.000882 0.999782 1.001903 
7.737015 1.001059 1.000034 1.000692 1.000034 0.999332 1.000007 1.000692 1.000007 1.000031 
7.757730 1.000737 1.000090 1.000368 1.000090 0.999992 0.999602 1.000368 0.999602 1.001544 
7.778445 1.000761 0.999756 1.000279 0.999756 0.998502 1.000316 1.000279 1.000316 1.001883 
7.799160 1.000879 0.999212 1.000403 0.999212 1.001929 1.000035 1.000403 1.000035 0.999582 
7.819875 1.000653 0.999129 0.999912 0.999129 1.000308 0.999219 0.999912 0.999219 0.998935 
7.840590 1.000708 0.999752 1.000155 0.999752 0.998323 0.999942 1.000155 0.999942 1.000170 
7.861304 1.000144 0.999497 0.999786 0.999497 1.000068 0.999220 0.999786 0.999220 0.999347 
7.882019 0.999914 0.999060 0.999735 0.999060 0.999505 0.999129 0.999735 0.999129 0.998935 
7.902734 0.999945 0.998993 0.999452 0.998993 0.998331 0.999573 0.999452 0.999573 1.000787 
7.923449 0.999896 0.998879 0.999484 0.998879 0.999755 0.998821 0.999484 0.998821 0.999397 
7.944164 0.999258 0.999118 0.999018 0.999118 0.999923 0.997974 0.999018 0.997974 0.998469 
7.964879 0.999289 0.999514 0.998889 0.999514 0.999751 0.999264 0.998889 0.999264 0.998974 
7.985594 0.999613 0.998858 0.998982 0.998858 0.999932 0.999340 0.998982 0.999340 0.998971 
8.006309 0.999367 0.998954 0.999206 0.998954 1.001272 1.000073 0.999206 1.000073 1.000231 
8.027024 0.999299 0.999636 0.999597 0.999636 1.000856 0.999318 0.999597 0.999318 1.000313 
8.047739 0.999174 0.999032 0.998573 0.999032 1.000138 1.000045 0.998573 1.000045 0.999618 
8.068453 0.999188 0.999567 0.999547 0.999567 1.001135 0.999941 0.999547 0.999941 1.000304 
8.089168 0.999245 0.999675 0.999671 0.999675 1.000819 0.999578 0.999671 0.999578 0.999493 
8.109883 0.999558 1.000076 0.999330 1.000076 1.001127 1.000467 0.999330 1.000467 1.000606 
8.130598 0.999518 1.000016 0.999435 1.000016 0.999960 1.000223 0.999435 1.000223 0.999494 
8.151313 0.999397 1.000035 0.999482 1.000035 1.000829 1.000365 0.999482 1.000365 0.999677 
8.172028 0.999429 1.000027 0.999652 1.000027 1.001498 1.000525 0.999652 1.000525 0.999593 
8.192743 0.999826 1.000536 0.999535 1.000536 1.000118 1.000546 0.999535 1.000546 0.999876 
8.213458 0.999702 1.000380 1.000390 1.000380 1.001351 0.999976 1.000390 0.999976 1.001591 
8.234172 0.999806 1.000482 0.999833 1.000482 1.001154 1.001040 0.999833 1.001040 1.000368 
8.254887 1.000066 1.000534 1.000506 1.000534 1.000543 1.000485 1.000506 1.000485 1.001325 
8.275602 1.000374 1.000604 1.000116 1.000604 1.000451 1.000332 1.000116 1.000332 1.001449 
8.296318 1.000439 1.000176 1.000301 1.000176 1.000037 1.001276 1.000301 1.001276 1.000975 
8.317032 1.000188 1.000858 0.999979 1.000858 1.001160 1.000243 0.999979 1.000243 1.000017 
8.337747 1.000239 1.000785 1.000329 1.000785 1.000771 1.000779 1.000329 1.000779 1.001851 
8.358462 1.000684 1.000493 1.000061 1.000493 0.999710 1.000906 1.000061 1.000906 1.000268 
8.379177 1.000634 1.000565 1.000498 1.000565 1.000586 1.000500 1.000498 1.000500 1.000837 
8.399891 1.000412 1.000529 1.000665 1.000529 1.000418 1.000227 1.000665 1.000227 1.001317 
8.420607 1.000647 1.000293 1.001020 1.000293 1.000490 1.000822 1.001020 1.000822 1.001492 
8.441322 1.000573 1.000251 1.000485 1.000251 0.999983 1.000357 1.000485 1.000357 1.002783 
8.462037 1.001121 1.000266 1.000999 1.000266 0.999760 1.001055 1.000999 1.001055 0.999966 
8.482751 1.000640 1.000200 1.000593 1.000200 0.999497 1.000290 1.000593 1.000290 0.999808 
8.503466 1.000789 1.000338 1.000682 1.000338 0.998726 0.999349 1.000682 0.999349 1.000159 
8.524181 1.000454 1.000168 1.000202 1.000168 0.999489 1.000535 1.000202 1.000535 0.999343 
8.544896 1.000844 1.000059 1.000240 1.000059 1.000137 1.001153 1.000240 1.001153 0.999585 
8.565611 1.000299 0.999919 1.000102 0.999919 1.000312 1.000301 1.000102 1.000301 0.999565 
8.586326 1.000517 1.000232 1.000385 1.000232 1.000240 0.999588 1.000385 0.999588 1.000275 
8.607041 1.000263 0.999991 1.000304 0.999991 0.999737 0.999876 1.000304 0.999876 1.000638 
8.627756 1.000436 0.999768 1.000241 0.999768 1.000015 0.999760 1.000241 0.999760 1.000797 
8.648470 1.000144 0.999894 1.000677 0.999894 1.000029 1.000178 1.000677 1.000178 0.999449 
8.669185 1.000387 0.999773 1.000129 0.999773 0.999915 0.999412 1.000129 0.999412 0.999348 
8.689900 0.999918 0.999502 1.000216 0.999502 0.999187 0.998556 1.000216 0.998556 0.999423 
8.710616 1.000111 0.999695 0.999572 0.999695 0.999882 0.999935 0.999572 0.999935 0.999545 
8.731330 0.999690 0.999118 0.999642 0.999118 0.999247 0.998998 0.999642 0.998998 0.999524 
8.752045 1.000099 0.999640 0.999842 0.999640 1.000311 1.000659 0.999842 1.000659 1.000754 
8.772760 0.999804 0.999438 0.999884 0.999438 0.998388 1.000743 0.999884 1.000743 0.999779 
8.793475 0.999848 0.999173 0.999191 0.999173 0.999798 0.999314 0.999191 0.999314 1.000633 
8.814189 0.999654 0.999814 0.999868 0.999814 1.000623 0.999685 0.999868 0.999685 0.999693 
8.834905 0.999464 0.999546 0.999664 0.999546 1.001327 0.998751 0.999664 0.998751 0.999048 
8.855620 0.999745 0.999990 0.999577 0.999990 0.999763 1.000040 0.999577 1.000040 0.999655 
8.876335 0.999706 0.999475 0.999723 0.999475 1.001192 0.999036 0.999723 0.999036 1.000848 
8.897049 0.999521 1.000033 0.999718 1.000033 1.000127 1.000245 0.999718 1.000245 0.999997 
8.917764 1.000079 0.999860 0.999597 0.999860 1.000665 0.999595 0.999597 0.999595 0.998981 
8.938479 0.999481 0.999599 0.999284 0.999599 1.001041 0.999379 0.999284 0.999379 1.000010 
8.959194 0.999613 1.000193 0.999730 1.000193 1.001177 1.000206 0.999730 1.000206 0.999002 
8.979909 0.999568 1.000159 0.999849 1.000159 0.999991 1.000655 0.999849 1.000655 0.999843 
9.000624 0.999902 1.000409 0.999822 1.000409 1.001272 1.000248 0.999822 1.000248 1.001024 
9.021339 1.000068 1.000180 1.000101 1.000180 1.001419 1.001022 1.000101 1.001022 0.999732 
9.042054 1.000171 1.000167 1.000208 1.000167 1.000799 1.000892 1.000208 1.000892 1.001776 
9.062768 1.000318 1.000517 1.000340 1.000517 1.000242 0.999470 1.000340 0.999470 1.000924 
9.083483 1.000379 1.000339 0.999724 1.000339 1.001370 1.000574 0.999724 1.000574 1.001073 
9.104198 1.000238 1.000104 1.000396 1.000104 1.000130 1.000679 1.000396 1.000679 1.000846 
9.124913 1.000095 0.999610 1.000152 0.999610 1.000461 1.000498 1.000152 1.000498 0.998874 
9.145628 1.000265 1.000381 0.999927 1.000381 1.000193 1.000903 0.999927 1.000903 1.000097 
9.166343 1.000429 1.000269 0.999936 1.000269 0.999761 1.001043 0.999936 1.001043 1.000756 
9.187058 1.000467 1.000462 1.000131 1.000462 1.000833 1.000773 1.000131 1.000773 1.001981 
9.207773 1.000020 1.000273 0.999819 1.000273 1.000179 1.000207 0.999819 1.000207 1.001476 
9.228487 1.000336 1.000321 1.000319 1.000321 1.000434 1.000322 1.000319 1.000322 0.999979 
9.249202 1.000477 0.999936 1.000391 0.999936 1.000759 0.999727 1.000391 0.999727 1.001084 
9.269917 1.000333 1.000206 1.000265 1.000206 0.998955 1.000628 1.000265 1.000628 1.001169 
9.290633 1.000239 1.000629 1.000022 1.000629 1.000125 1.000051 1.000022 1.000051 1.001422 
9.311347 1.000566 1.000348 1.000237 1.000348 1.000573 1.000716 1.000237 1.000716 1.000835 
9.332062 1.000421 0.999815 1.000142 0.999815 1.000655 0.999635 1.000142 0.999635 0.999562 
9.352777 1.000483 1.000034 1.000356 1.000034 1.000487 0.999882 1.000356 0.999882 0.999777 
9.373492 1.000320 0.999862 1.000513 0.999862 1.001663 0.999456 1.000513 0.999456 1.000616 
9.394207 1.000167 0.999834 1.000274 0.999834 1.000034 0.999558 1.000274 0.999558 1.001100 
9.414922 1.000390 0.999864 0.999914 0.999864 1.000032 1.000268 0.999914 1.000268 1.000557 
9.435637 1.000236 0.999713 1.000305 0.999713 0.999598 1.000481 1.000305 1.000481 0.999783 
9.456352 1.000173 0.999972 1.000014 0.999972 0.998932 1.000329 1.000014 1.000329 1.000105 
9.477067 1.000514 1.000034 1.000225 1.000034 0.999896 0.999936 1.000225 0.999936 1.000637 
9.497781 0.999859 0.999658 1.000001 0.999658 0.999634 0.999918 1.000001 0.999918 1.000634 
9.518496 1.000150 0.999686 0.999793 0.999686 1.000353 0.999931 0.999793 0.999931 1.000178 
9.539211 1.000038 0.999518 0.999712 0.999518 1.000217 0.999344 0.999712 0.999344 0.999208 
9.559927 1.000064 0.999773 0.999967 0.999773 1.000212 0.999663 0.999967 0.999663 1.001044 
9.580641 0.999940 0.999599 1.000005 0.999599 0.999939 0.999823 1.000005 0.999823 1.000405 
9.601356 0.999912 0.999971 1.000070 0.999971 0.999927 1.000040 1.000070 1.000040 0.999578 
9.622071 1.000107 1.000077 0.999970 1.000077 1.000742 1.000073 0.999970 1.000073 1.001008 
9.642786 0.999768 1.000073 0.999609 1.000073 0.999598 0.998919 0.999609 0.998919 0.998829 
9.663500 0.999848 0.999583 0.999728 0.999583 1.000736 0.999255 0.999728 0.999255 0.999434 
9.684216 0.999912 0.999803 0.999989 0.999803 1.000784 0.999793 0.999989 0.999793 1.000724 
9.704931 0.999816 1.000371 0.999923 1.000371 1.001203 0.999766 0.999923 0.999766 0.999933 
9.725646 0.999993 1.000124 0.999996 1.000124 0.999491 0.999541 0.999996 0.999541 0.999757 
9.746360 1.000067 0.999939 0.999756 0.999939 1.001041 0.999815 0.999756 0.999815 1.000321 
9.767075 1.000134 0.999877 0.999814 0.999877 1.000842 1.000406 0.999814 1.000406 0.999955 
9.787790 0.999865 1.000385 1.000023 1.000385 1.000732 1.000166 1.000023 1.000166 0.999823 
9.808505 0.999876 1.000292 0.999898 1.000292 1.000955 1.000010 0.999898 1.000010 1.000014 
9.829220 0.999954 1.000056 1.000133 1.000056 0.999165 1.000779 1.000133 1.000779 0.999422 
9.849935 1.000215 1.000417 0.999986 1.000417 1.000283 1.000110 0.999986 1.000110 1.001571 
9.870650 0.999802 1.000442 1.000010 1.000442 1.000815 1.000301 1.000010 1.000301 0.999899 
9.891365 0.999892 0.999886 0.999921 0.999886 1.000557 1.000254 0.999921 1.000254 1.000484 
9.912079 0.999850 1.000136 1.000389 1.000136 1.000257 1.000559 1.000389 1.000559 1.000172 
9.932794 0.999809 0.999958 1.000197 0.999958 1.001622 1.001111 1.000197 1.001111 1.000604 
9.953509 1.000279 1.000515 0.999777 1.000515 0.999692 1.000268 0.999777 1.000268 0.999508 
9.974224 1.000252 0.999818 1.000069 0.999818 0.999629 0.999886 1.000069 0.999886 1.001192 
9.994939 1.000146 1.000114 1.000132 1.000114 1.000558 1.000059 1.000132 1.000059 1.000809 
10.015654 1.000325 1.000192 1.000113 1.000192 1.000631 1.000731 1.000113 1.000731 1.000707 
10.036369 1.000611 0.999542 0.999638 0.999542 0.999443 1.000135 0.999638 1.000135 1.000931 
10.057084 1.000606 1.000172 1.000117 1.000172 0.999953 1.000171 1.000117 1.000171 1.000184 
10.077798 1.000240 1.000198 0.999958 1.000198 0.999811 0.999754 0.999958 0.999754 0.999722 
10.098513 1.000214 1.000210 0.999865 1.000210 1.000278 1.000358 0.999865 1.000358 1.000637 
10.119228 1.000034 0.999909 1.000378 0.999909 0.999925 1.000049 1.000378 1.000049 1.000958 
10.139944 1.000210 0.999928 1.000144 0.999928 0.999436 1.000579 1.000144 1.000579 1.001386 
10.160658 1.000257 1.000050 1.000287 1.000050 0.999304 1.000083 1.000287 1.000083 1.001480 
10.181373 1.000347 0.999716 1.000275 0.999716 0.999145 1.000618 1.000275 1.000618 1.001014 
10.202088 1.000271 0.999971 1.000149 0.999971 0.999648 0.999051 1.000149 0.999051 1.001230 
10.222803 1.000052 1.000427 0.999930 1.000427 1.000427 0.999668 0.999930 0.999668 1.000893 
10.243518 1.000211 0.999609 0.999739 0.999609 1.000538 0.999508 0.999739 0.999508 0.999654 
10.264233 1.000380 1.000307 1.000224 1.000307 0.999666 0.999909 1.000224 0.999909 1.000467 
10.284948 1.000289 0.999862 1.000013 0.999862 1.000340 0.999826 1.000013 0.999826 1.000420 
10.305663 1.000285 1.000035 0.999997 1.000035 1.000126 1.000053 0.999997 1.000053 1.000222 
10.326377 1.000045 1.000086 0.999931 1.000086 0.999944 1.000334 0.999931 1.000334 1.000557 
10.347092 0.999950 0.999941 0.999668 0.999941 0.999891 1.000960 0.999668 1.000960 0.999657 
10.367807 0.996980 0.996912 0.997129 0.996912 0.996977 0.996876 0.997129 0.996876 0.998013 
10.388522 0.990970 0.990480 0.991432 0.990480 0.991290 0.991504 0.991432 0.991504 0.991215 
10.409237 0.985007 0.984816 0.984902 0.984816 0.985718 0.985153 0.984902 0.985153 0.985460 
10.429952 0.979313 0.978869 0.978999 0.978869 0.979230 0.978812 0.978999 0.978812 0.978942 
10.450667 0.973638 0.973387 0.973117 0.973387 0.973617 0.973404 0.973117 0.973404 0.972930 
10.471382 0.967275 0.967492 0.967450 0.967492 0.968021 0.967845 0.967450 0.967845 0.966307 
10.492096 0.961597 0.961559 0.961430 0.961559 0.962399 0.962327 0.961430 0.962327 0.961810 
10.512811 0.955812 0.955698 0.956025 0.955698 0.956286 0.956006 0.956025 0.956006 0.954925 
10.533526 0.949814 0.949723 0.949692 0.949723 0.950547 0.949369 0.949692 0.949369 0.950267 
10.554242 0.944238 0.943737 0.943855 0.943737 0.944416 0.943619 0.943855 0.943619 0.942955 
10.574956 0.938424 0.938460 0.938171 0.938460 0.938449 0.937992 0.938171 0.937992 0.938208 
10.595671 0.932620 0.932837 0.932492 0.932837 0.933514 0.932715 0.932492 0.932715 0.933320 
10.616386 0.926816 0.926803 0.926950 0.926803 0.926917 0.926847 0.926950 0.926847 0.926858 
10.637101 0.921084 0.921219 0.920979 0.921219 0.921184 0.921027 0.920979 0.921027 0.920718 
10.657815 0.915542 0.915823 0.915625 0.915823 0.914770 0.915928 0.915625 0.915928 0.915491 
10.678531 0.909675 0.909706 0.909303 0.909706 0.910219 0.910776 0.909303 0.910776 0.910397 
10.699246 0.904236 0.904027 0.904172 0.904027 0.905232 0.904491 0.904172 0.904491 0.904443 
10.719961 0.898512 0.898538 0.898758 0.898538 0.898567 0.898511 0.898758 0.898511 0.898390 
10.740675 0.893259 0.893034 0.892969 0.893034 0.893705 0.893301 0.892969 0.893301 0.893351 
10.761390 0.887443 0.887594 0.887835 0.887594 0.887806 0.887820 0.887835 0.887820 0.887495 
10.782105 0.881951 0.882064 0.882093 0.882064 0.883282 0.881849 0.882093 0.881849 0.881672 
10.802820 0.876130 0.876472 0.876112 0.876472 0.876963 0.876571 0.876112 0.876571 0.875991 
10.823535 0.871095 0.870667 0.870787 0.870667 0.870266 0.871459 0.870787 0.871459 0.870644 
10.844250 0.865076 0.865282 0.865188 0.865282 0.866103 0.865239 0.865188 0.865239 0.866067 
10.864965 0.859928 0.859749 0.859518 0.859749 0.860638 0.860315 0.859518 0.860315 0.860115 
10.885680 0.854542 0.854271 0.854586 0.854271 0.855300 0.854479 0.854586 0.854479 0.855797 
10.906394 0.849227 0.848910 0.849464 0.848910 0.849573 0.848800 0.849464 0.848800 0.849515 
10.927109 0.844028 0.843372 0.843928 0.843372 0.843797 0.843680 0.843928 0.843680 0.842899 
10.947824 0.838332 0.837999 0.838249 0.837999 0.837633 0.838570 0.838249 0.838570 0.839218 
10.968539 0.833039 0.832861 0.832799 0.832861 0.832949 0.832872 0.832799 0.832872 0.833148 
10.989254 0.827742 0.827658 0.827850 0.827658 0.827905 0.827606 0.827850 0.827606 0.828082 
11.009969 0.822316 0.822197 0.822718 0.822197 0.821925 0.822501 0.822718 0.822501 0.822827 
11.030684 0.817076 0.816598 0.816836 0.816598 0.816481 0.816665 0.816836 0.816665 0.817315 
11.051399 0.811585 0.811734 0.811774 0.811734 0.811671 0.811373 0.811774 0.811373 0.812748 
11.072114 0.806734 0.806038 0.806102 0.806038 0.807512 0.806046 0.806102 0.806046 0.806344 
11.092829 0.801261 0.801024 0.801087 0.801024 0.801725 0.801563 0.801087 0.801563 0.801989 
11.113544 0.795983 0.796094 0.795891 0.796094 0.796033 0.796781 0.795891 0.796781 0.795598 
11.134259 0.790992 0.790875 0.790691 0.790875 0.790422 0.790578 0.790691 0.790578 0.790840 
11.154974 0.785809 0.785483 0.785665 0.785483 0.786251 0.785673 0.785665 0.785673 0.785262 
11.175688 0.780599 0.780677 0.780576 0.780677 0.780149 0.780067 0.780576 0.780067 0.780072 
11.196403 0.775317 0.775067 0.775117 0.775067 0.775553 0.774856 0.775117 0.774856 0.774619 
11.217118 0.769953 0.769985 0.770033 0.769985 0.770618 0.770075 0.770033 0.770075 0.769828 
11.237833 0.765127 0.765061 0.764894 0.765061 0.765698 0.764847 0.764894 0.764847 0.765036 
11.258548 0.759906 0.759763 0.760017 0.759763 0.758971 0.759751 0.760017 0.759751 0.760255 
11.279263 0.754794 0.754614 0.754786 0.754614 0.755062 0.755004 0.754786 0.755004 0.754314 
11.299978 0.749860 0.749569 0.749847 0.749569 0.749357 0.750085 0.749847 0.750085 0.749349 
11.320693 0.744788 0.744820 0.744753 0.744820 0.744825 0.745399 0.744753 0.745399 0.745470 
11.341407 0.739634 0.739863 0.739676 0.739863 0.740215 0.739876 0.739676 0.739876 0.739547 
11.362122 0.734704 0.734985 0.734754 0.734985 0.735340 0.735055 0.734754 0.735055 0.734742 
11.382837 0.729770 0.729760 0.729636 0.729760 0.729076 0.729576 0.729636 0.729576 0.730508 
11.403553 0.724931 0.724664 0.725095 0.724664 0.724665 0.725016 0.725095 0.725016 0.724730 
11.424267 0.719794 0.719969 0.719912 0.719969 0.720416 0.720002 0.719912 0.720002 0.719766 
11.444982 0.715004 0.715166 0.715144 0.715166 0.715349 0.714389 0.715144 0.714389 0.714934 
11.465697 0.710147 0.709699 0.710059 0.709699 0.710399 0.710392 0.710059 0.710392 0.709489 
11.486412 0.705096 0.705164 0.704872 0.705164 0.705348 0.705507 0.704872 0.705507 0.705071 
11.507126 0.700448 0.700265 0.700041 0.700265 0.699747 0.700657 0.700041 0.700657 0.700562 
11.527842 0.695364 0.695538 0.695350 0.695538 0.695439 0.695668 0.695350 0.695668 0.696038 
11.548557 0.690615 0.690680 0.690353 0.690680 0.690641 0.690693 0.690353 0.690693 0.691012 
11.569272 0.685918 0.685948 0.685644 0.685948 0.686787 0.685960 0.685644 0.685960 0.684886 
11.589986 0.681112 0.680857 0.681121 0.680857 0.680607 0.680873 0.681121 0.680873 0.681593 
11.610701 0.676139 0.676394 0.676068 0.676394 0.675880 0.676037 0.676068 0.676037 0.676552 
11.631416 0.671408 0.671245 0.671393 0.671245 0.672091 0.671797 0.671393 0.671797 0.671630 
11.652131 0.666769 0.666630 0.667047 0.666630 0.666302 0.666212 0.667047 0.666212 0.667187 
11.672846 0.662022 0.661845 0.661892 0.661845 0.662331 0.661899 0.661892 0.661899 0.662084 
11.693561 0.657148 0.657091 0.657460 0.657091 0.657814 0.657234 0.657460 0.657234 0.656955 
11.714276 0.652650 0.652507 0.652434 0.652507 0.652344 0.652461 0.652434 0.652461 0.652521 
11.734991 0.647901 0.647986 0.647898 0.647986 0.648032 0.648097 0.647898 0.648097 0.647985 
11.755705 0.643244 0.643426 0.643218 0.643426 0.643125 0.643690 0.643218 0.643690 0.643867 
11.776420 0.638613 0.638591 0.638522 0.638591 0.638184 0.638328 0.638522 0.638328 0.638085 
11.797135 0.633962 0.633928 0.633806 0.633928 0.633525 0.634060 0.633806 0.634060 0.633961 
11.817850 0.629367 0.629125 0.629325 0.629125 0.629744 0.629279 0.629325 0.629279 0.629339 
11.838565 0.624829 0.624460 0.624756 0.624460 0.624044 0.624343 0.624756 0.624343 0.624680 
11.859280 0.620162 0.620119 0.620248 0.620119 0.620092 0.620300 0.620248 0.620300 0.620545 
11.879995 0.615634 0.615958 0.615689 0.615958 0.615885 0.615977 0.615689 0.615977 0.615691 
11.900710 0.611134 0.610941 0.610894 0.610941 0.610402 0.611446 0.610894 0.611446 0.611558 
11.921424 0.606565 0.606283 0.606458 0.606283 0.606467 0.606795 0.606458 0.606795 0.606036 
11.942140 0.602006 0.602068 0.601727 0.602068 0.602142 0.602038 0.601727 0.602038 0.601931 
11.962855 0.597319 0.597358 0.597455 0.597358 0.597289 0.597363 0.597455 0.597363 0.597625 
11.983570 0.592906 0.592809 0.593162 0.592809 0.593629 0.592988 0.593162 0.592988 0.593590 
12.004284 0.588666 0.588555 0.588433 0.588555 0.588404 0.588744 0.588433 0.588744 0.588876 
12.024999 0.584142 0.583893 0.584037 0.583893 0.584423 0.583994 0.584037 0.583994 0.583555 
12.045714 0.579803 0.579168 0.579811 0.579168 0.579928 0.579526 0.579811 0.579526 0.579121 
12.066429 0.575043 0.575000 0.575182 0.575000 0.574396 0.575231 0.575182 0.575231 0.575266 
12.087144 0.570683 0.570801 0.570422 0.570801 0.570569 0.570905 0.570422 0.570905 0.570891 
12.107859 0.566466 0.566458 0.566395 0.566458 0.566321 0.566562 0.566395 0.566562 0.566623 
12.128574 0.561958 0.561820 0.561998 0.561820 0.562353 0.561927 0.561998 0.561927 0.562380 
12.149289 0.557709 0.557456 0.557729 0.557456 0.557667 0.557541 0.557729 0.557541 0.558060 
12.170003 0.553175 0.553376 0.553072 0.553376 0.552982 0.553243 0.553072 0.553243 0.554024 
12.190718 0.548959 0.548897 0.548865 0.548897 0.548905 0.548672 0.548865 0.548672 0.548816 
12.211433 0.544567 0.544417 0.544467 0.544417 0.544974 0.544388 0.544467 0.544388 0.544359 
12.232148 0.540381 0.540292 0.540231 0.540292 0.540379 0.540394 0.540231 0.540394 0.540318 
12.252863 0.535926 0.535719 0.535729 0.535719 0.535597 0.535960 0.535729 0.535960 0.536066 
12.273578 0.531622 0.531491 0.531605 0.531491 0.531598 0.532232 0.531605 0.532232 0.531988 
12.294293 0.527505 0.527482 0.527343 0.527482 0.526917 0.527249 0.527343 0.527249 0.527315 
12.315008 0.523295 0.522889 0.523120 0.522889 0.523632 0.522936 0.523120 0.522936 0.523744 
12.335722 0.518932 0.518919 0.518912 0.518919 0.519006 0.518952 0.518912 0.518952 0.518473 
12.356437 0.514682 0.514731 0.514579 0.514731 0.514717 0.515193 0.514579 0.515193 0.515782 
12.377152 0.510318 0.510636 0.510457 0.510636 0.510745 0.510514 0.510457 0.510514 0.510911 
12.397868 0.506383 0.506301 0.506348 0.506301 0.506065 0.506530 0.506348 0.506530 0.506291 
12.418582 0.502176 0.501976 0.501989 0.501976 0.502822 0.501967 0.501989 0.501967 0.502088 
12.439297 0.498146 0.497946 0.497848 0.497946 0.498636 0.497932 0.497848 0.497932 0.497433 
12.460012 0.493846 0.493654 0.493923 0.493654 0.493861 0.493808 0.493923 0.493808 0.493574 
12.480727 0.489802 0.489739 0.489463 0.489739 0.489567 0.489941 0.489463 0.489941 0.490654 
12.501441 0.485265 0.485511 0.485375 0.485511 0.485853 0.485587 0.485375 0.485587 0.485694 
12.522157 0.481356 0.481504 0.481166 0.481504 0.482140 0.481233 0.481166 0.481233 0.481433 
12.542872 0.477346 0.477370 0.477141 0.477370 0.477421 0.477222 0.477141 0.477222 0.477915 
12.563587 0.473189 0.473070 0.473393 0.473070 0.472965 0.473002 0.473393 0.473002 0.473241 
12.584301 0.469220 0.469213 0.469089 0.469213 0.469191 0.469338 0.469089 0.469338 0.469354 
12.605016 0.465216 0.465126 0.465136 0.465126 0.465741 0.464851 0.465136 0.464851 0.465727 
12.625731 0.461128 0.461005 0.461089 0.461005 0.461438 0.461142 0.461089 0.461142 0.461347 
12.646446 0.456972 0.456985 0.457148 0.456985 0.456753 0.457279 0.457148 0.457279 0.457419 
12.667161 0.453005 0.453174 0.452884 0.453174 0.452695 0.453079 0.452884 0.453079 0.452971 
12.687876 0.449083 0.448909 0.449116 0.448909 0.449232 0.449263 0.449116 0.449263 0.448928 
12.708591 0.444954 0.445060 0.445023 0.445060 0.444925 0.445165 0.445023 0.445165 0.445113 
12.729306 0.441109 0.441078 0.441054 0.441078 0.441117 0.440973 0.441054 0.440973 0.440945 
12.750021 0.437136 0.436854 0.437093 0.436854 0.437092 0.436932 0.437093 0.436932 0.437197 
12.770735 0.433127 0.433076 0.433214 0.433076 0.433017 0.433169 0.433214 0.433169 0.433166 
12.791451 0.429214 0.429287 0.429199 0.429287 0.429355 0.428704 0.429199 0.428704 0.429793 
12.812166 0.425064 0.425254 0.425323 0.425254 0.425063 0.425492 0.425323 0.425492 0.425589 
12.832880 0.421492 0.421439 0.421506 0.421439 0.421084 0.421561 0.421506 0.421561 0.421612 
12.853595 0.417516 0.417243 0.417431 0.417243 0.417680 0.417412 0.417431 0.417412 0.417254 
12.874310 0.413583 0.413438 0.413436 0.413438 0.413581 0.413496 0.413436 0.413496 0.413534 
12.895025 0.409809 0.409378 0.409491 0.409378 0.409408 0.410160 0.409491 0.410160 0.409560 
12.915740 0.405855 0.405915 0.405619 0.405915 0.405089 0.405725 0.405619 0.405725 0.405618 
12.936455 0.401934 0.401988 0.402002 0.401988 0.401951 0.401919 0.402002 0.401919 0.401986 
12.957170 0.398127 0.397953 0.397920 0.397953 0.398257 0.398101 0.397920 0.398101 0.398220 
12.977885 0.394186 0.394175 0.394239 0.394175 0.393871 0.394350 0.394239 0.394350 0.394568 
12.998600 0.390617 0.390508 0.390640 0.390508 0.390721 0.390567 0.390640 0.390567 0.390288 
13.019314 0.386580 0.386921 0.386730 0.386921 0.386739 0.386717 0.386730 0.386717 0.386541 
13.040029 0.382960 0.382830 0.382765 0.382830 0.382899 0.382796 0.382765 0.382796 0.383210 
13.060744 0.379121 0.378924 0.379148 0.378924 0.379179 0.378972 0.379148 0.378972 0.379162 
13.081459 0.375319 0.375255 0.375222 0.375255 0.375358 0.375107 0.375222 0.375107 0.375096 
13.102174 0.371560 0.371649 0.371586 0.371649 0.371828 0.371863 0.371586 0.371863 0.371198 
13.122889 0.367741 0.367812 0.367866 0.367812 0.367301 0.367811 0.367866 0.367811 0.367465 
13.143604 0.364154 0.364230 0.364007 0.364230 0.363931 0.364054 0.364007 0.364054 0.364228 
13.164319 0.360431 0.360341 0.360221 0.360341 0.360525 0.360239 0.360221 0.360239 0.360304 
13.185033 0.356714 0.356674 0.356617 0.356674 0.356770 0.357077 0.356617 0.357077 0.356448 
13.205748 0.352847 0.352888 0.353024 0.352888 0.352978 0.353366 0.353024 0.353366 0.353001 
13.226463 0.349364 0.349163 0.349229 0.349163 0.349392 0.349276 0.349229 0.349276 0.349504 
13.247179 0.345575 0.345804 0.345482 0.345804 0.345131 0.345688 0.345482 0.345688 0.345884 
13.267893 0.341980 0.341854 0.341847 0.341854 0.342208 0.341948 0.341847 0.341948 0.341710 
13.288608 0.338304 0.338255 0.338380 0.338255 0.338486 0.338295 0.338380 0.338295 0.338736 
13.309323 0.334777 0.334562 0.334842 0.334562 0.334816 0.334737 0.334842 0.334737 0.334459 
13.330038 0.331067 0.330845 0.331025 0.330845 0.330531 0.330636 0.331025 0.330636 0.331401 
13.350752 0.327389 0.327499 0.327406 0.327499 0.327610 0.327114 0.327406 0.327114 0.327350 
13.371468 0.323797 0.323675 0.323768 0.323675 0.323880 0.323833 0.323768 0.323833 0.323823 
13.392183 0.320095 0.320204 0.320138 0.320204 0.320424 0.320409 0.320138 0.320409 0.320334 
13.412898 0.316610 0.316534 0.316632 0.316534 0.316604 0.316992 0.316632 0.316992 0.316688 
13.433612 0.313129 0.313062 0.313099 0.313062 0.313018 0.312869 0.313099 0.312869 0.313261 
13.454327 0.309479 0.309529 0.309418 0.309529 0.309651 0.309644 0.309418 0.309644 0.309663 
13.475042 0.306043 0.306012 0.305875 0.306012 0.306141 0.306200 0.305875 0.306200 0.306184 
13.495757 0.302505 0.302409 0.302264 0.302409 0.302258 0.302292 0.302264 0.302292 0.302712 
13.516472 0.298887 0.298942 0.298834 0.298942 0.299125 0.298801 0.298834 0.298801 0.299112 
13.537187 0.295349 0.295364 0.295359 0.295364 0.295376 0.295231 0.295359 0.295231 0.295538 
13.557902 0.291760 0.291765 0.291940 0.291765 0.291981 0.292138 0.291940 0.292138 0.291723 
13.578617 0.288325 0.288128 0.288190 0.288128 0.288274 0.288066 0.288190 0.288066 0.288358 
13.599331 0.284888 0.284896 0.284914 0.284896 0.284839 0.285018 0.284914 0.285018 0.284804 
13.620046 0.281431 0.281183 0.281399 0.281183 0.281668 0.281604 0.281399 0.281604 0.281454 
13.640761 0.278006 0.277915 0.277861 0.277915 0.277984 0.278072 0.277861 0.278072 0.277760 
13.661477 0.274422 0.274444 0.274511 0.274444 0.274721 0.274444 0.274511 0.274444 0.274693 
13.682191 0.271053 0.270990 0.271171 0.270990 0.271155 0.271004 0.271171 0.271004 0.271368 
13.702906 0.267531 0.267690 0.267670 0.267690 0.267802 0.267539 0.267670 0.267539 0.267061 
13.723621 0.264181 0.264108 0.264080 0.264108 0.264302 0.264189 0.264080 0.264189 0.264300 
13.744336 0.260739 0.260809 0.260785 0.260809 0.260601 0.260505 0.260785 0.260505 0.260708 
13.765050 0.257379 0.257303 0.257433 0.257303 0.257387 0.257191 0.257433 0.257191 0.257858 
13.785766 0.253949 0.254005 0.253899 0.254005 0.253851 0.254147 0.253899 0.254147 0.253636 
13.806481 0.250497 0.250606 0.250432 0.250606 0.250569 0.250558 0.250432 0.250558 0.250563 
13.827196 0.247366 0.247020 0.247194 0.247020 0.246902 0.247173 0.247194 0.247173 0.247720 
13.847910 0.243941 0.243971 0.243793 0.243971 0.243851 0.244114 0.243793 0.244114 0.243826 
13.868625 0.240464 0.240508 0.240435 0.240508 0.240626 0.240446 0.240435 0.240446 0.240752 
13.889340 0.237157 0.237185 0.237169 0.237185 0.236862 0.237205 0.237169 0.237205 0.237245 
13.910055 0.233819 0.233763 0.233754 0.233763 0.234073 0.233812 0.233754 0.233812 0.234034 
13.930770 0.230527 0.230292 0.230477 0.230292 0.230550 0.230663 0.230477 0.230663 0.230333 
13.951485 0.227174 0.227160 0.227072 0.227160 0.227701 0.227071 0.227072 0.227071 0.227241 
13.972200 0.223966 0.223785 0.224004 0.223785 0.223913 0.223742 0.224004 0.223742 0.224486 
13.992915 0.220601 0.220614 0.220432 0.220614 0.220863 0.220443 0.220432 0.220443 0.220686 
14.013629 0.217356 0.217276 0.217335 0.217276 0.217263 0.217475 0.217335 0.217475 0.217088 
14.034344 0.214041 0.214145 0.214056 0.214145 0.214231 0.214311 0.214056 0.214311 0.213850 
14.055059 0.210788 0.210794 0.210703 0.210794 0.210677 0.210766 0.210703 0.210766 0.210589 
14.075774 0.207482 0.207619 0.207538 0.207619 0.207432 0.207440 0.207538 0.207440 0.207665 
14.096489 0.204315 0.204319 0.204334 0.204319 0.204397 0.204415 0.204334 0.204415 0.204461 
14.117204 0.201053 0.201007 0.201125 0.201007 0.201003 0.200871 0.201125 0.200871 0.201038 
14.137919 0.197877 0.197762 0.197847 0.197762 0.197933 0.197969 0.197847 0.197969 0.197837 
14.158634 0.194591 0.194586 0.194622 0.194586 0.194584 0.194534 0.194622 0.194534 0.194621 
14.179348 0.191431 0.191235 0.191321 0.191235 0.191371 0.191407 0.191321 0.191407 0.191392 
14.200063 0.188212 0.188185 0.188157 0.188185 0.188216 0.188092 0.188157 0.188092 0.188267 
14.220778 0.184957 0.184880 0.185016 0.184880 0.184899 0.184971 0.185016 0.184971 0.184892 
14.241494 0.181807 0.181835 0.181911 0.181835 0.182060 0.181731 0.181911 0.181731 0.181721 
14.262208 0.178669 0.178676 0.178663 0.178676 0.178814 0.178895 0.178663 0.178895 0.178643 
14.282923 0.175552 0.175556 0.175467 0.175556 0.175063 0.175663 0.175467 0.175663 0.175460 
14.303638 0.172357 0.172351 0.172349 0.172351 0.172326 0.172199 0.172349 0.172199 0.172592 
14.324353 0.169200 0.169164 0.169156 0.169164 0.169073 0.169294 0.169156 0.169294 0.169290 
14.345068 0.166098 0.166011 0.166067 0.166011 0.166201 0.165993 0.166067 0.165993 0.166110 
14.365783 0.162969 0.162959 0.162969 0.162959 0.162839 0.162962 0.162969 0.162962 0.163113 
14.386498 0.159772 0.159839 0.159761 0.159839 0.159771 0.159887 0.159761 0.159887 0.159856 
14.407213 0.156667 0.156723 0.156702 0.156723 0.156887 0.157019 0.156702 0.157019 0.156736 
14.427927 0.153628 0.153637 0.153549 0.153637 0.153867 0.153575 0.153549 0.153575 0.153543 
14.448642 0.150587 0.150640 0.150621 0.150640 0.150475 0.150500 0.150621 0.150500 0.150755 
14.469357 0.147469 0.147523 0.147452 0.147523 0.147290 0.147344 0.147452 0.147344 0.147604 
14.490072 0.144442 0.144353 0.144398 0.144353 0.144514 0.144122 0.144398 0.144122 0.144606 
14.510787 0.141315 0.141334 0.141342 0.141334 0.141479 0.141440 0.141342 0.141440 0.141580 
14.531502 0.138325 0.138276 0.138388 0.138276 0.138295 0.138469 0.138388 0.138469 0.138482 
14.552217 0.135318 0.135240 0.135143 0.135240 0.135560 0.135343 0.135143 0.135343 0.135239 
14.572932 0.132161 0.132150 0.132167 0.132150 0.132064 0.132262 0.132167 0.132262 0.132131 
14.593647 0.129211 0.129222 0.129275 0.129222 0.129137 0.129116 0.129275 0.129116 0.129071 
14.614361 0.126161 0.126148 0.126172 0.126148 0.126034 0.126118 0.126172 0.126118 0.126065 
14.635077 0.123185 0.123086 0.123066 0.123086 0.123083 0.123377 0.123066 0.123377 0.123219 
14.655792 0.120215 0.120156 0.120213 0.120156 0.119988 0.120206 0.120213 0.120206 0.120344 
14.676507 0.117475 0.117453 0.117422 0.117453 0.117618 0.117539 0.117422 0.117539 0.117388 
14.697221 0.114859 0.114962 0.114818 0.114962 0.114887 0.114887 0.114818 0.114887 0.114895 
14.717936 0.112397 0.112370 0.112370 0.112370 0.112502 0.112402 0.112370 0.112402 0.112235 
14.738651 0.109989 0.110077 0.109986 0.110077 0.109837 0.110087 0.109986 0.110087 0.109878 
14.759366 0.107618 0.107556 0.107712 0.107556 0.107578 0.107555 0.107712 0.107555 0.107659 
14.780081 0.105360 0.105304 0.105397 0.105304 0.105585 0.105334 0.105397 0.105334 0.105676 
14.800796 0.103125 0.103124 0.103151 0.103124 0.103305 0.103131 0.103151 0.103131 0.103418 
14.821511 0.101040 0.100959 0.100890 0.100959 0.101109 0.101042 0.100890 0.101042 0.100878 
14.842226 0.098911 0.098838 0.098882 0.098838 0.098818 0.098961 0.098882 0.098961 0.098908 
14.862940 0.096878 0.096838 0.096833 0.096838 0.096844 0.096830 0.096833 0.096830 0.096983 
14.883655 0.094858 0.094841 0.094874 0.094841 0.094933 0.094803 0.094874 0.094803 0.094760 
14.904370 0.092891 0.092868 0.092926 0.092868 0.092856 0.092885 0.092926 0.092885 0.092910 
14.925085 0.091006 0.090872 0.090945 0.090872 0.090952 0.091017 0.090945 0.091017 0.090903 
14.945800 0.089054 0.089135 0.089086 0.089135 0.089115 0.088991 0.089086 0.088991 0.088811 
14.966515 0.087228 0.087197 0.087297 0.087197 0.087487 0.087027 0.087297 0.087027 0.087126 
14.987230 0.085474 0.085455 0.085428 0.085455 0.085628 0.085365 0.085428 0.085365 0.085501 
15.007945 0.083691 0.083600 0.083685 0.083600 0.083734 0.083732 0.083685 0.083732 0.083769 
15.028659 0.081990 0.081913 0.081977 0.081913 0.081790 0.081982 0.081977 0.081982 0.081923 
15.049374 0.080260 0.080294 0.080192 0.080294 0.080235 0.080326 0.080192 0.080326 0.080408 
15.070089 0.078574 0.078614 0.078594 0.078614 0.078804 0.078714 0.078594 0.078714 0.078533 
15.090805 0.076994 0.077011 0.076995 0.077011 0.076914 0.076997 0.076995 0.076997 0.076867 
15.111519 0.075422 0.075382 0.075388 0.075382 0.075408 0.075364 0.075388 0.075364 0.075236 
15.132234 0.073818 0.073759 0.073831 0.073759 0.073757 0.073754 0.073831 0.073754 0.073857 
15.152949 0.072239 0.072271 0.072364 0.072271 0.072278 0.072310 0.072364 0.072310 0.072322 
15.173664 0.070759 0.070784 0.070804 0.070784 0.070699 0.070858 0.070804 0.070858 0.070766 
15.194379 0.069277 0.069346 0.069285 0.069346 0.069368 0.069174 0.069285 0.069174 0.069174 
15.215094 0.067841 0.067780 0.067759 0.067780 0.067844 0.067764 0.067759 0.067764 0.067829 
15.235809 0.066404 0.066416 0.066392 0.066416 0.066555 0.066439 0.066392 0.066439 0.066422 
15.256524 0.064977 0.064998 0.064944 0.064998 0.065097 0.065042 0.064944 0.065042 0.064980 
15.277238 0.063572 0.063577 0.063551 0.063577 0.063736 0.063771 0.063551 0.063771 0.063721 
15.297953 0.062295 0.062242 0.062274 0.062242 0.062060 0.062322 0.062274 0.062322 0.062409 
15.318668 0.060951 0.060930 0.060961 0.060930 0.060983 0.060876 0.060961 0.060876 0.060860 
15.339383 0.059626 0.059665 0.059622 0.059665 0.059604 0.059613 0.059622 0.059613 0.059592 
15.360098 0.058360 0.058399 0.058369 0.058399 0.058299 0.058272 0.058369 0.058272 0.058405 
15.380813 0.057079 0.057095 0.057067 0.057095 0.057240 0.057011 0.057067 0.057011 0.057112 
15.401528 0.055892 0.055947 0.055878 0.055947 0.055907 0.055846 0.055878 0.055846 0.055843 
15.422243 0.054654 0.054632 0.054662 0.054632 0.054679 0.054683 0.054662 0.054683 0.054658 
15.442957 0.053450 0.053454 0.053428 0.053454 0.053376 0.053374 0.053428 0.053374 0.053401 
15.463672 0.052255 0.052225 0.052333 0.052225 0.052399 0.052426 0.052333 0.052426 0.052205 
15.484387 0.051136 0.051131 0.051118 0.051131 0.051184 0.051205 0.051118 0.051205 0.051088 
15.505103 0.049980 0.049976 0.049961 0.049976 0.050069 0.049960 0.049961 0.049960 0.050004 
15.525817 0.048904 0.048854 0.048863 0.048854 0.048828 0.048873 0.048863 0.048873 0.048802 
15.546532 0.047789 0.047806 0.047799 0.047806 0.047886 0.047846 0.047799 0.047846 0.047863 
15.567247 0.046727 0.046690 0.046725 0.046690 0.046769 0.046676 0.046725 0.046676 0.046682 
15.587962 0.045646 0.045682 0.045656 0.045682 0.045532 0.045593 0.045656 0.045593 0.045765 
15.608676 0.044652 0.044632 0.044633 0.044632 0.044595 0.044543 0.044633 0.044543 0.044603 
15.629392 0.043595 0.043625 0.043654 0.043625 0.043542 0.043533 0.043654 0.043533 0.043563 
15.650107 0.042556 0.042615 0.042601 0.042615 0.042552 0.042681 0.042601 0.042681 0.042559 
15.670822 0.041619 0.041627 0.041588 0.041627 0.041445 0.041604 0.041588 0.041604 0.041668 
15.691536 0.040656 0.040612 0.040641 0.040612 0.040542 0.040671 0.040641 0.040671 0.040690 
15.712251 0.039716 0.039680 0.039695 0.039680 0.039769 0.039737 0.039695 0.039737 0.039732 
15.732966 0.038777 0.038766 0.038807 0.038766 0.038683 0.038783 0.038807 0.038783 0.038861 
15.753681 0.037864 0.037847 0.037864 0.037847 0.037811 0.037783 0.037864 0.037783 0.037891 
15.774396 0.036943 0.036971 0.036914 0.036971 0.036904 0.036911 0.036914 0.036911 0.036991 
15.795111 0.036053 0.036083 0.036057 0.036083 0.036081 0.036022 0.036057 0.036022 0.035998 
15.815826 0.035209 0.035222 0.035211 0.035222 0.035308 0.035185 0.035211 0.035185 0.035250 
15.836541 0.034363 0.034312 0.034350 0.034312 0.034392 0.034377 0.034350 0.034377 0.034291 
15.857255 0.033522 0.033489 0.033500 0.033489 0.033440 0.033480 0.033500 0.033480 0.033582 
15.877970 0.032696 0.032659 0.032700 0.032659 0.032814 0.032640 0.032700 0.032640 0.032718 
15.898685 0.031859 0.031862 0.031861 0.031862 0.031965 0.031800 0.031861 0.031800 0.031866 
15.919400 0.031072 0.031065 0.031065 0.031065 0.031039 0.031018 0.031065 0.031018 0.031067 
15.940115 0.030315 0.030275 0.030311 0.030275 0.030337 0.030350 0.030311 0.030350 0.030324 
15.960830 0.029538 0.029490 0.029507 0.029490 0.029565 0.029566 0.029507 0.029566 0.029508 
15.981545 0.028819 0.028796 0.028752 0.028796 0.028810 0.028723 0.028752 0.028723 0.028813 
16.002260 0.028069 0.028077 0.028068 0.028077 0.028024 0.028109 0.028068 0.028109 0.028019 
16.022975 0.027302 0.027343 0.027330 0.027343 0.027276 0.027366 0.027330 0.027366 0.027316 
16.043690 0.026611 0.026589 0.026643 0.026589 0.026628 0.026640 0.026643 0.026640 0.026582 
16.064404 0.025892 0.025910 0.025912 0.025910 0.025951 0.025981 0.025912 0.025981 0.025929 
16.085119 0.025234 0.025196 0.025243 0.025196 0.025304 0.025179 0.025243 0.025179 0.025309 
16.105834 0.024534 0.024588 0.024493 0.024588 0.024524 0.024588 0.024493 0.024588 0.024524 
16.126550 0.023877 0.023890 0.023853 0.023890 0.023953 0.023905 0.023853 0.023905 0.023870 
16.147264 0.023226 0.023230 0.023192 0.023230 0.023170 0.023284 0.023192 0.023284 0.023187 
16.167979 0.022596 0.022586 0.022608 0.022586 0.022604 0.022635 0.022608 0.022635 0.022521 
16.188694 0.021968 0.021976 0.021975 0.021976 0.022041 0.021951 0.021975 0.021951 0.022019 
16.209409 0.021339 0.021378 0.021381 0.021378 0.021343 0.021336 0.021381 0.021336 0.021308 
16.230124 0.020761 0.020745 0.020753 0.020745 0.020859 0.020832 0.020753 0.020832 0.020743 
16.250838 0.020178 0.020166 0.020189 0.020166 0.020119 0.020076 0.020189 0.020076 0.020212 
16.271554 0.019588 0.019576 0.019562 0.019576 0.019577 0.019520 0.019562 0.019520 0.019589 
16.292269 0.019024 0.019015 0.019034 0.019015 0.019077 0.019019 0.019034 0.019019 0.019090 
16.312984 0.018443 0.018445 0.018445 0.018445 0.018520 0.018457 0.018445 0.018457 0.018542 
16.333698 0.017934 0.017905 0.017901 0.017905 0.017985 0.017909 0.017901 0.017909 0.017942 
16.354413 0.017371 0.017366 0.017355 0.017366 0.017379 0.017398 0.017355 0.017398 0.017338 
16.375128 0.016840 0.016870 0.016863 0.016870 0.016878 0.016836 0.016863 0.016836 0.016879 
16.395843 0.016338 0.016341 0.016343 0.016341 0.016202 0.016290 0.016343 0.016290 0.016289 
16.416558 0.015831 0.015807 0.015827 0.015807 0.015749 0.015821 0.015827 0.015821 0.015864 
16.437273 0.015346 0.015330 0.015336 0.015330 0.015389 0.015303 0.015336 0.015303 0.015360 
16.457988 0.014835 0.014858 0.014887 0.014858 0.014853 0.014859 0.014887 0.014859 0.014849 
16.478703 0.014390 0.014356 0.014385 0.014356 0.014468 0.014393 0.014385 0.014393 0.014405 
16.499417 0.013935 0.013951 0.013911 0.013951 0.013967 0.013922 0.013911 0.013922 0.013952 
16.520132 0.013442 0.013458 0.013456 0.013458 0.013469 0.013421 0.013456 0.013421 0.013506 
16.540847 0.013002 0.012994 0.013033 0.012994 0.013021 0.013024 0.013033 0.013024 0.012989 
16.561563 0.012588 0.012571 0.012557 0.012571 0.012470 0.012550 0.012557 0.012550 0.012650 
16.582277 0.012145 0.012147 0.012151 0.012147 0.012138 0.012137 0.012151 0.012137 0.012098 
16.602992 0.011731 0.011739 0.011719 0.011739 0.011684 0.011736 0.011719 0.011736 0.011669 
16.623707 0.011327 0.011309 0.011320 0.011309 0.011296 0.011332 0.011320 0.011332 0.011233 
16.644422 0.010913 0.010953 0.010923 0.010953 0.010902 0.010923 0.010923 0.010923 0.010903 
16.665136 0.010539 0.010532 0.010534 0.010532 0.010566 0.010523 0.010534 0.010523 0.010447 
16.685851 0.010162 0.010136 0.010150 0.010136 0.010204 0.010096 0.010150 0.010096 0.010157 
16.706567 0.009782 0.009791 0.009754 0.009791 0.009762 0.009822 0.009754 0.009822 0.009798 
16.727282 0.009419 0.009419 0.009428 0.009419 0.009415 0.009379 0.009428 0.009379 0.009432 
16.747996 0.009053 0.009058 0.009074 0.009058 0.009043 0.009103 0.009074 0.009103 0.009071 
16.768711 0.008705 0.008706 0.008705 0.008706 0.008725 0.008661 0.008705 0.008661 0.008749 
16.789426 0.008384 0.008375 0.008354 0.008375 0.008367 0.008403 0.008354 0.008403 0.008424 
16.810141 0.008029 0.008042 0.008038 0.008042 0.008035 0.008017 0.008038 0.008017 0.008023 
16.830855 0.007724 0.007720 0.007709 0.007720 0.007735 0.007691 0.007709 0.007691 0.007762 
16.851571 0.007392 0.007395 0.007386 0.007395 0.007406 0.007422 0.007386 0.007422 0.007403 
16.872286 0.007086 0.007099 0.007087 0.007099 0.007150 0.007105 0.007087 0.007105 0.007108 
16.893001 0.006796 0.006809 0.006784 0.006809 0.006757 0.006779 0.006784 0.006779 0.006823 
16.913715 0.006506 0.006503 0.006493 0.006503 0.006543 0.006499 0.006493 0.006499 0.006519 
16.934430 0.006225 0.006214 0.006221 0.006214 0.006268 0.006188 0.006221 0.006188 0.006266 
16.955145 0.005936 0.005927 0.005933 0.005927 0.005957 0.005943 0.005933 0.005943 0.005926 
16.975860 0.005674 0.005640 0.005685 0.005640 0.005645 0.005668 0.005685 0.005668 0.005652 
16.996575 0.005405 0.005393 0.005430 0.005393 0.005422 0.005434 0.005430 0.005434 0.005377 
17.017290 0.005142 0.005158 0.005136 0.005158 0.005134 0.005156 0.005136 0.005156 0.005124 
17.038005 0.004907 0.004905 0.004906 0.004905 0.004904 0.004902 0.004906 0.004902 0.004934 
17.058720 0.004657 0.004661 0.004655 0.004661 0.004653 0.004656 0.004655 0.004656 0.004657 
17.079434 0.004425 0.004431 0.004423 0.004431 0.004451 0.004427 0.004423 0.004427 0.004432 
17.100149 0.004210 0.004186 0.004208 0.004186 0.004208 0.004204 0.004208 0.004204 0.004171 
17.120864 0.003987 0.003991 0.003986 0.003991 0.003995 0.003971 0.003986 0.003971 0.003991 
17.141580 0.003767 0.003770 0.003766 0.003770 0.003751 0.003771 0.003766 0.003771 0.003767 
17.162294 0.003542 0.003563 0.003573 0.003563 0.003592 0.003580 0.003573 0.003580 0.003577 
17.183009 0.003365 0.003359 0.003361 0.003359 0.003323 0.003348 0.003361 0.003348 0.003378 
17.203724 0.003161 0.003164 0.003171 0.003164 0.003168 0.003161 0.003171 0.003161 0.003149 
17.224439 0.002982 0.002985 0.002971 0.002985 0.003001 0.002972 0.002971 0.002972 0.002987 
17.245154 0.002796 0.002800 0.002803 0.002800 0.002809 0.002811 0.002803 0.002811 0.002800 
17.265869 0.002622 0.002630 0.002625 0.002630 0.002637 0.002631 0.002625 0.002631 0.002611 
17.286584 0.002454 0.002454 0.002452 0.002454 0.002450 0.002453 0.002452 0.002453 0.002453 
17.307299 0.002293 0.002289 0.002292 0.002289 0.002302 0.002300 0.002292 0.002300 0.002312 
17.328013 0.002142 0.002138 0.002138 0.002138 0.002142 0.002138 0.002138 0.002138 0.002144 
17.348728 0.002002 0.001983 0.001983 0.001983 0.001975 0.001981 0.001983 0.001981 0.001991 
17.369443 0.001843 0.001849 0.001845 0.001849 0.001823 0.001836 0.001845 0.001836 0.001865 
17.390159 0.001705 0.001704 0.001707 0.001704 0.001692 0.001697 0.001707 0.001697 0.001679 
17.410873 0.001580 0.001574 0.001582 0.001574 0.001579 0.001590 0.001582 0.001590 0.001586 
17.431588 0.001452 0.001455 0.001446 0.001455 0.001460 0.001444 0.001446 0.001444 0.001442 
17.452303 0.001326 0.001323 0.001328 0.001323 0.001329 0.001327 0.001328 0.001327 0.001320 
17.473018 0.001214 0.001219 0.001215 0.001219 0.001226 0.001213 0.001215 0.001213 0.001208 
17.493732 0.001102 0.001109 0.001108 0.001109 0.001097 0.001103 0.001108 0.001103 0.001110 
17.514447 0.001003 0.001001 0.001000 0.001001 0.000984 0.001009 0.001000 0.001009 0.001000 
17.535163 0.000903 0.000902 0.000897 0.000902 0.000907 0.000901 0.000897 0.000901 0.000888 
17.555878 0.000810 0.000807 0.000809 0.000807 0.000822 0.000813 0.000809 0.000813 0.000803 
17.576592 0.000722 0.000722 0.000720 0.000722 0.000722 0.000721 0.000720 0.000721 0.000736 
17.597307 0.000642 0.000643 0.000645 0.000643 0.000640 0.000624 0.000645 0.000624 0.000644 
17.618022 0.000559 0.000563 0.000562 0.000563 0.000546 0.000559 0.000562 0.000559 0.000564 
17.638737 0.000489 0.000491 0.000485 0.000491 0.000495 0.000500 0.000485 0.000500 0.000504 
17.659451 0.000422 0.000421 0.000425 0.000421 0.000428 0.000426 0.000425 0.000426 0.000427 
17.680167 0.000361 0.000359 0.000361 0.000359 0.000362 0.000361 0.000361 0.000361 0.000358 
17.700882 0.000304 0.000304 0.000303 0.000304 0.000306 0.000300 0.000303 0.000300 0.000313 
17.721597 0.000254 0.000256 0.000256 0.000256 0.000258 0.000252 0.000256 0.000252 0.000263 
17.742311 0.000204 0.000203 0.000208 0.000203 0.000201 0.000206 0.000208 0.000206 0.000202 
17.763026 0.000166 0.000163 0.000165 0.000163 0.000168 0.000168 0.000165 0.000168 0.000166 
17.783741 0.000129 0.000126 0.000127 0.000126 0.000128 0.000130 0.000127 0.000130 0.000131 
17.804456 0.000097 0.000096 0.000096 0.000096 0.000096 0.000097 0.000096 0.000097 0.000096 
17.825171 0.000069 0.000069 0.000067 0.000069 0.000069 0.000067 0.000067 0.000067 0.000065 
17.845886 0.000046 0.000046 0.000047 0.000046 0.000044 0.000044 0.000047 0.000044 0.000043 
17.866601 0.000028 0.000027 0.000028 0.000027 0.000031 0.000028 0.000028 0.000028 0.000027 
17.887316 0.000015 0.000015 0.000015 0.000015 0.000012 0.000015 0.000015 0.000015 0.000013 
17.908031 0.000005 0.000005 0.000005 0.000005 0.000004 0.000006 0.000005 0.000006 0.000006 
17.928745 0.000001 0.000001 0.000001 0.000001 0.000000 0.000001 0.000001 0.000001 0.000001 
17.949460 0.000000 0.000000 0.000000 0.000000 0.000000 0.000000 0.000000 0.000000 0.000000 
17.970176 0.000000 0.000000 0.000000 0.000000 0.000000 0.000000 0.000000 0.000000 0.000000 
17.990891 0.000000 0.000000 0.000000 0.000000 0.000000 0.000000 0.000000 0.000000 0.000000 
18.011605 0.000000 0.000000 0.000000 0.000000 0.000000 0.000000 0.000000 0.000000 0.000000 
18.032320 0.000000 0.000000 0.000000 0.000000 0.000000 0.000000 0.000000 0.000000 0.000000 
18.053035 0.000000 0.000000 0.000000 0.000000 0.000000 0.000000 0.000000 0.000000 0.000000 
18.073750 0.000000 0.000000 0.000000 0.000000 0.000000 0.000000 0.000000 0.000000 0.000000 
18.094464 0.000000 0.000000 0.000000 0.000000 0.000000 0.000000 0.000000 0.000000 0.000000 
18.115180 0.000000 0.000000 0.000000 0.000000 0.000000 0.000000 0.000000 0.000000 0.000000 
18.135895 0.000000 0.000000 0.000000 0.000000 0.000000 0.000000 0.000000 0.000000 0.000000 
18.156610 0.000000 0.000000 0.000000 0.000000 0.000000 0.000000 0.000000 0.000000 0.000000 
18.177324 0.000000 0.000000 0.000000 0.000000 0.000000 0.000000 0.000000 0.000000 0.000000 
18.198039 0.000000 0.000000 0.000000 0.000000 0.000000 0.000000 0.000000 0.000000 0.000000 
18.218754 0.000000 0.000000 0.000000 0.000000 0.000000 0.000000 0.000000 0.000000 0.000000 
18.239469 0.000000 0.000000 0.000000 0.000000 0.000000 0.000000 0.000000 0.000000 0.000000 
18.260184 0.000000 0.000000 0.000000 0.000000 0.000000 0.000000 0.000000 0.000000 0.000000 
18.280899 0.000000 0.000000 0.000000 0.000000 0.000000 0.000000 0.000000 0.000000 0.000000 
18.301614 0.000000 0.000000 0.000000 0.000000 0.000000 0.000000 0.000000 0.000000 0.000000 
18.322329 0.000000 0.000000 0.000000 0.000000 0.000000 0.000000 0.000000 0.000000 0.000000 
18.343043 0.000000 0.000000 0.000000 0.000000 0.000000 0.000000 0.000000 0.000000 0.000000 
18.363758 0.000000 0.000000 0.000000 0.000000 0.000000 0.000000 0.000000 0.000000 0.000000 
18.384473 0.000000 0.000000 0.000000 0.000000 0.000000 0.000000 0.000000 0.000000 0.000000 
18.405189 0.000000 0.000000 0.000000 0.000000 0.000000 0.000000 0.000000 0.000000 0.000000 
18.425903 0.000000 0.000000 0.000000 0.000000 0.000000 0.000000 0.000000 0.000000 0.000000 
18.446618 0.000000 0.000000 0.000000 0.000000 0.000000 0.000000 0.000000 0.000000 0.000000 
18.467333 0.000000 0.000000 0.000000 0.000000 0.000000 0.000000 0.000000 0.000000 0.000000 
18.488048 0.000000 0.000000 0.000000 0.000000 0.000000 0.000000 0.000000 0.000000 0.000000 
18.508762 0.000000 0.000000 0.000000 0.000000 0.000000 0.000000 0.000000 0.000000 0.000000 
18.529477 0.000000 0.000000 0.000000 0.000000 0.000000 0.000000 0.000000 0.000000 0.000000 
18.550193 0.000000 0.000000 0.000000 0.000000 0.000000 0.000000 0.000000 0.000000 0.000000 
18.570908 0.000000 0.000000 0.000000 0.000000 0.000000 0.000000 0.000000 0.000000 0.000000 
18.591622 0.000000 0.000000 0.000000 0.000000 0.000000 0.000000 0.000000 0.000000 0.000000 
18.612337 0.000000 0.000000 0.000000 0.000000 0.000000 0.000000 0.000000 0.000000 0.000000 
18.633052 0.000000 0.000000 0.000000 0.000000 0.000000 0.000000 0.000000 0.000000 0.000000 
18.653767 0.000000 0.000000 0.000000 0.000000 0.000000 0.000000 0.000000 0.000000 0.000000 
18.674481 0.000000 0.000000 0.000000 0.000000 0.000000 0.000000 0.000000 0.000000 0.000000 
18.695197 0.000000 0.000000 0.000000 0.000000 0.000000 0.000000 0.000000 0.000000 0.000000 
18.715912 0.000000 0.000000 0.000000 0.000000 0.000000 0.000000 0.000000 0.000000 0.000000 
18.736627 0.000000 0.000000 0.000000 0.000000 0.000000 0.000000 0.000000 0.000000 0.000000 
18.757341 0.000000 0.000000 0.000000 0.000000 0.000000 0.000000 0.000000 0.000000 0.000000 
18.778056 0.000000 0.000000 0.000000 0.000000 0.000000 0.000000 0.000000 0.000000 0.000000 
18.798772 0.000000 0.000000 0.000000 0.000000 0.000000 0.000000 0.000000 0.000000 0.000000 
18.819487 0.000000 0.000000 0.000000 0.000000 0.000000 0.000000 0.000000 0.000000 0.000000 
18.840201 0.000000 0.000000 0.000000 0.000000 0.000000 0.000000 0.000000 0.000000 0.000000 
18.860916 0.000000 0.000000 0.000000 0.000000 0.000000 0.000000 0.000000 0.000000 0.000000 
18.881631 0.000000 0.000000 0.000000 0.000000 0.000000 0.000000 0.000000 0.000000 0.000000 
18.902346 0.000000 0.000000 0.000000 0.000000 0.000000 0.000000 0.000000 0.000000 0.000000 
18.923060 0.000000 0.000000 0.000000 0.000000 0.000000 0.000000 0.000000 0.000000 0.000000 
18.943776 0.000000 0.000000 0.000000 0.000000 0.000000 0.000000 0.000000 0.000000 0.000000 
18.964491 0.000000 0.000000 0.000000 0.000000 0.000000 0.000000 0.000000 0.000000 0.000000 
18.985206 0.000000 0.000000 0.000000 0.000000 0.000000 0.000000 0.000000 0.000000 0.000000 
19.005920 0.000000 0.000000 0.000000 0.000000 0.000000 0.000000 0.000000 0.000000 0.000000 
19.026635 0.000000 0.000000 0.000000 0.000000 0.000000 0.000000 0.000000 0.000000 0.000000 
19.047350 0.000000 0.000000 0.000000 0.000000 0.000000 0.000000 0.000000 0.000000 0.000000 
19.068065 0.000000 0.000000 0.000000 0.000000 0.000000 0.000000 0.000000 0.000000 0.000000 
19.088780 0.000000 0.000000 0.000000 0.000000 0.000000 0.000000 0.000000 0.000000 0.000000 
19.109495 0.000000 0.000000 0.000000 0.000000 0.000000 0.000000 0.000000 0.000000 0.000000 
19.130210 0.000000 0.000000 0.000000 0.000000 0.000000 0.000000 0.000000 0.000000 0.000000 
19.150925 0.000000 0.000000 0.000000 0.000000 0.000000 0.000000 0.000000 0.000000 0.000000 
19.171639 0.000000 0.000000 0.000000 0.000000 0.000000 0.000000 0.000000 0.000000 0.000000 
19.192354 0.000000 0.000000 0.000000 0.000000 0.000000 0.000000 0.000000 0.000000 0.000000 
19.213069 0.000000 0.000000 0.000000 0.000000 0.000000 0.000000 0.000000 0.000000 0.000000 
19.233785 0.000000 0.000000 0.000000 0.000000 0.000000 0.000000 0.000000 0.000000 0.000000 
19.254499 0.000000 0.000000 0.000000 0.000000 0.000000 0.000000 0.000000 0.000000 0.000000 
19.275214 0.000000 0.000000 0.000000 0.000000 0.000000 0.000000 0.000000 0.000000 0.000000 
19.295929 0.000000 0.000000 0.000000 0.000000 0.000000 0.000000 0.000000 0.000000 0.000000 
19.316644 0.000000 0.000000 0.000000 0.000000 0.000000 0.000000 0.000000 0.000000 0.000000 
19.337358 0.000000 0.000000 0.000000 0.000000 0.000000 0.000000 0.000000 0.000000 0.000000 
19.358073 0.000000 0.000000 0.000000 0.000000 0.000000 0.000000 0.000000 0.000000 0.000000 
19.378789 0.000000 0.000000 0.000000 0.000000 0.000000 0.000000 0.000000 0.000000 0.000000 
19.399504 0.000000 0.000000 0.000000 0.000000 0.000000 0.000000 0.000000 0.000000 0.000000 
19.420218 0.000000 0.000000 0.000000 0.000000 0.000000 0.000000 0.000000 0.000000 0.000000 
19.440933 0.000000 0.000000 0.000000 0.000000 0.000000 0.000000 0.000000 0.000000 0.000000 
19.461648 0.000000 0.000000 0.000000 0.000000 0.000000 0.000000 0.000000 0.000000 0.000000 
19.482363 0.000000 0.000000 0.000000 0.000000 0.000000 0.000000 0.000000 0.000000 0.000000 
19.503078 0.000000 0.000000 0.000000 0.000000 0.000000 0.000000 0.000000 0.000000 0.000000 
19.523793 0.000000 0.000000 0.000000 0.000000 0.000000 0.000000 0.000000 0.000000 0.000000 
19.544508 0.000000 0.000000 0.000000 0.000000 0.000000 0.000000 0.000000 0.000000 0.000000 
19.565223 0.000000 0.000000 0.000000 0.000000 0.000000 0.000000 0.000000 0.000000 0.000000 
19.585938 0.000000 0.000000 0.000000 0.000000 0.000000 0.000000 0.000000 0.000000 0.000000 
19.606652 0.000000 0.000000 0.000000 0.000000 0.000000 0.000000 0.000000 0.000000 0.000000 
19.627367 0.000000 0.000000 0.000000 0.000000 0.000000 0.000000 0.000000 0.000000 0.000000 
19.648082 0.000000 0.000000 0.000000 0.000000 0.000000 0.000000 0.000000 0.000000 0.000000 
19.668797 0.000000 0.000000 0.000000 0.000000 0.000000 0.000000 0.000000 0.000000 0.000000 
19.689512 0.000000 0.000000 0.000000 0.000000 0.000000 0.000000 0.000000 0.000000 0.000000 
19.710227 0.000000 0.000000 0.000000 0.000000 0.000000 0.000000 0.000000 0.000000 0.000000 
19.730942 0.000000 0.000000 0.000000 0.000000 0.000000 0.000000 0.000000 0.000000 0.000000 
19.751657 0.000000 0.000000 0.000000 0.000000 0.000000 0.000000 0.000000 0.000000 0.000000 
19.772371 0.000000 0.000000 0.000000 0.000000 0.000000 0.000000 0.000000 0.000000 0.000000 
19.793086 0.000000 0.000000 0.000000 0.000000 0.000000 0.000000 0.000000 0.000000 0.000000 
19.813802 0.000000 0.000000 0.000000 0.000000 0.000000 0.000000 0.000000 0.000000 0.000000 
19.834517 0.000000 0.000000 0.000000 0.000000 0.000000 0.000000 0.000000 0.000000 0.000000 
19.855231 0.000000 0.000000 0.000000 0.000000 0.000000 0.000000 0.000000 0.000000 0.000000 
19.875946 0.000000 0.000000 0.000000 0.000000 0.000000 0.000000 0.000000 0.000000 0.000000 
19.896661 0.000000 0.000000 0.000000 0.000000 0.000000 0.000000 0.000000 0.000000 0.000000 
19.917376 0.000000 0.000000 0.000000 0.000000 0.000000 0.000000 0.000000 0.000000 0.000000 
19.938090 0.000000 0.000000 0.000000 0.000000 0.000000 0.000000 0.000000 0.000000 0.000000 
19.958806 0.000000 0.000000 0.000000 0.000000 0.000000 0.000000 0.000000 0.000000 0.000000 
19.979521 0.000000 0.000000 0.000000 0.000000 0.000000 0.000000 0.000000 0.000000 0.000000 
20.000236 0.000000 0.000000 0.000000 0.000000 0.000000 0.000000 0.000000 0.000000 0.000000 
20.020950 0.000000 0.000000 0.000000 0.000000 0.000000 0.000000 0.000000 0.000000 0.000000 
20.041665 0.000000 0.000000 0.000000 0.000000 0.000000 0.000000 0.000000 0.000000 0.000000 
20.062380 0.000000 0.000000 0.000000 0.000000 0.000000 0.000000 0.000000 0.000000 0.000000 
20.083095 0.000000 0.000000 0.000000 0.000000 0.000000 0.000000 0.000000 0.000000 0.000000 
20.103810 0.000000 0.000000 0.000000 0.000000 0.000000 0.000000 0.000000 0.000000 0.000000 
20.124525 0.000000 0.000000 0.000000 0.000000 0.000000 0.000000 0.000000 0.000000 0.000000 
20.145240 0.000000 0.000000 0.000000 0.000000 0.000000 0.000000 0.000000 0.000000 0.000000 
20.165955 0.000000 0.000000 0.000000 0.000000 0.000000 0.000000 0.000000 0.000000 0.000000 
20.186669 0.000000 0.000000 0.000000 0.000000 0.000000 0.000000 0.000000 0.000000 0.000000 
20.207384 0.000000 0.000000 0.000000 0.000000 0.000000 0.000000 0.000000 0.000000 0.000000 
20.228099 0.000000 0.000000 0.000000 0.000000 0.000000 0.000000 0.000000 0.000000 0.000000 
20.248815 0.000000 0.000000 0.000000 0.000000 0.000000 0.000000 0.000000 0.000000 0.000000 
20.269529 0.000000 0.000000 0.000000 0.000000 0.000000 0.000000 0.000000 0.000000 0.000000 
20.290244 0.000000 0.000000 0.000000 0.000000 0.000000 0.000000 0.000000 0.000000 0.000000 
20.310959 0.000000 0.000000 0.000000 0.000000 0.000000 0.000000 0.000000 0.000000 0.000000 
20.331674 0.000000 0.000000 0.000000 0.000000 0.000000 0.000000 0.000000 0.000000 0.000000 
20.352388 0.000000 0.000000 0.000000 0.000000 0.000000 0.000000 0.000000 0.000000 0.000000 
20.373103 0.000000 0.000000 0.000000 0.000000 0.000000 0.000000 0.000000 0.000000 0.000000 
20.393819 0.000000 0.000000 0.000000 0.000000 0.000000 0.000000 0.000000 0.000000 0.000000 
20.414534 0.000000 0.000000 0.000000 0.000000 0.000000 0.000000 0.000000 0.000000 0.000000 
20.435248 0.000000 0.000000 0.000000 0.000000 0.000000 0.000000 0.000000 0.000000 0.000000 
20.455963 0.000000 0.000000 0.000000 0.000000 0.000000 0.000000 0.000000 0.000000 0.000000 
20.476678 0.000000 0.000000 0.000000 0.000000 0.000000 0.000000 0.000000 0.000000 0.000000 
20.497394 0.000000 0.000000 0.000000 0.000000 0.000000 0.000000 0.000000 0.000000 0.000000 
20.518108 0.000000 0.000000 0.000000 0.000000 0.000000 0.000000 0.000000 0.000000 0.000000 
20.538823 0.000000 0.000000 0.000000 0.000000 0.000000 0.000000 0.000000 0.000000 0.000000 
20.559538 0.000000 0.000000 0.000000 0.000000 0.000000 0.000000 0.000000 0.000000 0.000000 
20.580253 0.000000 0.000000 0.000000 0.000000 0.000000 0.000000 0.000000 0.000000 0.000000 
20.600967 0.000000 0.000000 0.000000 0.000000 0.000000 0.000000 0.000000 0.000000 0.000000 
20.621682 0.000000 0.000000 0.000000 0.000000 0.000000 0.000000 0.000000 0.000000 0.000000 
20.642398 0.000000 0.000000 0.000000 0.000000 0.000000 0.000000 0.000000 0.000000 0.000000 
20.663113 0.000000 0.000000 0.000000 0.000000 0.000000 0.000000 0.000000 0.000000 0.000000 
20.683827 0.000000 0.000000 0.000000 0.000000 0.000000 0.000000 0.000000 0.000000 0.000000 
20.704542 0.000000 0.000000 0.000000 0.000000 0.000000 0.000000 0.000000 0.000000 0.000000 
