# concentrations: 0.666667 0.166667 0.166667
0.010000 0.000000 0.000000 0.000000 0.000000 0.000000 0.000000 0.000000 0.000000 0.000000 
0.030000 0.000000 0.000000 0.000000 0.000000 0.000000 0.000000 0.000000 0.000000 0.000000 
0.050000 0.000000 0.000000 0.000000 0.000000 0.000000 0.000000 0.000000 0.000000 0.000000 
0.070000 0.000000 0.000000 0.000000 0.000000 0.000000 0.000000 0.000000 0.000000 0.000000 
0.090000 0.000000 0.000000 0.000000 0.000000 0.000000 0.000000 0.000000 0.000000 0.000000 
0.110000 0.000000 0.000000 0.000000 0.000000 0.000000 0.000000 0.000000 0.000000 0.000000 
0.130000 0.000000 0.000000 0.000000 0.000000 0.000000 0.000000 0.000000 0.000000 0.000000 
0.150000 0.000000 0.000000 0.000000 0.000000 0.000000 0.000000 0.000000 0.000000 0.000000 
0.170000 0.000000 0.000000 0.000000 0.000000 0.000000 0.000000 0.000000 0.000000 0.000000 
0.190000 0.000000 0.000000 0.000000 0.000000 0.000000 0.000000 0.000000 0.000000 0.000000 
0.210000 0.000000 0.000000 0.000000 0.000000 0.000000 0.000000 0.000000 0.000000 0.000000 
0.230000 0.000000 0.000000 0.000000 0.000000 0.000000 0.000000 0.000000 0.000000 0.000000 
0.250000 0.000000 0.000000 0.000000 0.000000 0.000000 0.000000 0.000000 0.000000 0.000000 
0.270000 0.000000 0.000000 0.000000 0.000000 0.000000 0.000000 0.000000 0.000000 0.000000 
0.290000 0.000000 0.000000 0.000000 0.000000 0.000000 0.000000 0.000000 0.000000 0.000000 
0.310000 0.000000 0.000000 0.000000 0.000000 0.000000 0.000000 0.000000 0.000000 0.000000 
0.330000 0.000000 0.000000 0.000000 0.000000 0.000000 0.000000 0.000000 0.000000 0.000000 
0.350000 0.000000 0.000000 0.000000 0.000000 0.000000 0.000000 0.000000 0.000000 0.000000 
0.370000 0.000000 0.000000 0.000000 0.000000 0.000000 0.000000 0.000000 0.000000 0.000000 
0.390000 0.000000 0.000000 0.000000 0.000000 0.000000 0.000000 0.000000 0.000000 0.000000 
0.410000 0.000000 0.000000 0.000000 0.000000 0.000000 0.000000 0.000000 0.000000 0.000000 
0.430000 0.000000 0.000000 0.000000 0.000000 0.000000 0.000000 0.000000 0.000000 0.000000 
0.450000 0.000000 0.000000 0.000000 0.000000 0.000000 0.000000 0.000000 0.000000 0.000000 
0.470000 0.000000 0.000000 0.000000 0.000000 0.000000 0.000000 0.000000 0.000000 0.000000 
0.490000 0.000000 0.000000 0.000000 0.000000 0.000000 0.000000 0.000000 0.000000 0.000000 
0.510000 0.000000 0.000000 0.000000 0.000000 0.000000 0.000000 0.000000 0.000000 0.000000 
0.530000 0.000000 0.000000 0.000000 0.000000 0.000000 0.000000 0.000000 0.000000 0.000000 
0.550000 0.000000 0.000000 0.000000 0.000000 0.000000 0.000000 0.000000 0.000000 0.000000 
0.570000 0.000000 0.000000 0.000000 0.000000 0.000000 0.000000 0.000000 0.000000 0.000000 
0.590000 0.000000 0.000000 0.000000 0.000000 0.000000 0.000000 0.000000 0.000000 0.000000 
0.610000 0.000000 0.000000 0.000000 0.000000 0.000000 0.000000 0.000000 0.000000 0.000000 
0.630000 0.000000 0.000000 0.000000 0.000000 0.000000 0.000000 0.000000 0.000000 0.000000 
0.650000 0.000000 0.000361 0.000000 0.000361 0.000000 0.000000 0.000000 0.000000 0.000000 
0.670000 0.000000 0.012005 0.000000 0.012005 0.000430 0.000501 0.000000 0.000501 0.000000 
0.690000 0.000000 0.110046 0.000000 0.110046 0.005810 0.010534 0.000000 0.010534 0.000000 
0.710000 0.000000 0.478533 0.000080 0.478533 0.043710 0.081285 0.000080 0.081285 0.000000 
0.730000 0.000000 1.211524 0.001953 1.211524 0.138529 0.285879 0.001953 0.285879 0.000483 
0.750000 0.000000 2.116755 0.029243 2.116755 0.324069 0.661589 0.029243 0.661589 0.006805 
0.770000 0.000000 2.866548 0.181726 2.866548 0.533528 1.105266 0.181726 1.105266 0.048611 
0.790000 0.000650 3.269612 0.608360 3.269612 0.734721 1.488412 0.608360 1.488412 0.181889 
0.810000 0.009532 3.340315 1.328745 3.340315 0.902056 1.732621 1.328745 1.732621 0.450219 
0.830000 0.069821 3.178504 2.151185 3.178504 0.985791 1.829722 2.151185 1.829722 0.813492 
0.850000 0.280389 2.876936 2.818425 2.876936 1.044219 1.813031 2.818425 1.813031 1.171552 
0.870000 0.715850 2.540379 3.181339 2.540379 1.050563 1.725023 3.181339 1.725023 1.452344 
0.890000 1.320260 2.212399 3.251254 2.212399 1.028979 1.601086 3.251254 1.601086 1.603450 
0.910000 1.939140 1.906556 3.103386 1.906556 0.988172 1.480934 3.103386 1.480934 1.657039 
0.930000 2.409435 1.647582 2.830958 1.647582 0.981755 1.358722 2.830958 1.358722 1.625547 
0.950000 2.662162 1.429101 2.511573 1.429101 0.926280 1.221075 2.511573 1.221075 1.537871 
0.970000 2.707063 1.248148 2.191974 1.248148 0.894050 1.123591 2.191974 1.123591 1.432580 
0.990000 2.594432 1.104434 1.893390 1.104434 0.860391 1.029969 1.893390 1.029969 1.300187 
1.010000 2.392037 0.978988 1.639049 0.978988 0.848163 0.961298 1.639049 0.961298 1.198724 
1.030000 2.157611 0.875894 1.422457 0.875894 0.824066 0.890857 1.422457 0.890857 1.089254 
1.050000 1.914753 0.802816 1.241146 0.802816 0.822062 0.846323 1.241146 0.846323 1.015127 
1.070000 1.682325 0.737126 1.091320 0.737126 0.797913 0.805953 1.091320 0.805953 0.920638 
1.090000 1.482431 0.684933 0.966319 0.684933 0.804581 0.766631 0.966319 0.766631 0.852016 
1.110000 1.308845 0.641693 0.865435 0.641693 0.811491 0.745039 0.865435 0.745039 0.799168 
1.130000 1.157151 0.608771 0.786368 0.608771 0.810934 0.727108 0.786368 0.727108 0.767780 
1.150000 1.032841 0.587456 0.719096 0.587456 0.817537 0.721986 0.719096 0.721986 0.726372 
1.170000 0.929372 0.572001 0.670797 0.572001 0.843827 0.720168 0.670797 0.720168 0.695830 
1.190000 0.846427 0.562852 0.627727 0.562852 0.867744 0.731163 0.627727 0.731163 0.673933 
1.210000 0.780698 0.561020 0.594520 0.561020 0.896460 0.727007 0.594520 0.727007 0.663084 
1.230000 0.726992 0.560025 0.572579 0.560025 0.916219 0.750836 0.572579 0.750836 0.664557 
1.250000 0.684241 0.568491 0.555651 0.568491 0.949701 0.771675 0.555651 0.771675 0.662588 
1.270000 0.653577 0.582704 0.549135 0.582704 0.971222 0.798823 0.549135 0.798823 0.661808 
1.290000 0.632175 0.599042 0.548023 0.599042 0.998018 0.830132 0.548023 0.830132 0.678155 
1.310000 0.616792 0.625516 0.551328 0.625516 1.023768 0.855714 0.551328 0.855714 0.711535 
1.330000 0.611974 0.653640 0.557592 0.653640 1.066606 0.896815 0.557592 0.896815 0.732105 
1.350000 0.611247 0.684467 0.576260 0.684467 1.089083 0.929543 0.576260 0.929543 0.757537 
1.370000 0.620420 0.720768 0.598779 0.720768 1.114150 0.961553 0.598779 0.961553 0.787414 
1.390000 0.633663 0.765299 0.623973 0.765299 1.133749 1.004157 0.623973 1.004157 0.826004 
1.410000 0.654285 0.809487 0.658462 0.809487 1.154789 1.041459 0.658462 1.041459 0.874061 
1.430000 0.679831 0.856127 0.695494 0.856127 1.183419 1.075125 0.695494 1.075125 0.917662 
1.450000 0.713655 0.906800 0.738335 0.906800 1.196272 1.102085 0.738335 1.102085 0.969787 
1.470000 0.749638 0.950075 0.786336 0.950075 1.225088 1.130590 0.786336 1.130590 1.009921 
1.490000 0.792435 0.997922 0.839468 0.997922 1.241417 1.159124 0.839468 1.159124 1.057212 
1.510000 0.835883 1.043305 0.888352 1.043305 1.247026 1.183842 0.888352 1.183842 1.099609 
1.530000 0.879658 1.084517 0.940468 1.084517 1.262321 1.214106 0.940468 1.214106 1.125783 
1.550000 0.925608 1.118940 0.994540 1.118940 1.258114 1.230070 0.994540 1.230070 1.165874 
1.570000 0.968991 1.154177 1.038665 1.154177 1.243805 1.251316 1.038665 1.251316 1.197593 
1.590000 1.010610 1.183774 1.080581 1.183774 1.227561 1.264986 1.080581 1.264986 1.218017 
1.610000 1.047284 1.211151 1.117967 1.211151 1.208215 1.272334 1.117967 1.272334 1.243100 
1.630000 1.080606 1.228845 1.152005 1.228845 1.183295 1.268551 1.152005 1.268551 1.264693 
1.650000 1.108660 1.245302 1.180787 1.245302 1.146879 1.263010 1.180787 1.263010 1.276166 
1.670000 1.133769 1.255330 1.204235 1.255330 1.110415 1.238738 1.204235 1.238738 1.289221 
1.690000 1.150361 1.258864 1.224131 1.258864 1.068712 1.213342 1.224131 1.213342 1.284669 
1.710000 1.166392 1.254615 1.240325 1.254615 1.026555 1.176181 1.240325 1.176181 1.287633 
1.730000 1.179484 1.237909 1.247282 1.237909 0.996964 1.147966 1.247282 1.147966 1.273084 
1.750000 1.186050 1.219237 1.255191 1.219237 0.969985 1.103836 1.255191 1.103836 1.250419 
1.770000 1.191208 1.194682 1.250370 1.194682 0.933526 1.066983 1.250370 1.066983 1.217023 
1.790000 1.191993 1.164682 1.242101 1.164682 0.908997 1.036054 1.242101 1.036054 1.185310 
1.810000 1.192099 1.127737 1.228603 1.127737 0.880998 0.991811 1.228603 0.991811 1.144375 
1.830000 1.186052 1.092690 1.205479 1.092690 0.860098 0.958686 1.205479 0.958686 1.102986 
1.850000 1.177163 1.055246 1.176044 1.055246 0.856683 0.924964 1.176044 0.924964 1.058376 
1.870000 1.163856 1.022497 1.145382 1.022497 0.838360 0.900564 1.145382 0.900564 1.027438 
1.890000 1.145227 0.990835 1.111566 0.990835 0.834273 0.874711 1.111566 0.874711 0.989482 
1.910000 1.124237 0.960589 1.075304 0.960589 0.833576 0.856325 1.075304 0.856325 0.950774 
1.930000 1.099575 0.935041 1.038660 0.935041 0.835691 0.842347 1.038660 0.842347 0.920221 
1.950000 1.072199 0.911509 1.005335 0.911509 0.840201 0.834395 1.005335 0.834395 0.893379 
1.970000 1.043745 0.893355 0.973502 0.893355 0.843113 0.834746 0.973502 0.834746 0.867988 
1.990000 1.014696 0.879514 0.946703 0.879514 0.862053 0.830307 0.946703 0.830307 0.852297 
2.010000 0.987129 0.871013 0.918167 0.871013 0.874735 0.833121 0.918167 0.833121 0.836890 
2.030000 0.960608 0.864723 0.897226 0.864723 0.886006 0.838387 0.897226 0.838387 0.834275 
2.050000 0.936252 0.860978 0.882447 0.860978 0.907711 0.849455 0.882447 0.849455 0.825845 
2.070000 0.915334 0.863417 0.868289 0.863417 0.924774 0.856791 0.868289 0.856791 0.819641 
2.090000 0.898799 0.868248 0.859081 0.868248 0.937899 0.871044 0.859081 0.871044 0.827286 
2.110000 0.884292 0.875975 0.854851 0.875975 0.964127 0.888476 0.854851 0.888476 0.838115 
2.130000 0.875399 0.886836 0.853300 0.886836 0.974284 0.903810 0.853300 0.903810 0.842168 
2.150000 0.867170 0.899089 0.857479 0.899089 0.995832 0.925712 0.857479 0.925712 0.861494 
2.170000 0.865187 0.912449 0.862416 0.912449 1.012457 0.947516 0.862416 0.947516 0.872538 
2.190000 0.867656 0.930271 0.872523 0.930271 1.029978 0.963162 0.872523 0.963162 0.890475 
2.210000 0.873390 0.942585 0.885366 0.942585 1.042389 0.983954 0.885366 0.983954 0.912249 
2.230000 0.878514 0.958594 0.899257 0.958594 1.054709 1.006838 0.899257 1.006838 0.930296 
2.250000 0.890186 0.979706 0.914675 0.979706 1.064872 1.023978 0.914675 1.023978 0.949879 
2.270000 0.903901 0.994731 0.931786 0.994731 1.070649 1.041299 0.931786 1.041299 0.975753 
2.290000 0.917680 1.010333 0.951358 1.010333 1.083676 1.058720 0.951358 1.058720 0.993650 
2.310000 0.933359 1.022656 0.968823 1.022656 1.088039 1.068425 0.968823 1.068425 1.013419 
2.330000 0.951586 1.036179 0.987083 1.036179 1.086518 1.070591 0.987083 1.070591 1.036022 
2.350000 0.969764 1.046838 1.003121 1.046838 1.085368 1.083285 1.003121 1.083285 1.049620 
2.370000 0.986903 1.056770 1.020556 1.056770 1.086049 1.090212 1.020556 1.090212 1.065226 
2.390000 1.003025 1.063542 1.035185 1.063542 1.084821 1.092522 1.035185 1.092522 1.079488 
2.410000 1.020011 1.069828 1.048165 1.069828 1.076932 1.088946 1.048165 1.088946 1.079535 
2.430000 1.033243 1.072019 1.058983 1.072019 1.066952 1.088530 1.058983 1.088530 1.085915 
2.450000 1.045647 1.072770 1.068936 1.072770 1.063705 1.088309 1.068936 1.088309 1.092114 
2.470000 1.055090 1.073592 1.074060 1.073592 1.049143 1.081783 1.074060 1.081783 1.095290 
2.490000 1.065004 1.070294 1.078381 1.070294 1.043995 1.075290 1.078381 1.075290 1.091858 
2.510000 1.070286 1.064357 1.080707 1.064357 1.032239 1.065610 1.080707 1.065610 1.089983 
2.530000 1.073718 1.060653 1.080799 1.060653 1.024839 1.058323 1.080799 1.058323 1.085005 
2.550000 1.076608 1.055719 1.077852 1.055719 1.014678 1.047770 1.077852 1.047770 1.081197 
2.570000 1.074174 1.048322 1.075381 1.048322 1.003754 1.037995 1.075381 1.037995 1.075885 
2.590000 1.074172 1.042070 1.068654 1.042070 0.999495 1.028058 1.068654 1.028058 1.061117 
2.610000 1.070892 1.030988 1.061026 1.030988 0.983551 1.016944 1.061026 1.016944 1.050966 
2.630000 1.066154 1.023212 1.054024 1.023212 0.973337 1.004927 1.054024 1.004927 1.044512 
2.650000 1.057901 1.013185 1.045775 1.013185 0.966209 0.995197 1.045775 0.995197 1.033120 
2.670000 1.052180 1.004756 1.036911 1.004756 0.960880 0.988174 1.036911 0.988174 1.024614 
2.690000 1.044363 0.997692 1.028794 0.997692 0.958544 0.977877 1.028794 0.977877 1.009645 
2.710000 1.035553 0.989163 1.018360 0.989163 0.954209 0.968549 1.018360 0.968549 0.996228 
2.730000 1.025968 0.982816 1.009277 0.982816 0.947181 0.963295 1.009277 0.963295 0.991030 
2.750000 1.016869 0.975878 0.998496 0.975878 0.948589 0.954917 0.998496 0.954917 0.980649 
2.770000 1.009450 0.968405 0.989910 0.968405 0.948436 0.950182 0.989910 0.950182 0.970119 
2.790000 1.000801 0.963469 0.982929 0.963469 0.951454 0.951235 0.982929 0.951235 0.961869 
2.810000 0.992794 0.959198 0.974949 0.959198 0.949052 0.947236 0.974949 0.947236 0.958088 
2.830000 0.985265 0.955694 0.968687 0.955694 0.954640 0.946443 0.968687 0.946443 0.948639 
2.850000 0.977904 0.953811 0.962311 0.953811 0.965277 0.948580 0.962311 0.948580 0.949190 
2.870000 0.972234 0.952968 0.957867 0.952968 0.969456 0.951787 0.957867 0.951787 0.946188 
2.890000 0.966797 0.955297 0.954555 0.955297 0.976140 0.954483 0.954555 0.954483 0.947465 
2.910000 0.961788 0.956827 0.950824 0.956827 0.982754 0.958875 0.950824 0.958875 0.941750 
2.930000 0.959682 0.959799 0.951911 0.959799 0.987984 0.966163 0.951911 0.966163 0.947069 
2.950000 0.956701 0.963677 0.952558 0.963677 0.991588 0.973389 0.952558 0.973389 0.950672 
2.970000 0.954587 0.968525 0.952389 0.968525 0.997304 0.977582 0.952389 0.977582 0.953666 
2.990000 0.955145 0.973022 0.954877 0.973022 1.006327 0.984324 0.954877 0.984324 0.964944 
3.010000 0.955820 0.980018 0.958678 0.980018 1.011120 0.993579 0.958678 0.993579 0.966973 
3.030000 0.958405 0.987434 0.964062 0.987434 1.012746 0.995461 0.964062 0.995461 0.971853 
3.050000 0.962388 0.990002 0.967736 0.990002 1.018849 1.004976 0.967736 1.004976 0.979047 
3.070000 0.965023 0.996556 0.974687 0.996556 1.026229 1.009822 0.974687 1.009822 0.990023 
3.090000 0.969984 1.002629 0.981574 1.002629 1.023846 1.016425 0.981574 1.016425 0.990701 
3.110000 0.975030 1.008642 0.988458 1.008642 1.030154 1.022196 0.988458 1.022196 0.999396 
3.130000 0.980850 1.013841 0.993325 1.013841 1.023174 1.022847 0.993325 1.022847 1.010927 
3.150000 0.987746 1.016761 1.000879 1.016761 1.027785 1.028990 1.000879 1.028990 1.011669 
3.170000 0.992854 1.022169 1.006027 1.022169 1.026708 1.030861 1.006027 1.030861 1.023439 
3.190000 0.997916 1.025197 1.013008 1.025197 1.028422 1.032413 1.013008 1.032413 1.027258 
3.210000 1.003848 1.026457 1.016930 1.026457 1.028350 1.031945 1.016930 1.031945 1.028699 
3.230000 1.009950 1.029532 1.022604 1.029532 1.019046 1.030625 1.022604 1.030625 1.030396 
3.250000 1.015114 1.029657 1.024851 1.029657 1.023631 1.028078 1.024851 1.028078 1.031592 
3.270000 1.018612 1.029402 1.028107 1.029402 1.015657 1.028166 1.028107 1.028166 1.033536 
3.290000 1.022314 1.027890 1.029848 1.027890 1.013680 1.026261 1.029848 1.026261 1.034023 
3.310000 1.024965 1.025914 1.031670 1.025914 1.013758 1.023839 1.031670 1.023839 1.033855 
3.330000 1.026777 1.023720 1.031220 1.023720 1.006554 1.019551 1.031220 1.019551 1.029408 
3.350000 1.028481 1.021685 1.030485 1.021685 1.000273 1.013970 1.030485 1.013970 1.027619 
3.370000 1.028370 1.017995 1.029119 1.017995 0.999171 1.011428 1.029119 1.011428 1.025731 
3.390000 1.028766 1.015894 1.027198 1.015894 0.993776 1.008696 1.027198 1.008696 1.021877 
3.410000 1.027179 1.013055 1.024359 1.013055 0.994566 1.002244 1.024359 1.002244 1.016814 
3.430000 1.025704 1.006541 1.022590 1.006541 0.991182 1.000764 1.022590 1.000764 1.014801 
3.450000 1.024477 1.004315 1.018842 1.004315 0.988082 0.997061 1.018842 0.997061 1.010987 
3.470000 1.021645 1.000133 1.014760 1.000133 0.986528 0.991866 1.014760 0.991866 1.008136 
3.490000 1.018220 0.997538 1.010615 0.997538 0.984492 0.993189 1.010615 0.993189 1.003846 
3.510000 1.013878 0.995617 1.006070 0.995617 0.985292 0.986689 1.006070 0.986689 0.999165 
3.530000 1.010862 0.991530 1.003093 0.991530 0.982985 0.987265 1.003093 0.987265 0.995039 
3.550000 1.007566 0.989860 0.998750 0.989860 0.982005 0.983443 0.998750 0.983443 0.991779 
3.570000 1.003666 0.987486 0.996044 0.987486 0.981882 0.981690 0.996044 0.981690 0.990589 
3.590000 1.000536 0.986052 0.993353 0.986052 0.984108 0.982545 0.993353 0.982545 0.987747 
3.610000 0.997338 0.984299 0.989536 0.984299 0.983404 0.980904 0.989536 0.980904 0.985764 
3.630000 0.994119 0.982941 0.987999 0.982941 0.986437 0.980965 0.987999 0.980965 0.981369 
3.650000 0.991455 0.983495 0.986799 0.983495 0.987433 0.982112 0.986799 0.982112 0.982731 
3.670000 0.989040 0.982498 0.982448 0.982498 0.990110 0.982183 0.982448 0.982183 0.980851 
3.690000 0.986479 0.982912 0.981566 0.982912 0.992164 0.983145 0.981566 0.983145 0.980295 
3.710000 0.985809 0.984248 0.981267 0.984248 0.995273 0.985168 0.981267 0.985168 0.981103 
3.730000 0.983857 0.984758 0.981176 0.984758 0.995880 0.988608 0.981176 0.988608 0.976830 
3.750000 0.982961 0.985921 0.980926 0.985921 1.002327 0.990294 0.980926 0.990294 0.983766 
3.770000 0.982029 0.987334 0.981190 0.987334 0.999185 0.989930 0.981190 0.989930 0.981862 
3.790000 0.982518 0.989883 0.983264 0.989883 1.004886 0.994175 0.983264 0.994175 0.985185 
3.810000 0.983196 0.991695 0.984217 0.991695 1.003144 0.997195 0.984217 0.997195 0.987231 
3.830000 0.984140 0.994286 0.985838 0.994286 1.006199 1.000217 0.985838 1.000217 0.988962 
3.850000 0.985729 0.995991 0.987457 0.995991 1.006966 1.000402 0.987457 1.000402 0.992243 
3.870000 0.987192 0.998922 0.990647 0.998922 1.007924 1.003073 0.990647 1.003073 0.995368 
3.890000 0.989176 1.000355 0.993152 1.000355 1.011067 1.007865 0.993152 1.007865 0.997276 
3.910000 0.990914 1.003016 0.995806 1.003016 1.012931 1.006472 0.995806 1.006472 0.999294 
3.930000 0.992538 1.004804 0.998130 1.004804 1.008962 1.010460 0.998130 1.010460 1.004859 
3.950000 0.994949 1.006729 1.000575 1.006729 1.011081 1.011950 1.000575 1.011950 1.004335 
3.970000 0.998014 1.009729 1.002489 1.009729 1.010733 1.012825 1.002489 1.012825 1.010295 
3.990000 0.999181 1.008250 1.003983 1.008250 1.011980 1.010904 1.003983 1.010904 1.008682 
4.010000 1.002109 1.010481 1.005449 1.010481 1.012639 1.012088 1.005449 1.012088 1.012407 
4.030000 1.003615 1.011918 1.008663 1.011918 1.010887 1.011770 1.008663 1.011770 1.009857 
4.050000 1.005326 1.010855 1.008930 1.010855 1.008286 1.012060 1.008930 1.012060 1.012743 
4.070000 1.006696 1.011448 1.009936 1.011448 1.009645 1.013044 1.009936 1.013044 1.013049 
4.090000 1.008156 1.010680 1.011357 1.010680 1.008460 1.008981 1.011357 1.008981 1.012579 
4.110000 1.009466 1.009296 1.013088 1.009296 1.001520 1.007354 1.013088 1.007354 1.013633 
4.130000 1.010601 1.009088 1.012360 1.009088 1.002486 1.008347 1.012360 1.008347 1.013619 
4.150000 1.010943 1.008167 1.012172 1.008167 1.001439 1.005684 1.012172 1.005684 1.012003 
4.170000 1.012018 1.007516 1.012021 1.007516 1.000201 1.004609 1.012021 1.004609 1.013796 
4.190000 1.011545 1.006585 1.011079 1.006585 0.996289 1.003113 1.011079 1.003113 1.009493 
4.210000 1.010496 1.005253 1.010159 1.005253 0.998445 1.001982 1.010159 1.001982 1.008542 
4.230000 1.009873 1.004008 1.008176 1.004008 0.995922 1.002292 1.008176 1.002292 1.007378 
4.250000 1.009093 1.002638 1.007054 1.002638 0.996046 1.000374 1.007054 1.000374 1.002051 
4.270000 1.008005 1.001426 1.006710 1.001426 0.995874 0.995522 1.006710 0.995522 1.003297 
4.290000 1.007073 0.998849 1.003811 0.998849 0.995261 0.997646 1.003811 0.997646 1.001359 
4.310000 1.006358 0.997772 1.003468 0.997772 0.994722 0.995330 1.003468 0.995330 0.998365 
4.330000 1.004846 0.996817 1.002046 0.996817 0.991758 0.994486 1.002046 0.994486 0.999367 
4.350000 1.003236 0.995555 0.999704 0.995555 0.992550 0.994365 0.999704 0.994365 0.997723 
4.370000 1.002559 0.994204 0.998311 0.994204 0.993569 0.993244 0.998311 0.993244 0.993023 
4.390000 1.001269 0.994696 0.997238 0.994696 0.994628 0.992984 0.997238 0.992984 0.994965 
4.410000 0.998641 0.993574 0.996135 0.993574 0.994523 0.993215 0.996135 0.993215 0.994037 
4.430000 0.998178 0.993183 0.995813 0.993183 0.993061 0.991037 0.995813 0.991037 0.992612 
4.450000 0.996199 0.992610 0.994316 0.992610 0.995206 0.992808 0.994316 0.992808 0.990405 
4.470000 0.995423 0.991994 0.993273 0.991994 0.995329 0.990232 0.993273 0.990232 0.990248 
4.490000 0.995344 0.994028 0.992890 0.994028 0.997376 0.993139 0.992890 0.993139 0.991521 
4.510000 0.994302 0.992848 0.992503 0.992848 0.995991 0.993972 0.992503 0.993972 0.993900 
4.530000 0.993228 0.994086 0.992298 0.994086 0.997880 0.995638 0.992298 0.995638 0.990432 
4.550000 0.992857 0.995349 0.992461 0.995349 0.999323 0.995611 0.992461 0.995611 0.990769 
4.570000 0.992904 0.995167 0.993521 0.995167 1.000504 0.997058 0.993521 0.997058 0.995305 
4.590000 0.992472 0.995640 0.993164 0.995640 1.003572 0.997729 0.993164 0.997729 0.995019 
4.610000 0.993858 0.996486 0.993378 0.996486 1.001882 0.998927 0.993378 0.998927 0.991668 
4.630000 0.993685 0.998213 0.994078 0.998213 1.001425 1.000600 0.994078 1.000600 0.995617 
4.650000 0.993716 0.999281 0.994175 0.999281 1.008196 1.000832 0.994175 1.000832 0.997747 
4.670000 0.995288 0.998641 0.996723 0.998641 1.001035 1.001893 0.996723 1.001893 0.996965 
4.690000 0.995719 0.999669 0.997180 0.999669 1.002894 1.000933 0.997180 1.000933 0.999706 
4.710000 0.996154 1.001540 0.997865 1.001540 1.005197 1.002043 0.997865 1.002043 0.999321 
4.730000 0.996666 1.002146 0.998950 1.002146 1.005127 1.004851 0.998950 1.004851 1.001349 
4.750000 0.998636 1.001808 1.000274 1.001808 1.002800 1.006132 1.000274 1.006132 1.003828 
4.770000 0.999126 1.003667 1.001379 1.003667 1.006982 1.003456 1.001379 1.003456 1.003105 
4.790000 1.000020 1.004071 1.001489 1.004071 1.004630 1.004529 1.001489 1.004529 1.002315 
4.810000 1.000969 1.004882 1.002388 1.004882 1.005018 1.005085 1.002388 1.005085 1.003961 
4.830000 1.001416 1.004311 1.003621 1.004311 1.003236 1.005943 1.003621 1.005943 1.009420 
4.850000 1.002347 1.005182 1.003510 1.005182 1.003061 1.005784 1.003510 1.005784 1.006018 
4.870000 1.002236 1.004873 1.004339 1.004873 1.002362 1.004272 1.004339 1.004272 1.006150 
4.890000 1.003383 1.003933 1.004569 1.003933 0.998330 1.004486 1.004569 1.004486 1.008610 
4.910000 1.003595 1.004341 1.004705 1.004341 1.003367 1.002926 1.004705 1.002926 1.006169 
4.930000 1.003624 1.004294 1.005303 1.004294 1.002051 1.003420 1.005303 1.003420 1.005264 
4.950000 1.004543 1.003839 1.004617 1.003839 0.997916 1.003430 1.004617 1.003430 1.005428 
4.970000 1.004409 1.002026 1.004896 1.002026 1.001284 1.001899 1.004896 1.001899 1.005600 
4.990000 1.004773 1.002536 1.004372 1.002536 1.000128 1.000537 1.004372 1.000537 1.004021 
5.010000 1.004824 1.001371 1.004027 1.001371 0.999838 1.001957 1.004027 1.001957 1.002417 
5.030000 1.004456 1.001700 1.004978 1.001700 0.997875 1.001586 1.004978 1.001586 1.002176 
5.050000 1.004102 1.001313 1.002888 1.001313 0.998053 0.999475 1.002888 0.999475 1.003398 
5.070000 1.004183 0.999913 1.002529 0.999913 0.997276 0.999206 1.002529 0.999206 1.000669 
5.090000 1.003410 0.999589 1.001331 0.999589 0.997714 0.999504 1.001331 0.999504 1.002750 
5.110000 1.002601 0.999355 1.001274 0.999355 0.996335 0.998104 1.001274 0.998104 0.998987 
5.130000 1.002187 0.998455 1.000995 0.998455 0.996811 0.995621 1.000995 0.995621 1.001919 
5.150000 1.001728 0.998417 0.999437 0.998417 0.999176 0.996424 0.999437 0.996424 0.998196 
5.170000 1.000792 0.996896 0.999533 0.996896 0.996791 0.997349 0.999533 0.997349 0.999213 
5.190000 1.000658 0.998825 0.998565 0.998825 0.995361 0.997571 0.998565 0.997571 0.998398 
5.210000 0.999910 0.998012 0.997597 0.998012 0.999447 0.997647 0.997597 0.997647 0.998651 
5.230000 0.999030 0.996788 0.998088 0.996788 0.998220 0.996815 0.998088 0.996815 0.996957 
5.250000 0.998535 0.996282 0.997552 0.996282 0.999016 0.997614 0.997552 0.997614 0.997481 
5.270000 0.998587 0.996758 0.997009 0.996758 0.997984 0.996973 0.997009 0.996973 0.994418 
5.290000 0.997284 0.996854 0.996628 0.996854 0.996855 0.997149 0.996628 0.997149 0.996363 
5.310000 0.997576 0.997341 0.996487 0.997341 1.000458 0.997644 0.996487 0.997644 0.998424 
5.330000 0.997781 0.997475 0.996574 0.997475 0.997983 0.998534 0.996574 0.998534 0.997159 
5.350000 0.997250 0.997896 0.996841 0.997896 0.999143 0.999171 0.996841 0.999171 0.998265 
5.370000 0.997204 0.998384 0.997161 0.998384 0.998979 0.998654 0.997161 0.998654 0.998009 
5.390000 0.996799 0.998323 0.997020 0.998323 0.999775 1.000349 0.997020 1.000349 0.998754 
5.410000 0.997012 0.998943 0.996854 0.998943 1.002489 0.997404 0.996854 0.997404 0.999456 
5.430000 0.997606 0.999649 0.998484 0.999649 1.002779 1.000025 0.998484 1.000025 0.997698 
5.450000 0.997553 0.999163 0.998554 0.999163 1.002066 1.000959 0.998554 1.000959 1.001042 
5.470000 0.998236 0.999469 0.998648 0.999469 1.002025 1.000235 0.998648 1.000235 0.998585 
5.490000 0.998108 1.000658 0.998810 1.000658 1.002868 1.000659 0.998810 1.000659 1.000119 
5.510000 0.998646 1.000390 0.998422 1.000390 1.000987 1.000111 0.998422 1.000111 1.000846 
5.530000 0.998519 1.001136 0.999708 1.001136 1.001389 1.002020 0.999708 1.002020 1.000573 
5.550000 0.999207 1.001162 0.999785 1.001162 1.002822 1.001687 0.999785 1.001687 0.997278 
5.570000 0.999674 1.001916 1.000867 1.001916 1.001571 1.000086 1.000867 1.000086 1.001497 
5.590000 0.999954 1.001345 1.000645 1.001345 1.003048 1.001959 1.000645 1.001959 1.000396 
5.610000 1.000571 1.002113 1.001691 1.002113 1.002509 1.002929 1.001691 1.002929 1.001895 
5.630000 1.001116 1.001222 1.001517 1.001222 1.001150 1.002025 1.001517 1.002025 1.002029 
5.650000 1.000564 1.001795 1.001756 1.001795 1.001417 1.003931 1.001756 1.003931 1.001564 
5.670000 1.001064 1.001600 1.001617 1.001600 0.999331 1.001925 1.001617 1.001925 1.001496 
5.690000 1.001321 1.001904 1.001792 1.001904 1.000783 1.002014 1.001792 1.002014 1.001519 
5.710000 1.001906 1.001828 1.001378 1.001828 1.002512 1.001584 1.001378 1.001584 1.004928 
5.730000 1.001769 1.001750 1.001967 1.001750 1.001271 1.000879 1.001967 1.000879 1.000690 
5.750000 1.001626 1.001760 1.003080 1.001760 0.999961 1.001825 1.003080 1.001825 1.003668 
5.770000 1.001656 1.001156 1.001332 1.001156 1.001052 1.000938 1.001332 1.000938 1.002343 
5.790000 1.001874 1.000702 1.002304 1.000702 0.999145 1.001253 1.002304 1.001253 1.002525 
5.810000 1.001861 1.001460 1.002261 1.001460 0.998442 1.000545 1.002261 1.000545 1.002697 
5.830000 1.001897 1.000409 1.002205 1.000409 0.999829 0.999692 1.002205 0.999692 1.001636 
5.850000 1.001754 1.001004 1.001569 1.001004 0.998756 1.000309 1.001569 1.000309 0.999378 
5.870000 1.001683 1.000044 1.000835 1.000044 0.999624 1.000704 1.000835 1.000704 1.001137 
5.890000 1.001697 1.000191 1.001037 1.000191 0.998167 0.999849 1.001037 0.999849 1.001115 
5.910000 1.001744 0.999280 1.000494 0.999280 0.997994 0.999046 1.000494 0.999046 1.000860 
5.930000 1.001493 0.999288 1.000492 0.999288 0.999103 0.998867 1.000492 0.998867 0.999849 
5.950000 1.000702 0.999346 0.999617 0.999346 0.998386 0.997483 0.999617 0.997483 1.000139 
5.970000 1.000420 0.999394 1.000139 0.999394 1.000065 0.998195 1.000139 0.998195 1.000891 
5.990000 1.000038 0.998995 0.999521 0.998995 1.000355 0.998048 0.999521 0.998048 0.996495 
6.010000 1.000278 0.998317 0.998734 0.998317 0.998232 1.000175 0.998734 1.000175 0.998352 
6.030000 0.999890 0.998398 0.999165 0.998398 0.997223 0.998345 0.999165 0.998345 0.998009 
6.050000 0.999359 0.998160 0.999215 0.998160 0.998977 0.997909 0.999215 0.997909 1.000544 
6.070000 0.999502 0.998784 0.999345 0.998784 0.999983 0.999764 0.999345 0.999764 0.998551 
6.090000 0.999347 0.999249 0.998031 0.999249 0.999777 0.999913 0.998031 0.999913 0.998332 
6.110000 0.999105 0.998853 0.998774 0.998853 1.000141 0.999568 0.998774 0.999568 0.999122 
6.130000 0.998998 0.998858 0.998332 0.998858 1.001023 0.999291 0.998332 0.999291 0.999165 
6.150000 0.998649 0.998592 0.998621 0.998592 1.000236 0.999779 0.998621 0.999779 0.997962 
6.170000 0.998675 0.998742 0.997915 0.998742 0.999368 1.000012 0.997915 1.000012 0.999270 
6.190000 0.998816 0.999734 0.999005 0.999734 0.999284 0.999504 0.999005 0.999504 0.997902 
6.210000 0.999140 0.999491 0.999475 0.999491 1.002000 0.999904 0.999475 0.999904 0.999018 
6.230000 0.999047 0.999439 0.999388 0.999439 1.002178 1.000920 0.999388 1.000920 0.999529 
6.250000 0.998498 0.999849 0.998489 0.999849 1.003030 1.001031 0.998489 1.001031 0.999708 
6.270000 0.999008 1.000282 0.999021 1.000282 1.001695 0.998535 0.999021 0.998535 1.000121 
6.290000 0.999557 0.999879 0.999933 0.999879 1.000977 0.999494 0.999933 0.999494 1.000035 
6.310000 0.999507 0.999838 0.999453 0.999838 1.000067 1.001307 0.999453 1.001307 0.998042 
6.330000 0.999231 1.000571 0.999860 1.000571 1.000168 1.000694 0.999860 1.000694 0.998971 
6.350000 0.999837 0.999936 0.999782 0.999936 1.001009 1.000895 0.999782 1.000895 1.000353 
6.370000 1.000061 1.000525 1.000222 1.000525 1.002266 1.000647 1.000222 1.000647 1.001271 
6.390000 0.999821 1.000603 1.000713 1.000603 1.000083 1.000946 1.000713 1.000946 1.001243 
6.410000 1.000251 1.000989 0.999925 1.000989 0.999112 1.000883 0.999925 1.000883 1.000143 
6.430000 0.999723 1.000857 1.000829 1.000857 1.002518 1.000766 1.000829 1.000766 1.001573 
6.450000 1.000754 1.000686 1.000974 1.000686 1.000889 1.001398 1.000974 1.001398 1.000460 
6.470000 1.000352 1.001285 1.001008 1.001285 1.002160 1.001070 1.001008 1.001070 1.001453 
6.490000 1.000610 1.000176 1.001038 1.000176 1.001278 1.001813 1.001038 1.001813 1.001611 
6.510000 1.001090 1.000940 1.000843 1.000940 1.000769 1.000749 1.000843 1.000749 1.001613 
6.530000 1.001241 1.000431 1.000885 1.000431 1.001021 1.000394 1.000885 1.000394 1.001115 
6.550000 1.000759 1.000996 1.000502 1.000996 1.001355 1.000771 1.000502 1.000771 1.002467 
6.570000 1.000783 1.000336 1.001422 1.000336 1.000666 1.000947 1.001422 1.000947 1.002322 
6.590000 1.000881 1.001000 1.000821 1.001000 1.000823 1.001663 1.000821 1.001663 1.001975 
6.610000 1.000663 1.000745 1.001007 1.000745 1.000879 1.000544 1.001007 1.000544 1.000030 
6.630000 1.000943 0.999894 1.001062 0.999894 0.999548 1.000006 1.001062 1.000006 0.999593 
6.650000 1.000702 1.000043 1.000768 1.000043 0.999831 0.999910 1.000768 0.999910 1.000552 
6.670000 1.000620 0.999993 1.000435 0.999993 0.998957 1.001539 1.000435 1.001539 1.001223 
6.690000 1.000687 0.999559 1.000833 0.999559 0.999594 0.999689 1.000833 0.999689 1.001972 
6.710000 1.000979 0.999811 0.999890 0.999811 0.997792 1.000488 0.999890 1.000488 1.000095 
6.730000 1.000794 1.000318 1.000193 1.000318 0.998857 0.997946 1.000193 0.997946 1.000942 
6.750000 1.000906 1.000089 1.000082 1.000089 0.998293 0.999171 1.000082 0.999171 0.998071 
6.770000 1.000094 1.000099 1.000556 1.000099 0.998403 0.998508 1.000556 0.998508 0.999591 
6.790000 1.000610 0.999861 1.000117 0.999861 0.998116 1.001559 1.000117 1.001559 1.000870 
6.810000 1.000275 0.999236 0.999529 0.999236 1.000763 1.000503 0.999529 1.000503 0.999827 
6.830000 1.000022 0.999267 0.999772 0.999267 0.998956 0.998842 0.999772 0.998842 1.001462 
6.850000 0.999853 0.999612 0.999344 0.999612 0.998905 1.000028 0.999344 1.000028 0.999466 
6.870000 0.999539 0.999453 0.998632 0.999453 1.000263 0.998398 0.998632 0.998398 0.999428 
6.890000 0.999865 0.999170 0.999817 0.999170 1.000198 0.999259 0.999817 0.999259 0.999882 
6.910000 0.999115 0.999470 0.999245 0.999470 0.999666 0.999139 0.999245 0.999139 0.998737 
6.930000 0.999425 0.999900 0.998980 0.999900 0.999799 0.999189 0.998980 0.999189 0.999480 
6.950000 0.999728 0.998941 0.999367 0.998941 1.001804 1.000285 0.999367 1.000285 0.999595 
6.970000 0.999252 0.999285 0.999317 0.999285 1.000771 1.001156 0.999317 1.001156 0.999373 
6.990000 0.999320 0.999901 0.999546 0.999901 0.999620 1.000410 0.999546 1.000410 1.000738 
7.010000 0.999977 0.999579 0.998698 0.999579 1.000610 0.999287 0.998698 0.999287 0.999107 
7.030000 0.999191 1.000290 0.999493 1.000290 0.998660 0.999905 0.999493 0.999905 1.000537 
7.050000 0.999954 1.000164 0.999475 1.000164 1.000104 0.999858 0.999475 0.999858 0.999668 
7.070000 0.999845 0.999966 0.999570 0.999966 1.002838 0.999233 0.999570 0.999233 0.999979 
7.090000 0.999856 0.999996 0.999398 0.999996 1.000918 1.000212 0.999398 1.000212 1.001758 
7.110000 0.999786 1.000220 1.000537 1.000220 0.999572 1.001062 1.000537 1.001062 0.998732 
7.130000 0.999923 1.000344 1.000283 1.000344 0.999487 1.001141 1.000283 1.001141 1.001187 
7.150000 0.999658 0.999680 0.999583 0.999680 1.000582 0.999735 0.999583 0.999735 0.999145 
7.170000 0.999881 1.000212 0.999720 1.000212 0.999966 1.000351 0.999720 1.000351 1.000852 
7.190000 1.000358 1.000154 1.000127 1.000154 1.001069 1.000863 1.000127 1.000863 1.001151 
7.210000 1.000450 1.000096 1.000317 1.000096 1.001452 1.000383 1.000317 1.000383 1.001159 
7.230000 0.999867 1.000177 1.000017 1.000177 1.001831 1.001307 1.000017 1.001307 1.000300 
7.250000 1.000198 1.000156 1.000632 1.000156 0.999479 1.000351 1.000632 1.000351 0.998427 
7.270000 1.000096 1.000134 1.000308 1.000134 1.001435 1.000899 1.000308 1.000899 1.001273 
7.290000 1.000474 1.000014 1.000673 1.000014 1.001607 1.000657 1.000673 1.000657 1.000474 
7.310000 1.000528 1.000349 1.000425 1.000349 0.999760 1.000806 1.000425 1.000806 0.999789 
7.330000 1.000465 1.000530 1.000141 1.000530 0.999872 1.001483 1.000141 1.001483 1.001357 
7.350000 1.000770 1.000660 1.000270 1.000660 1.001433 0.999710 1.000270 0.999710 1.000692 
7.370000 1.000498 1.000111 1.000767 1.000111 1.001297 0.999428 1.000767 0.999428 1.002540 
7.390000 1.000321 1.000097 1.000888 1.000097 0.998717 1.000760 1.000888 1.000760 0.999828 
7.410000 1.000660 1.000617 1.000750 1.000617 1.000205 0.999978 1.000750 0.999978 1.001208 
7.430000 1.000519 1.000062 1.000379 1.000062 0.999770 0.999616 1.000379 0.999616 1.000396 
7.450000 1.000193 1.000356 1.000679 1.000356 1.000122 1.000725 1.000679 1.000725 1.000637 
7.470000 1.000376 1.000339 0.999950 1.000339 1.001859 1.000252 0.999950 1.000252 1.000018 
7.490000 1.000617 1.000051 1.000243 1.000051 1.000045 0.999288 1.000243 0.999288 1.000441 
7.510000 1.000128 0.999870 1.000260 0.999870 1.000356 1.001104 1.000260 1.001104 0.999472 
7.530000 1.000204 1.000227 1.000013 1.000227 1.000212 1.000684 1.000013 1.000684 1.000348 
7.550000 1.000398 0.999865 1.000285 0.999865 0.999027 1.000549 1.000285 1.000549 0.999751 
7.570000 1.000413 1.000035 1.000004 1.000035 0.999553 0.999070 1.000004 0.999070 0.998528 
7.590000 1.000347 0.999999 1.000176 0.999999 1.000195 0.998494 1.000176 0.998494 0.999635 
7.610000 0.999752 0.999841 0.999889 0.999841 0.999565 0.998970 0.999889 0.998970 0.998418 
7.630000 1.000097 0.999654 1.000132 0.999654 1.001270 0.999311 1.000132 0.999311 0.999845 
7.650000 0.999930 0.999616 0.999754 0.999616 1.000021 1.000261 0.999754 1.000261 1.000914 
7.670000 0.999906 0.999674 0.999768 0.999674 1.001046 0.999839 0.999768 0.999839 1.000069 
7.690000 1.000104 0.999697 0.999805 0.999697 1.001548 0.999486 0.999805 0.999486 1.000988 
7.710000 0.999827 0.999548 0.999526 0.999548 0.999191 0.999476 0.999526 0.999476 0.999672 
7.730000 0.999875 0.999985 0.999488 0.999985 0.999817 1.000258 0.999488 1.000258 0.998657 
7.750000 1.000095 0.999430 0.999522 0.999430 1.000303 1.001025 0.999522 1.001025 1.000408 
7.770000 0.999757 0.999777 0.999411 0.999777 0.999662 1.000728 0.999411 1.000728 1.000700 
7.790000 0.999824 1.000029 0.999808 1.000029 1.000206 0.999189 0.999808 0.999189 1.000377 
7.810000 0.999657 0.999901 0.999963 0.999901 1.001563 1.000447 0.999963 1.000447 0.999523 
7.830000 0.999931 0.999621 1.000016 0.999621 1.001357 0.999263 1.000016 0.999263 1.000231 
7.850000 0.999899 0.999664 0.999472 0.999664 1.001440 0.999602 0.999472 0.999602 1.001042 
7.870000 0.999666 0.999997 0.999560 0.999997 0.999336 1.000460 0.999560 1.000460 1.001117 
7.890000 0.999687 0.999807 0.999968 0.999807 0.999316 0.999946 0.999968 0.999946 0.998971 
7.910000 0.999852 1.000020 1.000109 1.000020 1.000593 0.999722 1.000109 0.999722 1.000426 
7.930000 1.000004 0.999730 0.999885 0.999730 1.000325 0.999477 0.999885 0.999477 0.998948 
7.950000 1.000186 1.000322 1.000510 1.000322 1.001830 1.000449 1.000510 1.000449 0.999670 
7.970000 1.000191 1.000194 1.000237 1.000194 0.999649 1.000556 1.000237 1.000556 1.000467 
7.990000 0.999799 0.999935 1.000077 0.999935 1.001139 1.000181 1.000077 1.000181 1.001772 
8.010000 1.000117 1.000066 1.000281 1.000066 1.000194 1.000715 1.000281 1.000715 1.000446 
8.030000 0.999988 0.999939 1.000031 0.999939 0.999356 1.000414 1.000031 1.000414 1.001168 
8.050000 1.000555 0.999958 1.000108 0.999958 1.002310 0.999852 1.000108 0.999852 0.998845 
8.070000 1.000625 1.000309 1.000379 1.000309 0.999366 0.999426 1.000379 0.999426 1.000603 
8.090000 1.000782 1.000492 1.000474 1.000492 1.000077 1.000244 1.000474 1.000244 1.001963 
8.110000 1.000103 1.000867 0.999991 1.000867 1.000874 0.998818 0.999991 0.998818 1.001429 
8.130000 0.999962 1.000169 1.000248 1.000169 1.000350 1.000534 1.000248 1.000534 1.000349 
8.150000 1.000435 1.000178 1.000758 1.000178 1.001312 0.999745 1.000758 0.999745 1.000334 
8.170000 1.000211 1.000156 1.000559 1.000156 1.000464 1.001422 1.000559 1.001422 1.000075 
8.190000 1.000451 1.000404 0.999918 1.000404 1.000249 0.999398 0.999918 0.999398 1.000234 
8.210000 1.000099 1.000052 0.999984 1.000052 1.001789 0.999545 0.999984 0.999545 1.000538 
8.230000 1.000371 1.000190 1.000126 1.000190 0.998040 0.999933 1.000126 0.999933 1.000207 
8.250000 1.000146 1.000327 1.000243 1.000327 1.001286 1.000986 1.000243 1.000986 0.999952 
8.270000 1.000168 1.000307 1.000299 1.000307 0.999780 1.000662 1.000299 1.000662 1.000739 
8.290000 1.000209 1.000123 1.000106 1.000123 0.999561 0.999824 1.000106 0.999824 1.000699 
8.310000 1.000490 1.000084 1.000046 1.000084 1.000706 1.000616 1.000046 1.000616 0.998562 
8.330000 1.000137 0.999662 0.999855 0.999662 1.000398 1.000321 0.999855 1.000321 0.999616 
8.350000 1.000216 0.999693 0.999741 0.999693 1.000224 1.000343 0.999741 1.000343 0.999084 
8.370000 1.000247 0.999653 1.000173 0.999653 1.000357 0.999603 1.000173 0.999603 0.998846 
8.390000 1.000119 1.000000 1.000250 1.000000 0.999546 1.000222 1.000250 1.000222 0.999796 
8.410000 1.000132 0.999891 0.999683 0.999891 1.000059 1.000315 0.999683 1.000315 0.999875 
8.430000 1.000135 1.000250 0.999794 1.000250 0.998709 1.000369 0.999794 1.000369 1.001443 
8.450000 1.000108 0.999989 0.999783 0.999989 0.998664 0.999950 0.999783 0.999950 1.000973 
8.470000 0.999549 0.999413 0.999602 0.999413 0.999706 1.001099 0.999602 1.001099 1.000535 
8.490000 1.000098 1.000027 1.000132 1.000027 1.000665 0.999553 1.000132 0.999553 1.000476 
8.510000 0.999743 0.999606 1.000023 0.999606 1.000545 1.000084 1.000023 1.000084 1.000588 
8.530000 0.999913 1.000260 0.999878 1.000260 0.999984 0.999466 0.999878 0.999466 1.000949 
8.550000 1.000239 0.999979 0.999782 0.999979 0.998477 1.000447 0.999782 1.000447 1.000281 
8.570000 0.999650 0.999972 1.000442 0.999972 1.000110 0.999766 1.000442 0.999766 0.999843 
8.590000 0.999715 0.999794 0.999795 0.999794 1.000903 1.000456 0.999795 1.000456 1.000599 
8.610000 0.999980 0.999651 0.999827 0.999651 1.000573 1.000364 0.999827 1.000364 1.000412 
8.630000 0.999932 1.000166 1.000037 1.000166 1.001467 1.000343 1.000037 1.000343 1.000266 
8.650000 0.999921 0.999963 1.000018 0.999963 1.000462 1.000181 1.000018 1.000181 0.999369 
8.670000 0.999785 0.999923 0.999926 0.999923 1.000738 0.999395 0.999926 0.999395 0.998911 
8.690000 1.000047 0.999741 1.000121 0.999741 1.000863 0.999751 1.000121 0.999751 1.000862 
8.710000 1.000229 0.999737 1.000060 0.999737 0.998044 1.000148 1.000060 1.000148 0.999886 
8.730000 1.000321 0.999915 0.999974 0.999915 1.000217 1.000301 0.999974 1.000301 0.999967 
8.750000 1.000308 0.999890 1.000240 0.999890 1.000520 1.000198 1.000240 1.000198 1.000021 
8.770000 1.000247 1.000090 0.999888 1.000090 1.000718 1.000020 0.999888 1.000020 1.000587 
8.790000 1.000007 0.999995 1.000396 0.999995 0.999936 1.000487 1.000396 1.000487 1.000506 
8.810000 1.000144 0.999930 0.999749 0.999930 1.001380 0.999938 0.999749 0.999938 1.000117 
8.830000 1.000374 1.000479 0.999988 1.000479 0.999911 0.999927 0.999988 0.999927 1.001101 
8.850000 1.000284 1.000149 0.999825 1.000149 0.999849 0.999898 0.999825 0.999898 1.001264 
8.870000 1.000127 1.000617 0.999721 1.000617 0.998928 1.000330 0.999721 1.000330 1.001312 
8.890000 1.000102 0.999918 0.999951 0.999918 1.001035 1.000107 0.999951 1.000107 1.000825 
8.910000 1.000232 0.999787 0.999947 0.999787 1.001215 1.000075 0.999947 1.000075 0.999190 
8.930000 1.000341 0.999562 1.000583 0.999562 1.000664 0.999936 1.000583 0.999936 1.000889 
8.950000 1.000268 0.999972 0.999997 0.999972 0.999315 1.000512 0.999997 1.000512 0.999811 
8.970000 1.000691 1.000058 1.000238 1.000058 1.000871 1.000414 1.000238 1.000414 1.000038 
8.990000 1.000046 0.999945 1.000155 0.999945 1.001154 1.000699 1.000155 1.000699 1.000060 
9.010000 1.000161 1.000370 1.000243 1.000370 0.999711 1.000255 1.000243 1.000255 0.999606 
9.030000 1.000143 1.000178 0.999948 1.000178 1.000602 0.999899 0.999948 0.999899 0.999867 
9.050000 1.000436 1.000001 0.999913 1.000001 1.000687 0.999397 0.999913 0.999397 0.999976 
9.070000 0.999986 1.000279 1.000203 1.000279 0.999664 1.000199 1.000203 1.000199 1.000311 
9.090000 1.000361 1.000415 0.999835 1.000415 1.000233 1.000193 0.999835 1.000193 1.000231 
9.110000 1.000325 1.000141 1.000300 1.000141 0.998930 1.000215 1.000300 1.000215 1.000387 
9.130000 1.000033 1.000130 1.000409 1.000130 0.999858 0.999864 1.000409 0.999864 1.001248 
9.150000 1.000104 1.000080 0.999608 1.000080 0.999329 1.000869 0.999608 1.000869 1.000088 
9.170000 1.000190 0.999736 0.999745 0.999736 1.001192 0.999281 0.999745 0.999281 1.001206 
9.190000 0.999972 1.000039 0.999792 1.000039 1.000306 1.000581 0.999792 1.000581 1.000264 
9.210000 1.000010 0.999977 1.000309 0.999977 1.000080 1.000212 1.000309 1.000212 1.000801 
9.230000 1.000100 0.999553 0.999912 0.999553 1.000904 1.000864 0.999912 1.000864 1.001093 
9.250000 1.000385 1.000050 0.999640 1.000050 1.000541 0.999755 0.999640 0.999755 1.000819 
9.270000 0.999808 1.000032 1.000150 1.000032 1.001636 0.999674 1.000150 0.999674 1.002165 
9.290000 0.999845 0.999741 0.999736 0.999741 0.999932 1.000431 0.999736 1.000431 1.000550 
9.310000 1.000384 0.999966 0.999812 0.999966 0.999729 0.999876 0.999812 0.999876 0.998431 
9.330000 1.000015 0.999568 0.999524 0.999568 0.999418 0.999914 0.999524 0.999914 1.000299 
9.350000 1.000108 0.999712 0.999875 0.999712 1.000334 1.000252 0.999875 1.000252 0.999498 
9.370000 0.999637 1.000194 1.000431 1.000194 0.999183 1.000908 1.000431 1.000908 1.001052 
9.390000 0.999939 1.000417 0.999933 1.000417 1.000310 1.000109 0.999933 1.000109 0.999647 
9.410000 0.999838 1.000145 0.999810 1.000145 1.000141 1.000392 0.999810 1.000392 1.001247 
9.430000 1.000067 0.999955 1.000193 0.999955 1.000428 0.999571 1.000193 0.999571 1.000648 
9.450000 1.000077 1.000051 0.999917 1.000051 1.000101 1.000130 0.999917 1.000130 1.000777 
9.470000 0.999710 1.000037 1.000209 1.000037 1.001233 1.000408 1.000209 1.000408 1.000384 
9.490000 1.000100 0.999864 1.000069 0.999864 1.000904 0.999003 1.000069 0.999003 1.001494 
9.510000 1.000037 0.999679 1.000068 0.999679 0.999738 1.000236 1.000068 1.000236 0.999104 
9.530000 1.000179 0.999960 1.000579 0.999960 1.000046 1.000341 1.000579 1.000341 1.000038 
9.550000 1.000291 0.999654 1.000034 0.999654 1.000619 1.000270 1.000034 1.000270 1.001689 
9.570000 1.000052 1.000319 0.999502 1.000319 1.000425 1.000123 0.999502 1.000123 0.999056 
9.590000 1.000224 1.000359 0.999966 1.000359 1.000006 1.000274 0.999966 1.000274 0.999727 
9.610000 1.000006 0.999900 0.999941 0.999900 1.000091 0.999233 0.999941 0.999233 0.999728 
9.630000 1.000082 0.999421 1.000336 0.999421 0.999955 0.999481 1.000336 0.999481 0.999526 
9.650000 0.999961 1.000350 1.000583 1.000350 1.000409 1.000049 1.000583 1.000049 0.999961 
9.670000 1.000134 1.000204 1.000237 1.000204 0.999828 0.999914 1.000237 0.999914 0.999201 
9.690000 1.000208 1.000018 1.000126 1.000018 1.000122 1.000423 1.000126 1.000423 1.001545 
9.710000 1.000474 1.000102 0.999863 1.000102 1.001040 0.999805 0.999863 0.999805 0.999398 
9.730000 1.000378 0.999963 1.000406 0.999963 0.999626 1.000268 1.000406 1.000268 0.999853 
9.750000 1.000167 1.000136 0.999721 1.000136 1.000662 1.000921 0.999721 1.000921 0.999957 
9.770000 0.999884 1.000117 1.000471 1.000117 1.000038 0.999468 1.000471 0.999468 0.999534 
9.790000 1.000217 0.999984 0.999517 0.999984 1.000502 0.999578 0.999517 0.999578 0.999313 
9.810000 1.000298 1.000425 1.000048 1.000425 0.998674 0.999554 1.000048 0.999554 1.000157 
9.830000 1.000262 0.999895 1.000685 0.999895 0.998810 1.000298 1.000685 1.000298 1.001189 
9.850000 1.000095 1.000135 0.999832 1.000135 1.000116 1.000262 0.999832 1.000262 1.001492 
9.870000 1.000441 1.000268 1.000004 1.000268 1.000440 0.999997 1.000004 0.999997 0.998905 
9.890000 1.000455 1.000364 1.000204 1.000364 1.001664 1.000325 1.000204 1.000325 1.000573 
9.910000 1.000215 1.000034 1.000274 1.000034 0.999809 1.000345 1.000274 1.000345 1.000933 
9.930000 1.000379 0.999627 1.000010 0.999627 1.000681 1.000223 1.000010 1.000223 0.999360 
9.950000 0.999998 1.000064 0.999985 1.000064 1.001186 1.000096 0.999985 1.000096 1.000277 
9.970000 1.000042 1.000156 0.999566 1.000156 0.999412 1.000224 0.999566 1.000224 1.000600 
9.990000 0.999900 1.000037 0.999680 1.000037 1.000858 1.000577 0.999680 1.000577 0.999913 
10.010000 0.997256 0.996897 0.997377 0.996897 0.997227 0.996476 0.997377 0.996476 0.997456 
10.030000 0.991133 0.990912 0.991342 0.990912 0.991465 0.991004 0.991342 0.991004 0.991748 
10.050000 0.985034 0.984860 0.984944 0.984860 0.984901 0.985095 0.984944 0.985095 0.986077 
10.070000 0.979108 0.979012 0.979283 0.979012 0.980240 0.980067 0.979283 0.980067 0.978442 
10.090000 0.973119 0.973135 0.973375 0.973135 0.972843 0.973582 0.973375 0.973582 0.973825 
10.110000 0.967469 0.967057 0.967344 0.967057 0.968077 0.968097 0.967344 0.968097 0.967779 
10.130000 0.961472 0.961778 0.961844 0.961778 0.962312 0.962449 0.961844 0.962449 0.961160 
10.150000 0.955569 0.955493 0.955927 0.955493 0.955670 0.955431 0.955927 0.955431 0.956005 
10.170000 0.949844 0.950082 0.949707 0.950082 0.950289 0.948698 0.949707 0.948698 0.950480 
10.190000 0.944115 0.943671 0.943669 0.943671 0.943351 0.944210 0.943669 0.944210 0.943715 
10.210000 0.938350 0.938424 0.938399 0.938424 0.938220 0.938367 0.938399 0.938367 0.938764 
10.230000 0.932438 0.932791 0.932246 0.932791 0.932486 0.932621 0.932246 0.932621 0.931938 
10.250000 0.926865 0.926733 0.926604 0.926733 0.927707 0.926628 0.926604 0.926628 0.927626 
10.270000 0.921352 0.920729 0.921175 0.920729 0.920981 0.921601 0.921175 0.921601 0.922125 
10.290000 0.915544 0.915353 0.915339 0.915353 0.915018 0.915589 0.915339 0.915589 0.914940 
10.310000 0.909976 0.909755 0.909978 0.909755 0.909274 0.910103 0.909978 0.910103 0.910554 
10.330000 0.903914 0.904306 0.903813 0.904306 0.904121 0.905097 0.903813 0.905097 0.904220 
10.350000 0.898820 0.899027 0.898325 0.899027 0.898321 0.898790 0.898325 0.898790 0.899424 
10.370000 0.892854 0.892947 0.892746 0.892947 0.893004 0.892529 0.892746 0.892529 0.894318 
10.390000 0.887612 0.887229 0.887284 0.887229 0.887182 0.887115 0.887284 0.887115 0.888357 
10.410000 0.881895 0.882055 0.881997 0.882055 0.881855 0.882275 0.881997 0.882275 0.881413 
10.430000 0.876433 0.876270 0.876459 0.876270 0.877289 0.876425 0.876459 0.876425 0.876351 
10.450000 0.870941 0.870842 0.870933 0.870842 0.872062 0.871143 0.870933 0.871143 0.870924 
10.470000 0.865804 0.865315 0.865385 0.865315 0.865359 0.864804 0.865385 0.864804 0.865933 
10.490000 0.859918 0.859657 0.859887 0.859657 0.859346 0.860049 0.859887 0.860049 0.860176 
10.510000 0.854746 0.854421 0.854449 0.854421 0.855153 0.854376 0.854449 0.854376 0.854253 
10.530000 0.849208 0.849241 0.849209 0.849241 0.849567 0.848370 0.849209 0.848370 0.849490 
10.550000 0.843406 0.843238 0.843987 0.843238 0.844260 0.843779 0.843987 0.843779 0.844099 
10.570000 0.838557 0.838160 0.838226 0.838160 0.838634 0.838695 0.838226 0.838695 0.838498 
10.590000 0.833152 0.833090 0.832761 0.833090 0.833053 0.833099 0.832761 0.833099 0.832957 
10.610000 0.827457 0.827730 0.827657 0.827730 0.827370 0.826888 0.827657 0.826888 0.828093 
10.630000 0.822144 0.822269 0.822289 0.822269 0.822559 0.822591 0.822289 0.822591 0.822737 
10.650000 0.817378 0.817060 0.816799 0.817060 0.817172 0.817289 0.816799 0.817289 0.817757 
10.670000 0.811728 0.811658 0.811683 0.811658 0.812344 0.811084 0.811683 0.811084 0.811768 
10.690000 0.806515 0.806489 0.806387 0.806489 0.806918 0.806696 0.806387 0.806696 0.806320 
10.710000 0.801348 0.801268 0.801158 0.801268 0.800792 0.800773 0.801158 0.800773 0.801604 
10.730000 0.796135 0.796074 0.795851 0.796074 0.795015 0.795233 0.795851 0.795233 0.795578 
10.750000 0.790771 0.790623 0.790764 0.790623 0.790561 0.790782 0.790764 0.790782 0.790919 
10.770000 0.785652 0.785352 0.785606 0.785352 0.786917 0.786272 0.785606 0.786272 0.785751 
10.790000 0.780495 0.780241 0.780300 0.780241 0.780624 0.779969 0.780300 0.779969 0.780046 
10.810000 0.775498 0.775366 0.775263 0.775366 0.775721 0.775572 0.775263 0.775572 0.774961 
10.830000 0.770213 0.770016 0.769891 0.770016 0.769601 0.769425 0.769891 0.769425 0.769213 
10.850000 0.764947 0.765058 0.765101 0.765058 0.765692 0.764869 0.765101 0.764869 0.765797 
10.870000 0.759870 0.759908 0.759809 0.759908 0.759793 0.760162 0.759809 0.760162 0.760399 
10.890000 0.754762 0.754831 0.754736 0.754831 0.754903 0.755334 0.754736 0.755334 0.754702 
10.910000 0.749584 0.749644 0.749631 0.749644 0.749809 0.749959 0.749631 0.749959 0.749599 
10.930000 0.744792 0.744338 0.744642 0.744338 0.744461 0.744649 0.744642 0.744649 0.744598 
10.950000 0.739547 0.740093 0.739993 0.740093 0.740157 0.739684 0.739993 0.739684 0.739579 
10.970000 0.734968 0.735101 0.734907 0.735101 0.734432 0.734511 0.734907 0.734511 0.734292 
10.990000 0.729608 0.729387 0.729808 0.729387 0.729883 0.729928 0.729808 0.729928 0.730694 
11.010000 0.725105 0.724754 0.725086 0.724754 0.725790 0.725217 0.725086 0.725217 0.724694 
11.030000 0.719679 0.719656 0.719877 0.719656 0.720099 0.720050 0.719877 0.720050 0.719813 
11.050000 0.714975 0.714930 0.715117 0.714930 0.715822 0.715414 0.715117 0.715414 0.714676 
11.070000 0.710063 0.710026 0.709950 0.710026 0.709680 0.710154 0.709950 0.710154 0.709786 
11.090000 0.705241 0.705171 0.705219 0.705171 0.705146 0.705566 0.705219 0.705566 0.704499 
11.110000 0.700400 0.700191 0.700222 0.700191 0.700460 0.700335 0.700222 0.700335 0.700010 
11.130000 0.695353 0.695651 0.695369 0.695651 0.695700 0.696180 0.695369 0.696180 0.696603 
11.150000 0.690569 0.690555 0.690409 0.690555 0.690132 0.690872 0.690409 0.690872 0.691385 
11.170000 0.685938 0.685963 0.685834 0.685963 0.686624 0.685768 0.685834 0.685768 0.685525 
11.190000 0.680789 0.681162 0.681216 0.681162 0.680433 0.681301 0.681216 0.681301 0.680866 
11.210000 0.676299 0.676107 0.676311 0.676107 0.676019 0.676607 0.676311 0.676607 0.676710 
11.230000 0.671415 0.671550 0.671502 0.671550 0.672103 0.671773 0.671502 0.671773 0.671887 
11.250000 0.666953 0.666669 0.666673 0.666669 0.666705 0.666442 0.666673 0.666442 0.666239 
11.270000 0.662153 0.661623 0.661674 0.661623 0.662172 0.661720 0.661674 0.661720 0.662414 
11.290000 0.657353 0.657272 0.657025 0.657272 0.656397 0.657805 0.657025 0.657805 0.657152 
11.310000 0.652563 0.652397 0.652465 0.652397 0.653691 0.652198 0.652465 0.652198 0.653493 
11.330000 0.647956 0.647772 0.647782 0.647772 0.647665 0.647681 0.647782 0.647681 0.647651 
11.350000 0.643319 0.643260 0.643289 0.643260 0.643652 0.642569 0.643289 0.642569 0.644400 
11.370000 0.638716 0.638378 0.638266 0.638378 0.638557 0.638771 0.638266 0.638771 0.639471 
11.390000 0.633893 0.633941 0.633992 0.633941 0.634487 0.634090 0.633992 0.634090 0.633761 
11.410000 0.629467 0.629047 0.629262 0.629047 0.629480 0.629438 0.629262 0.629438 0.629869 
11.430000 0.625059 0.625117 0.624821 0.625117 0.624628 0.624951 0.624821 0.624951 0.624306 
11.450000 0.620262 0.619937 0.619830 0.619937 0.619693 0.620020 0.619830 0.620020 0.620103 
11.470000 0.615601 0.615598 0.615521 0.615598 0.615859 0.615564 0.615521 0.615564 0.615559 
11.490000 0.611144 0.610919 0.611030 0.610919 0.610272 0.611031 0.611030 0.611031 0.611520 
11.510000 0.606612 0.606413 0.606644 0.606413 0.607138 0.607009 0.606644 0.607009 0.606656 
11.530000 0.601906 0.601676 0.602049 0.601676 0.602360 0.601773 0.602049 0.601773 0.601838 
11.550000 0.597264 0.597310 0.597442 0.597310 0.597352 0.597288 0.597442 0.597288 0.598564 
11.570000 0.592966 0.593199 0.593161 0.593199 0.593340 0.593068 0.593161 0.593068 0.592371 
11.590000 0.588445 0.588337 0.588401 0.588337 0.588478 0.588311 0.588401 0.588311 0.588219 
11.610000 0.583948 0.584075 0.584027 0.584075 0.583924 0.583901 0.584027 0.583901 0.583638 
11.630000 0.579627 0.579388 0.579449 0.579388 0.579908 0.579802 0.579449 0.579802 0.579483 
11.650000 0.575152 0.575078 0.575010 0.575078 0.575823 0.575169 0.575010 0.575169 0.575811 
11.670000 0.570800 0.570637 0.570698 0.570637 0.570865 0.570713 0.570698 0.570713 0.570908 
11.690000 0.566444 0.566201 0.566358 0.566201 0.566367 0.566226 0.566358 0.566226 0.566107 
11.710000 0.561924 0.561779 0.561943 0.561779 0.561399 0.562009 0.561943 0.562009 0.561190 
11.730000 0.557605 0.557558 0.557677 0.557558 0.557963 0.557406 0.557677 0.557406 0.558019 
11.750000 0.552998 0.553227 0.553233 0.553227 0.553585 0.552651 0.553233 0.552651 0.553703 
11.770000 0.548926 0.548902 0.548868 0.548902 0.548610 0.548998 0.548868 0.548998 0.549044 
11.790000 0.544609 0.544527 0.544476 0.544527 0.544716 0.544870 0.544476 0.544870 0.544865 
11.810000 0.540254 0.540597 0.540308 0.540597 0.539822 0.540534 0.540308 0.540534 0.540558 
11.830000 0.536013 0.535912 0.535870 0.535912 0.536907 0.535774 0.535870 0.535774 0.535364 
11.850000 0.531684 0.531649 0.531464 0.531649 0.530625 0.532271 0.531464 0.532271 0.531327 
11.870000 0.527341 0.527498 0.527308 0.527498 0.528182 0.527309 0.527308 0.527309 0.527234 
11.890000 0.523192 0.523269 0.522839 0.523269 0.523099 0.523438 0.522839 0.523438 0.523314 
11.910000 0.519062 0.518730 0.518898 0.518730 0.519404 0.518433 0.518898 0.518433 0.519384 
11.930000 0.514700 0.514655 0.514530 0.514655 0.515117 0.514455 0.514530 0.514455 0.514521 
11.950000 0.510527 0.510739 0.510685 0.510739 0.510539 0.510106 0.510685 0.510106 0.510548 
11.970000 0.506391 0.506175 0.506560 0.506175 0.506435 0.506198 0.506560 0.506198 0.507145 
11.990000 0.502115 0.502091 0.502186 0.502091 0.502205 0.502249 0.502186 0.502249 0.502280 
12.010000 0.498004 0.497760 0.498168 0.497760 0.497769 0.497896 0.498168 0.497896 0.498117 
12.030000 0.493763 0.493753 0.493727 0.493753 0.494199 0.494330 0.493727 0.494330 0.493890 
12.050000 0.489705 0.489723 0.489756 0.489723 0.489414 0.489505 0.489756 0.489505 0.489376 
12.070000 0.485405 0.485464 0.485411 0.485464 0.485157 0.485831 0.485411 0.485831 0.484800 
12.090000 0.481531 0.481305 0.481816 0.481305 0.481740 0.480940 0.481816 0.480940 0.481630 
12.110000 0.477348 0.477383 0.477307 0.477383 0.476286 0.477313 0.477307 0.477313 0.477134 
12.130000 0.473392 0.473292 0.472999 0.473292 0.473811 0.473313 0.472999 0.473313 0.473320 
12.150000 0.469284 0.468932 0.469409 0.468932 0.469110 0.469321 0.469409 0.469321 0.468601 
12.170000 0.465121 0.465058 0.465106 0.465058 0.465371 0.465213 0.465106 0.465213 0.465287 
12.190000 0.461044 0.460860 0.461124 0.460860 0.461267 0.461267 0.461124 0.461267 0.459933 
12.210000 0.457067 0.457089 0.456978 0.457089 0.457548 0.457064 0.456978 0.457064 0.457729 
12.230000 0.453027 0.453130 0.452888 0.453130 0.452958 0.453384 0.452888 0.453384 0.453002 
12.250000 0.449061 0.448949 0.449176 0.448949 0.449027 0.448889 0.449176 0.448889 0.448979 
12.270000 0.444905 0.445009 0.445077 0.445009 0.445271 0.444650 0.445077 0.444650 0.445217 
12.290000 0.441024 0.441192 0.440915 0.441192 0.440550 0.440925 0.440915 0.440925 0.441187 
12.310000 0.437078 0.436698 0.437053 0.436698 0.437219 0.437172 0.437053 0.437172 0.437513 
12.330000 0.433145 0.433048 0.433299 0.433048 0.433316 0.432965 0.433299 0.432965 0.433723 
12.350000 0.429196 0.429335 0.429263 0.429335 0.429268 0.429652 0.429263 0.429652 0.429349 
12.370000 0.425076 0.425203 0.424892 0.425203 0.425596 0.425412 0.424892 0.425412 0.425730 
12.390000 0.421392 0.421464 0.421386 0.421464 0.421149 0.421668 0.421386 0.421668 0.421307 
12.410000 0.417574 0.417431 0.417480 0.417431 0.417537 0.417277 0.417480 0.417277 0.417361 
12.430000 0.413767 0.413647 0.413324 0.413647 0.413549 0.413462 0.413324 0.413462 0.413706 
12.450000 0.409689 0.409482 0.409773 0.409482 0.409812 0.409862 0.409773 0.409862 0.409710 
12.470000 0.405727 0.405762 0.405649 0.405762 0.406152 0.405554 0.405649 0.405554 0.406204 
12.490000 0.401988 0.401928 0.402172 0.401928 0.401780 0.402234 0.402172 0.402234 0.402018 
12.510000 0.398120 0.398302 0.397895 0.398302 0.398637 0.398046 0.397895 0.398046 0.398398 
12.530000 0.394300 0.394249 0.394118 0.394249 0.394229 0.394288 0.394118 0.394288 0.394450 
12.550000 0.390464 0.390362 0.390618 0.390362 0.390660 0.390637 0.390618 0.390637 0.390452 
12.570000 0.386653 0.386521 0.386506 0.386521 0.386591 0.386531 0.386506 0.386531 0.386981 
12.590000 0.382964 0.383090 0.382839 0.383090 0.382614 0.382663 0.382839 0.382663 0.382687 
12.610000 0.379033 0.379151 0.379210 0.379151 0.379559 0.379159 0.379210 0.379159 0.378692 
12.630000 0.375327 0.375309 0.375215 0.375309 0.375530 0.375591 0.375215 0.375591 0.375058 
12.650000 0.371503 0.371391 0.371671 0.371391 0.371919 0.371467 0.371671 0.371467 0.371919 
12.670000 0.367883 0.367798 0.367816 0.367798 0.367493 0.367767 0.367816 0.367767 0.367695 
12.690000 0.364072 0.363957 0.364081 0.363957 0.363812 0.364252 0.364081 0.364252 0.364072 
12.710000 0.360404 0.360122 0.360296 0.360122 0.360063 0.360298 0.360296 0.360298 0.360913 
12.730000 0.356711 0.356616 0.356575 0.356616 0.356726 0.356572 0.356575 0.356572 0.356648 
12.750000 0.352953 0.352868 0.352969 0.352868 0.352776 0.353325 0.352969 0.353325 0.352938 
12.770000 0.349267 0.349276 0.349129 0.349276 0.349826 0.349381 0.349129 0.349381 0.349324 
12.789999 0.345673 0.345438 0.345532 0.345438 0.345474 0.345823 0.345532 0.345823 0.345632 
12.809999 0.341980 0.341940 0.341650 0.341940 0.342075 0.341953 0.341650 0.341953 0.341799 
12.830000 0.338144 0.338135 0.338170 0.338135 0.338225 0.338890 0.338170 0.338890 0.338338 
12.850000 0.334693 0.334718 0.334686 0.334718 0.334307 0.334840 0.334686 0.334840 0.334466 
12.870000 0.331017 0.331248 0.330954 0.331248 0.331591 0.331130 0.330954 0.331130 0.331108 
12.890000 0.327472 0.327457 0.327661 0.327457 0.327292 0.327045 0.327661 0.327045 0.327469 
12.910000 0.323874 0.323681 0.323793 0.323681 0.323565 0.323784 0.323793 0.323784 0.323916 
12.930000 0.320173 0.320149 0.320252 0.320149 0.320167 0.320326 0.320252 0.320326 0.319835 
12.950000 0.316634 0.316600 0.316497 0.316600 0.316719 0.316625 0.316497 0.316625 0.316749 
12.970000 0.313123 0.313254 0.313043 0.313254 0.312457 0.312876 0.313043 0.312876 0.313258 
12.990000 0.309400 0.309392 0.309375 0.309392 0.309683 0.309542 0.309375 0.309542 0.309198 
13.010000 0.306004 0.305906 0.305997 0.305906 0.306055 0.306112 0.305997 0.306112 0.305594 
13.030000 0.302484 0.302541 0.302378 0.302541 0.302056 0.302814 0.302378 0.302814 0.302781 
13.050000 0.298915 0.299014 0.298967 0.299014 0.298898 0.299066 0.298967 0.299066 0.299161 
13.070000 0.295446 0.295195 0.295281 0.295195 0.294902 0.295401 0.295281 0.295401 0.295075 
13.090000 0.291868 0.291829 0.291938 0.291829 0.291896 0.292008 0.291938 0.292008 0.291969 
13.110000 0.288575 0.288327 0.288476 0.288327 0.287809 0.288170 0.288476 0.288170 0.288145 
13.130000 0.284921 0.284838 0.284984 0.284838 0.284760 0.285201 0.284984 0.285201 0.285339 
13.150000 0.281350 0.281293 0.281398 0.281293 0.281950 0.280997 0.281398 0.280997 0.281291 
13.170000 0.277923 0.277852 0.277886 0.277852 0.278353 0.277814 0.277886 0.277814 0.278079 
13.190000 0.274447 0.274508 0.274599 0.274508 0.274858 0.274548 0.274599 0.274548 0.274660 
13.210000 0.271031 0.270965 0.270957 0.270965 0.271152 0.271021 0.270957 0.271021 0.271194 
13.230000 0.267579 0.267577 0.267590 0.267577 0.267760 0.267792 0.267590 0.267792 0.267683 
13.250000 0.264111 0.263994 0.264188 0.263994 0.264185 0.264119 0.264188 0.264119 0.264356 
13.270000 0.260875 0.260782 0.260723 0.260782 0.260809 0.260624 0.260723 0.260624 0.260424 
13.289999 0.257358 0.257293 0.257323 0.257293 0.257771 0.257413 0.257323 0.257413 0.257266 
13.309999 0.253898 0.253823 0.254015 0.253823 0.253854 0.253862 0.254015 0.253862 0.253954 
13.330000 0.250536 0.250572 0.250480 0.250572 0.250268 0.250388 0.250480 0.250388 0.250640 
13.350000 0.247226 0.247284 0.247168 0.247284 0.247317 0.247506 0.247168 0.247506 0.247138 
13.370000 0.243819 0.243675 0.243907 0.243675 0.243711 0.244040 0.243907 0.244040 0.243889 
13.390000 0.240517 0.240584 0.240386 0.240584 0.240265 0.240673 0.240386 0.240673 0.240654 
13.410000 0.237162 0.237049 0.237116 0.237049 0.237631 0.237368 0.237116 0.237368 0.237107 
13.430000 0.233853 0.233959 0.233845 0.233959 0.233604 0.233340 0.233845 0.233340 0.233877 
13.450000 0.230578 0.230481 0.230479 0.230481 0.230457 0.230312 0.230479 0.230312 0.230300 
13.470000 0.227217 0.227126 0.227079 0.227126 0.227360 0.226886 0.227079 0.226886 0.227385 
13.490000 0.223789 0.223909 0.223895 0.223909 0.223846 0.223828 0.223895 0.223828 0.223790 
13.510000 0.220526 0.220631 0.220566 0.220631 0.220407 0.220615 0.220566 0.220615 0.220428 
13.530000 0.217253 0.217290 0.217346 0.217290 0.217349 0.217275 0.217346 0.217275 0.217633 
13.550000 0.214071 0.214015 0.213927 0.214015 0.214269 0.214181 0.213927 0.214181 0.214084 
13.570000 0.210776 0.210845 0.210700 0.210845 0.211339 0.211159 0.210700 0.211159 0.210571 
13.590000 0.207547 0.207460 0.207487 0.207460 0.207796 0.207606 0.207487 0.207606 0.207864 
13.610000 0.204258 0.204212 0.204167 0.204212 0.204112 0.204204 0.204167 0.204204 0.204353 
13.630000 0.201004 0.201047 0.201046 0.201047 0.200738 0.201007 0.201046 0.201007 0.201162 
13.650000 0.197787 0.197840 0.197880 0.197840 0.197839 0.197986 0.197880 0.197986 0.198013 
13.670000 0.194581 0.194598 0.194461 0.194598 0.194615 0.194692 0.194461 0.194692 0.194483 
13.690000 0.191447 0.191475 0.191485 0.191475 0.191416 0.191581 0.191485 0.191581 0.191482 
13.710000 0.188192 0.188268 0.188206 0.188268 0.188007 0.188200 0.188206 0.188200 0.188473 
13.730000 0.184990 0.185035 0.184941 0.185035 0.185070 0.184981 0.184941 0.184981 0.185311 
13.750000 0.181901 0.181748 0.181965 0.181748 0.182135 0.181647 0.181965 0.181647 0.181723 
13.770000 0.178679 0.178677 0.178710 0.178677 0.178680 0.178603 0.178710 0.178603 0.178599 
13.789999 0.175615 0.175471 0.175568 0.175471 0.175210 0.175525 0.175568 0.175525 0.175964 
13.809999 0.172327 0.172362 0.172352 0.172362 0.172122 0.172347 0.172352 0.172347 0.172266 
13.830000 0.169238 0.169062 0.169280 0.169062 0.169203 0.169088 0.169280 0.169088 0.169431 
13.850000 0.166140 0.166132 0.166117 0.166132 0.165842 0.166249 0.166117 0.166249 0.165836 
13.870000 0.162925 0.162943 0.162893 0.162943 0.162939 0.162658 0.162893 0.162658 0.162806 
13.890000 0.159801 0.159796 0.159824 0.159796 0.159777 0.159825 0.159824 0.159825 0.159839 
13.910000 0.156728 0.156759 0.156688 0.156759 0.156448 0.156721 0.156688 0.156721 0.157115 
13.930000 0.153590 0.153653 0.153586 0.153653 0.153460 0.153799 0.153586 0.153799 0.153250 
13.950000 0.150544 0.150555 0.150574 0.150555 0.150775 0.150643 0.150574 0.150643 0.150521 
13.970000 0.147543 0.147461 0.147453 0.147461 0.147638 0.147595 0.147453 0.147595 0.147365 
13.990000 0.144430 0.144396 0.144338 0.144396 0.144505 0.144534 0.144338 0.144534 0.144655 
14.010000 0.141412 0.141384 0.141287 0.141384 0.141485 0.141363 0.141287 0.141363 0.141250 
14.030000 0.138356 0.138278 0.138240 0.138278 0.138350 0.138312 0.138240 0.138312 0.138288 
14.050000 0.135266 0.135110 0.135242 0.135110 0.135071 0.135366 0.135242 0.135366 0.135175 
14.070000 0.132247 0.132227 0.132118 0.132227 0.132337 0.132011 0.132118 0.132011 0.131996 
14.090000 0.129144 0.129213 0.129161 0.129213 0.129528 0.129174 0.129161 0.129174 0.129427 
14.110000 0.126217 0.126098 0.126230 0.126098 0.126199 0.126135 0.126230 0.126135 0.126100 
14.130000 0.123192 0.123148 0.123184 0.123148 0.123317 0.123255 0.123184 0.123255 0.123093 
14.150000 0.120195 0.120149 0.120169 0.120149 0.120351 0.120266 0.120169 0.120266 0.120420 
14.170000 0.117467 0.117509 0.117477 0.117509 0.117485 0.117600 0.117477 0.117600 0.117238 
14.190000 0.114847 0.114879 0.114900 0.114879 0.114487 0.114954 0.114900 0.114954 0.114788 
14.210000 0.112445 0.112430 0.112365 0.112430 0.112811 0.112293 0.112365 0.112293 0.112598 
14.230000 0.109928 0.109897 0.109889 0.109897 0.110006 0.109811 0.109889 0.109811 0.109970 
14.250000 0.107598 0.107707 0.107605 0.107707 0.107687 0.107625 0.107605 0.107625 0.107752 
14.270000 0.105383 0.105319 0.105390 0.105319 0.105281 0.105216 0.105390 0.105216 0.105560 
14.289999 0.103111 0.103087 0.103156 0.103087 0.103060 0.102865 0.103156 0.102865 0.103239 
14.309999 0.101016 0.100963 0.100914 0.100963 0.101135 0.100903 0.100914 0.100903 0.100690 
14.330000 0.098906 0.098889 0.098811 0.098889 0.098915 0.098974 0.098811 0.098974 0.099078 
14.350000 0.096845 0.096806 0.096872 0.096806 0.097141 0.096981 0.096872 0.096981 0.096993 
14.370000 0.094772 0.094877 0.094943 0.094877 0.094765 0.094697 0.094943 0.094697 0.094854 
14.390000 0.092919 0.092797 0.092921 0.092797 0.092822 0.092959 0.092921 0.092959 0.092743 
14.410000 0.090952 0.091004 0.090984 0.091004 0.091038 0.090996 0.090984 0.090996 0.091073 
14.430000 0.089024 0.089033 0.089112 0.089033 0.089206 0.089031 0.089112 0.089031 0.088879 
14.450000 0.087199 0.087331 0.087222 0.087331 0.087358 0.087175 0.087222 0.087175 0.087361 
14.470000 0.085523 0.085448 0.085552 0.085448 0.085381 0.085447 0.085552 0.085447 0.085415 
14.490000 0.083753 0.083660 0.083625 0.083660 0.083695 0.083637 0.083625 0.083637 0.083954 
14.510000 0.081954 0.081942 0.082011 0.081942 0.081963 0.082072 0.082011 0.082072 0.081987 
14.530000 0.080190 0.080245 0.080349 0.080245 0.080385 0.080296 0.080349 0.080296 0.080333 
14.550000 0.078652 0.078627 0.078647 0.078627 0.078593 0.078673 0.078647 0.078673 0.078522 
14.570000 0.076987 0.076988 0.076958 0.076988 0.076951 0.076889 0.076958 0.076889 0.076958 
14.590000 0.075394 0.075339 0.075367 0.075339 0.075309 0.075366 0.075367 0.075366 0.075212 
14.610000 0.073824 0.073805 0.073722 0.073805 0.074040 0.073898 0.073722 0.073898 0.073908 
14.630000 0.072260 0.072267 0.072289 0.072267 0.072443 0.072195 0.072289 0.072195 0.072311 
14.650000 0.070774 0.070746 0.070751 0.070746 0.070896 0.070794 0.070751 0.070794 0.070975 
14.670000 0.069333 0.069398 0.069212 0.069398 0.069341 0.069233 0.069212 0.069233 0.069379 
14.690000 0.067834 0.067867 0.067835 0.067867 0.067787 0.067817 0.067835 0.067817 0.067629 
14.710000 0.066418 0.066349 0.066443 0.066349 0.066499 0.066485 0.066443 0.066485 0.066397 
14.730000 0.064996 0.064984 0.064963 0.064984 0.065146 0.065087 0.064963 0.065087 0.064807 
14.750000 0.063636 0.063583 0.063583 0.063583 0.063830 0.063598 0.063583 0.063598 0.063618 
14.770000 0.062238 0.062243 0.062222 0.062243 0.062235 0.062269 0.062222 0.062269 0.062361 
14.789999 0.060926 0.060909 0.061010 0.060909 0.060910 0.060970 0.061010 0.060970 0.061146 
14.809999 0.059664 0.059667 0.059699 0.059667 0.059724 0.059615 0.059699 0.059615 0.059597 
14.829999 0.058333 0.058336 0.058283 0.058336 0.058200 0.058275 0.058283 0.058275 0.058393 
14.849999 0.057071 0.056994 0.057156 0.056994 0.057182 0.056979 0.057156 0.056979 0.057087 
14.870000 0.055830 0.055837 0.055821 0.055837 0.055732 0.055749 0.055821 0.055749 0.055805 
14.890000 0.054649 0.054632 0.054582 0.054632 0.054567 0.054677 0.054582 0.054677 0.054647 
14.910000 0.053444 0.053450 0.053425 0.053450 0.053253 0.053453 0.053425 0.053453 0.053483 
14.930000 0.052275 0.052279 0.052263 0.052279 0.052304 0.052188 0.052263 0.052188 0.052128 
14.950000 0.051117 0.051125 0.051121 0.051125 0.051109 0.051040 0.051121 0.051040 0.051339 
14.970000 0.049970 0.050079 0.050034 0.050079 0.049920 0.049958 0.050034 0.049958 0.049934 
14.990000 0.048929 0.048868 0.048875 0.048868 0.048896 0.048924 0.048875 0.048924 0.048887 
15.010000 0.047766 0.047795 0.047820 0.047795 0.047699 0.047728 0.047820 0.047728 0.047616 
15.030000 0.046707 0.046714 0.046671 0.046714 0.046820 0.046783 0.046671 0.046783 0.046791 
15.050000 0.045666 0.045619 0.045714 0.045619 0.045763 0.045758 0.045714 0.045758 0.045640 
15.070000 0.044630 0.044631 0.044656 0.044631 0.044617 0.044571 0.044656 0.044571 0.044647 
15.090000 0.043583 0.043603 0.043558 0.043603 0.043573 0.043660 0.043558 0.043660 0.043485 
15.110000 0.042612 0.042603 0.042596 0.042603 0.042667 0.042615 0.042596 0.042615 0.042580 
15.130000 0.041621 0.041559 0.041684 0.041559 0.041541 0.041509 0.041684 0.041509 0.041522 
15.150000 0.040670 0.040670 0.040662 0.040670 0.040669 0.040740 0.040662 0.040740 0.040522 
15.170000 0.039733 0.039676 0.039717 0.039676 0.039636 0.039688 0.039717 0.039688 0.039758 
15.190000 0.038752 0.038724 0.038765 0.038724 0.038828 0.038760 0.038765 0.038760 0.038817 
15.210000 0.037846 0.037857 0.037902 0.037857 0.037673 0.037872 0.037902 0.037872 0.037923 
15.230000 0.036950 0.036951 0.036932 0.036951 0.037064 0.036994 0.036932 0.036994 0.036955 
15.250000 0.036101 0.036108 0.036041 0.036108 0.036084 0.036078 0.036041 0.036078 0.035978 
15.270000 0.035207 0.035250 0.035166 0.035250 0.035130 0.035187 0.035166 0.035187 0.035134 
15.289999 0.034348 0.034369 0.034338 0.034369 0.034429 0.034358 0.034338 0.034358 0.034512 
15.309999 0.033482 0.033547 0.033518 0.033547 0.033523 0.033556 0.033518 0.033556 0.033445 
15.329999 0.032716 0.032695 0.032707 0.032695 0.032642 0.032696 0.032707 0.032696 0.032656 
15.349999 0.031919 0.031898 0.031926 0.031898 0.031922 0.031882 0.031926 0.031882 0.031781 
15.370000 0.031056 0.031088 0.031034 0.031088 0.031104 0.031069 0.031034 0.031069 0.031089 
15.390000 0.030326 0.030302 0.030310 0.030302 0.030201 0.030388 0.030310 0.030388 0.030284 
15.410000 0.029515 0.029526 0.029571 0.029526 0.029530 0.029585 0.029571 0.029585 0.029668 
15.430000 0.028765 0.028802 0.028735 0.028802 0.028738 0.028942 0.028735 0.028942 0.028838 
15.450000 0.028059 0.028010 0.028032 0.028010 0.028004 0.028087 0.028032 0.028087 0.028104 
15.470000 0.027347 0.027302 0.027352 0.027302 0.027210 0.027270 0.027352 0.027270 0.027302 
15.490000 0.026601 0.026601 0.026628 0.026601 0.026594 0.026661 0.026628 0.026661 0.026500 
15.510000 0.025925 0.025881 0.025884 0.025881 0.025826 0.025978 0.025884 0.025978 0.025855 
15.530000 0.025255 0.025233 0.025189 0.025233 0.025237 0.025227 0.025189 0.025227 0.025191 
15.550000 0.024559 0.024545 0.024490 0.024545 0.024532 0.024557 0.024490 0.024557 0.024488 
15.570000 0.023854 0.023900 0.023895 0.023900 0.023966 0.023954 0.023895 0.023954 0.023992 
15.590000 0.023236 0.023220 0.023169 0.023220 0.023341 0.023269 0.023169 0.023269 0.023168 
15.610000 0.022592 0.022584 0.022576 0.022584 0.022629 0.022569 0.022576 0.022569 0.022690 
15.630000 0.021952 0.021943 0.021988 0.021943 0.022096 0.021948 0.021988 0.021948 0.021865 
15.650000 0.021358 0.021337 0.021405 0.021337 0.021212 0.021374 0.021405 0.021374 0.021356 
15.670000 0.020755 0.020718 0.020734 0.020718 0.020759 0.020748 0.020734 0.020748 0.020802 
15.690000 0.020158 0.020150 0.020172 0.020150 0.020220 0.020225 0.020172 0.020225 0.020273 
15.710000 0.019565 0.019580 0.019554 0.019580 0.019593 0.019577 0.019554 0.019577 0.019505 
15.730000 0.019002 0.019029 0.019020 0.019029 0.019026 0.019087 0.019020 0.019087 0.018998 
15.750000 0.018456 0.018464 0.018495 0.018464 0.018501 0.018401 0.018495 0.018401 0.018440 
15.770000 0.017905 0.017910 0.017928 0.017910 0.017827 0.017879 0.017928 0.017879 0.017931 
15.789999 0.017382 0.017370 0.017338 0.017370 0.017452 0.017413 0.017338 0.017413 0.017397 
15.809999 0.016831 0.016834 0.016863 0.016834 0.016941 0.016840 0.016863 0.016840 0.016910 
15.829999 0.016344 0.016312 0.016348 0.016312 0.016219 0.016355 0.016348 0.016355 0.016301 
15.849999 0.015823 0.015828 0.015791 0.015828 0.015809 0.015795 0.015791 0.015795 0.015879 
15.870000 0.015313 0.015346 0.015346 0.015346 0.015268 0.015299 0.015346 0.015299 0.015420 
15.890000 0.014862 0.014847 0.014837 0.014847 0.014824 0.014812 0.014837 0.014812 0.014834 
15.910000 0.014388 0.014376 0.014378 0.014376 0.014333 0.014366 0.014378 0.014366 0.014431 
15.930000 0.013927 0.013920 0.013911 0.013920 0.013945 0.013914 0.013911 0.013914 0.014013 
15.950000 0.013464 0.013473 0.013460 0.013473 0.013460 0.013467 0.013460 0.013467 0.013388 
15.970000 0.013015 0.013011 0.013040 0.013011 0.012980 0.012989 0.013040 0.012989 0.012993 
15.990000 0.012577 0.012588 0.012533 0.012588 0.012606 0.012574 0.012533 0.012574 0.012606 
16.010000 0.012131 0.012139 0.012154 0.012139 0.012185 0.012146 0.012154 0.012146 0.012080 
16.030000 0.011740 0.011713 0.011751 0.011713 0.011736 0.011744 0.011751 0.011744 0.011734 
16.049999 0.011321 0.011324 0.011325 0.011324 0.011313 0.011271 0.011325 0.011271 0.011385 
16.070000 0.010932 0.010929 0.010932 0.010929 0.010915 0.010926 0.010932 0.010926 0.010953 
16.090000 0.010522 0.010544 0.010555 0.010544 0.010444 0.010488 0.010555 0.010488 0.010471 
16.110000 0.010169 0.010175 0.010152 0.010175 0.010126 0.010172 0.010152 0.010172 0.010184 
16.129999 0.009786 0.009773 0.009810 0.009773 0.009815 0.009754 0.009810 0.009754 0.009746 
16.150000 0.009408 0.009406 0.009424 0.009406 0.009455 0.009465 0.009424 0.009465 0.009454 
16.170000 0.009067 0.009078 0.009039 0.009078 0.009046 0.009010 0.009039 0.009010 0.009024 
16.190000 0.008722 0.008735 0.008714 0.008735 0.008699 0.008767 0.008714 0.008767 0.008739 
16.209999 0.008367 0.008392 0.008394 0.008392 0.008370 0.008387 0.008394 0.008387 0.008333 
16.230000 0.008041 0.008050 0.008060 0.008050 0.008024 0.008083 0.008060 0.008083 0.007999 
16.250000 0.007736 0.007709 0.007718 0.007709 0.007628 0.007691 0.007718 0.007691 0.007716 
16.270000 0.007408 0.007410 0.007381 0.007410 0.007399 0.007421 0.007381 0.007421 0.007429 
16.289999 0.007082 0.007077 0.007078 0.007077 0.007163 0.007086 0.007078 0.007086 0.007105 
16.309999 0.006803 0.006806 0.006800 0.006806 0.006804 0.006769 0.006800 0.006769 0.006808 
16.330000 0.006496 0.006490 0.006495 0.006490 0.006479 0.006459 0.006495 0.006459 0.006504 
16.349999 0.006220 0.006209 0.006206 0.006209 0.006175 0.006211 0.006206 0.006211 0.006223 
16.369999 0.005921 0.005941 0.005924 0.005941 0.005962 0.005939 0.005924 0.005939 0.005897 
16.389999 0.005660 0.005645 0.005666 0.005645 0.005671 0.005662 0.005666 0.005662 0.005723 
16.410000 0.005402 0.005400 0.005405 0.005400 0.005419 0.005423 0.005405 0.005423 0.005406 
16.430000 0.005143 0.005153 0.005146 0.005153 0.005122 0.005157 0.005146 0.005157 0.005115 
16.450000 0.004896 0.004904 0.004908 0.004904 0.004876 0.004907 0.004908 0.004907 0.004914 
16.469999 0.004669 0.004664 0.004655 0.004664 0.004638 0.004668 0.004655 0.004668 0.004693 
16.490000 0.004430 0.004433 0.004436 0.004433 0.004452 0.004416 0.004436 0.004416 0.004400 
16.510000 0.004198 0.004202 0.004189 0.004202 0.004215 0.004184 0.004189 0.004184 0.004229 
16.530000 0.003973 0.003985 0.003984 0.003985 0.004002 0.003960 0.003984 0.003960 0.003963 
16.549999 0.003773 0.003767 0.003761 0.003767 0.003754 0.003756 0.003761 0.003756 0.003767 
16.570000 0.003557 0.003550 0.003560 0.003550 0.003590 0.003566 0.003560 0.003566 0.003587 
16.590000 0.003369 0.003360 0.003363 0.003360 0.003345 0.003368 0.003363 0.003368 0.003358 
16.610000 0.003168 0.003161 0.003172 0.003161 0.003181 0.003166 0.003172 0.003166 0.003165 
16.629999 0.002973 0.002977 0.002971 0.002977 0.002987 0.002998 0.002971 0.002998 0.002962 
16.650000 0.002797 0.002798 0.002803 0.002798 0.002855 0.002817 0.002803 0.002817 0.002804 
16.670000 0.002627 0.002624 0.002636 0.002624 0.002648 0.002638 0.002636 0.002638 0.002597 
16.690000 0.002463 0.002454 0.002452 0.002454 0.002466 0.002438 0.002452 0.002438 0.002497 
16.709999 0.002297 0.002296 0.002294 0.002296 0.002289 0.002298 0.002294 0.002298 0.002299 
16.730000 0.002135 0.002143 0.002136 0.002143 0.002095 0.002156 0.002136 0.002156 0.002138 
16.750000 0.001998 0.001988 0.001978 0.001988 0.002000 0.001997 0.001978 0.001997 0.001943 
16.770000 0.001848 0.001840 0.001837 0.001840 0.001869 0.001851 0.001837 0.001851 0.001866 
16.789999 0.001710 0.001711 0.001706 0.001711 0.001699 0.001695 0.001706 0.001695 0.001709 
16.809999 0.001574 0.001581 0.001573 0.001581 0.001572 0.001584 0.001573 0.001584 0.001596 
16.830000 0.001449 0.001447 0.001454 0.001447 0.001403 0.001447 0.001454 0.001447 0.001452 
16.849999 0.001328 0.001327 0.001340 0.001327 0.001323 0.001321 0.001340 0.001321 0.001320 
16.869999 0.001212 0.001212 0.001213 0.001212 0.001208 0.001214 0.001213 0.001214 0.001202 
16.889999 0.001098 0.001098 0.001096 0.001098 0.001119 0.001107 0.001096 0.001107 0.001122 
16.910000 0.000999 0.000995 0.001005 0.000995 0.000985 0.001005 0.001005 0.001005 0.000995 
16.930000 0.000899 0.000897 0.000905 0.000897 0.000911 0.000906 0.000905 0.000906 0.000886 
16.950000 0.000811 0.000811 0.000812 0.000811 0.000831 0.000812 0.000812 0.000812 0.000802 
16.969999 0.000719 0.000721 0.000722 0.000721 0.000713 0.000717 0.000722 0.000717 0.000730 
16.990000 0.000638 0.000643 0.000644 0.000643 0.000628 0.000629 0.000644 0.000629 0.000642 
17.010000 0.000560 0.000565 0.000560 0.000565 0.000573 0.000552 0.000560 0.000552 0.000541 
17.030000 0.000490 0.000493 0.000488 0.000493 0.000496 0.000486 0.000488 0.000486 0.000477 
17.049999 0.000422 0.000422 0.000426 0.000422 0.000422 0.000424 0.000426 0.000424 0.000428 
17.070000 0.000363 0.000364 0.000360 0.000364 0.000353 0.000363 0.000360 0.000363 0.000359 
17.090000 0.000308 0.000304 0.000303 0.000304 0.000309 0.000311 0.000303 0.000311 0.000307 
17.110000 0.000254 0.000257 0.000254 0.000257 0.000250 0.000251 0.000254 0.000251 0.000262 
17.129999 0.000209 0.000208 0.000209 0.000208 0.000213 0.000202 0.000209 0.000202 0.000209 
17.150000 0.000165 0.000163 0.000166 0.000163 0.000165 0.000163 0.000166 0.000163 0.000169 
17.170000 0.000130 0.000128 0.000126 0.000128 0.000129 0.000128 0.000126 0.000128 0.000130 
17.190000 0.000098 0.000096 0.000095 0.000096 0.000096 0.000093 0.000095 0.000093 0.000100 
17.209999 0.000068 0.000070 0.000070 0.000070 0.000064 0.000072 0.000070 0.000072 0.000068 
17.230000 0.000046 0.000046 0.000046 0.000046 0.000046 0.000046 0.000046 0.000046 0.000041 
17.250000 0.000028 0.000028 0.000029 0.000028 0.000029 0.000026 0.000029 0.000026 0.000029 
17.270000 0.000014 0.000015 0.000014 0.000015 0.000015 0.000016 0.000014 0.000016 0.000018 
17.289999 0.000005 0.000005 0.000005 0.000005 0.000006 0.000004 0.000005 0.000004 0.000007 
17.309999 0.000001 0.000001 0.000001 0.000001 0.000000 0.000001 0.000001 0.000001 0.000001 
17.330000 0.000000 0.000000 0.000000 0.000000 0.000000 0.000000 0.000000 0.000000 0.000000 
17.349999 0.000000 0.000000 0.000000 0.000000 0.000000 0.000000 0.000000 0.000000 0.000000 
17.369999 0.000000 0.000000 0.000000 0.000000 0.000000 0.000000 0.000000 0.000000 0.000000 
17.389999 0.000000 0.000000 0.000000 0.000000 0.000000 0.000000 0.000000 0.000000 0.000000 
17.410000 0.000000 0.000000 0.000000 0.000000 0.000000 0.000000 0.000000 0.000000 0.000000 
17.430000 0.000000 0.000000 0.000000 0.000000 0.000000 0.000000 0.000000 0.000000 0.000000 
17.450000 0.000000 0.000000 0.000000 0.000000 0.000000 0.000000 0.000000 0.000000 0.000000 
17.469999 0.000000 0.000000 0.000000 0.000000 0.000000 0.000000 0.000000 0.000000 0.000000 
17.490000 0.000000 0.000000 0.000000 0.000000 0.000000 0.000000 0.000000 0.000000 0.000000 
17.510000 0.000000 0.000000 0.000000 0.000000 0.000000 0.000000 0.000000 0.000000 0.000000 
17.530000 0.000000 0.000000 0.000000 0.000000 0.000000 0.000000 0.000000 0.000000 0.000000 
17.549999 0.000000 0.000000 0.000000 0.000000 0.000000 0.000000 0.000000 0.000000 0.000000 
17.570000 0.000000 0.000000 0.000000 0.000000 0.000000 0.000000 0.000000 0.000000 0.000000 
17.590000 0.000000 0.000000 0.000000 0.000000 0.000000 0.000000 0.000000 0.000000 0.000000 
17.610000 0.000000 0.000000 0.000000 0.000000 0.000000 0.000000 0.000000 0.000000 0.000000 
17.629999 0.000000 0.000000 0.000000 0.000000 0.000000 0.000000 0.000000 0.000000 0.000000 
17.650000 0.000000 0.000000 0.000000 0.000000 0.000000 0.000000 0.000000 0.000000 0.000000 
17.670000 0.000000 0.000000 0.000000 0.000000 0.000000 0.000000 0.000000 0.000000 0.000000 
17.690000 0.000000 0.000000 0.000000 0.000000 0.000000 0.000000 0.000000 0.000000 0.000000 
17.709999 0.000000 0.000000 0.000000 0.000000 0.000000 0.000000 0.000000 0.000000 0.000000 
17.730000 0.000000 0.000000 0.000000 0.000000 0.000000 0.000000 0.000000 0.000000 0.000000 
17.750000 0.000000 0.000000 0.000000 0.000000 0.000000 0.000000 0.000000 0.000000 0.000000 
17.770000 0.000000 0.000000 0.000000 0.000000 0.000000 0.000000 0.000000 0.000000 0.000000 
17.789999 0.000000 0.000000 0.000000 0.000000 0.000000 0.000000 0.000000 0.000000 0.000000 
17.809999 0.000000 0.000000 0.000000 0.000000 0.000000 0.000000 0.000000 0.000000 0.000000 
17.830000 0.000000 0.000000 0.000000 0.000000 0.000000 0.000000 0.000000 0.000000 0.000000 
17.849999 0.000000 0.000000 0.000000 0.000000 0.000000 0.000000 0.000000 0.000000 0.000000 
17.869999 0.000000 0.000000 0.000000 0.000000 0.000000 0.000000 0.000000 0.000000 0.000000 
17.889999 0.000000 0.000000 0.000000 0.000000 0.000000 0.000000 0.000000 0.000000 0.000000 
17.910000 0.000000 0.000000 0.000000 0.000000 0.000000 0.000000 0.000000 0.000000 0.000000 
17.930000 0.000000 0.000000 0.000000 0.000000 0.000000 0.000000 0.000000 0.000000 0.000000 
17.950000 0.000000 0.000000 0.000000 0.000000 0.000000 0.000000 0.000000 0.000000 0.000000 
17.969999 0.000000 0.000000 0.000000 0.000000 0.000000 0.000000 0.000000 0.000000 0.000000 
17.990000 0.000000 0.000000 0.000000 0.000000 0.000000 0.000000 0.000000 0.000000 0.000000 
18.010000 0.000000 0.000000 0.000000 0.000000 0.000000 0.000000 0.000000 0.000000 0.000000 
18.030000 0.000000 0.000000 0.000000 0.000000 0.000000 0.000000 0.000000 0.000000 0.000000 
18.049999 0.000000 0.000000 0.000000 0.000000 0.000000 0.000000 0.000000 0.000000 0.000000 
18.070000 0.000000 0.000000 0.000000 0.000000 0.000000 0.000000 0.000000 0.000000 0.000000 
18.090000 0.000000 0.000000 0.000000 0.000000 0.000000 0.000000 0.000000 0.000000 0.000000 
18.110000 0.000000 0.000000 0.000000 0.000000 0.000000 0.000000 0.000000 0.000000 0.000000 
18.129999 0.000000 0.000000 0.000000 0.000000 0.000000 0.000000 0.000000 0.000000 0.000000 
18.150000 0.000000 0.000000 0.000000 0.000000 0.000000 0.000000 0.000000 0.000000 0.000000 
18.170000 0.000000 0.000000 0.000000 0.000000 0.000000 0.000000 0.000000 0.000000 0.000000 
18.190000 0.000000 0.000000 0.000000 0.000000 0.000000 0.000000 0.000000 0.000000 0.000000 
18.209999 0.000000 0.000000 0.000000 0.000000 0.000000 0.000000 0.000000 0.000000 0.000000 
18.230000 0.000000 0.000000 0.000000 0.000000 0.000000 0.000000 0.000000 0.000000 0.000000 
18.250000 0.000000 0.000000 0.000000 0.000000 0.000000 0.000000 0.000000 0.000000 0.000000 
18.270000 0.000000 0.000000 0.000000 0.000000 0.000000 0.000000 0.000000 0.000000 0.000000 
18.289999 0.000000 0.000000 0.000000 0.000000 0.000000 0.000000 0.000000 0.000000 0.000000 
18.309999 0.000000 0.000000 0.000000 0.000000 0.000000 0.000000 0.000000 0.000000 0.000000 
18.330000 0.000000 0.000000 0.000000 0.000000 0.000000 0.000000 0.000000 0.000000 0.000000 
18.349999 0.000000 0.000000 0.000000 0.000000 0.000000 0.000000 0.000000 0.000000 0.000000 
18.369999 0.000000 0.000000 0.000000 0.000000 0.000000 0.000000 0.000000 0.000000 0.000000 
18.389999 0.000000 0.000000 0.000000 0.000000 0.000000 0.000000 0.000000 0.000000 0.000000 
18.410000 0.000000 0.000000 0.000000 0.000000 0.000000 0.000000 0.000000 0.000000 0.000000 
18.430000 0.000000 0.000000 0.000000 0.000000 0.000000 0.000000 0.000000 0.000000 0.000000 
18.450000 0.000000 0.000000 0.000000 0.000000 0.000000 0.000000 0.000000 0.000000 0.000000 
18.469999 0.000000 0.000000 0.000000 0.000000 0.000000 0.000000 0.000000 0.000000 0.000000 
18.490000 0.000000 0.000000 0.000000 0.000000 0.000000 0.000000 0.000000 0.000000 0.000000 
18.510000 0.000000 0.000000 0.000000 0.000000 0.000000 0.000000 0.000000 0.000000 0.000000 
18.530000 0.000000 0.000000 0.000000 0.000000 0.000000 0.000000 0.000000 0.000000 0.000000 
18.549999 0.000000 0.000000 0.000000 0.000000 0.000000 0.000000 0.000000 0.000000 0.000000 
18.570000 0.000000 0.000000 0.000000 0.000000 0.000000 0.000000 0.000000 0.000000 0.000000 
18.590000 0.000000 0.000000 0.000000 0.000000 0.000000 0.000000 0.000000 0.000000 0.000000 
18.610000 0.000000 0.000000 0.000000 0.000000 0.000000 0.000000 0.000000 0.000000 0.000000 
18.629999 0.000000 0.000000 0.000000 0.000000 0.000000 0.000000 0.000000 0.000000 0.000000 
18.650000 0.000000 0.000000 0.000000 0.000000 0.000000 0.000000 0.000000 0.000000 0.000000 
18.670000 0.000000 0.000000 0.000000 0.000000 0.000000 0.000000 0.000000 0.000000 0.000000 
18.690000 0.000000 0.000000 0.000000 0.000000 0.000000 0.000000 0.000000 0.000000 0.000000 
18.709999 0.000000 0.000000 0.000000 0.000000 0.000000 0.000000 0.000000 0.000000 0.000000 
18.730000 0.000000 0.000000 0.000000 0.000000 0.000000 0.000000 0.000000 0.000000 0.000000 
18.750000 0.000000 0.000000 0.000000 0.000000 0.000000 0.000000 0.000000 0.000000 0.000000 
18.770000 0.000000 0.000000 0.000000 0.000000 0.000000 0.000000 0.000000 0.000000 0.000000 
18.789999 0.000000 0.000000 0.000000 0.000000 0.000000 0.000000 0.000000 0.000000 0.000000 
18.809999 0.000000 0.000000 0.000000 0.000000 0.000000 0.000000 0.000000 0.000000 0.000000 
18.830000 0.000000 0.000000 0.000000 0.000000 0.000000 0.000000 0.000000 0.000000 0.000000 
18.849999 0.000000 0.000000 0.000000 0.000000 0.000000 0.000000 0.000000 0.000000 0.000000 
18.869999 0.000000 0.000000 0.000000 0.000000 0.000000 0.000000 0.000000 0.000000 0.000000 
18.889999 0.000000 0.000000 0.000000 0.000000 0.000000 0.000000 0.000000 0.000000 0.000000 
18.910000 0.000000 0.000000 0.000000 0.000000 0.000000 0.000000 0.000000 0.000000 0.000000 
18.929999 0.000000 0.000000 0.000000 0.000000 0.000000 0.000000 0.000000 0.000000 0.000000 
18.949999 0.000000 0.000000 0.000000 0.000000 0.000000 0.000000 0.000000 0.000000 0.000000 
18.969999 0.000000 0.000000 0.000000 0.000000 0.000000 0.000000 0.000000 0.000000 0.000000 
18.990000 0.000000 0.000000 0.000000 0.000000 0.000000 0.000000 0.000000 0.000000 0.000000 
19.010000 0.000000 0.000000 0.000000 0.000000 0.000000 0.000000 0.000000 0.000000 0.000000 
19.030000 0.000000 0.000000 0.000000 0.000000 0.000000 0.000000 0.000000 0.000000 0.000000 
19.049999 0.000000 0.000000 0.000000 0.000000 0.000000 0.000000 0.000000 0.000000 0.000000 
19.070000 0.000000 0.000000 0.000000 0.000000 0.000000 0.000000 0.000000 0.000000 0.000000 
19.090000 0.000000 0.000000 0.000000 0.000000 0.000000 0.000000 0.000000 0.000000 0.000000 
19.110000 0.000000 0.000000 0.000000 0.000000 0.000000 0.000000 0.000000 0.000000 0.000000 
19.129999 0.000000 0.000000 0.000000 0.000000 0.000000 0.000000 0.000000 0.000000 0.000000 
19.150000 0.000000 0.000000 0.000000 0.000000 0.000000 0.000000 0.000000 0.000000 0.000000 
19.170000 0.000000 0.000000 0.000000 0.000000 0.000000 0.000000 0.000000 0.000000 0.000000 
19.190000 0.000000 0.000000 0.000000 0.000000 0.000000 0.000000 0.000000 0.000000 0.000000 
19.209999 0.000000 0.000000 0.000000 0.000000 0.000000 0.000000 0.000000 0.000000 0.000000 
19.230000 0.000000 0.000000 0.000000 0.000000 0.000000 0.000000 0.000000 0.000000 0.000000 
19.250000 0.000000 0.000000 0.000000 0.000000 0.000000 0.000000 0.000000 0.000000 0.000000 
19.270000 0.000000 0.000000 0.000000 0.000000 0.000000 0.000000 0.000000 0.000000 0.000000 
19.289999 0.000000 0.000000 0.000000 0.000000 0.000000 0.000000 0.000000 0.000000 0.000000 
19.309999 0.000000 0.000000 0.000000 0.000000 0.000000 0.000000 0.000000 0.000000 0.000000 
19.330000 0.000000 0.000000 0.000000 0.000000 0.000000 0.000000 0.000000 0.000000 0.000000 
19.349999 0.000000 0.000000 0.000000 0.000000 0.000000 0.000000 0.000000 0.000000 0.000000 
19.369999 0.000000 0.000000 0.000000 0.000000 0.000000 0.000000 0.000000 0.000000 0.000000 
19.389999 0.000000 0.000000 0.000000 0.000000 0.000000 0.000000 0.000000 0.000000 0.000000 
19.410000 0.000000 0.000000 0.000000 0.000000 0.000000 0.000000 0.000000 0.000000 0.000000 
19.429999 0.000000 0.000000 0.000000 0.000000 0.000000 0.000000 0.000000 0.000000 0.000000 
19.449999 0.000000 0.000000 0.000000 0.000000 0.000000 0.000000 0.000000 0.000000 0.000000 
19.469999 0.000000 0.000000 0.000000 0.000000 0.000000 0.000000 0.000000 0.000000 0.000000 
19.490000 0.000000 0.000000 0.000000 0.000000 0.000000 0.000000 0.000000 0.000000 0.000000 
19.510000 0.000000 0.000000 0.000000 0.000000 0.000000 0.000000 0.000000 0.000000 0.000000 
19.530000 0.000000 0.000000 0.000000 0.000000 0.000000 0.000000 0.000000 0.000000 0.000000 
19.549999 0.000000 0.000000 0.000000 0.000000 0.000000 0.000000 0.000000 0.000000 0.000000 
19.570000 0.000000 0.000000 0.000000 0.000000 0.000000 0.000000 0.000000 0.000000 0.000000 
19.590000 0.000000 0.000000 0.000000 0.000000 0.000000 0.000000 0.000000 0.000000 0.000000 
19.610000 0.000000 0.000000 0.000000 0.000000 0.000000 0.000000 0.000000 0.000000 0.000000 
19.629999 0.000000 0.000000 0.000000 0.000000 0.000000 0.000000 0.000000 0.000000 0.000000 
19.650000 0.000000 0.000000 0.000000 0.000000 0.000000 0.000000 0.000000 0.000000 0.000000 
19.670000 0.000000 0.000000 0.000000 0.000000 0.000000 0.000000 0.000000 0.000000 0.000000 
19.690000 0.000000 0.000000 0.000000 0.000000 0.000000 0.000000 0.000000 0.000000 0.000000 
19.709999 0.000000 0.000000 0.000000 0.000000 0.000000 0.000000 0.000000 0.000000 0.000000 
19.730000 0.000000 0.000000 0.000000 0.000000 0.000000 0.000000 0.000000 0.000000 0.000000 
19.750000 0.000000 0.000000 0.000000 0.000000 0.000000 0.000000 0.000000 0.000000 0.000000 
19.770000 0.000000 0.000000 0.000000 0.000000 0.000000 0.000000 0.000000 0.000000 0.000000 
19.789999 0.000000 0.000000 0.000000 0.000000 0.000000 0.000000 0.000000 0.000000 0.000000 
19.809999 0.000000 0.000000 0.000000 0.000000 0.000000 0.000000 0.000000 0.000000 0.000000 
19.830000 0.000000 0.000000 0.000000 0.000000 0.000000 0.000000 0.000000 0.000000 0.000000 
19.849999 0.000000 0.000000 0.000000 0.000000 0.000000 0.000000 0.000000 0.000000 0.000000 
19.869999 0.000000 0.000000 0.000000 0.000000 0.000000 0.000000 0.000000 0.000000 0.000000 
19.889999 0.000000 0.000000 0.000000 0.000000 0.000000 0.000000 0.000000 0.000000 0.000000 
19.910000 0.000000 0.000000 0.000000 0.000000 0.000000 0.000000 0.000000 0.000000 0.000000 
19.929999 0.000000 0.000000 0.000000 0.000000 0.000000 0.000000 0.000000 0.000000 0.000000 
19.949999 0.000000 0.000000 0.000000 0.000000 0.000000 0.000000 0.000000 0.000000 0.000000 
19.969999 0.000000 0.000000 0.000000 0.000000 0.000000 0.000000 0.000000 0.000000 0.000000 
19.990000 0.000000 0.000000 0.000000 0.000000 0.000000 0.000000 0.000000 0.000000 0.000000 
