# concentrations: 0.666667 0.166667 0.166667
0.010357 0.000000 0.000000 0.000000 0.000000 0.000000 0.000000 0.000000 0.000000 0.000000 
0.031072 0.000000 0.000000 0.000000 0.000000 0.000000 0.000000 0.000000 0.000000 0.000000 
0.051787 0.000000 0.000000 0.000000 0.000000 0.000000 0.000000 0.000000 0.000000 0.000000 
0.072502 0.000000 0.000000 0.000000 0.000000 0.000000 0.000000 0.000000 0.000000 0.000000 
0.093217 0.000000 0.000000 0.000000 0.000000 0.000000 0.000000 0.000000 0.000000 0.000000 
0.113932 0.000000 0.000000 0.000000 0.000000 0.000000 0.000000 0.000000 0.000000 0.000000 
0.134647 0.000000 0.000000 0.000000 0.000000 0.000000 0.000000 0.000000 0.000000 0.000000 
0.155362 0.000000 0.000000 0.000000 0.000000 0.000000 0.000000 0.000000 0.000000 0.000000 
0.176077 0.000000 0.000000 0.000000 0.000000 0.000000 0.000000 0.000000 0.000000 0.000000 
0.196792 0.000000 0.000000 0.000000 0.000000 0.000000 0.000000 0.000000 0.000000 0.000000 
0.217506 0.000000 0.000000 0.000000 0.000000 0.000000 0.000000 0.000000 0.000000 0.000000 
0.238221 0.000000 0.000000 0.000000 0.000000 0.000000 0.000000 0.000000 0.000000 0.000000 
0.258936 0.000000 0.000000 0.000000 0.000000 0.000000 0.000000 0.000000 0.000000 0.000000 
0.279651 0.000000 0.000000 0.000000 0.000000 0.000000 0.000000 0.000000 0.000000 0.000000 
0.300366 0.000000 0.000000 0.000000 0.000000 0.000000 0.000000 0.000000 0.000000 0.000000 
0.321081 0.000000 0.000000 0.000000 0.000000 0.000000 0.000000 0.000000 0.000000 0.000000 
0.341796 0.000000 0.000000 0.000000 0.000000 0.000000 0.000000 0.000000 0.000000 0.000000 
0.362511 0.000000 0.000000 0.000000 0.000000 0.000000 0.000000 0.000000 0.000000 0.000000 
0.383226 0.000000 0.000000 0.000000 0.000000 0.000000 0.000000 0.000000 0.000000 0.000000 
0.403941 0.000000 0.000000 0.000000 0.000000 0.000000 0.000000 0.000000 0.000000 0.000000 
0.424655 0.000000 0.000000 0.000000 0.000000 0.000000 0.000000 0.000000 0.000000 0.000000 
0.445370 0.000000 0.000000 0.000000 0.000000 0.000000 0.000000 0.000000 0.000000 0.000000 
0.466085 0.000000 0.000000 0.000000 0.000000 0.000000 0.000000 0.000000 0.000000 0.000000 
0.486800 0.000000 0.000000 0.000000 0.000000 0.000000 0.000000 0.000000 0.000000 0.000000 
0.507515 0.000000 0.000000 0.000000 0.000000 0.000000 0.000000 0.000000 0.000000 0.000000 
0.528230 0.000000 0.000000 0.000000 0.000000 0.000000 0.000000 0.000000 0.000000 0.000000 
0.548945 0.000000 0.000000 0.000000 0.000000 0.000000 0.000000 0.000000 0.000000 0.000000 
0.569660 0.000000 0.000000 0.000000 0.000000 0.000000 0.000000 0.000000 0.000000 0.000000 
0.590375 0.000000 0.000000 0.000000 0.000000 0.000000 0.000000 0.000000 0.000000 0.000000 
0.611090 0.000000 0.000000 0.000000 0.000000 0.000000 0.000000 0.000000 0.000000 0.000000 
0.631804 0.000000 0.000000 0.000000 0.000000 0.000000 0.000000 0.000000 0.000000 0.000000 
0.652519 0.000000 0.000000 0.000000 0.000000 0.000000 0.000000 0.000000 0.000000 0.000000 
0.673234 0.000000 0.000000 0.000000 0.000000 0.000000 0.000000 0.000000 0.000000 0.000000 
0.693949 0.000000 0.000000 0.000000 0.000000 0.000000 0.000000 0.000000 0.000000 0.000000 
0.714664 0.000000 0.000017 0.000000 0.000017 0.000000 0.000000 0.000000 0.000000 0.000000 
0.735379 0.000000 0.002782 0.000000 0.002782 0.000000 0.000096 0.000000 0.000096 0.000000 
0.756094 0.000000 0.065678 0.000000 0.065678 0.000241 0.001086 0.000000 0.001086 0.000000 
0.776809 0.000000 0.505701 0.000000 0.505701 0.003260 0.020462 0.000000 0.020462 0.000000 
0.797524 0.000000 1.733809 0.000088 1.733809 0.025336 0.138060 0.000088 0.138060 0.000000 
0.818239 0.000000 3.470036 0.003838 3.470036 0.086125 0.469872 0.003838 0.469872 0.000103 
0.838953 0.000000 4.763759 0.065725 4.763759 0.202778 0.996330 0.065725 0.996330 0.003922 
0.859668 0.000003 5.149035 0.443867 5.149035 0.352348 1.491178 0.443867 1.491178 0.032032 
0.880383 0.000214 4.792508 1.454614 4.792508 0.502875 1.834563 1.454614 1.834563 0.154268 
0.901098 0.006853 4.026744 2.949597 4.026744 0.638074 1.925032 2.949597 1.925032 0.403609 
0.921813 0.077853 3.207224 4.244330 3.207224 0.695408 1.849495 4.244330 1.849495 0.761074 
0.942528 0.390070 2.497097 4.831176 2.497097 0.742632 1.709688 4.831176 1.709688 1.084892 
0.963243 1.119555 1.924687 4.703801 1.924687 0.744547 1.516360 4.703801 1.516360 1.340364 
0.983958 2.149676 1.488563 4.138895 1.488563 0.755801 1.321252 4.138895 1.321252 1.416651 
1.004673 3.081140 1.167291 3.422849 1.167291 0.742700 1.172541 3.422849 1.172541 1.403930 
1.025388 3.606083 0.928203 2.731951 0.928203 0.738297 1.040053 2.731951 1.040053 1.304712 
1.046102 3.663101 0.757353 2.144129 0.757353 0.734516 0.922326 2.144129 0.922326 1.191440 
1.066817 3.380684 0.630200 1.681675 0.630200 0.722490 0.845338 1.681675 0.845338 1.076155 
1.087532 2.934391 0.538386 1.317369 0.538386 0.745181 0.779089 1.317369 0.779089 0.972120 
1.108247 2.450039 0.467562 1.052829 0.467562 0.768833 0.724738 1.052829 0.724738 0.880236 
1.128962 2.002948 0.418139 0.853154 0.418139 0.793566 0.691540 0.853154 0.691540 0.801472 
1.149677 1.631950 0.384081 0.701163 0.384081 0.843416 0.671095 0.701163 0.671095 0.729925 
1.170392 1.332340 0.360545 0.597365 0.360545 0.873360 0.660332 0.597365 0.660332 0.679783 
1.191107 1.093592 0.341638 0.513428 0.341638 0.941465 0.659165 0.513428 0.659165 0.641167 
1.211822 0.913506 0.336276 0.454098 0.336276 1.004772 0.667908 0.454098 0.667908 0.624323 
1.232536 0.773614 0.331502 0.407880 0.331502 1.078343 0.686844 0.407880 0.686844 0.598198 
1.253251 0.668686 0.334678 0.374593 0.334678 1.131182 0.724618 0.374593 0.724618 0.591484 
1.273966 0.587163 0.341690 0.352238 0.341690 1.200746 0.770809 0.352238 0.770809 0.593962 
1.294681 0.529005 0.356929 0.340918 0.356929 1.260427 0.819373 0.340918 0.819373 0.598684 
1.315396 0.486769 0.373477 0.333145 0.373477 1.307879 0.880942 0.333145 0.880942 0.615318 
1.336111 0.455650 0.401358 0.331947 0.401358 1.346663 0.943401 0.331947 0.943401 0.639416 
1.356826 0.437508 0.435410 0.336531 0.435410 1.366686 1.010160 0.336531 1.010160 0.669153 
1.377541 0.428700 0.473847 0.348902 0.473847 1.377567 1.076381 0.348902 1.076381 0.701168 
1.398256 0.428311 0.519040 0.363685 0.519040 1.369273 1.134960 0.363685 1.134960 0.760878 
1.418971 0.436174 0.579908 0.385048 0.579908 1.360283 1.194706 0.385048 1.194706 0.814288 
1.439686 0.454187 0.644144 0.411269 0.644144 1.319972 1.245243 0.411269 1.245243 0.883444 
1.460400 0.479902 0.715714 0.449131 0.715714 1.268003 1.282255 0.449131 1.282255 0.959088 
1.481115 0.515359 0.796214 0.490181 0.796214 1.241514 1.310428 0.490181 1.310428 1.037799 
1.501830 0.558220 0.877270 0.545689 0.877270 1.208413 1.310916 0.545689 1.310916 1.120760 
1.522545 0.610668 0.959984 0.609623 0.959984 1.174258 1.307545 0.609623 1.307545 1.188162 
1.543260 0.673178 1.040853 0.686953 1.040853 1.173766 1.289153 0.686953 1.289153 1.270657 
1.563975 0.745337 1.111050 0.772820 1.111050 1.190903 1.264015 0.772820 1.264015 1.324113 
1.584690 0.822212 1.171488 0.866720 1.171488 1.201583 1.238719 0.866720 1.238719 1.358184 
1.605405 0.906463 1.218601 0.965588 1.218601 1.246746 1.218227 0.965588 1.218227 1.390737 
1.626120 0.989820 1.246732 1.057518 1.246732 1.293898 1.204207 1.057518 1.204207 1.399385 
1.646835 1.066996 1.268272 1.146765 1.268272 1.342982 1.201918 1.146765 1.201918 1.388128 
1.667549 1.133517 1.277475 1.214819 1.277475 1.350119 1.215873 1.214819 1.215873 1.368474 
1.688264 1.188761 1.280331 1.269486 1.280331 1.341103 1.239392 1.269486 1.239392 1.338960 
1.708979 1.231157 1.280407 1.308963 1.280407 1.304299 1.284940 1.308963 1.284940 1.314614 
1.729694 1.261723 1.290809 1.323480 1.290809 1.247559 1.321641 1.323480 1.321641 1.289798 
1.750409 1.278652 1.306309 1.325891 1.306309 1.163292 1.344060 1.325891 1.344060 1.279447 
1.771124 1.288640 1.328284 1.323029 1.328284 1.071725 1.338827 1.323029 1.338827 1.282209 
1.791839 1.283270 1.352670 1.305858 1.352670 0.989661 1.315931 1.305858 1.315931 1.313290 
1.812554 1.268868 1.370773 1.298247 1.370773 0.906783 1.266749 1.298247 1.266749 1.333306 
1.833269 1.247138 1.378082 1.290679 1.378082 0.831094 1.196284 1.290679 1.196284 1.347322 
1.853983 1.220321 1.363546 1.297573 1.363546 0.770710 1.112764 1.297573 1.112764 1.351528 
1.874698 1.195724 1.333010 1.307864 1.333010 0.718655 1.030193 1.307864 1.030193 1.329653 
1.895413 1.169194 1.285219 1.315262 1.285219 0.681923 0.945893 1.315262 0.945893 1.287501 
1.916128 1.149778 1.215784 1.325419 1.215784 0.656309 0.866790 1.325419 0.866790 1.228712 
1.936843 1.136383 1.145540 1.319841 1.145540 0.628703 0.801719 1.319841 0.801719 1.145315 
1.957558 1.135118 1.068152 1.297953 1.068152 0.625383 0.748320 1.297953 0.748320 1.063948 
1.978273 1.136645 0.995218 1.257652 0.995218 0.624779 0.702351 1.257652 0.702351 0.988885 
1.998988 1.141418 0.931332 1.205530 0.931332 0.629269 0.669592 1.205530 0.669592 0.904817 
2.019703 1.141017 0.873633 1.140268 0.873633 0.648819 0.644013 1.140268 0.644013 0.828252 
2.040418 1.129625 0.825169 1.070744 0.825169 0.664334 0.633344 1.070744 0.633344 0.769238 
2.061133 1.106283 0.786458 1.003653 0.786458 0.697268 0.627441 1.003653 0.627441 0.722060 
2.081847 1.073720 0.759734 0.935490 0.759734 0.724419 0.626969 0.935490 0.626969 0.683700 
2.102562 1.031623 0.740992 0.877191 0.740992 0.763648 0.641669 0.877191 0.641669 0.657579 
2.123277 0.983199 0.728100 0.826324 0.728100 0.804608 0.659457 0.826324 0.659457 0.636972 
2.143992 0.932913 0.731628 0.784979 0.731628 0.853156 0.686045 0.784979 0.686045 0.623965 
2.164707 0.885495 0.738609 0.754936 0.738609 0.903988 0.715173 0.754936 0.715173 0.622545 
2.185422 0.842453 0.751284 0.732114 0.751284 0.948511 0.750016 0.732114 0.750016 0.630561 
2.206137 0.807102 0.767174 0.720277 0.767174 0.992379 0.791833 0.720277 0.791833 0.648115 
2.226852 0.776562 0.791836 0.717692 0.791836 1.040752 0.838744 0.717692 0.838744 0.670693 
2.247567 0.756368 0.818331 0.720378 0.818331 1.081173 0.880590 0.720378 0.880590 0.699040 
2.268281 0.745655 0.849741 0.732519 0.849741 1.114153 0.927778 0.732519 0.927778 0.735502 
2.288996 0.743060 0.885189 0.755387 0.885189 1.141290 0.978514 0.755387 0.978514 0.773010 
2.309711 0.749083 0.918725 0.778654 0.918725 1.165344 1.027270 0.778654 1.027270 0.821985 
2.330426 0.762753 0.951297 0.807181 0.951297 1.194048 1.067530 0.807181 1.067530 0.860962 
2.351141 0.786209 0.986341 0.842372 0.986341 1.197733 1.106113 0.842372 1.106113 0.915711 
2.371856 0.814297 1.018378 0.878236 1.018378 1.208410 1.142352 0.878236 1.142352 0.959188 
2.392571 0.847152 1.048612 0.918358 1.048612 1.205883 1.167130 0.918358 1.167130 1.008488 
2.413286 0.882934 1.076039 0.956537 1.076039 1.200610 1.184393 0.956537 1.184393 1.049324 
2.434001 0.922792 1.099047 0.993853 1.099047 1.191162 1.206423 0.993853 1.206423 1.094881 
2.454716 0.962831 1.116539 1.029433 1.116539 1.182578 1.212319 1.029433 1.212319 1.132735 
2.475430 1.002142 1.128910 1.062377 1.128910 1.174635 1.217877 1.062377 1.217877 1.163755 
2.496145 1.040415 1.135079 1.093712 1.135079 1.154116 1.210519 1.093712 1.210519 1.186190 
2.516860 1.074434 1.140027 1.117206 1.140027 1.137225 1.202425 1.117206 1.202425 1.207889 
2.537575 1.104341 1.138158 1.134235 1.138158 1.125035 1.187850 1.134235 1.187850 1.222399 
2.558290 1.130023 1.135745 1.147814 1.135745 1.110279 1.170644 1.147814 1.170644 1.220200 
2.579005 1.149394 1.125420 1.159684 1.125420 1.088606 1.153392 1.159684 1.153392 1.220002 
2.599720 1.161319 1.115036 1.161105 1.115036 1.072723 1.138917 1.161105 1.138917 1.209441 
2.620435 1.170090 1.102067 1.160297 1.102067 1.054853 1.121974 1.160297 1.121974 1.198315 
2.641150 1.172800 1.089367 1.154368 1.089367 1.042401 1.098292 1.154368 1.098292 1.181646 
2.661865 1.169917 1.073055 1.142162 1.073055 1.021959 1.081815 1.142162 1.081815 1.161383 
2.682580 1.161012 1.057928 1.128214 1.057928 1.004354 1.065781 1.128214 1.065781 1.139616 
2.703294 1.148425 1.043249 1.111573 1.043249 0.980962 1.049408 1.111573 1.049408 1.117142 
2.724009 1.134466 1.029385 1.094988 1.029385 0.965734 1.031512 1.094988 1.031512 1.101131 
2.744724 1.116623 1.017880 1.076033 1.017880 0.946588 1.014416 1.076033 1.014416 1.079077 
2.765439 1.095622 1.004859 1.058376 1.004859 0.924713 1.002555 1.058376 1.002555 1.058401 
2.786154 1.076363 0.994266 1.041662 0.994266 0.910579 0.980651 1.041662 0.980651 1.043658 
2.806869 1.055646 0.985247 1.024008 0.985247 0.893372 0.960171 1.024008 0.960171 1.020852 
2.827584 1.035388 0.973875 1.009088 0.973875 0.885028 0.942755 1.009088 0.942755 1.004796 
2.848299 1.015798 0.964982 0.994984 0.964982 0.875799 0.927302 0.994984 0.927302 0.985254 
2.869014 0.999285 0.955226 0.982373 0.955226 0.871618 0.909476 0.982373 0.909476 0.974456 
2.889728 0.981186 0.943270 0.972193 0.943270 0.868248 0.894798 0.972193 0.894798 0.956821 
2.910443 0.969461 0.933376 0.960743 0.933376 0.873487 0.885199 0.960743 0.885199 0.939269 
2.931158 0.956299 0.926184 0.952613 0.926184 0.879008 0.876441 0.952613 0.876441 0.923589 
2.951873 0.947598 0.917506 0.943491 0.917506 0.894483 0.872728 0.943491 0.872728 0.907762 
2.972588 0.939041 0.911725 0.934345 0.911725 0.910310 0.874435 0.934345 0.874435 0.892552 
2.993303 0.932851 0.908411 0.926390 0.908411 0.921319 0.874529 0.926390 0.874529 0.885281 
3.014018 0.926894 0.907024 0.917059 0.907024 0.943651 0.881962 0.917059 0.881962 0.874244 
3.034733 0.923137 0.908692 0.911536 0.908692 0.954835 0.893298 0.911536 0.893298 0.868864 
3.055448 0.920475 0.914894 0.906588 0.914894 0.978050 0.911542 0.906588 0.911542 0.868491 
3.076163 0.917670 0.921645 0.902000 0.921645 0.989615 0.924998 0.902000 0.924998 0.874294 
3.096877 0.917211 0.931657 0.901951 0.931657 1.008890 0.942023 0.901951 0.942023 0.877779 
3.117592 0.915518 0.946634 0.904784 0.946634 1.019364 0.963927 0.904784 0.963927 0.892363 
3.138307 0.914476 0.959633 0.910872 0.959633 1.038091 0.977085 0.910872 0.977085 0.908656 
3.159022 0.917995 0.975487 0.917685 0.975487 1.049343 0.995268 0.917685 0.995268 0.924577 
3.179737 0.922668 0.991237 0.929029 0.991237 1.055841 1.012160 0.929029 1.012160 0.940025 
3.200452 0.928044 1.008082 0.942545 1.008082 1.061702 1.031100 0.942545 1.031100 0.960727 
3.221167 0.936783 1.021650 0.958547 1.021650 1.066213 1.041283 0.958547 1.041283 0.983038 
3.241882 0.946453 1.037672 0.975311 1.037672 1.067095 1.053572 0.975311 1.053572 0.997183 
3.262597 0.958622 1.048853 0.991225 1.048853 1.071017 1.063169 0.991225 1.063169 1.023123 
3.283312 0.972695 1.057827 1.007748 1.057827 1.069354 1.070342 1.007748 1.070342 1.036183 
3.304026 0.987272 1.064509 1.023760 1.064509 1.065275 1.076110 1.023760 1.076110 1.048682 
3.324741 1.000963 1.070350 1.039365 1.070350 1.062578 1.079009 1.039365 1.079009 1.062400 
3.345456 1.015607 1.075261 1.052404 1.075261 1.055245 1.075478 1.052404 1.075478 1.072456 
3.366171 1.029887 1.075958 1.063177 1.075958 1.048857 1.072770 1.063177 1.072770 1.077722 
3.386886 1.042197 1.073516 1.072351 1.073516 1.042946 1.069019 1.072351 1.069019 1.082134 
3.407601 1.053895 1.071991 1.081415 1.071991 1.032340 1.066758 1.081415 1.066758 1.087936 
3.428316 1.063665 1.065605 1.081466 1.065605 1.024686 1.058195 1.081466 1.058195 1.085247 
3.449031 1.069304 1.059661 1.084503 1.059661 1.017444 1.050408 1.084503 1.050408 1.077860 
3.469746 1.074855 1.052707 1.081983 1.052707 1.008256 1.042994 1.081983 1.042994 1.071696 
3.490461 1.075699 1.043474 1.078888 1.043474 1.003119 1.033784 1.078888 1.033784 1.071861 
3.511176 1.076309 1.035305 1.072285 1.035305 0.993736 1.020635 1.072285 1.020635 1.059013 
3.531890 1.073624 1.023691 1.065469 1.023691 0.986911 1.013857 1.065469 1.013857 1.054559 
3.552605 1.069810 1.014985 1.058452 1.014985 0.977956 1.004162 1.058452 1.004162 1.042635 
3.573320 1.063732 1.005165 1.047776 1.005165 0.975037 0.995597 1.047776 0.995597 1.031964 
3.594035 1.056584 0.996250 1.036125 0.996250 0.970610 0.986787 1.036125 0.986787 1.020037 
3.614750 1.049238 0.987411 1.026388 0.987411 0.968286 0.978592 1.026388 0.978592 1.010746 
3.635465 1.039251 0.979396 1.016173 0.979396 0.963231 0.973173 1.016173 0.973173 1.001144 
3.656180 1.029905 0.971886 1.005368 0.971886 0.959067 0.967257 1.005368 0.967257 0.990732 
3.676895 1.019501 0.966378 0.994789 0.966378 0.962216 0.962423 0.994789 0.962423 0.981799 
3.697610 1.008981 0.961476 0.985729 0.961476 0.959735 0.961922 0.985729 0.961922 0.972098 
3.718324 0.999334 0.958038 0.976875 0.958038 0.961003 0.958130 0.976875 0.958130 0.968237 
3.739039 0.990368 0.954621 0.968943 0.954621 0.964412 0.954396 0.968943 0.954396 0.962484 
3.759754 0.981015 0.952690 0.962602 0.952690 0.964714 0.955423 0.962602 0.955423 0.955769 
3.780469 0.972657 0.952133 0.957009 0.952133 0.967337 0.956801 0.957009 0.956801 0.956010 
3.801184 0.966524 0.953271 0.953165 0.953271 0.971765 0.957387 0.953165 0.957387 0.950781 
3.821899 0.961238 0.954650 0.949252 0.954650 0.976012 0.958017 0.949252 0.958017 0.946081 
3.842614 0.956435 0.957051 0.948948 0.957051 0.983080 0.961232 0.948948 0.961232 0.949680 
3.863329 0.952997 0.960802 0.947308 0.960802 0.987451 0.966057 0.947308 0.966057 0.948496 
3.884044 0.951788 0.963723 0.949293 0.963723 0.993105 0.970603 0.949293 0.970603 0.953906 
3.904759 0.951492 0.969322 0.950480 0.969322 0.999847 0.978821 0.950480 0.978821 0.957999 
3.925473 0.951784 0.973697 0.953069 0.973697 1.007886 0.984260 0.953069 0.984260 0.959210 
3.946188 0.953444 0.979441 0.956882 0.979441 1.010380 0.989536 0.956882 0.989536 0.963562 
3.966903 0.956328 0.985422 0.960278 0.985422 1.017271 0.995997 0.960278 0.995997 0.969139 
3.987618 0.959561 0.991266 0.965979 0.991266 1.021935 1.003386 0.965979 1.003386 0.974694 
4.008333 0.964483 0.998084 0.973209 0.998084 1.026626 1.010890 0.973209 1.010890 0.981607 
4.029048 0.970389 1.002494 0.979222 1.002494 1.031940 1.016026 0.979222 1.016026 0.989852 
4.049763 0.974890 1.010452 0.985791 1.010452 1.033574 1.022565 0.985791 1.022565 0.999543 
4.070478 0.980990 1.015989 0.991648 1.015989 1.035225 1.027648 0.991648 1.027648 1.006258 
4.091193 0.987574 1.020649 0.998145 1.020649 1.034338 1.031171 0.998145 1.031171 1.010481 
4.111907 0.993905 1.025572 1.004874 1.025572 1.033072 1.033455 1.004874 1.033455 1.021124 
4.132622 0.999697 1.029308 1.011225 1.029308 1.029349 1.034514 1.011225 1.034514 1.027198 
4.153337 1.005992 1.032666 1.017262 1.032666 1.028007 1.039528 1.017262 1.039528 1.027737 
4.174052 1.010924 1.033919 1.023631 1.033919 1.025839 1.037875 1.023631 1.037875 1.039359 
4.194767 1.016884 1.034893 1.028248 1.034893 1.021867 1.034435 1.028248 1.034435 1.039102 
4.215482 1.021837 1.035829 1.030940 1.035829 1.017991 1.033128 1.030940 1.033128 1.041743 
4.236197 1.025541 1.035335 1.034889 1.035335 1.013396 1.030743 1.034889 1.030743 1.040920 
4.256912 1.028189 1.033552 1.038226 1.033552 1.007050 1.026610 1.038226 1.026610 1.041041 
4.277627 1.030754 1.031592 1.038376 1.031592 1.006870 1.025065 1.038376 1.025065 1.042610 
4.298342 1.032659 1.028873 1.039202 1.028873 1.001317 1.017444 1.039202 1.017444 1.039671 
4.319057 1.034449 1.024324 1.037008 1.024324 0.995420 1.014187 1.037008 1.014187 1.036841 
4.339772 1.033953 1.018909 1.035161 1.018909 0.993230 1.011385 1.035161 1.011385 1.027331 
4.360487 1.033534 1.015638 1.033201 1.015638 0.990361 1.003855 1.033201 1.003855 1.026282 
4.381201 1.031563 1.010110 1.031332 1.010110 0.983233 0.999514 1.031332 0.999514 1.021898 
4.401916 1.028981 1.005758 1.026404 1.005758 0.982619 0.995250 1.026404 0.995250 1.017471 
4.422631 1.025944 1.002080 1.021109 1.002080 0.979578 0.990379 1.021109 0.990379 1.012770 
4.443346 1.022222 0.996746 1.015822 0.996746 0.975344 0.985308 1.015822 0.985308 1.004141 
4.464061 1.018697 0.992402 1.010932 0.992402 0.980297 0.981249 1.010932 0.981249 0.996748 
4.484776 1.014647 0.987937 1.006071 0.987937 0.977591 0.978928 1.006071 0.978928 0.991348 
4.505491 1.010939 0.984846 1.001027 0.984846 0.974777 0.976787 1.001027 0.976787 0.990233 
4.526206 1.005361 0.981836 0.996297 0.981836 0.979004 0.974456 0.996297 0.974456 0.983932 
4.546920 1.000750 0.979079 0.990373 0.979079 0.977924 0.973938 0.990373 0.973938 0.980368 
4.567635 0.996733 0.976649 0.986482 0.976649 0.980463 0.972515 0.986482 0.972515 0.975646 
4.588350 0.991915 0.975649 0.982905 0.975649 0.981384 0.971917 0.982905 0.971917 0.974334 
4.609065 0.987760 0.974067 0.978327 0.974067 0.984623 0.973797 0.978327 0.973797 0.972040 
4.629780 0.984224 0.974285 0.976873 0.974285 0.985554 0.974494 0.976873 0.974494 0.971791 
4.650495 0.981995 0.974243 0.974517 0.974243 0.990905 0.975759 0.974517 0.975759 0.971739 
4.671210 0.979914 0.975575 0.973478 0.975575 0.992011 0.980935 0.973478 0.980935 0.971701 
4.691925 0.976860 0.978629 0.972719 0.978629 0.996908 0.982861 0.972719 0.982861 0.972560 
4.712640 0.976277 0.981024 0.972548 0.981024 0.999529 0.987224 0.972548 0.987224 0.971640 
4.733355 0.975206 0.982261 0.973606 0.982261 1.002258 0.988952 0.973606 0.988952 0.974876 
4.754069 0.975058 0.985718 0.974421 0.985718 1.008993 0.994008 0.974421 0.994008 0.977678 
4.774784 0.975997 0.988976 0.975364 0.988976 1.009480 0.998031 0.975364 0.998031 0.981288 
4.795499 0.976916 0.993212 0.979906 0.993212 1.012478 1.002106 0.979906 1.002106 0.986940 
4.816214 0.977912 0.995566 0.981828 0.995566 1.014417 1.003155 0.981828 1.003155 0.987961 
4.836929 0.981258 0.999316 0.985705 0.999316 1.017363 1.007936 0.985705 1.007936 0.993985 
4.857644 0.984170 1.003411 0.987855 1.003411 1.015131 1.009364 0.987855 1.009364 0.998609 
4.878359 0.986167 1.006203 0.992188 1.006203 1.018333 1.013573 0.992188 1.013573 1.001055 
4.899074 0.990025 1.008489 0.995787 1.008489 1.018499 1.014511 0.995787 1.014511 1.003993 
4.919789 0.993531 1.011142 1.000135 1.011142 1.018956 1.017437 1.000135 1.017437 1.008675 
4.940504 0.996812 1.014499 1.003323 1.014499 1.016364 1.020250 1.003323 1.020250 1.012192 
4.961218 1.000341 1.015349 1.007495 1.015349 1.016312 1.018623 1.007495 1.018623 1.014087 
4.981933 1.003495 1.016261 1.010398 1.016261 1.013564 1.018726 1.010398 1.018726 1.017508 
5.002648 1.007087 1.017191 1.013476 1.017191 1.013579 1.018514 1.013476 1.018514 1.016836 
5.023363 1.010231 1.017554 1.015241 1.017554 1.010346 1.019743 1.015241 1.019743 1.019395 
5.044078 1.012153 1.016912 1.016357 1.016912 1.010249 1.018273 1.016357 1.018273 1.021706 
5.064793 1.013809 1.017325 1.017339 1.017325 1.008836 1.018664 1.017339 1.018664 1.022076 
5.085508 1.015681 1.016432 1.018970 1.016432 1.005730 1.014959 1.018970 1.014959 1.023775 
5.106223 1.017158 1.015605 1.018943 1.015605 1.003839 1.012697 1.018943 1.012697 1.021867 
5.126938 1.017946 1.013465 1.018729 1.013465 0.998130 1.009911 1.018729 1.009911 1.016709 
5.147653 1.018025 1.012386 1.018300 1.012386 1.000257 1.008816 1.018300 1.008816 1.021212 
5.168367 1.017448 1.010068 1.018390 1.010068 0.996634 1.006525 1.018390 1.006525 1.016644 
5.189082 1.017790 1.007144 1.015836 1.007144 0.994863 1.003075 1.015836 1.003075 1.013049 
5.209797 1.016437 1.005349 1.014851 1.005349 0.991897 1.000335 1.014851 1.000335 1.010852 
5.230512 1.014916 1.003403 1.012231 1.003403 0.989211 0.996843 1.012231 0.996843 1.008570 
5.251227 1.013091 1.000228 1.010105 1.000228 0.988616 0.994789 1.010105 0.994789 1.005618 
5.271942 1.011789 0.997357 1.007396 0.997357 0.987282 0.993047 1.007396 0.993047 1.002185 
5.292657 1.009207 0.995838 1.004894 0.995838 0.986019 0.992407 1.004894 0.992407 1.002288 
5.313372 1.006921 0.994702 1.003399 0.994702 0.986906 0.988129 1.003399 0.988129 0.998718 
5.334087 1.003948 0.991679 1.001060 0.991679 0.985898 0.988457 1.001060 0.988457 0.997029 
5.354802 1.002045 0.991350 0.997677 0.991350 0.986302 0.986630 0.997677 0.986630 0.989999 
5.375516 0.999770 0.988883 0.995466 0.988883 0.986769 0.986217 0.995466 0.986217 0.987603 
5.396231 0.997430 0.987208 0.993405 0.987208 0.988794 0.987095 0.993405 0.987095 0.988613 
5.416946 0.995627 0.988351 0.990930 0.988351 0.991724 0.984758 0.990930 0.984758 0.985599 
5.437661 0.993255 0.986908 0.989896 0.986908 0.990539 0.986799 0.989896 0.986799 0.987782 
5.458376 0.991656 0.986934 0.988402 0.986934 0.991941 0.986792 0.988402 0.986792 0.988119 
5.479091 0.990678 0.987877 0.987102 0.987877 0.993843 0.987241 0.987102 0.987241 0.985245 
5.499806 0.988907 0.988297 0.985679 0.988297 0.998571 0.989672 0.985679 0.989672 0.984390 
5.520521 0.988242 0.988972 0.986011 0.988972 0.998090 0.990119 0.986011 0.990119 0.986656 
5.541236 0.987049 0.990054 0.985622 0.990054 0.999047 0.992223 0.985622 0.992223 0.985394 
5.561951 0.987324 0.992122 0.986883 0.992122 1.002200 0.993232 0.986883 0.993232 0.986387 
5.582665 0.987731 0.992695 0.987617 0.992695 1.002565 0.995700 0.987617 0.995700 0.987939 
5.603380 0.987801 0.993530 0.988113 0.993530 1.005292 0.997630 0.988113 0.997630 0.989958 
5.624095 0.988379 0.996342 0.988963 0.996342 1.005865 1.000089 0.988963 1.000089 0.991221 
5.644810 0.989263 0.997282 0.991874 0.997282 1.010874 1.002147 0.991874 1.002147 0.991800 
5.665525 0.990132 0.999418 0.993146 0.999418 1.008366 1.003113 0.993146 1.003113 0.994124 
5.686240 0.991805 1.001711 0.993893 1.001711 1.009211 1.005769 0.993893 1.005769 0.998793 
5.706955 0.993864 1.003703 0.996156 1.003703 1.011597 1.006851 0.996156 1.006851 1.000934 
5.727670 0.994595 1.004559 0.997447 1.004559 1.009323 1.008558 0.997447 1.008558 1.002540 
5.748384 0.996681 1.005417 1.000293 1.005417 1.011497 1.008284 1.000293 1.008284 1.003710 
5.769099 0.998124 1.007923 1.001766 1.007923 1.009348 1.010163 1.001766 1.010163 1.008265 
5.789814 0.999991 1.007826 1.003457 1.007826 1.010988 1.009300 1.003457 1.009300 1.008221 
5.810529 1.002289 1.009114 1.005127 1.009114 1.007734 1.010317 1.005127 1.010317 1.010191 
5.831244 1.003677 1.009672 1.006516 1.009672 1.006585 1.011327 1.006516 1.011327 1.008697 
5.851959 1.005075 1.009269 1.007716 1.009269 1.007073 1.009015 1.007716 1.009015 1.011092 
5.872674 1.006313 1.009543 1.008614 1.009543 1.004694 1.009727 1.008614 1.009727 1.011302 
5.893389 1.006970 1.008780 1.009660 1.008780 1.003771 1.009403 1.009660 1.009403 1.009956 
5.914104 1.008233 1.008900 1.010793 1.008900 1.003157 1.007867 1.010793 1.007867 1.011280 
5.934819 1.009615 1.008219 1.010570 1.008219 1.000155 1.006695 1.010570 1.006695 1.011600 
5.955534 1.009795 1.007136 1.011029 1.007136 1.001362 1.004491 1.011029 1.004491 1.011758 
5.976249 1.009628 1.005852 1.010266 1.005852 1.001542 1.006248 1.010266 1.006248 1.008860 
5.996964 1.009857 1.004642 1.009514 1.004642 0.997905 1.002402 1.009514 1.002402 1.009245 
6.017678 1.009100 1.003091 1.008361 1.003091 0.997689 1.002168 1.008361 1.002168 1.007463 
6.038393 1.008477 1.002151 1.007563 1.002151 0.994655 1.000688 1.007563 1.000688 1.005700 
6.059108 1.008274 1.000912 1.006205 1.000912 0.994944 1.000624 1.006205 1.000624 1.002516 
6.079823 1.007036 1.000296 1.005615 1.000296 0.995817 0.998541 1.005615 0.998541 1.002344 
6.100538 1.006056 0.999242 1.003563 0.999242 0.991863 0.998458 1.003563 0.998458 1.002218 
6.121253 1.005072 0.998028 1.002640 0.998028 0.992136 0.995690 1.002640 0.995690 0.999025 
6.141968 1.003995 0.996397 1.001377 0.996397 0.994120 0.995305 1.001377 0.995305 0.998886 
6.162683 1.002309 0.995245 0.999080 0.995245 0.990680 0.994343 0.999080 0.994343 0.996716 
6.183398 1.001410 0.994830 0.997466 0.994830 0.994198 0.991442 0.997466 0.991442 0.996705 
6.204113 0.999918 0.994110 0.997191 0.994110 0.993807 0.992360 0.997191 0.992360 0.996307 
6.224827 0.998756 0.993683 0.995464 0.993683 0.994547 0.991996 0.995464 0.991996 0.995512 
6.245542 0.997042 0.992886 0.994319 0.992886 0.994923 0.993087 0.994319 0.993087 0.993798 
6.266257 0.996225 0.993878 0.994762 0.993878 0.996182 0.993215 0.994762 0.993215 0.993535 
6.286972 0.995141 0.993245 0.993686 0.993245 0.997347 0.992618 0.993686 0.992618 0.992589 
6.307687 0.995026 0.993609 0.993106 0.993609 0.997202 0.994285 0.993106 0.994285 0.991368 
6.328402 0.994305 0.993748 0.993058 0.993748 0.995952 0.994331 0.993058 0.994331 0.992485 
6.349117 0.993563 0.994372 0.992813 0.994372 0.999310 0.994589 0.992813 0.994589 0.992786 
6.369832 0.993595 0.994913 0.992731 0.994913 0.999637 0.994758 0.992731 0.994758 0.994287 
6.390547 0.993329 0.996285 0.993234 0.996285 1.001690 0.997630 0.993234 0.997630 0.994160 
6.411262 0.992973 0.995847 0.993575 0.995847 0.998648 0.999009 0.993575 0.999009 0.994224 
6.431976 0.993063 0.997600 0.993920 0.997600 1.002605 1.000087 0.993920 1.000087 0.995395 
6.452691 0.994079 0.998510 0.993766 0.998510 1.003173 0.999879 0.993766 0.999879 0.995365 
6.473406 0.994325 0.998598 0.994941 0.998598 1.003934 1.000103 0.994941 1.000103 0.998035 
6.494121 0.994949 1.000072 0.997080 1.000072 1.003875 1.000810 0.997080 1.000810 0.997302 
6.514836 0.996185 1.001123 0.996679 1.001123 1.006758 1.001880 0.996679 1.001880 0.998975 
6.535551 0.996300 1.000885 0.998526 1.000885 1.005678 1.003345 0.998526 1.003345 1.000507 
6.556266 0.997915 1.002886 0.999379 1.002886 1.006406 1.003785 0.999379 1.003785 1.002400 
6.576981 0.998477 1.002916 0.999850 1.002916 1.004253 1.004629 0.999850 1.004629 1.001137 
6.597695 0.999171 1.003733 1.000791 1.003733 1.004425 1.005527 1.000791 1.005527 1.002119 
6.618410 1.000419 1.004268 1.002331 1.004268 1.005037 1.005199 1.002331 1.005199 1.002702 
6.639125 1.000646 1.004717 1.003052 1.004717 1.006583 1.005816 1.003052 1.005816 1.004814 
6.659840 1.002168 1.005091 1.003987 1.005091 1.004950 1.004958 1.003987 1.004958 1.004671 
6.680555 1.003028 1.004804 1.004479 1.004804 1.004263 1.005524 1.004479 1.005524 1.006889 
6.701270 1.003545 1.005094 1.004939 1.005094 1.002723 1.005384 1.004939 1.005384 1.004629 
6.721985 1.004133 1.005149 1.005178 1.005149 1.002111 1.004591 1.005178 1.004591 1.005598 
6.742700 1.004662 1.004419 1.005519 1.004419 1.000869 1.004452 1.005519 1.004452 1.005953 
6.763415 1.004701 1.004069 1.005850 1.004069 1.000130 1.003790 1.005850 1.003790 1.005543 
6.784130 1.004844 1.003811 1.005487 1.003811 0.999661 1.003702 1.005487 1.003702 1.006988 
6.804844 1.005402 1.003207 1.005056 1.003207 0.999577 1.001934 1.005056 1.001934 1.005469 
6.825559 1.005244 1.003157 1.005069 1.003157 0.998904 1.001209 1.005069 1.001209 1.005427 
6.846274 1.005439 1.001948 1.004212 1.001948 0.998945 1.000655 1.004212 1.000655 1.002968 
6.866989 1.004379 1.001480 1.004285 1.001480 0.998733 1.000287 1.004285 1.000287 1.002940 
6.887704 1.004051 1.000487 1.004314 1.000487 0.997302 0.999648 1.004314 0.999648 1.003081 
6.908419 1.003861 0.999624 1.002556 0.999624 0.996366 0.998650 1.002556 0.998650 1.000744 
6.929134 1.003416 0.999219 1.002264 0.999219 0.997495 0.998227 1.002264 0.998227 1.000805 
6.949849 1.002534 0.998901 1.001945 0.998901 0.997835 0.997504 1.001945 0.997504 0.999930 
6.970564 1.001841 0.998314 1.000258 0.998314 0.997895 0.996992 1.000258 0.996992 0.998930 
6.991279 1.001165 0.997321 0.999737 0.997321 0.997233 0.996169 0.999737 0.996169 0.999083 
7.011993 1.001027 0.997301 0.999204 0.997301 0.996995 0.995932 0.999204 0.995932 0.997446 
7.032708 0.999927 0.996751 0.998101 0.996751 0.996470 0.996453 0.998101 0.996453 0.997872 
7.053423 0.999411 0.996503 0.997908 0.996503 0.997327 0.996804 0.997908 0.996804 0.997475 
7.074138 0.998167 0.995693 0.997152 0.995693 0.995836 0.997070 0.997152 0.997070 0.995583 
7.094853 0.997924 0.996068 0.996635 0.996068 0.999450 0.995842 0.996635 0.995842 0.995127 
7.115568 0.998148 0.996551 0.996339 0.996551 0.997779 0.995868 0.996339 0.995868 0.995625 
7.136283 0.997104 0.996121 0.996331 0.996121 0.999444 0.997909 0.996331 0.997909 0.996089 
7.156998 0.996775 0.996897 0.995875 0.996897 0.999102 0.996973 0.995875 0.996973 0.995751 
7.177713 0.996706 0.996873 0.996279 0.996873 0.998311 0.997266 0.996279 0.997266 0.996451 
7.198428 0.996292 0.996958 0.995840 0.996958 0.999877 0.998870 0.995840 0.998870 0.997901 
7.219142 0.996281 0.997475 0.996544 0.997475 1.001876 0.997934 0.996544 0.997934 0.996770 
7.239857 0.996806 0.998168 0.996634 0.998168 1.002775 0.998206 0.996634 0.998206 0.996977 
7.260572 0.996807 0.998509 0.996743 0.998509 1.001474 0.999188 0.996743 0.999188 0.998311 
7.281287 0.996934 0.999285 0.997383 0.999285 1.003157 1.001154 0.997383 1.001154 1.000321 
7.302002 0.997059 0.999814 0.996840 0.999814 1.001837 0.999536 0.996840 0.999536 0.999111 
7.322717 0.997427 0.999654 0.998386 0.999654 1.002720 1.001558 0.998386 1.001558 0.999093 
7.343432 0.997451 1.000166 0.997851 1.000166 1.002587 1.001262 0.997851 1.001262 1.000901 
7.364147 0.998615 1.001327 0.998387 1.001327 1.001124 1.001375 0.998387 1.001375 0.999667 
7.384862 0.998476 1.001599 0.999555 1.001599 1.004290 1.002077 0.999555 1.002077 1.001328 
7.405577 0.999205 1.001857 0.999570 1.001857 1.002935 1.002594 0.999570 1.002594 1.001182 
7.426291 0.999930 1.002282 1.000548 1.002282 1.003343 1.003769 1.000548 1.003769 1.003463 
7.447006 1.000130 1.002700 1.000745 1.002700 1.001850 1.003370 1.000745 1.003370 1.001557 
7.467721 1.000788 1.002921 1.001868 1.002921 1.001969 1.003297 1.001868 1.003297 1.002240 
7.488436 1.001160 1.002849 1.001779 1.002849 1.002080 1.003569 1.001779 1.003569 1.003032 
7.509151 1.001334 1.002460 1.002951 1.002460 1.001871 1.002790 1.002951 1.002790 1.003381 
7.529866 1.001647 1.002222 1.002590 1.002222 1.001669 1.003771 1.002590 1.003771 1.002241 
7.550581 1.002799 1.002845 1.002940 1.002845 1.002051 1.002860 1.002940 1.002860 1.002671 
7.571296 1.002247 1.002916 1.003296 1.002916 0.999595 1.003119 1.003296 1.003119 1.004196 
7.592011 1.002730 1.001643 1.002909 1.001643 1.000528 1.000493 1.002909 1.000493 1.003654 
7.612726 1.002781 1.001953 1.003181 1.001953 0.999830 1.001535 1.003181 1.001535 1.003496 
7.633440 1.003116 1.001724 1.003199 1.001724 0.999738 1.001328 1.003199 1.001328 1.002957 
7.654155 1.003014 1.001084 1.002391 1.001084 0.999900 1.000513 1.002391 1.000513 1.002143 
7.674870 1.002811 1.000804 1.003293 1.000804 0.997986 1.000292 1.003293 1.000292 1.003201 
7.695585 1.002712 1.000660 1.002266 1.000660 1.000107 0.999075 1.002266 0.999075 1.001753 
7.716300 1.002245 1.000108 1.001854 1.000108 1.000229 1.000066 1.001854 1.000066 1.001663 
7.737015 1.002560 1.000163 1.001170 1.000163 0.997901 0.998585 1.001170 0.998585 0.999994 
7.757730 1.001692 0.999566 1.001324 0.999566 0.998791 0.998897 1.001324 0.998897 1.000657 
7.778445 1.001390 0.999493 1.001092 0.999493 0.996834 0.998637 1.001092 0.998637 0.999563 
7.799160 1.000669 0.998925 1.000139 0.998925 0.997237 0.998975 1.000139 0.998975 0.999895 
7.819875 1.000828 0.998990 0.999623 0.998990 0.997726 0.998203 0.999623 0.998203 1.000267 
7.840590 1.000426 0.998411 0.999693 0.998411 0.998905 0.998307 0.999693 0.998307 0.998006 
7.861304 1.000246 0.998112 0.999540 0.998112 0.998223 0.997984 0.999540 0.997984 0.998619 
7.882019 0.999445 0.998485 0.999020 0.998485 0.996929 0.996813 0.999020 0.996813 0.996764 
7.902734 0.999376 0.998063 0.999000 0.998063 0.997729 0.997403 0.999000 0.997403 0.997719 
7.923449 0.999169 0.998419 0.998251 0.998419 0.998565 0.998854 0.998251 0.998854 0.996831 
7.944164 0.998524 0.998646 0.997632 0.998646 1.001222 0.998649 0.997632 0.998649 0.999321 
7.964879 0.998282 0.998003 0.998268 0.998003 1.000254 0.998937 0.998268 0.998937 0.997904 
7.985594 0.998568 0.998146 0.997555 0.998146 1.000192 0.999252 0.997555 0.999252 0.997980 
8.006309 0.997798 0.997855 0.997419 0.997855 0.999808 0.998746 0.997419 0.998746 1.000251 
8.027024 0.998013 0.999212 0.997508 0.999212 0.999894 0.999412 0.997508 0.999412 0.998936 
8.047739 0.998179 0.998677 0.998157 0.998677 0.998484 0.998541 0.998157 0.998541 0.996839 
8.068453 0.998080 0.999214 0.998011 0.999214 0.999696 0.999228 0.998011 0.999228 0.997249 
8.089168 0.998113 0.999090 0.997961 0.999090 1.001461 1.000717 0.997961 1.000717 0.997377 
8.109883 0.998274 0.999072 0.999038 0.999072 1.000331 1.000209 0.999038 1.000209 0.999650 
8.130598 0.998531 0.999776 0.997999 0.999776 1.001196 1.000453 0.997999 1.000453 0.999321 
8.151313 0.998530 0.999777 0.999422 0.999777 1.000602 1.000238 0.999422 1.000238 0.998945 
8.172028 0.998722 1.000380 0.999580 1.000380 1.002798 1.000511 0.999580 1.000511 1.000776 
8.192743 0.999004 1.000003 0.999568 1.000003 1.001164 1.000275 0.999568 1.000275 0.999300 
8.213458 0.999548 1.001048 1.000330 1.001048 1.001706 1.002425 1.000330 1.002425 1.001155 
8.234172 0.999708 1.000757 1.000403 1.000757 1.001209 1.002880 1.000403 1.002880 0.998728 
8.254887 1.000135 1.001024 1.000481 1.001024 1.002254 1.001555 1.000481 1.001555 1.000922 
8.275602 1.000065 1.001231 1.000215 1.001231 1.001820 1.001878 1.000215 1.001878 1.002527 
8.296318 1.000382 1.001369 1.000792 1.001369 1.002008 1.001531 1.000792 1.001531 1.000756 
8.317032 1.000195 1.001566 1.000965 1.001566 1.001102 1.001181 1.000965 1.001181 1.001371 
8.337747 1.001491 1.001581 1.000790 1.001581 1.000780 1.002226 1.000790 1.002226 1.002309 
8.358462 1.000897 1.001729 1.001096 1.001729 1.001820 1.002311 1.001096 1.002311 1.002910 
8.379177 1.001512 1.002114 1.001706 1.002114 1.001850 1.002528 1.001706 1.002528 1.002094 
8.399891 1.001838 1.000792 1.001435 1.000792 1.000585 1.000941 1.001435 1.000941 1.001315 
8.420607 1.001831 1.000826 1.001675 1.000826 1.000306 1.001051 1.001675 1.001051 1.001580 
8.441322 1.001630 1.001466 1.001858 1.001466 1.000843 0.998936 1.001858 0.998936 1.002118 
8.462037 1.001374 1.001039 1.001079 1.001039 1.002347 1.000021 1.001079 1.000021 1.001617 
8.482751 1.001536 1.000828 1.001986 1.000828 0.999164 1.000165 1.001986 1.000165 1.003013 
8.503466 1.001715 1.000396 1.000982 1.000396 1.000368 1.000482 1.000982 1.000482 1.001908 
8.524181 1.001503 1.000304 1.000851 1.000304 1.000282 0.999959 1.000851 0.999959 1.001169 
8.544896 1.001487 0.999998 1.000944 0.999998 0.999947 0.999596 1.000944 0.999596 1.002069 
8.565611 1.001366 0.999308 1.001191 0.999308 0.999838 0.999324 1.001191 0.999324 1.002005 
8.586326 1.000866 0.999637 1.000945 0.999637 0.999156 0.999302 1.000945 0.999302 1.000832 
8.607041 1.001181 0.999223 1.000536 0.999223 1.000202 0.999472 1.000536 0.999472 0.999215 
8.627756 1.000872 0.999056 1.000408 0.999056 1.000263 1.000158 1.000408 1.000158 0.999520 
8.648470 1.000624 0.999327 0.999979 0.999327 0.999939 0.999502 0.999979 0.999502 1.000119 
8.669185 1.000302 0.999528 0.999704 0.999528 0.998119 0.998940 0.999704 0.998940 0.999005 
8.689900 0.999656 0.999747 0.999606 0.999747 0.999321 0.999734 0.999606 0.999734 0.998243 
8.710616 0.999706 0.998799 0.999577 0.998799 0.998545 0.997774 0.999577 0.997774 0.999816 
8.731330 0.999792 0.998471 0.999293 0.998471 0.999859 0.999120 0.999293 0.999120 1.000338 
8.752045 0.999715 0.999177 0.999130 0.999177 0.997764 0.998804 0.999130 0.998804 1.000001 
8.772760 0.999144 0.998755 0.998727 0.998755 1.000440 0.998288 0.998727 0.998288 0.997363 
8.793475 0.999254 0.999421 0.998450 0.999421 0.999044 0.999422 0.998450 0.999422 0.999215 
8.814189 0.998954 0.998862 0.999438 0.998862 1.000384 0.999200 0.999438 0.999200 0.998911 
8.834905 0.998789 0.999096 0.999297 0.999096 0.999528 1.000137 0.999297 1.000137 0.998549 
8.855620 0.998810 0.998947 0.998739 0.998947 1.000749 0.999512 0.998739 0.999512 0.998475 
8.876335 0.998805 0.999444 0.999011 0.999444 1.001163 1.000097 0.999011 1.000097 0.998856 
8.897049 0.999195 0.999578 0.998792 0.999578 0.999057 0.999756 0.998792 0.999756 0.998691 
8.917764 0.998689 0.999570 0.998452 0.999570 1.000594 0.999610 0.998452 0.999610 0.998525 
8.938479 0.999016 1.000018 0.999025 1.000018 1.001351 1.000150 0.999025 1.000150 0.999669 
8.959194 0.999619 0.999940 0.999630 0.999940 1.001553 1.000137 0.999630 1.000137 1.000446 
8.979909 0.999348 1.000163 0.999484 1.000163 1.000381 0.999415 0.999484 0.999415 1.000246 
9.000624 0.999121 1.000136 0.998892 1.000136 1.000206 0.999100 0.998892 0.999100 1.001228 
9.021339 0.999763 1.001015 0.999809 1.001015 1.001304 1.000653 0.999809 1.000653 1.000981 
9.042054 0.999658 1.000617 0.999727 1.000617 1.001362 1.001319 0.999727 1.001319 1.002012 
9.062768 0.999833 1.000370 1.000119 1.000370 1.000297 1.000072 1.000119 1.000072 1.001457 
9.083483 0.999852 1.000742 1.000494 1.000742 1.000427 1.000409 1.000494 1.000409 1.001768 
9.104198 1.000271 1.000625 1.000284 1.000625 1.000437 1.000417 1.000284 1.000417 1.000468 
9.124913 1.000381 1.000679 1.000330 1.000679 1.000246 1.001846 1.000330 1.001846 1.002238 
9.145628 1.000606 1.000425 1.000344 1.000425 1.002053 1.001150 1.000344 1.001150 1.000409 
9.166343 1.000213 1.000944 1.000952 1.000944 1.000363 1.000747 1.000952 1.000747 1.001196 
9.187058 1.000857 1.001026 1.000647 1.001026 0.999603 1.001478 1.000647 1.001478 1.000059 
9.207773 1.000825 1.000762 1.001023 1.000762 1.000907 1.001089 1.001023 1.001089 1.001594 
9.228487 1.000897 1.001192 1.000915 1.001192 1.001855 1.001485 1.000915 1.001485 1.001854 
9.249202 1.000742 1.000873 1.000808 1.000873 1.000885 1.001539 1.000808 1.001539 1.001798 
9.269917 1.000867 1.000281 1.000590 1.000281 0.998871 1.000515 1.000590 1.000515 1.002109 
9.290633 1.000946 1.000575 1.001028 1.000575 1.000234 0.999960 1.001028 0.999960 1.001099 
9.311347 1.001182 1.000281 1.000674 1.000281 0.999917 1.000857 1.000674 1.000857 1.000623 
9.332062 1.001060 1.000286 1.000411 1.000286 0.998278 1.000792 1.000411 1.000792 1.001674 
9.352777 1.001141 1.000108 1.000767 1.000108 0.999365 0.999787 1.000767 0.999787 1.000674 
9.373492 1.001105 1.000181 1.000612 1.000181 0.999344 1.000621 1.000612 1.000621 1.000772 
9.394207 1.000554 0.999523 1.000117 0.999523 0.998892 0.999273 1.000117 0.999273 0.999426 
9.414922 1.000971 1.000188 1.000479 1.000188 0.998872 0.999185 1.000479 0.999185 1.000545 
9.435637 1.000460 0.999417 1.000040 0.999417 1.000305 0.998994 1.000040 0.998994 1.000571 
9.456352 1.000406 1.000145 1.000713 1.000145 1.000681 0.999704 1.000713 0.999704 1.000312 
9.477067 1.000535 0.999872 1.000523 0.999872 0.999325 1.000059 1.000523 1.000059 0.999758 
9.497781 1.000240 0.999755 0.999742 0.999755 0.999361 0.999204 0.999742 0.999204 1.000603 
9.518496 1.000064 0.999229 0.999532 0.999229 1.000676 0.999712 0.999532 0.999712 1.000423 
9.539211 0.999889 0.999325 0.999578 0.999325 1.000765 0.999305 0.999578 0.999305 0.999856 
9.559927 1.000068 0.999385 0.999819 0.999385 1.000764 0.999353 0.999819 0.999353 0.998250 
9.580641 0.999898 0.999195 0.999400 0.999195 1.000749 0.998988 0.999400 0.998988 0.998326 
9.601356 0.999533 0.998743 0.999554 0.998743 1.000137 0.999421 0.999554 0.999421 0.998530 
9.622071 0.999626 0.999334 0.999438 0.999334 0.999224 0.999707 0.999438 0.999707 1.000142 
9.642786 0.999669 0.999172 0.999712 0.999172 1.000083 1.000031 0.999712 1.000031 0.999232 
9.663500 0.999463 0.999492 0.999039 0.999492 1.000894 0.999832 0.999039 0.999832 0.999054 
9.684216 0.999329 0.999355 0.999227 0.999355 1.001920 0.999676 0.999227 0.999676 1.000270 
9.704931 0.998890 0.999711 0.999212 0.999711 1.000121 1.000503 0.999212 1.000503 1.000732 
9.725646 0.999362 0.999182 0.999866 0.999182 1.001608 1.000619 0.999866 1.000619 0.999343 
9.746360 0.999553 0.999841 0.999452 0.999841 1.001301 1.000512 0.999452 1.000512 1.000343 
9.767075 0.999253 0.999822 0.999675 0.999822 1.000749 0.998914 0.999675 0.998914 0.999990 
9.787790 0.999478 0.999621 0.999366 0.999621 1.001045 0.999407 0.999366 0.999407 0.999795 
9.808505 0.999924 1.000116 0.999572 1.000116 1.000693 1.000219 0.999572 1.000219 1.001024 
9.829220 0.999845 0.999636 0.999753 0.999636 1.000100 1.000711 0.999753 1.000711 0.999615 
9.849935 0.999775 1.000783 0.999830 1.000783 0.999543 1.000059 0.999830 1.000059 0.999220 
9.870650 0.999855 1.000659 1.000046 1.000659 1.000274 1.000467 1.000046 1.000467 0.999851 
9.891365 0.999541 1.000297 1.000225 1.000297 0.999882 1.000312 1.000225 1.000312 0.999433 
9.912079 0.999970 1.000755 1.000162 1.000755 1.001274 1.000329 1.000162 1.000329 1.001405 
9.932794 1.000043 1.000259 1.000208 1.000259 1.001066 0.999969 1.000208 0.999969 1.001311 
9.953509 1.000446 1.000491 1.000440 1.000491 1.000454 1.000491 1.000440 1.000491 0.999268 
9.974224 1.000503 1.000365 1.000088 1.000365 1.000382 1.000119 1.000088 1.000119 1.001630 
9.994939 1.000390 1.000468 1.000403 1.000468 0.999989 1.000753 1.000403 1.000753 0.999699 
10.015654 1.000582 1.001218 1.000838 1.001218 0.999740 0.999378 1.000838 0.999378 1.000398 
10.036369 1.000503 1.000455 1.001140 1.000455 1.000451 0.999764 1.001140 0.999764 1.002005 
10.057084 1.000575 1.000354 1.000389 1.000354 1.000198 1.000724 1.000389 1.000724 1.002210 
10.077798 1.000601 1.000451 1.000742 1.000451 1.000202 1.001510 1.000742 1.001510 1.001030 
10.098513 1.000848 1.000556 1.000106 1.000556 0.999250 1.000454 1.000106 1.000454 1.001295 
10.119228 1.000853 1.000350 1.000609 1.000350 0.999847 0.999484 1.000609 0.999484 1.000634 
10.139944 1.000828 0.999706 1.000714 0.999706 0.999533 1.000154 1.000714 1.000154 1.001614 
10.160658 1.000562 1.000293 1.000355 1.000293 0.999532 1.000090 1.000355 1.000090 1.000915 
10.181373 1.000203 1.000394 1.000527 1.000394 0.999308 1.000540 1.000527 1.000540 1.000498 
10.202088 1.000473 1.000233 1.000061 1.000233 1.000020 1.001504 1.000061 1.001504 0.999571 
10.222803 1.000176 0.999863 1.000023 0.999863 1.000885 1.000386 1.000023 1.000386 1.000527 
10.243518 1.000339 1.000124 1.000246 1.000124 0.999612 0.999344 1.000246 0.999344 1.001652 
10.264233 1.000158 1.000307 0.999861 1.000307 1.001484 0.998928 0.999861 0.998928 0.999868 
10.284948 1.000095 1.000265 1.000109 1.000265 1.000452 1.000284 1.000109 1.000284 1.000216 
10.305663 1.000370 0.999198 1.000061 0.999198 1.000728 0.999227 1.000061 0.999227 1.001219 
10.326377 1.000190 0.999770 0.999767 0.999770 0.999378 0.999844 0.999767 0.999844 0.999992 
10.347092 1.000543 0.999642 0.999668 0.999642 0.999219 0.999638 0.999668 0.999638 0.999697 
10.367807 0.996949 0.996265 0.996831 0.996265 0.997757 0.996676 0.996831 0.996676 0.997118 
10.388522 0.991339 0.990672 0.990595 0.990672 0.991936 0.991347 0.990595 0.991347 0.990513 
10.409237 0.985013 0.984740 0.984546 0.984740 0.984432 0.985535 0.984546 0.985535 0.984571 
10.429952 0.978998 0.979023 0.979282 0.979023 0.978826 0.978932 0.979282 0.978932 0.978619 
10.450667 0.973045 0.973018 0.972717 0.973018 0.973775 0.972492 0.972717 0.972492 0.973578 
10.471382 0.967431 0.966727 0.966927 0.966727 0.967797 0.966877 0.966927 0.966877 0.968017 
10.492096 0.961096 0.961297 0.961112 0.961297 0.962095 0.960925 0.961112 0.960925 0.962173 
10.512811 0.955393 0.955895 0.955692 0.955895 0.956297 0.954914 0.955692 0.954914 0.955652 
10.533526 0.949689 0.949577 0.949325 0.949577 0.949869 0.949912 0.949325 0.949912 0.950811 
10.554242 0.944095 0.943584 0.943626 0.943584 0.945005 0.944535 0.943626 0.944535 0.944421 
10.574956 0.937729 0.937636 0.938041 0.937636 0.937293 0.938605 0.938041 0.938605 0.937214 
10.595671 0.931917 0.932451 0.932430 0.932451 0.933147 0.932744 0.932430 0.932744 0.932187 
10.616386 0.926671 0.926225 0.926455 0.926225 0.926244 0.926710 0.926455 0.926710 0.926818 
10.637101 0.920824 0.921274 0.920924 0.921274 0.922002 0.920890 0.920924 0.920890 0.920788 
10.657815 0.915422 0.915284 0.915194 0.915284 0.917018 0.915902 0.915194 0.915902 0.915116 
10.678531 0.909734 0.909766 0.909854 0.909766 0.910188 0.910151 0.909854 0.910151 0.909289 
10.699246 0.904257 0.904055 0.904224 0.904055 0.904465 0.904394 0.904224 0.904394 0.904169 
10.719961 0.898846 0.898750 0.898916 0.898750 0.899320 0.898658 0.898916 0.898658 0.898870 
10.740675 0.893067 0.893012 0.893183 0.893012 0.893073 0.893589 0.893183 0.893589 0.892252 
10.761390 0.887355 0.887804 0.887453 0.887804 0.887935 0.887870 0.887453 0.887870 0.887731 
10.782105 0.881876 0.881852 0.882040 0.881852 0.882815 0.882877 0.882040 0.882877 0.882980 
10.802820 0.876707 0.876850 0.876356 0.876850 0.876933 0.876822 0.876356 0.876822 0.876639 
10.823535 0.871332 0.870691 0.870841 0.870691 0.873354 0.871267 0.870841 0.871267 0.871151 
10.844250 0.865579 0.865760 0.865609 0.865760 0.865962 0.865900 0.865609 0.865900 0.864886 
10.864965 0.860203 0.860202 0.860283 0.860202 0.859791 0.859879 0.860283 0.859879 0.860653 
10.885680 0.854587 0.854516 0.854638 0.854516 0.854690 0.855539 0.854638 0.855539 0.855538 
10.906394 0.849084 0.849291 0.849339 0.849291 0.848998 0.849297 0.849339 0.849297 0.849844 
10.927109 0.844030 0.843738 0.843950 0.843738 0.843508 0.843948 0.843950 0.843948 0.843773 
10.947824 0.838524 0.838444 0.838708 0.838444 0.837961 0.837653 0.838708 0.837653 0.839350 
10.968539 0.833258 0.833328 0.833177 0.833328 0.833731 0.832975 0.833177 0.832975 0.833148 
10.989254 0.827793 0.827838 0.828289 0.827838 0.827291 0.827435 0.828289 0.827435 0.828365 
11.009969 0.822626 0.822645 0.822399 0.822645 0.821592 0.822401 0.822399 0.822401 0.822705 
11.030684 0.817117 0.817078 0.816996 0.817078 0.816148 0.817449 0.816996 0.817449 0.816445 
11.051399 0.811883 0.811928 0.811762 0.811928 0.811779 0.811737 0.811762 0.811737 0.811036 
11.072114 0.806664 0.806481 0.806178 0.806481 0.806433 0.806579 0.806178 0.806579 0.807222 
11.092829 0.801444 0.800655 0.801023 0.800655 0.801999 0.801286 0.801023 0.801286 0.800939 
11.113544 0.796105 0.796062 0.796047 0.796062 0.795757 0.795226 0.796047 0.795226 0.796222 
11.134259 0.790770 0.790855 0.790883 0.790855 0.789878 0.790195 0.790883 0.790195 0.789712 
11.154974 0.785536 0.785232 0.785266 0.785232 0.785409 0.785025 0.785266 0.785025 0.786445 
11.175688 0.780325 0.780256 0.780130 0.780256 0.780538 0.779955 0.780130 0.779955 0.780710 
11.196403 0.775373 0.774779 0.775330 0.774779 0.775605 0.775570 0.775330 0.775570 0.775747 
11.217118 0.769984 0.769626 0.770084 0.769626 0.769455 0.770101 0.770084 0.770101 0.771200 
11.237833 0.764808 0.764653 0.764511 0.764653 0.764511 0.764552 0.764511 0.764552 0.764899 
11.258548 0.760003 0.759742 0.759953 0.759742 0.759630 0.759952 0.759953 0.759952 0.760817 
11.279263 0.754625 0.754651 0.754608 0.754651 0.755097 0.754664 0.754608 0.754664 0.754509 
11.299978 0.749733 0.749553 0.749325 0.749553 0.749796 0.749681 0.749325 0.749681 0.750750 
11.320693 0.744801 0.744629 0.744663 0.744629 0.744932 0.744143 0.744663 0.744143 0.744452 
11.341407 0.739750 0.739636 0.739328 0.739636 0.739359 0.739425 0.739328 0.739425 0.739755 
11.362122 0.734662 0.734748 0.734538 0.734748 0.734536 0.735049 0.734538 0.735049 0.734770 
11.382837 0.729682 0.729803 0.729525 0.729803 0.730626 0.729794 0.729525 0.729794 0.729276 
11.403553 0.724693 0.724609 0.724686 0.724609 0.725025 0.724432 0.724686 0.724432 0.725352 
11.424267 0.719934 0.719740 0.719745 0.719740 0.720382 0.719765 0.719745 0.719765 0.720068 
11.444982 0.714813 0.714809 0.714750 0.714809 0.715182 0.714945 0.714750 0.714945 0.715295 
11.465697 0.709963 0.710184 0.710101 0.710184 0.709707 0.709654 0.710101 0.709654 0.710351 
11.486412 0.705095 0.705172 0.705322 0.705172 0.704771 0.705390 0.705322 0.705390 0.706168 
11.507126 0.700390 0.700162 0.700103 0.700162 0.699967 0.699993 0.700103 0.699993 0.700634 
11.527842 0.695565 0.695517 0.695595 0.695517 0.696106 0.695498 0.695595 0.695498 0.695582 
11.548557 0.690523 0.690590 0.690722 0.690590 0.691319 0.690917 0.690722 0.690917 0.690840 
11.569272 0.685786 0.685954 0.685932 0.685954 0.685937 0.686027 0.685932 0.686027 0.686343 
11.589986 0.680900 0.681408 0.680898 0.681408 0.680852 0.681286 0.680898 0.681286 0.681091 
11.610701 0.676128 0.676088 0.676305 0.676088 0.675672 0.676607 0.676305 0.676607 0.676731 
11.631416 0.671677 0.671662 0.671647 0.671662 0.671738 0.671976 0.671647 0.671976 0.671058 
11.652131 0.666838 0.666333 0.666883 0.666333 0.667211 0.666824 0.666883 0.666824 0.667108 
11.672846 0.662115 0.662088 0.661822 0.662088 0.662398 0.662504 0.661822 0.662504 0.662452 
11.693561 0.657490 0.657413 0.657132 0.657413 0.658695 0.657132 0.657132 0.657132 0.657946 
11.714276 0.652723 0.652714 0.652523 0.652714 0.652311 0.653114 0.652523 0.653114 0.652315 
11.734991 0.647937 0.647909 0.648112 0.647909 0.647829 0.648180 0.648112 0.648180 0.648992 
11.755705 0.643493 0.643172 0.643337 0.643172 0.643351 0.643448 0.643337 0.643448 0.643431 
11.776420 0.638737 0.638439 0.638653 0.638439 0.639036 0.638476 0.638653 0.638476 0.638353 
11.797135 0.634132 0.634000 0.634035 0.634000 0.633526 0.634441 0.634035 0.634441 0.634684 
11.817850 0.629372 0.629555 0.629442 0.629555 0.629468 0.629205 0.629442 0.629205 0.629608 
11.838565 0.624820 0.624660 0.624604 0.624660 0.625120 0.625319 0.624604 0.625319 0.624527 
11.859280 0.620466 0.619943 0.619811 0.619943 0.621054 0.620090 0.619811 0.620090 0.620072 
11.879995 0.615480 0.615740 0.615436 0.615740 0.615875 0.615842 0.615436 0.615842 0.616137 
11.900710 0.611133 0.610921 0.610928 0.610921 0.610172 0.610579 0.610928 0.610579 0.610778 
11.921424 0.606635 0.606410 0.606631 0.606410 0.606247 0.606580 0.606631 0.606580 0.607954 
11.942140 0.601952 0.601890 0.601879 0.601890 0.601613 0.601769 0.601879 0.601769 0.602023 
11.962855 0.597660 0.597389 0.597421 0.597389 0.597117 0.597793 0.597421 0.597793 0.597619 
11.983570 0.592904 0.592661 0.592795 0.592661 0.593408 0.592884 0.592795 0.592884 0.592956 
12.004284 0.588457 0.588561 0.588235 0.588561 0.588875 0.587920 0.588235 0.587920 0.588768 
12.024999 0.583997 0.583905 0.584144 0.583905 0.583166 0.583617 0.584144 0.583617 0.584038 
12.045714 0.579526 0.579588 0.579331 0.579588 0.579911 0.579780 0.579331 0.579780 0.579486 
12.066429 0.575118 0.574888 0.574875 0.574888 0.575410 0.574823 0.574875 0.574823 0.575273 
12.087144 0.570656 0.570802 0.570715 0.570802 0.571200 0.571450 0.570715 0.571450 0.570910 
12.107859 0.566314 0.566142 0.566406 0.566142 0.566659 0.566361 0.566406 0.566361 0.566465 
12.128574 0.561829 0.561949 0.561841 0.561949 0.562659 0.561686 0.561841 0.561686 0.561969 
12.149289 0.557585 0.557509 0.557547 0.557509 0.557659 0.557816 0.557547 0.557816 0.556987 
12.170003 0.553053 0.553011 0.553096 0.553011 0.552509 0.553662 0.553096 0.553662 0.553733 
12.190718 0.548792 0.548339 0.548996 0.548339 0.549043 0.549452 0.548996 0.549452 0.548783 
12.211433 0.544473 0.544320 0.544497 0.544320 0.544446 0.544349 0.544497 0.544349 0.544834 
12.232148 0.540188 0.540070 0.540161 0.540070 0.540016 0.540321 0.540161 0.540321 0.539868 
12.252863 0.536115 0.536092 0.535984 0.536092 0.535865 0.535984 0.535984 0.535984 0.535591 
12.273578 0.531773 0.531834 0.531560 0.531834 0.531783 0.531551 0.531560 0.531551 0.531974 
12.294293 0.527299 0.527357 0.527177 0.527357 0.528022 0.527071 0.527177 0.527071 0.526941 
12.315008 0.523131 0.523189 0.523121 0.523189 0.523766 0.523068 0.523121 0.523068 0.523068 
12.335722 0.518960 0.518740 0.518953 0.518740 0.519172 0.519339 0.518953 0.519339 0.519159 
12.356437 0.514665 0.514633 0.514686 0.514633 0.514694 0.515104 0.514686 0.515104 0.515027 
12.377152 0.510717 0.510330 0.510790 0.510330 0.510691 0.510701 0.510790 0.510701 0.509947 
12.397868 0.506546 0.506472 0.506387 0.506472 0.506542 0.506199 0.506387 0.506199 0.506567 
12.418582 0.502255 0.502045 0.502255 0.502045 0.502075 0.502049 0.502255 0.502049 0.502125 
12.439297 0.497826 0.497952 0.497882 0.497952 0.498346 0.497798 0.497882 0.497798 0.498295 
12.460012 0.493683 0.493846 0.493722 0.493846 0.493652 0.493656 0.493722 0.493656 0.494318 
12.480727 0.489680 0.489797 0.489674 0.489797 0.489266 0.489497 0.489674 0.489497 0.489735 
12.501441 0.485606 0.485531 0.485383 0.485531 0.485374 0.485716 0.485383 0.485716 0.486103 
12.522157 0.481530 0.481545 0.481489 0.481545 0.480899 0.481309 0.481489 0.481309 0.481368 
12.542872 0.477397 0.477361 0.477229 0.477361 0.477707 0.477464 0.477229 0.477464 0.477706 
12.563587 0.473361 0.473164 0.473229 0.473164 0.473868 0.473719 0.473229 0.473719 0.474015 
12.584301 0.469181 0.469325 0.469298 0.469325 0.468847 0.469421 0.469298 0.469421 0.469107 
12.605016 0.465081 0.465014 0.465082 0.465014 0.465355 0.465207 0.465082 0.465207 0.465716 
12.625731 0.461056 0.461005 0.461075 0.461005 0.460995 0.460806 0.461075 0.460806 0.461185 
12.646446 0.457200 0.457034 0.457288 0.457034 0.456527 0.456793 0.457288 0.456793 0.457143 
12.667161 0.453096 0.453040 0.453096 0.453040 0.453648 0.452501 0.453096 0.452501 0.453088 
12.687876 0.449117 0.448899 0.448939 0.448899 0.449371 0.449469 0.448939 0.449469 0.448447 
12.708591 0.445113 0.445012 0.445167 0.445012 0.445187 0.445004 0.445167 0.445004 0.445432 
12.729306 0.441050 0.441026 0.441107 0.441026 0.440808 0.441170 0.441107 0.441170 0.441245 
12.750021 0.437115 0.437114 0.437021 0.437114 0.436994 0.436669 0.437021 0.436669 0.437308 
12.770735 0.433240 0.433202 0.432971 0.433202 0.432845 0.432992 0.432971 0.432992 0.433102 
12.791451 0.429181 0.429394 0.429091 0.429394 0.429169 0.429216 0.429091 0.429216 0.428704 
12.812166 0.425297 0.425147 0.425342 0.425147 0.425513 0.425357 0.425342 0.425357 0.425252 
12.832880 0.421129 0.421502 0.421143 0.421502 0.420916 0.421209 0.421143 0.421209 0.421240 
12.853595 0.417537 0.417456 0.417353 0.417456 0.416877 0.417844 0.417353 0.417844 0.416723 
12.874310 0.413646 0.413583 0.413488 0.413583 0.413634 0.413781 0.413488 0.413781 0.413527 
12.895025 0.409681 0.409439 0.409621 0.409439 0.409240 0.409574 0.409621 0.409574 0.409938 
12.915740 0.405605 0.405886 0.405802 0.405886 0.406069 0.405873 0.405802 0.405873 0.406187 
12.936455 0.401914 0.401744 0.401706 0.401744 0.401577 0.402016 0.401706 0.402016 0.402242 
12.957170 0.398191 0.398199 0.398044 0.398199 0.398430 0.398059 0.398044 0.398059 0.397544 
12.977885 0.394225 0.393945 0.394274 0.393945 0.393639 0.394530 0.394274 0.394530 0.394601 
12.998600 0.390459 0.390266 0.390407 0.390266 0.390196 0.390727 0.390407 0.390727 0.390064 
13.019314 0.386639 0.386525 0.386512 0.386525 0.386301 0.387446 0.386512 0.387446 0.387360 
13.040029 0.382695 0.382769 0.382833 0.382769 0.382876 0.382834 0.382833 0.382834 0.382651 
13.060744 0.379025 0.379137 0.379008 0.379137 0.379409 0.379001 0.379008 0.379001 0.379911 
13.081459 0.375258 0.375150 0.375170 0.375150 0.375576 0.375773 0.375170 0.375773 0.375409 
13.102174 0.371444 0.371399 0.371379 0.371399 0.371897 0.371346 0.371379 0.371346 0.371326 
13.122889 0.367788 0.367886 0.367836 0.367886 0.367898 0.367480 0.367836 0.367480 0.367935 
13.143604 0.364092 0.364190 0.364036 0.364190 0.364628 0.363707 0.364036 0.363707 0.364603 
13.164319 0.360396 0.360267 0.360345 0.360267 0.360050 0.360514 0.360345 0.360514 0.360457 
13.185033 0.356734 0.356658 0.356548 0.356658 0.357354 0.356793 0.356548 0.356793 0.356643 
13.205748 0.353151 0.352837 0.352935 0.352837 0.352619 0.353463 0.352935 0.353463 0.353085 
13.226463 0.349457 0.349300 0.349336 0.349300 0.349356 0.349441 0.349336 0.349441 0.349075 
13.247179 0.345622 0.345735 0.345766 0.345735 0.345774 0.345496 0.345766 0.345496 0.346072 
13.267893 0.342028 0.342103 0.342082 0.342103 0.342128 0.342217 0.342082 0.342217 0.342151 
13.288608 0.338390 0.338295 0.338334 0.338295 0.338042 0.338388 0.338334 0.338388 0.338986 
13.309323 0.334628 0.334658 0.334664 0.334658 0.334949 0.334909 0.334664 0.334909 0.334404 
13.330038 0.331159 0.330981 0.331033 0.330981 0.331427 0.330755 0.331033 0.330755 0.330854 
13.350752 0.327499 0.327385 0.327398 0.327385 0.327540 0.327711 0.327398 0.327711 0.327226 
13.371468 0.323867 0.323839 0.323903 0.323839 0.324343 0.323905 0.323903 0.323905 0.323782 
13.392183 0.320308 0.320112 0.320431 0.320112 0.320113 0.320288 0.320431 0.320288 0.320183 
13.412898 0.316672 0.316492 0.316604 0.316492 0.316312 0.317074 0.316604 0.317074 0.316396 
13.433612 0.313139 0.313032 0.312944 0.313032 0.312566 0.313111 0.312944 0.313111 0.313277 
13.454327 0.309446 0.309525 0.309431 0.309525 0.309097 0.309483 0.309431 0.309483 0.309368 
13.475042 0.305869 0.305814 0.305785 0.305814 0.305772 0.306403 0.305785 0.306403 0.306293 
13.495757 0.302390 0.302379 0.302453 0.302379 0.302178 0.302327 0.302453 0.302327 0.302483 
13.516472 0.299002 0.298786 0.298978 0.298786 0.299191 0.298905 0.298978 0.298905 0.298868 
13.537187 0.295462 0.295245 0.295242 0.295245 0.295550 0.295377 0.295242 0.295377 0.295558 
13.557902 0.291904 0.291647 0.291798 0.291647 0.292073 0.292022 0.291798 0.292022 0.292017 
13.578617 0.288340 0.288333 0.288388 0.288333 0.288438 0.288041 0.288388 0.288041 0.288233 
13.599331 0.284847 0.284754 0.284863 0.284754 0.284988 0.284901 0.284863 0.284901 0.284911 
13.620046 0.281271 0.281383 0.281325 0.281383 0.281159 0.281495 0.281325 0.281495 0.281213 
13.640761 0.277906 0.277920 0.277946 0.277920 0.277708 0.277737 0.277946 0.277737 0.277974 
13.661477 0.274502 0.274513 0.274554 0.274513 0.274196 0.274901 0.274554 0.274901 0.274695 
13.682191 0.271012 0.270911 0.270977 0.270911 0.270970 0.270829 0.270977 0.270829 0.271311 
13.702906 0.267650 0.267643 0.267574 0.267643 0.267717 0.267298 0.267574 0.267298 0.267385 
13.723621 0.264046 0.264090 0.264214 0.264090 0.264117 0.264254 0.264214 0.264254 0.264291 
13.744336 0.260749 0.260988 0.260841 0.260988 0.260478 0.260929 0.260841 0.260929 0.261032 
13.765050 0.257321 0.257380 0.257370 0.257380 0.257293 0.257417 0.257370 0.257417 0.257020 
13.785766 0.253824 0.253990 0.253710 0.253990 0.254038 0.253797 0.253710 0.253797 0.254090 
13.806481 0.250541 0.250528 0.250510 0.250528 0.250698 0.250760 0.250510 0.250760 0.250800 
13.827196 0.247172 0.247237 0.247189 0.247237 0.247505 0.247037 0.247189 0.247037 0.247239 
13.847910 0.243849 0.243814 0.243881 0.243814 0.243877 0.243818 0.243881 0.243818 0.244286 
13.868625 0.240474 0.240378 0.240413 0.240378 0.240506 0.240456 0.240413 0.240456 0.240552 
13.889340 0.237056 0.237127 0.237215 0.237127 0.237341 0.237067 0.237215 0.237067 0.237176 
13.910055 0.233912 0.233787 0.233807 0.233787 0.233447 0.233722 0.233807 0.233722 0.234019 
13.930770 0.230476 0.230478 0.230204 0.230478 0.230562 0.230539 0.230204 0.230539 0.230552 
13.951485 0.227268 0.227120 0.227273 0.227120 0.227140 0.227252 0.227273 0.227252 0.227131 
13.972200 0.223926 0.223886 0.223884 0.223886 0.223833 0.223811 0.223884 0.223811 0.224174 
13.992915 0.220661 0.220631 0.220567 0.220631 0.220709 0.220709 0.220567 0.220709 0.220253 
14.013629 0.217374 0.217277 0.217305 0.217277 0.217176 0.217147 0.217305 0.217147 0.216948 
14.034344 0.214046 0.213996 0.214044 0.213996 0.214156 0.214161 0.214044 0.214161 0.213971 
14.055059 0.210785 0.210946 0.210791 0.210946 0.210695 0.210847 0.210791 0.210847 0.210560 
14.075774 0.207476 0.207537 0.207398 0.207537 0.207767 0.207528 0.207398 0.207528 0.207522 
14.096489 0.204291 0.204330 0.204318 0.204330 0.204571 0.204446 0.204318 0.204446 0.204300 
14.117204 0.201003 0.200952 0.200951 0.200952 0.201410 0.201331 0.200951 0.201331 0.200958 
14.137919 0.197821 0.197824 0.197861 0.197824 0.197755 0.197652 0.197861 0.197652 0.197770 
14.158634 0.194708 0.194475 0.194435 0.194475 0.194559 0.194896 0.194435 0.194896 0.194964 
14.179348 0.191480 0.191404 0.191445 0.191404 0.191411 0.191346 0.191445 0.191346 0.191788 
14.200063 0.188297 0.188147 0.188352 0.188147 0.187755 0.188208 0.188352 0.188208 0.188036 
14.220778 0.184997 0.185003 0.185009 0.185003 0.185069 0.184926 0.185009 0.184926 0.185124 
14.241494 0.181952 0.181840 0.181945 0.181840 0.182040 0.181894 0.181945 0.181894 0.181882 
14.262208 0.178756 0.178628 0.178743 0.178628 0.178364 0.178795 0.178743 0.178795 0.178715 
14.282923 0.175499 0.175441 0.175498 0.175441 0.175647 0.175579 0.175498 0.175579 0.175542 
14.303638 0.172323 0.172302 0.172336 0.172302 0.172558 0.172162 0.172336 0.172162 0.172028 
14.324353 0.169280 0.169298 0.169260 0.169298 0.169088 0.169207 0.169260 0.169207 0.169508 
14.345068 0.166044 0.166091 0.166123 0.166091 0.166303 0.165849 0.166123 0.165849 0.166348 
14.365783 0.162884 0.162997 0.162945 0.162997 0.162785 0.162907 0.162945 0.162907 0.162915 
14.386498 0.159834 0.159858 0.159770 0.159858 0.159817 0.160018 0.159770 0.160018 0.159868 
14.407213 0.156810 0.156700 0.156682 0.156700 0.156478 0.156954 0.156682 0.156954 0.156965 
14.427927 0.153643 0.153607 0.153682 0.153607 0.153773 0.153485 0.153682 0.153485 0.153685 
14.448642 0.150504 0.150504 0.150462 0.150504 0.150896 0.150560 0.150462 0.150560 0.150575 
14.469357 0.147425 0.147412 0.147417 0.147412 0.147523 0.147428 0.147417 0.147428 0.147414 
14.490072 0.144472 0.144359 0.144409 0.144359 0.144421 0.144295 0.144409 0.144295 0.144325 
14.510787 0.141407 0.141288 0.141252 0.141288 0.141609 0.141263 0.141252 0.141263 0.141379 
14.531502 0.138347 0.138075 0.138223 0.138075 0.138485 0.138075 0.138223 0.138075 0.138343 
14.552217 0.135159 0.135248 0.135268 0.135248 0.135190 0.135146 0.135268 0.135146 0.135561 
14.572932 0.132145 0.132216 0.132190 0.132216 0.132402 0.132186 0.132190 0.132186 0.132232 
14.593647 0.129145 0.129122 0.129188 0.129122 0.129299 0.129080 0.129188 0.129080 0.129342 
14.614361 0.126120 0.126221 0.126124 0.126221 0.126186 0.126214 0.126124 0.126214 0.126045 
14.635077 0.123144 0.123167 0.123120 0.123167 0.123285 0.123272 0.123120 0.123272 0.122998 
14.655792 0.120202 0.120153 0.120134 0.120153 0.120088 0.120109 0.120134 0.120109 0.120178 
14.676507 0.117497 0.117484 0.117473 0.117484 0.117465 0.117498 0.117473 0.117498 0.117352 
14.697221 0.114830 0.114922 0.114961 0.114922 0.115194 0.114773 0.114961 0.114773 0.115196 
14.717936 0.112347 0.112471 0.112412 0.112471 0.112410 0.112476 0.112412 0.112476 0.112466 
14.738651 0.109997 0.109884 0.109934 0.109884 0.109923 0.110165 0.109934 0.110165 0.110016 
14.759366 0.107562 0.107565 0.107598 0.107565 0.107580 0.107545 0.107598 0.107545 0.107484 
14.780081 0.105401 0.105411 0.105359 0.105411 0.105399 0.105608 0.105359 0.105608 0.105397 
14.800796 0.103165 0.103151 0.103129 0.103151 0.103336 0.102990 0.103129 0.102990 0.103204 
14.821511 0.101051 0.101051 0.100947 0.101051 0.101115 0.101074 0.100947 0.101074 0.101172 
14.842226 0.098940 0.098968 0.098852 0.098968 0.098937 0.099083 0.098852 0.099083 0.099095 
14.862940 0.096824 0.096870 0.096863 0.096870 0.096836 0.096812 0.096863 0.096812 0.096872 
14.883655 0.094881 0.094892 0.094947 0.094892 0.094764 0.094733 0.094947 0.094733 0.094718 
14.904370 0.092908 0.092831 0.092860 0.092831 0.093164 0.092929 0.092860 0.092929 0.092972 
14.925085 0.090998 0.090944 0.090829 0.090944 0.091178 0.090970 0.090829 0.090970 0.091127 
14.945800 0.089134 0.089121 0.089071 0.089121 0.089027 0.089029 0.089071 0.089029 0.089194 
14.966515 0.087255 0.087324 0.087244 0.087324 0.087090 0.087243 0.087244 0.087243 0.087141 
14.987230 0.085417 0.085358 0.085569 0.085358 0.085499 0.085455 0.085569 0.085455 0.085393 
15.007945 0.083626 0.083773 0.083681 0.083773 0.083794 0.083785 0.083681 0.083785 0.083561 
15.028659 0.081956 0.081912 0.082065 0.081912 0.082092 0.081771 0.082065 0.081771 0.082028 
15.049374 0.080285 0.080226 0.080252 0.080226 0.080110 0.080293 0.080252 0.080293 0.080122 
15.070089 0.078600 0.078484 0.078629 0.078484 0.078824 0.078650 0.078629 0.078650 0.078602 
15.090805 0.077000 0.076941 0.076947 0.076941 0.077147 0.077086 0.076947 0.077086 0.077136 
15.111519 0.075347 0.075356 0.075350 0.075356 0.075289 0.075246 0.075350 0.075246 0.075397 
15.132234 0.073801 0.073845 0.073806 0.073845 0.073761 0.073797 0.073806 0.073797 0.073749 
15.152949 0.072243 0.072150 0.072240 0.072150 0.072349 0.072142 0.072240 0.072142 0.072066 
15.173664 0.070814 0.070798 0.070806 0.070798 0.070664 0.070809 0.070806 0.070809 0.070968 
15.194379 0.069347 0.069296 0.069296 0.069296 0.069180 0.069230 0.069296 0.069230 0.069328 
15.215094 0.067877 0.067839 0.067757 0.067839 0.068015 0.067808 0.067757 0.067808 0.067903 
15.235809 0.066464 0.066346 0.066382 0.066346 0.066341 0.066446 0.066382 0.066446 0.066243 
15.256524 0.064985 0.064985 0.064993 0.064985 0.065095 0.065124 0.064993 0.065124 0.065067 
15.277238 0.063683 0.063596 0.063621 0.063596 0.063865 0.063526 0.063621 0.063526 0.063830 
15.297953 0.062246 0.062271 0.062301 0.062271 0.062350 0.062287 0.062301 0.062287 0.062367 
15.318668 0.060930 0.060938 0.060962 0.060938 0.060911 0.060877 0.060962 0.060877 0.061048 
15.339383 0.059616 0.059627 0.059628 0.059627 0.059567 0.059684 0.059628 0.059684 0.059684 
15.360098 0.058252 0.058351 0.058342 0.058351 0.058271 0.058399 0.058342 0.058399 0.058277 
15.380813 0.057026 0.057135 0.057077 0.057135 0.057125 0.056912 0.057077 0.056912 0.057046 
15.401528 0.055858 0.055867 0.055851 0.055867 0.055974 0.055759 0.055851 0.055759 0.055831 
15.422243 0.054657 0.054646 0.054687 0.054646 0.054695 0.054629 0.054687 0.054629 0.054600 
15.442957 0.053489 0.053477 0.053420 0.053477 0.053364 0.053515 0.053420 0.053515 0.053556 
15.463672 0.052218 0.052239 0.052270 0.052239 0.052306 0.052284 0.052270 0.052284 0.052223 
15.484387 0.051106 0.051097 0.051022 0.051097 0.051182 0.051162 0.051022 0.051162 0.050958 
15.505103 0.050068 0.049911 0.049994 0.049911 0.050000 0.049929 0.049994 0.049929 0.049948 
15.525817 0.048924 0.048894 0.048905 0.048894 0.048835 0.048944 0.048905 0.048944 0.048932 
15.546532 0.047786 0.047786 0.047810 0.047786 0.047865 0.047788 0.047810 0.047788 0.047798 
15.567247 0.046752 0.046678 0.046690 0.046678 0.046845 0.046686 0.046690 0.046686 0.046699 
15.587962 0.045656 0.045677 0.045671 0.045677 0.045819 0.045705 0.045671 0.045705 0.045711 
15.608676 0.044616 0.044638 0.044559 0.044638 0.044683 0.044705 0.044559 0.044705 0.044754 
15.629392 0.043587 0.043582 0.043661 0.043582 0.043641 0.043522 0.043661 0.043522 0.043630 
15.650107 0.042614 0.042652 0.042572 0.042652 0.042547 0.042707 0.042572 0.042707 0.042790 
15.670822 0.041605 0.041662 0.041625 0.041662 0.041678 0.041579 0.041625 0.041579 0.041634 
15.691536 0.040632 0.040646 0.040708 0.040646 0.040586 0.040707 0.040708 0.040707 0.040586 
15.712251 0.039690 0.039707 0.039685 0.039707 0.039720 0.039694 0.039685 0.039694 0.039692 
15.732966 0.038792 0.038778 0.038774 0.038778 0.038777 0.038761 0.038774 0.038761 0.038703 
15.753681 0.037887 0.037800 0.037898 0.037800 0.037948 0.037848 0.037898 0.037848 0.037952 
15.774396 0.036990 0.036942 0.036909 0.036942 0.036872 0.037001 0.036909 0.037001 0.036908 
15.795111 0.036076 0.036121 0.036114 0.036121 0.036007 0.036001 0.036114 0.036001 0.036091 
15.815826 0.035190 0.035204 0.035186 0.035204 0.035187 0.035186 0.035186 0.035186 0.035177 
15.836541 0.034360 0.034343 0.034376 0.034343 0.034325 0.034405 0.034376 0.034405 0.034460 
15.857255 0.033473 0.033525 0.033488 0.033525 0.033532 0.033527 0.033488 0.033527 0.033529 
15.877970 0.032658 0.032621 0.032676 0.032621 0.032707 0.032704 0.032676 0.032704 0.032718 
15.898685 0.031864 0.031891 0.031877 0.031891 0.031910 0.031859 0.031877 0.031859 0.031887 
15.919400 0.031087 0.031065 0.031100 0.031065 0.031006 0.031065 0.031100 0.031065 0.031042 
15.940115 0.030317 0.030319 0.030306 0.030319 0.030314 0.030274 0.030306 0.030274 0.030433 
15.960830 0.029526 0.029532 0.029506 0.029532 0.029725 0.029484 0.029506 0.029484 0.029466 
15.981545 0.028794 0.028773 0.028761 0.028773 0.028818 0.028757 0.028761 0.028757 0.028705 
16.002260 0.028058 0.028066 0.028014 0.028066 0.027974 0.027975 0.028014 0.027975 0.028032 
16.022975 0.027314 0.027325 0.027266 0.027325 0.027276 0.027484 0.027266 0.027484 0.027360 
16.043690 0.026615 0.026574 0.026614 0.026574 0.026520 0.026633 0.026614 0.026633 0.026678 
16.064404 0.025878 0.025829 0.025902 0.025829 0.026080 0.025902 0.025902 0.025902 0.025964 
16.085119 0.025188 0.025203 0.025205 0.025203 0.025230 0.025153 0.025205 0.025153 0.025133 
16.105834 0.024554 0.024557 0.024564 0.024557 0.024455 0.024535 0.024564 0.024535 0.024485 
16.126550 0.023921 0.023833 0.023900 0.023833 0.023919 0.023941 0.023900 0.023941 0.023974 
16.147264 0.023239 0.023223 0.023208 0.023223 0.023139 0.023305 0.023208 0.023305 0.023336 
16.167979 0.022615 0.022637 0.022601 0.022637 0.022775 0.022655 0.022601 0.022655 0.022503 
16.188694 0.021979 0.021982 0.021963 0.021982 0.022046 0.021976 0.021963 0.021976 0.022004 
16.209409 0.021366 0.021327 0.021369 0.021327 0.021466 0.021306 0.021369 0.021306 0.021331 
16.230124 0.020758 0.020776 0.020746 0.020776 0.020746 0.020738 0.020746 0.020738 0.020748 
16.250838 0.020200 0.020176 0.020154 0.020176 0.020153 0.020121 0.020154 0.020121 0.020113 
16.271554 0.019572 0.019603 0.019601 0.019603 0.019723 0.019636 0.019601 0.019636 0.019565 
16.292269 0.019031 0.019026 0.019009 0.019026 0.019023 0.019016 0.019009 0.019016 0.019035 
16.312984 0.018429 0.018477 0.018462 0.018477 0.018396 0.018450 0.018462 0.018450 0.018458 
16.333698 0.017903 0.017896 0.017916 0.017896 0.017899 0.017879 0.017916 0.017879 0.017934 
16.354413 0.017369 0.017338 0.017394 0.017338 0.017347 0.017352 0.017394 0.017352 0.017330 
16.375128 0.016869 0.016879 0.016851 0.016879 0.016898 0.016864 0.016851 0.016864 0.016803 
16.395843 0.016341 0.016339 0.016324 0.016339 0.016317 0.016300 0.016324 0.016300 0.016349 
16.416558 0.015834 0.015816 0.015834 0.015816 0.015923 0.015858 0.015834 0.015858 0.015869 
16.437273 0.015332 0.015346 0.015330 0.015346 0.015287 0.015328 0.015330 0.015328 0.015329 
16.457988 0.014842 0.014853 0.014859 0.014853 0.014881 0.014859 0.014859 0.014859 0.014827 
16.478703 0.014398 0.014386 0.014399 0.014386 0.014353 0.014443 0.014399 0.014443 0.014426 
16.499417 0.013917 0.013901 0.013908 0.013901 0.013891 0.013912 0.013908 0.013912 0.013885 
16.520132 0.013479 0.013442 0.013449 0.013442 0.013431 0.013491 0.013449 0.013491 0.013471 
16.540847 0.013017 0.012992 0.013015 0.012992 0.012948 0.012990 0.013015 0.012990 0.012981 
16.561563 0.012552 0.012582 0.012561 0.012582 0.012613 0.012585 0.012561 0.012585 0.012679 
16.582277 0.012144 0.012141 0.012166 0.012141 0.012109 0.012132 0.012166 0.012132 0.012193 
16.602992 0.011713 0.011720 0.011704 0.011720 0.011754 0.011707 0.011704 0.011707 0.011743 
16.623707 0.011335 0.011323 0.011332 0.011323 0.011298 0.011436 0.011332 0.011436 0.011315 
16.644422 0.010931 0.010928 0.010925 0.010928 0.010906 0.010942 0.010925 0.010942 0.010878 
16.665136 0.010512 0.010523 0.010544 0.010523 0.010506 0.010488 0.010544 0.010488 0.010637 
16.685851 0.010153 0.010143 0.010142 0.010143 0.010147 0.010146 0.010142 0.010146 0.010136 
16.706567 0.009786 0.009792 0.009786 0.009792 0.009830 0.009803 0.009786 0.009803 0.009724 
16.727282 0.009418 0.009424 0.009409 0.009424 0.009389 0.009405 0.009409 0.009405 0.009489 
16.747996 0.009047 0.009086 0.009045 0.009086 0.009079 0.009062 0.009045 0.009062 0.009011 
16.768711 0.008710 0.008690 0.008705 0.008690 0.008670 0.008689 0.008705 0.008689 0.008668 
16.789426 0.008366 0.008360 0.008391 0.008360 0.008375 0.008369 0.008391 0.008369 0.008362 
16.810141 0.008043 0.008053 0.008057 0.008053 0.008044 0.007981 0.008057 0.007981 0.008001 
16.830855 0.007717 0.007716 0.007721 0.007716 0.007710 0.007723 0.007721 0.007723 0.007728 
16.851571 0.007399 0.007417 0.007394 0.007417 0.007409 0.007385 0.007394 0.007385 0.007354 
16.872286 0.007092 0.007106 0.007088 0.007106 0.007130 0.007061 0.007088 0.007061 0.007043 
16.893001 0.006780 0.006807 0.006784 0.006807 0.006793 0.006785 0.006784 0.006785 0.006853 
16.913715 0.006501 0.006497 0.006495 0.006497 0.006468 0.006511 0.006495 0.006511 0.006497 
16.934430 0.006216 0.006236 0.006214 0.006236 0.006257 0.006254 0.006214 0.006254 0.006227 
16.955145 0.005922 0.005931 0.005945 0.005931 0.005944 0.005963 0.005945 0.005963 0.005877 
16.975860 0.005681 0.005659 0.005689 0.005659 0.005652 0.005678 0.005689 0.005678 0.005624 
16.996575 0.005404 0.005405 0.005401 0.005405 0.005374 0.005388 0.005401 0.005388 0.005436 
17.017290 0.005149 0.005150 0.005145 0.005150 0.005180 0.005176 0.005145 0.005176 0.005097 
17.038005 0.004905 0.004879 0.004905 0.004879 0.004912 0.004878 0.004905 0.004878 0.004902 
17.058720 0.004666 0.004645 0.004669 0.004645 0.004634 0.004690 0.004669 0.004690 0.004708 
17.079434 0.004433 0.004416 0.004425 0.004416 0.004434 0.004425 0.004425 0.004425 0.004486 
17.100149 0.004206 0.004182 0.004192 0.004182 0.004215 0.004222 0.004192 0.004222 0.004201 
17.120864 0.003979 0.003970 0.003982 0.003970 0.003999 0.003959 0.003982 0.003959 0.003992 
17.141580 0.003771 0.003775 0.003770 0.003775 0.003786 0.003761 0.003770 0.003761 0.003777 
17.162294 0.003560 0.003567 0.003569 0.003567 0.003575 0.003572 0.003569 0.003572 0.003554 
17.183009 0.003363 0.003381 0.003364 0.003381 0.003368 0.003331 0.003364 0.003331 0.003314 
17.203724 0.003168 0.003168 0.003171 0.003168 0.003172 0.003186 0.003171 0.003186 0.003120 
17.224439 0.002988 0.002977 0.002971 0.002977 0.002960 0.002990 0.002971 0.002990 0.002965 
17.245154 0.002803 0.002802 0.002795 0.002802 0.002829 0.002826 0.002795 0.002826 0.002816 
17.265869 0.002622 0.002625 0.002638 0.002625 0.002650 0.002620 0.002638 0.002620 0.002636 
17.286584 0.002459 0.002449 0.002457 0.002449 0.002479 0.002473 0.002457 0.002473 0.002456 
17.307299 0.002298 0.002295 0.002300 0.002295 0.002274 0.002287 0.002300 0.002287 0.002285 
17.328013 0.002133 0.002140 0.002135 0.002140 0.002145 0.002134 0.002135 0.002134 0.002164 
17.348728 0.001991 0.001984 0.001985 0.001984 0.002008 0.001974 0.001985 0.001974 0.001976 
17.369443 0.001852 0.001843 0.001848 0.001843 0.001860 0.001831 0.001848 0.001831 0.001873 
17.390159 0.001698 0.001713 0.001700 0.001713 0.001699 0.001707 0.001700 0.001707 0.001723 
17.410873 0.001575 0.001571 0.001568 0.001571 0.001586 0.001576 0.001568 0.001576 0.001555 
17.431588 0.001443 0.001447 0.001453 0.001447 0.001443 0.001454 0.001453 0.001454 0.001415 
17.452303 0.001324 0.001329 0.001323 0.001329 0.001313 0.001332 0.001323 0.001332 0.001343 
17.473018 0.001212 0.001214 0.001222 0.001214 0.001223 0.001225 0.001222 0.001225 0.001201 
17.493732 0.001100 0.001107 0.001097 0.001107 0.001096 0.001103 0.001097 0.001103 0.001107 
17.514447 0.000995 0.001000 0.001006 0.001000 0.000997 0.000990 0.001006 0.000990 0.000990 
17.535163 0.000902 0.000899 0.000900 0.000899 0.000898 0.000898 0.000900 0.000898 0.000891 
17.555878 0.000808 0.000809 0.000805 0.000809 0.000828 0.000807 0.000805 0.000807 0.000821 
17.576592 0.000718 0.000718 0.000726 0.000718 0.000724 0.000729 0.000726 0.000729 0.000713 
17.597307 0.000646 0.000643 0.000636 0.000643 0.000629 0.000640 0.000636 0.000640 0.000643 
17.618022 0.000563 0.000562 0.000560 0.000562 0.000582 0.000567 0.000560 0.000567 0.000555 
17.638737 0.000488 0.000493 0.000490 0.000493 0.000492 0.000482 0.000490 0.000482 0.000492 
17.659451 0.000425 0.000425 0.000422 0.000425 0.000408 0.000419 0.000422 0.000419 0.000439 
17.680167 0.000360 0.000361 0.000359 0.000361 0.000355 0.000364 0.000359 0.000364 0.000368 
17.700882 0.000304 0.000305 0.000309 0.000305 0.000297 0.000308 0.000309 0.000308 0.000309 
17.721597 0.000257 0.000253 0.000252 0.000253 0.000255 0.000253 0.000252 0.000253 0.000261 
17.742311 0.000209 0.000207 0.000207 0.000207 0.000199 0.000210 0.000207 0.000210 0.000200 
17.763026 0.000165 0.000165 0.000166 0.000165 0.000166 0.000164 0.000166 0.000164 0.000171 
17.783741 0.000131 0.000128 0.000129 0.000128 0.000133 0.000122 0.000129 0.000122 0.000127 
17.804456 0.000096 0.000098 0.000098 0.000098 0.000097 0.000096 0.000098 0.000096 0.000099 
17.825171 0.000070 0.000067 0.000068 0.000067 0.000070 0.000067 0.000068 0.000067 0.000062 
17.845886 0.000046 0.000044 0.000046 0.000044 0.000045 0.000045 0.000046 0.000045 0.000043 
17.866601 0.000028 0.000027 0.000028 0.000027 0.000027 0.000028 0.000028 0.000028 0.000033 
17.887316 0.000014 0.000014 0.000015 0.000014 0.000017 0.000014 0.000015 0.000014 0.000014 
17.908031 0.000005 0.000005 0.000005 0.000005 0.000006 0.000005 0.000005 0.000005 0.000006 
17.928745 0.000001 0.000001 0.000001 0.000001 0.000000 0.000001 0.000001 0.000001 0.000001 
17.949460 0.000000 0.000000 0.000000 0.000000 0.000000 0.000000 0.000000 0.000000 0.000000 
17.970176 0.000000 0.000000 0.000000 0.000000 0.000000 0.000000 0.000000 0.000000 0.000000 
17.990891 0.000000 0.000000 0.000000 0.000000 0.000000 0.000000 0.000000 0.000000 0.000000 
18.011605 0.000000 0.000000 0.000000 0.000000 0.000000 0.000000 0.000000 0.000000 0.000000 
18.032320 0.000000 0.000000 0.000000 0.000000 0.000000 0.000000 0.000000 0.000000 0.000000 
18.053035 0.000000 0.000000 0.000000 0.000000 0.000000 0.000000 0.000000 0.000000 0.000000 
18.073750 0.000000 0.000000 0.000000 0.000000 0.000000 0.000000 0.000000 0.000000 0.000000 
18.094464 0.000000 0.000000 0.000000 0.000000 0.000000 0.000000 0.000000 0.000000 0.000000 
18.115180 0.000000 0.000000 0.000000 0.000000 0.000000 0.000000 0.000000 0.000000 0.000000 
18.135895 0.000000 0.000000 0.000000 0.000000 0.000000 0.000000 0.000000 0.000000 0.000000 
18.156610 0.000000 0.000000 0.000000 0.000000 0.000000 0.000000 0.000000 0.000000 0.000000 
18.177324 0.000000 0.000000 0.000000 0.000000 0.000000 0.000000 0.000000 0.000000 0.000000 
18.198039 0.000000 0.000000 0.000000 0.000000 0.000000 0.000000 0.000000 0.000000 0.000000 
18.218754 0.000000 0.000000 0.000000 0.000000 0.000000 0.000000 0.000000 0.000000 0.000000 
18.239469 0.000000 0.000000 0.000000 0.000000 0.000000 0.000000 0.000000 0.000000 0.000000 
18.260184 0.000000 0.000000 0.000000 0.000000 0.000000 0.000000 0.000000 0.000000 0.000000 
18.280899 0.000000 0.000000 0.000000 0.000000 0.000000 0.000000 0.000000 0.000000 0.000000 
18.301614 0.000000 0.000000 0.000000 0.000000 0.000000 0.000000 0.000000 0.000000 0.000000 
18.322329 0.000000 0.000000 0.000000 0.000000 0.000000 0.000000 0.000000 0.000000 0.000000 
18.343043 0.000000 0.000000 0.000000 0.000000 0.000000 0.000000 0.000000 0.000000 0.000000 
18.363758 0.000000 0.000000 0.000000 0.000000 0.000000 0.000000 0.000000 0.000000 0.000000 
18.384473 0.000000 0.000000 0.000000 0.000000 0.000000 0.000000 0.000000 0.000000 0.000000 
18.405189 0.000000 0.000000 0.000000 0.000000 0.000000 0.000000 0.000000 0.000000 0.000000 
18.425903 0.000000 0.000000 0.000000 0.000000 0.000000 0.000000 0.000000 0.000000 0.000000 
18.446618 0.000000 0.000000 0.000000 0.000000 0.000000 0.000000 0.000000 0.000000 0.000000 
18.467333 0.000000 0.000000 0.000000 0.000000 0.000000 0.000000 0.000000 0.000000 0.000000 
18.488048 0.000000 0.000000 0.000000 0.000000 0.000000 0.000000 0.000000 0.000000 0.000000 
18.508762 0.000000 0.000000 0.000000 0.000000 0.000000 0.000000 0.000000 0.000000 0.000000 
18.529477 0.000000 0.000000 0.000000 0.000000 0.000000 0.000000 0.000000 0.000000 0.000000 
18.550193 0.000000 0.000000 0.000000 0.000000 0.000000 0.000000 0.000000 0.000000 0.000000 
18.570908 0.000000 0.000000 0.000000 0.000000 0.000000 0.000000 0.000000 0.000000 0.000000 
18.591622 0.000000 0.000000 0.000000 0.000000 0.000000 0.000000 0.000000 0.000000 0.000000 
18.612337 0.000000 0.000000 0.000000 0.000000 0.000000 0.000000 0.000000 0.000000 0.000000 
18.633052 0.000000 0.000000 0.000000 0.000000 0.000000 0.000000 0.000000 0.000000 0.000000 
18.653767 0.000000 0.000000 0.000000 0.000000 0.000000 0.000000 0.000000 0.000000 0.000000 
18.674481 0.000000 0.000000 0.000000 0.000000 0.000000 0.000000 0.000000 0.000000 0.000000 
18.695197 0.000000 0.000000 0.000000 0.000000 0.000000 0.000000 0.000000 0.000000 0.000000 
18.715912 0.000000 0.000000 0.000000 0.000000 0.000000 0.000000 0.000000 0.000000 0.000000 
18.736627 0.000000 0.000000 0.000000 0.000000 0.000000 0.000000 0.000000 0.000000 0.000000 
18.757341 0.000000 0.000000 0.000000 0.000000 0.000000 0.000000 0.000000 0.000000 0.000000 
18.778056 0.000000 0.000000 0.000000 0.000000 0.000000 0.000000 0.000000 0.000000 0.000000 
18.798772 0.000000 0.000000 0.000000 0.000000 0.000000 0.000000 0.000000 0.000000 0.000000 
18.819487 0.000000 0.000000 0.000000 0.000000 0.000000 0.000000 0.000000 0.000000 0.000000 
18.840201 0.000000 0.000000 0.000000 0.000000 0.000000 0.000000 0.000000 0.000000 0.000000 
18.860916 0.000000 0.000000 0.000000 0.000000 0.000000 0.000000 0.000000 0.000000 0.000000 
18.881631 0.000000 0.000000 0.000000 0.000000 0.000000 0.000000 0.000000 0.000000 0.000000 
18.902346 0.000000 0.000000 0.000000 0.000000 0.000000 0.000000 0.000000 0.000000 0.000000 
18.923060 0.000000 0.000000 0.000000 0.000000 0.000000 0.000000 0.000000 0.000000 0.000000 
18.943776 0.000000 0.000000 0.000000 0.000000 0.000000 0.000000 0.000000 0.000000 0.000000 
18.964491 0.000000 0.000000 0.000000 0.000000 0.000000 0.000000 0.000000 0.000000 0.000000 
18.985206 0.000000 0.000000 0.000000 0.000000 0.000000 0.000000 0.000000 0.000000 0.000000 
19.005920 0.000000 0.000000 0.000000 0.000000 0.000000 0.000000 0.000000 0.000000 0.000000 
19.026635 0.000000 0.000000 0.000000 0.000000 0.000000 0.000000 0.000000 0.000000 0.000000 
19.047350 0.000000 0.000000 0.000000 0.000000 0.000000 0.000000 0.000000 0.000000 0.000000 
19.068065 0.000000 0.000000 0.000000 0.000000 0.000000 0.000000 0.000000 0.000000 0.000000 
19.088780 0.000000 0.000000 0.000000 0.000000 0.000000 0.000000 0.000000 0.000000 0.000000 
19.109495 0.000000 0.000000 0.000000 0.000000 0.000000 0.000000 0.000000 0.000000 0.000000 
19.130210 0.000000 0.000000 0.000000 0.000000 0.000000 0.000000 0.000000 0.000000 0.000000 
19.150925 0.000000 0.000000 0.000000 0.000000 0.000000 0.000000 0.000000 0.000000 0.000000 
19.171639 0.000000 0.000000 0.000000 0.000000 0.000000 0.000000 0.000000 0.000000 0.000000 
19.192354 0.000000 0.000000 0.000000 0.000000 0.000000 0.000000 0.000000 0.000000 0.000000 
19.213069 0.000000 0.000000 0.000000 0.000000 0.000000 0.000000 0.000000 0.000000 0.000000 
19.233785 0.000000 0.000000 0.000000 0.000000 0.000000 0.000000 0.000000 0.000000 0.000000 
19.254499 0.000000 0.000000 0.000000 0.000000 0.000000 0.000000 0.000000 0.000000 0.000000 
19.275214 0.000000 0.000000 0.000000 0.000000 0.000000 0.000000 0.000000 0.000000 0.000000 
19.295929 0.000000 0.000000 0.000000 0.000000 0.000000 0.000000 0.000000 0.000000 0.000000 
19.316644 0.000000 0.000000 0.000000 0.000000 0.000000 0.000000 0.000000 0.000000 0.000000 
19.337358 0.000000 0.000000 0.000000 0.000000 0.000000 0.000000 0.000000 0.000000 0.000000 
19.358073 0.000000 0.000000 0.000000 0.000000 0.000000 0.000000 0.000000 0.000000 0.000000 
19.378789 0.000000 0.000000 0.000000 0.000000 0.000000 0.000000 0.000000 0.000000 0.000000 
19.399504 0.000000 0.000000 0.000000 0.000000 0.000000 0.000000 0.000000 0.000000 0.000000 
19.420218 0.000000 0.000000 0.000000 0.000000 0.000000 0.000000 0.000000 0.000000 0.000000 
19.440933 0.000000 0.000000 0.000000 0.000000 0.000000 0.000000 0.000000 0.000000 0.000000 
19.461648 0.000000 0.000000 0.000000 0.000000 0.000000 0.000000 0.000000 0.000000 0.000000 
19.482363 0.000000 0.000000 0.000000 0.000000 0.000000 0.000000 0.000000 0.000000 0.000000 
19.503078 0.000000 0.000000 0.000000 0.000000 0.000000 0.000000 0.000000 0.000000 0.000000 
19.523793 0.000000 0.000000 0.000000 0.000000 0.000000 0.000000 0.000000 0.000000 0.000000 
19.544508 0.000000 0.000000 0.000000 0.000000 0.000000 0.000000 0.000000 0.000000 0.000000 
19.565223 0.000000 0.000000 0.000000 0.000000 0.000000 0.000000 0.000000 0.000000 0.000000 
19.585938 0.000000 0.000000 0.000000 0.000000 0.000000 0.000000 0.000000 0.000000 0.000000 
19.606652 0.000000 0.000000 0.000000 0.000000 0.000000 0.000000 0.000000 0.000000 0.000000 
19.627367 0.000000 0.000000 0.000000 0.000000 0.000000 0.000000 0.000000 0.000000 0.000000 
19.648082 0.000000 0.000000 0.000000 0.000000 0.000000 0.000000 0.000000 0.000000 0.000000 
19.668797 0.000000 0.000000 0.000000 0.000000 0.000000 0.000000 0.000000 0.000000 0.000000 
19.689512 0.000000 0.000000 0.000000 0.000000 0.000000 0.000000 0.000000 0.000000 0.000000 
19.710227 0.000000 0.000000 0.000000 0.000000 0.000000 0.000000 0.000000 0.000000 0.000000 
19.730942 0.000000 0.000000 0.000000 0.000000 0.000000 0.000000 0.000000 0.000000 0.000000 
19.751657 0.000000 0.000000 0.000000 0.000000 0.000000 0.000000 0.000000 0.000000 0.000000 
19.772371 0.000000 0.000000 0.000000 0.000000 0.000000 0.000000 0.000000 0.000000 0.000000 
19.793086 0.000000 0.000000 0.000000 0.000000 0.000000 0.000000 0.000000 0.000000 0.000000 
19.813802 0.000000 0.000000 0.000000 0.000000 0.000000 0.000000 0.000000 0.000000 0.000000 
19.834517 0.000000 0.000000 0.000000 0.000000 0.000000 0.000000 0.000000 0.000000 0.000000 
19.855231 0.000000 0.000000 0.000000 0.000000 0.000000 0.000000 0.000000 0.000000 0.000000 
19.875946 0.000000 0.000000 0.000000 0.000000 0.000000 0.000000 0.000000 0.000000 0.000000 
19.896661 0.000000 0.000000 0.000000 0.000000 0.000000 0.000000 0.000000 0.000000 0.000000 
19.917376 0.000000 0.000000 0.000000 0.000000 0.000000 0.000000 0.000000 0.000000 0.000000 
19.938090 0.000000 0.000000 0.000000 0.000000 0.000000 0.000000 0.000000 0.000000 0.000000 
19.958806 0.000000 0.000000 0.000000 0.000000 0.000000 0.000000 0.000000 0.000000 0.000000 
19.979521 0.000000 0.000000 0.000000 0.000000 0.000000 0.000000 0.000000 0.000000 0.000000 
20.000236 0.000000 0.000000 0.000000 0.000000 0.000000 0.000000 0.000000 0.000000 0.000000 
20.020950 0.000000 0.000000 0.000000 0.000000 0.000000 0.000000 0.000000 0.000000 0.000000 
20.041665 0.000000 0.000000 0.000000 0.000000 0.000000 0.000000 0.000000 0.000000 0.000000 
20.062380 0.000000 0.000000 0.000000 0.000000 0.000000 0.000000 0.000000 0.000000 0.000000 
20.083095 0.000000 0.000000 0.000000 0.000000 0.000000 0.000000 0.000000 0.000000 0.000000 
20.103810 0.000000 0.000000 0.000000 0.000000 0.000000 0.000000 0.000000 0.000000 0.000000 
20.124525 0.000000 0.000000 0.000000 0.000000 0.000000 0.000000 0.000000 0.000000 0.000000 
20.145240 0.000000 0.000000 0.000000 0.000000 0.000000 0.000000 0.000000 0.000000 0.000000 
20.165955 0.000000 0.000000 0.000000 0.000000 0.000000 0.000000 0.000000 0.000000 0.000000 
20.186669 0.000000 0.000000 0.000000 0.000000 0.000000 0.000000 0.000000 0.000000 0.000000 
20.207384 0.000000 0.000000 0.000000 0.000000 0.000000 0.000000 0.000000 0.000000 0.000000 
20.228099 0.000000 0.000000 0.000000 0.000000 0.000000 0.000000 0.000000 0.000000 0.000000 
20.248815 0.000000 0.000000 0.000000 0.000000 0.000000 0.000000 0.000000 0.000000 0.000000 
20.269529 0.000000 0.000000 0.000000 0.000000 0.000000 0.000000 0.000000 0.000000 0.000000 
20.290244 0.000000 0.000000 0.000000 0.000000 0.000000 0.000000 0.000000 0.000000 0.000000 
20.310959 0.000000 0.000000 0.000000 0.000000 0.000000 0.000000 0.000000 0.000000 0.000000 
20.331674 0.000000 0.000000 0.000000 0.000000 0.000000 0.000000 0.000000 0.000000 0.000000 
20.352388 0.000000 0.000000 0.000000 0.000000 0.000000 0.000000 0.000000 0.000000 0.000000 
20.373103 0.000000 0.000000 0.000000 0.000000 0.000000 0.000000 0.000000 0.000000 0.000000 
20.393819 0.000000 0.000000 0.000000 0.000000 0.000000 0.000000 0.000000 0.000000 0.000000 
20.414534 0.000000 0.000000 0.000000 0.000000 0.000000 0.000000 0.000000 0.000000 0.000000 
20.435248 0.000000 0.000000 0.000000 0.000000 0.000000 0.000000 0.000000 0.000000 0.000000 
20.455963 0.000000 0.000000 0.000000 0.000000 0.000000 0.000000 0.000000 0.000000 0.000000 
20.476678 0.000000 0.000000 0.000000 0.000000 0.000000 0.000000 0.000000 0.000000 0.000000 
20.497394 0.000000 0.000000 0.000000 0.000000 0.000000 0.000000 0.000000 0.000000 0.000000 
20.518108 0.000000 0.000000 0.000000 0.000000 0.000000 0.000000 0.000000 0.000000 0.000000 
20.538823 0.000000 0.000000 0.000000 0.000000 0.000000 0.000000 0.000000 0.000000 0.000000 
20.559538 0.000000 0.000000 0.000000 0.000000 0.000000 0.000000 0.000000 0.000000 0.000000 
20.580253 0.000000 0.000000 0.000000 0.000000 0.000000 0.000000 0.000000 0.000000 0.000000 
20.600967 0.000000 0.000000 0.000000 0.000000 0.000000 0.000000 0.000000 0.000000 0.000000 
20.621682 0.000000 0.000000 0.000000 0.000000 0.000000 0.000000 0.000000 0.000000 0.000000 
20.642398 0.000000 0.000000 0.000000 0.000000 0.000000 0.000000 0.000000 0.000000 0.000000 
20.663113 0.000000 0.000000 0.000000 0.000000 0.000000 0.000000 0.000000 0.000000 0.000000 
20.683827 0.000000 0.000000 0.000000 0.000000 0.000000 0.000000 0.000000 0.000000 0.000000 
20.704542 0.000000 0.000000 0.000000 0.000000 0.000000 0.000000 0.000000 0.000000 0.000000 
