# concentrations: 0.333333 0.333333 0.333333
0.005724 0.000000 0.000000 0.000000 0.000000 0.000000 0.000000 0.000000 0.000000 0.000000 
0.017171 0.000000 0.000000 0.000000 0.000000 0.000000 0.000000 0.000000 0.000000 0.000000 
0.028618 0.000000 0.000000 0.000000 0.000000 0.000000 0.000000 0.000000 0.000000 0.000000 
0.040065 0.000000 0.000000 0.000000 0.000000 0.000000 0.000000 0.000000 0.000000 0.000000 
0.051512 0.000000 0.000000 0.000000 0.000000 0.000000 0.000000 0.000000 0.000000 0.000000 
0.062959 0.000000 0.000000 0.000000 0.000000 0.000000 0.000000 0.000000 0.000000 0.000000 
0.074406 0.000000 0.000000 0.000000 0.000000 0.000000 0.000000 0.000000 0.000000 0.000000 
0.085853 0.000000 0.000000 0.000000 0.000000 0.000000 0.000000 0.000000 0.000000 0.000000 
0.097300 0.000000 0.000000 0.000000 0.000000 0.000000 0.000000 0.000000 0.000000 0.000000 
0.108747 0.000000 0.000000 0.000000 0.000000 0.000000 0.000000 0.000000 0.000000 0.000000 
0.120195 0.000000 0.000000 0.000000 0.000000 0.000000 0.000000 0.000000 0.000000 0.000000 
0.131642 0.000000 0.000000 0.000000 0.000000 0.000000 0.000000 0.000000 0.000000 0.000000 
0.143089 0.000000 0.000000 0.000000 0.000000 0.000000 0.000000 0.000000 0.000000 0.000000 
0.154536 0.000000 0.000000 0.000000 0.000000 0.000000 0.000000 0.000000 0.000000 0.000000 
0.165983 0.000000 0.000000 0.000000 0.000000 0.000000 0.000000 0.000000 0.000000 0.000000 
0.177430 0.000000 0.000000 0.000000 0.000000 0.000000 0.000000 0.000000 0.000000 0.000000 
0.188877 0.000000 0.000000 0.000000 0.000000 0.000000 0.000000 0.000000 0.000000 0.000000 
0.200324 0.000000 0.000000 0.000000 0.000000 0.000000 0.000000 0.000000 0.000000 0.000000 
0.211771 0.000000 0.000000 0.000000 0.000000 0.000000 0.000000 0.000000 0.000000 0.000000 
0.223218 0.000000 0.000000 0.000000 0.000000 0.000000 0.000000 0.000000 0.000000 0.000000 
0.234666 0.000000 0.000000 0.000000 0.000000 0.000000 0.000000 0.000000 0.000000 0.000000 
0.246113 0.000000 0.000000 0.000000 0.000000 0.000000 0.000000 0.000000 0.000000 0.000000 
0.257560 0.000000 0.000000 0.000000 0.000000 0.000000 0.000000 0.000000 0.000000 0.000000 
0.269007 0.000000 0.000000 0.000000 0.000000 0.000000 0.000000 0.000000 0.000000 0.000000 
0.280454 0.000000 0.000000 0.000000 0.000000 0.000000 0.000000 0.000000 0.000000 0.000000 
0.291901 0.000000 0.000000 0.000000 0.000000 0.000000 0.000000 0.000000 0.000000 0.000000 
0.303348 0.000000 0.000000 0.000000 0.000000 0.000000 0.000000 0.000000 0.000000 0.000000 
0.314795 0.000000 0.000000 0.000000 0.000000 0.000000 0.000000 0.000000 0.000000 0.000000 
0.326242 0.000000 0.000000 0.000000 0.000000 0.000000 0.000000 0.000000 0.000000 0.000000 
0.337689 0.000000 0.000000 0.000000 0.000000 0.000000 0.000000 0.000000 0.000000 0.000000 
0.349137 0.000000 0.000000 0.000000 0.000000 0.000000 0.000000 0.000000 0.000000 0.000000 
0.360584 0.000000 0.000000 0.000000 0.000000 0.000000 0.000000 0.000000 0.000000 0.000000 
0.372031 0.000000 0.000000 0.000000 0.000000 0.000000 0.000000 0.000000 0.000000 0.000000 
0.383478 0.000000 0.000000 0.000000 0.000000 0.000000 0.000000 0.000000 0.000000 0.000000 
0.394925 0.000000 0.000000 0.000000 0.000000 0.000000 0.000000 0.000000 0.000000 0.000000 
0.406372 0.000000 0.000000 0.000000 0.000000 0.000000 0.000000 0.000000 0.000000 0.000000 
0.417819 0.000000 0.000000 0.000000 0.000000 0.000000 0.000000 0.000000 0.000000 0.000000 
0.429266 0.000000 0.000000 0.000000 0.000000 0.000000 0.000000 0.000000 0.000000 0.000000 
0.440713 0.000000 0.000000 0.000000 0.000000 0.000000 0.000000 0.000000 0.000000 0.000000 
0.452160 0.000000 0.000000 0.000000 0.000000 0.000000 0.000000 0.000000 0.000000 0.000000 
0.463608 0.000000 0.000000 0.000000 0.000000 0.000000 0.000000 0.000000 0.000000 0.000000 
0.475055 0.000000 0.000000 0.000000 0.000000 0.000000 0.000000 0.000000 0.000000 0.000000 
0.486502 0.000000 0.000000 0.000000 0.000000 0.000000 0.000000 0.000000 0.000000 0.000000 
0.497949 0.000000 0.000000 0.000000 0.000000 0.000000 0.000000 0.000000 0.000000 0.000000 
0.509396 0.000000 0.000000 0.000000 0.000000 0.000000 0.000000 0.000000 0.000000 0.000000 
0.520843 0.000000 0.000000 0.000000 0.000000 0.000000 0.000000 0.000000 0.000000 0.000000 
0.532290 0.000000 0.000000 0.000000 0.000000 0.000000 0.000000 0.000000 0.000000 0.000000 
0.543737 0.000000 0.000000 0.000000 0.000000 0.000000 0.000000 0.000000 0.000000 0.000000 
0.555184 0.000000 0.000000 0.000000 0.000000 0.000000 0.000000 0.000000 0.000000 0.000000 
0.566631 0.000000 0.000000 0.000000 0.000000 0.000000 0.000000 0.000000 0.000000 0.000000 
0.578079 0.000000 0.000000 0.000000 0.000000 0.000000 0.000000 0.000000 0.000000 0.000000 
0.589526 0.000000 0.000000 0.000000 0.000000 0.000000 0.000000 0.000000 0.000000 0.000000 
0.600973 0.000000 0.000000 0.000000 0.000000 0.000000 0.000000 0.000000 0.000000 0.000000 
0.612420 0.000000 0.000000 0.000000 0.000000 0.000000 0.000000 0.000000 0.000000 0.000000 
0.623867 0.000000 0.000000 0.000000 0.000000 0.000000 0.000000 0.000000 0.000000 0.000000 
0.635314 0.000000 0.000000 0.000000 0.000000 0.000000 0.000000 0.000000 0.000000 0.000000 
0.646761 0.000000 0.000000 0.000000 0.000000 0.000000 0.000000 0.000000 0.000000 0.000000 
0.658208 0.000000 0.000000 0.000000 0.000000 0.000000 0.000000 0.000000 0.000000 0.000000 
0.669655 0.000000 0.000000 0.000000 0.000000 0.000000 0.000000 0.000000 0.000000 0.000000 
0.681102 0.000000 0.000000 0.000000 0.000000 0.000000 0.000000 0.000000 0.000000 0.000000 
0.692550 0.000000 0.000000 0.000000 0.000000 0.000000 0.000000 0.000000 0.000000 0.000000 
0.703997 0.000000 0.000000 0.000000 0.000000 0.000000 0.000000 0.000000 0.000000 0.000000 
0.715444 0.000000 0.000000 0.000000 0.000000 0.000000 0.000000 0.000000 0.000000 0.000000 
0.726891 0.000000 0.000000 0.000000 0.000000 0.000000 0.000000 0.000000 0.000000 0.000000 
0.738338 0.000000 0.000000 0.000000 0.000000 0.000000 0.000000 0.000000 0.000000 0.000000 
0.749785 0.000000 0.000000 0.000000 0.000000 0.000000 0.000000 0.000000 0.000000 0.000000 
0.761232 0.000000 0.000000 0.000000 0.000000 0.000000 0.000000 0.000000 0.000000 0.000000 
0.772679 0.000000 0.000000 0.000000 0.000000 0.000000 0.000000 0.000000 0.000000 0.000000 
0.784126 0.000000 0.000000 0.000000 0.000000 0.000000 0.000000 0.000000 0.000000 0.000000 
0.795573 0.000000 0.000000 0.000000 0.000000 0.000000 0.000000 0.000000 0.000000 0.000000 
0.807021 0.000000 0.000000 0.000000 0.000000 0.000559 0.000000 0.000000 0.000000 0.000000 
0.818468 0.000000 0.000000 0.000000 0.000000 0.002283 0.000000 0.000000 0.000000 0.000000 
0.829915 0.000000 0.000000 0.000000 0.000000 0.008460 0.000053 0.000000 0.000053 0.000000 
0.841362 0.000000 0.000000 0.000000 0.000000 0.017286 0.000256 0.000000 0.000256 0.000000 
0.852809 0.000000 0.000000 0.000000 0.000000 0.058086 0.001048 0.000000 0.001048 0.000000 
0.864256 0.000000 0.000000 0.000000 0.000000 0.114773 0.004033 0.000000 0.004033 0.000000 
0.875703 0.000000 0.000284 0.000000 0.000284 0.209528 0.011644 0.000000 0.011644 0.000000 
0.887150 0.000000 0.000184 0.000000 0.000184 0.342510 0.030392 0.000000 0.030392 0.000463 
0.898597 0.000000 0.001933 0.000000 0.001933 0.500626 0.066573 0.000000 0.066573 0.001894 
0.910044 0.000000 0.006355 0.000044 0.006355 0.699007 0.133717 0.000044 0.133717 0.007124 
0.921492 0.000000 0.017739 0.000342 0.017739 0.903741 0.236040 0.000342 0.236040 0.018528 
0.932939 0.000000 0.043871 0.000709 0.043871 1.095263 0.364858 0.000709 0.364858 0.040587 
0.944386 0.000000 0.084407 0.003907 0.084407 1.310603 0.524065 0.003907 0.524065 0.088528 
0.955833 0.000000 0.159393 0.009495 0.159393 1.488442 0.724975 0.009495 0.724975 0.163274 
0.967280 0.000311 0.255924 0.025604 0.255924 1.668663 0.926014 0.025604 0.926014 0.257442 
0.978727 0.001293 0.402300 0.053617 0.402300 1.794793 1.122515 0.053617 1.122515 0.388096 
0.990174 0.004977 0.563124 0.105621 0.563124 1.883086 1.312797 0.105621 1.312797 0.575445 
1.001621 0.014593 0.750616 0.183177 0.750616 1.949482 1.506334 0.183177 1.506334 0.758027 
1.013068 0.032220 0.939870 0.300511 0.939870 2.003411 1.635851 0.300511 1.635851 0.933752 
1.024515 0.065160 1.142446 0.431741 1.142446 2.016420 1.781015 0.431741 1.781015 1.159140 
1.035963 0.129763 1.324254 0.601808 1.324254 2.045334 1.872017 0.601808 1.872017 1.330821 
1.047410 0.209732 1.509615 0.778563 1.509615 1.999789 1.936680 0.778563 1.936680 1.494945 
1.058857 0.328787 1.642760 0.960022 1.642760 2.001500 1.998099 0.960022 1.998099 1.636268 
1.070304 0.462564 1.748429 1.146788 1.748429 1.988102 2.019624 1.146788 2.019624 1.761811 
1.081751 0.622316 1.859610 1.337230 1.859610 1.933675 2.030117 1.337230 2.030117 1.846471 
1.093198 0.806700 1.906762 1.491878 1.906762 1.870963 2.027005 1.491878 2.027005 1.939163 
1.104645 0.969249 1.989445 1.632825 1.989445 1.844426 2.003485 1.632825 2.003485 1.990846 
1.116092 1.165243 2.017983 1.760367 2.017983 1.798619 1.991380 1.760367 1.991380 2.017072 
1.127539 1.343942 2.026467 1.848028 2.026467 1.746357 1.934392 1.848028 1.934392 2.034648 
1.138986 1.492576 2.017639 1.912046 2.017639 1.670333 1.889326 1.912046 1.889326 2.024724 
1.150434 1.650779 2.003967 1.975198 2.003967 1.638837 1.852198 1.975198 1.852198 2.024015 
1.161881 1.750834 1.969992 2.004139 1.969992 1.591289 1.796487 2.004139 1.796487 1.972966 
1.173328 1.866671 1.952992 2.020223 1.952992 1.550022 1.742227 2.020223 1.742227 1.941165 
1.184775 1.919143 1.892732 2.011473 1.892732 1.492765 1.707327 2.011473 1.707327 1.884637 
1.196222 1.964774 1.848240 1.993889 1.848240 1.447112 1.635980 1.993889 1.635980 1.882570 
1.207669 2.000638 1.797285 1.989067 1.797285 1.391407 1.594628 1.989067 1.594628 1.815257 
1.219116 2.034158 1.755022 1.935624 1.755022 1.360402 1.555836 1.935624 1.555836 1.756873 
1.230563 2.009285 1.712048 1.911070 1.712048 1.311882 1.489847 1.911070 1.489847 1.700771 
1.242010 2.013382 1.668170 1.866197 1.668170 1.278260 1.443908 1.866197 1.443908 1.654438 
1.253457 1.966644 1.598769 1.828151 1.598769 1.247383 1.404641 1.828151 1.404641 1.614593 
1.264905 1.948190 1.555126 1.771642 1.555126 1.212526 1.361388 1.771642 1.361388 1.567111 
1.276352 1.914520 1.510736 1.721402 1.510736 1.170173 1.318228 1.721402 1.318228 1.519589 
1.287799 1.843128 1.458828 1.650970 1.458828 1.139712 1.289492 1.650970 1.289492 1.481231 
1.299246 1.811033 1.434790 1.620807 1.434790 1.106546 1.264921 1.620807 1.264921 1.419934 
1.310693 1.765141 1.370659 1.571064 1.370659 1.087398 1.214856 1.571064 1.214856 1.356799 
1.322140 1.709166 1.328588 1.521261 1.328588 1.062650 1.175908 1.521261 1.175908 1.328615 
1.333587 1.669998 1.290142 1.476664 1.290142 1.032076 1.148215 1.476664 1.148215 1.290382 
1.345034 1.613655 1.267320 1.432441 1.267320 1.012480 1.115661 1.432441 1.115661 1.261010 
1.356481 1.555953 1.226919 1.389878 1.226919 1.007429 1.089545 1.389878 1.089545 1.209389 
1.367928 1.516008 1.195666 1.340334 1.195666 0.978338 1.069408 1.340334 1.069408 1.190946 
1.379376 1.484213 1.155415 1.292998 1.155415 0.957651 1.041125 1.292998 1.041125 1.151355 
1.390823 1.441078 1.130327 1.255896 1.130327 0.947364 1.021758 1.255896 1.021758 1.135670 
1.402270 1.402326 1.096767 1.230670 1.096767 0.929266 0.998473 1.230670 0.998473 1.094694 
1.413717 1.350334 1.076100 1.188482 1.076100 0.907572 0.973905 1.188482 0.973905 1.063080 
1.425164 1.315783 1.053843 1.164642 1.053843 0.898861 0.956929 1.164642 0.956929 1.052347 
1.436611 1.275721 1.021945 1.118022 1.021945 0.888396 0.943542 1.118022 0.943542 1.020810 
1.448058 1.240118 1.001379 1.100826 1.001379 0.878618 0.925646 1.100826 0.925646 0.994533 
1.459505 1.199575 0.974810 1.083421 0.974810 0.859316 0.913330 1.083421 0.913330 0.974104 
1.470952 1.171687 0.960418 1.050218 0.960418 0.855386 0.902123 1.050218 0.902123 0.970918 
1.482399 1.124327 0.939730 1.023044 0.939730 0.852568 0.879375 1.023044 0.879375 0.931553 
1.493847 1.112569 0.928187 1.011058 0.928187 0.847148 0.875911 1.011058 0.875911 0.917485 
1.505294 1.063579 0.907998 0.980756 0.907998 0.824517 0.860534 0.980756 0.860534 0.902693 
1.516741 1.045591 0.893287 0.966213 0.893287 0.824403 0.847941 0.966213 0.847941 0.901784 
1.528188 1.030827 0.891814 0.948140 0.891814 0.828941 0.842855 0.948140 0.842855 0.883179 
1.539635 1.004637 0.882696 0.924621 0.882696 0.818864 0.837801 0.924621 0.837801 0.868641 
1.551082 0.972102 0.860461 0.908906 0.860461 0.805075 0.828371 0.908906 0.828371 0.854514 
1.562529 0.962207 0.861741 0.897422 0.861741 0.807433 0.820828 0.897422 0.820828 0.851437 
1.573976 0.942324 0.837751 0.880460 0.837751 0.813166 0.818426 0.880460 0.818426 0.832277 
1.585423 0.922554 0.844505 0.865024 0.844505 0.800241 0.817544 0.865024 0.817544 0.831971 
1.596870 0.914298 0.832392 0.861757 0.832392 0.799986 0.806756 0.861757 0.806756 0.837490 
1.608318 0.901019 0.816572 0.855835 0.816572 0.803450 0.809219 0.855835 0.809219 0.819838 
1.619765 0.881000 0.815696 0.835120 0.815696 0.803433 0.801211 0.835120 0.801211 0.814982 
1.631212 0.864180 0.809532 0.834045 0.809532 0.809734 0.803843 0.834045 0.803843 0.804041 
1.642659 0.859286 0.806758 0.827837 0.806758 0.810212 0.801417 0.827837 0.801417 0.803005 
1.654106 0.837904 0.802768 0.809029 0.802768 0.813519 0.803113 0.809029 0.803113 0.814770 
1.665553 0.833331 0.809383 0.809710 0.809383 0.811722 0.807185 0.809710 0.807185 0.802138 
1.677000 0.829064 0.805276 0.807134 0.805276 0.818627 0.803043 0.807134 0.803043 0.805522 
1.688447 0.826718 0.795277 0.798600 0.795277 0.821250 0.806316 0.798600 0.806316 0.798077 
1.699894 0.806858 0.799759 0.794245 0.799759 0.821024 0.808615 0.794245 0.808615 0.792868 
1.711341 0.798910 0.791327 0.791178 0.791327 0.835072 0.805815 0.791178 0.805815 0.795776 
1.722789 0.805409 0.796842 0.792672 0.796842 0.837484 0.814868 0.792672 0.814868 0.795225 
1.734236 0.801245 0.799564 0.784961 0.799564 0.847380 0.819453 0.784961 0.819453 0.804927 
1.745683 0.792381 0.798840 0.793575 0.798840 0.853450 0.826712 0.793575 0.826712 0.799456 
1.757130 0.787375 0.811296 0.788266 0.811296 0.853619 0.829248 0.788266 0.829248 0.808088 
1.768577 0.778450 0.809253 0.791835 0.809253 0.865961 0.834214 0.791835 0.834214 0.809514 
1.780024 0.782140 0.812330 0.790759 0.812330 0.878367 0.842447 0.790759 0.842447 0.817426 
1.791471 0.783532 0.818910 0.797738 0.818910 0.879329 0.847671 0.797738 0.847671 0.813422 
1.802918 0.780516 0.827226 0.786345 0.827226 0.889912 0.863361 0.786345 0.863361 0.819819 
1.814365 0.790058 0.822643 0.801979 0.822643 0.895622 0.862315 0.801979 0.862315 0.838028 
1.825812 0.789373 0.838799 0.806885 0.838799 0.913674 0.867707 0.806885 0.867707 0.839081 
1.837260 0.787279 0.845603 0.816226 0.845603 0.912152 0.879271 0.816226 0.879271 0.840534 
1.848707 0.789324 0.849098 0.817046 0.849098 0.926401 0.889604 0.817046 0.889604 0.849338 
1.860154 0.802794 0.860426 0.825473 0.860426 0.935327 0.900309 0.825473 0.900309 0.854957 
1.871601 0.802237 0.873631 0.825551 0.873631 0.936646 0.905318 0.825551 0.905318 0.865657 
1.883048 0.813374 0.878807 0.835282 0.878807 0.964209 0.914102 0.835282 0.914102 0.877730 
1.894495 0.808961 0.884156 0.855030 0.884156 0.963480 0.931405 0.855030 0.931405 0.886302 
1.905942 0.813670 0.894002 0.857700 0.894002 0.984865 0.942973 0.857700 0.942973 0.893934 
1.917389 0.824727 0.900548 0.873693 0.900548 0.991269 0.948630 0.873693 0.948630 0.907582 
1.928836 0.841701 0.917911 0.874662 0.917911 0.996971 0.960624 0.874662 0.960624 0.916899 
1.940283 0.845777 0.928256 0.885939 0.928256 1.007135 0.967583 0.885939 0.967583 0.934330 
1.951731 0.861985 0.933341 0.895531 0.933341 1.006408 0.981518 0.895531 0.981518 0.928030 
1.963178 0.859919 0.947107 0.905941 0.947107 1.024603 0.990702 0.905941 0.990702 0.942299 
1.974625 0.872011 0.960491 0.916990 0.960491 1.024591 0.997075 0.916990 0.997075 0.952486 
1.986072 0.882974 0.973432 0.921578 0.973432 1.040450 1.006458 0.921578 1.006458 0.973659 
1.997519 0.891138 0.982484 0.939119 0.982484 1.046759 1.019108 0.939119 1.019108 0.979983 
2.008966 0.899031 0.990555 0.947639 0.990555 1.065010 1.026304 0.947639 1.026304 0.987624 
2.020413 0.904593 0.997843 0.959198 0.997843 1.057708 1.029739 0.959198 1.029739 1.001466 
2.031860 0.922675 1.004643 0.969273 1.004643 1.062104 1.041437 0.969273 1.041437 1.003213 
2.043307 0.945340 1.017225 0.979929 1.017225 1.064669 1.051262 0.979929 1.051262 1.021857 
2.054754 0.956467 1.028332 0.992972 1.028332 1.077747 1.050074 0.992972 1.050074 1.031167 
2.066202 0.954293 1.037859 1.001155 1.037859 1.092214 1.064011 1.001155 1.064011 1.027365 
2.077649 0.967331 1.047194 1.007992 1.047194 1.087592 1.075633 1.007992 1.075633 1.054755 
2.089096 0.975531 1.055081 1.018737 1.055081 1.092356 1.070825 1.018737 1.070825 1.055155 
2.100543 0.999000 1.062896 1.034844 1.062896 1.088835 1.081701 1.034844 1.081701 1.063182 
2.111990 1.006412 1.071022 1.032662 1.071022 1.094918 1.087249 1.032662 1.087249 1.068579 
2.123437 1.007281 1.074723 1.047111 1.074723 1.105043 1.082732 1.047111 1.082732 1.068310 
2.134884 1.016521 1.079242 1.057190 1.079242 1.098410 1.091300 1.057190 1.091300 1.083835 
2.146331 1.033498 1.090060 1.065816 1.090060 1.103240 1.097309 1.065816 1.097309 1.088362 
2.157778 1.037595 1.084435 1.067689 1.084435 1.091347 1.096105 1.067689 1.096105 1.087483 
2.169225 1.046725 1.087745 1.075788 1.087745 1.095810 1.092249 1.075788 1.092249 1.091259 
2.180673 1.056237 1.096514 1.085538 1.096514 1.098542 1.101628 1.085538 1.101628 1.098420 
2.192120 1.063491 1.098741 1.083279 1.098741 1.087258 1.095478 1.083279 1.095478 1.094549 
2.203567 1.073104 1.097730 1.096445 1.097730 1.088824 1.100309 1.096445 1.100309 1.087984 
2.215014 1.080865 1.100914 1.096305 1.100914 1.089565 1.097170 1.096305 1.097170 1.109280 
2.226461 1.080822 1.107541 1.094815 1.107541 1.076899 1.093219 1.094815 1.093219 1.101055 
2.237908 1.094655 1.104508 1.098072 1.104508 1.074469 1.089854 1.098072 1.089854 1.101112 
2.249355 1.095908 1.096480 1.102707 1.096480 1.077740 1.090067 1.102707 1.090067 1.101407 
2.260802 1.101790 1.098870 1.106505 1.098870 1.072363 1.092742 1.106505 1.092742 1.098541 
2.272249 1.092909 1.099720 1.106005 1.099720 1.065965 1.081716 1.106005 1.081716 1.101289 
2.283696 1.100006 1.095413 1.104224 1.095413 1.060606 1.084604 1.104224 1.084604 1.100103 
2.295143 1.109723 1.092746 1.104101 1.092746 1.053336 1.080116 1.104101 1.080116 1.090932 
2.306591 1.107580 1.089226 1.100497 1.089226 1.056679 1.074627 1.100497 1.074627 1.100707 
2.318038 1.105095 1.086367 1.096777 1.086367 1.043349 1.065183 1.096777 1.065183 1.086266 
2.329485 1.109150 1.076704 1.095681 1.076704 1.052118 1.064203 1.095681 1.064203 1.085648 
2.340932 1.116552 1.077864 1.093178 1.077864 1.033081 1.060146 1.093178 1.060146 1.078777 
2.352379 1.104379 1.074709 1.095667 1.074709 1.038697 1.054592 1.095667 1.054592 1.076382 
2.363826 1.105835 1.072917 1.088566 1.072917 1.029461 1.049025 1.088566 1.049025 1.072817 
2.375273 1.105979 1.067525 1.083995 1.067525 1.022153 1.047478 1.083995 1.047478 1.068681 
2.386720 1.094912 1.061761 1.080622 1.061761 1.022887 1.048093 1.080622 1.048093 1.062345 
2.398167 1.096453 1.056111 1.083293 1.056111 1.022086 1.037474 1.083293 1.037474 1.058142 
2.409615 1.095102 1.050123 1.070759 1.050123 1.007978 1.035570 1.070759 1.035570 1.049690 
2.421062 1.088837 1.041514 1.072624 1.041514 1.016951 1.028151 1.072624 1.028151 1.053298 
2.432509 1.080027 1.046945 1.062373 1.046945 1.006377 1.022180 1.062373 1.022180 1.036536 
2.443956 1.080544 1.038901 1.057496 1.038901 1.003780 1.015796 1.057496 1.015796 1.037412 
2.455403 1.085256 1.029140 1.051771 1.029140 0.997245 1.013560 1.051771 1.013560 1.027726 
2.466850 1.082974 1.028687 1.049862 1.028687 0.990318 1.008604 1.049862 1.008604 1.025832 
2.478297 1.068926 1.021378 1.044638 1.021378 0.988144 1.006657 1.044638 1.006657 1.022938 
2.489744 1.060859 1.013167 1.035593 1.013167 0.979818 0.997105 1.035593 0.997105 1.026231 
2.501191 1.057631 1.018574 1.034234 1.018574 0.985060 0.994733 1.034234 0.994733 1.013935 
2.512638 1.047741 1.012811 1.025558 1.012811 0.984022 0.989469 1.025558 0.989469 1.007684 
2.524086 1.047919 1.007490 1.027482 1.007490 0.979287 0.990739 1.027482 0.990739 1.003388 
2.535533 1.033641 1.003169 1.020140 1.003169 0.972790 0.983691 1.020140 0.983691 0.995189 
2.546980 1.039327 0.998072 1.015742 0.998072 0.971959 0.982606 1.015742 0.982606 0.994752 
2.558427 1.032060 0.991482 1.010387 0.991482 0.969032 0.978867 1.010387 0.978867 0.986959 
2.569874 1.021244 0.993558 1.004726 0.993558 0.962813 0.974680 1.004726 0.974680 0.994929 
2.581321 1.020831 0.985631 0.993410 0.985631 0.969158 0.971032 0.993410 0.971032 0.991906 
2.592768 1.017135 0.986084 0.999399 0.986084 0.972658 0.972083 0.999399 0.972083 0.983536 
2.604215 1.014829 0.978494 0.991248 0.978494 0.966833 0.965001 0.991248 0.965001 0.973470 
2.615662 1.003943 0.975687 0.989466 0.975687 0.958749 0.969210 0.989466 0.969210 0.980862 
2.627109 1.002136 0.973257 0.989324 0.973257 0.965336 0.966768 0.989324 0.966768 0.978876 
2.638557 0.998126 0.971906 0.982896 0.971906 0.963005 0.966979 0.982896 0.966979 0.967723 
2.650004 1.002030 0.970081 0.975601 0.970081 0.961195 0.965636 0.975601 0.965636 0.958322 
2.661451 0.990467 0.970230 0.973838 0.970230 0.963249 0.964891 0.973838 0.964891 0.963187 
2.672898 0.979790 0.963578 0.976265 0.963578 0.962896 0.963863 0.976265 0.963863 0.961469 
2.684345 0.982186 0.960864 0.968963 0.960864 0.963304 0.961811 0.968963 0.961811 0.968530 
2.695792 0.973451 0.961711 0.971915 0.961711 0.964932 0.958394 0.971915 0.958394 0.963690 
2.707239 0.971389 0.960742 0.967264 0.960742 0.965794 0.957820 0.967264 0.957820 0.963766 
2.718686 0.976421 0.962897 0.965579 0.962897 0.968912 0.960624 0.965579 0.960624 0.964940 
2.730133 0.971250 0.958789 0.965300 0.958789 0.963716 0.965144 0.965300 0.965144 0.961321 
2.741580 0.965957 0.958164 0.957218 0.958164 0.963312 0.961414 0.957218 0.961414 0.956296 
2.753028 0.959670 0.962218 0.959192 0.962218 0.962092 0.961117 0.959192 0.961117 0.962409 
2.764475 0.960680 0.959416 0.961415 0.959416 0.968429 0.963866 0.961415 0.963866 0.959479 
2.775922 0.961232 0.955729 0.960449 0.955729 0.970221 0.963473 0.960449 0.963473 0.962811 
2.787369 0.956091 0.964985 0.957982 0.964985 0.967106 0.965018 0.957982 0.965018 0.955312 
2.798816 0.959891 0.961126 0.959477 0.961126 0.972649 0.965788 0.959477 0.965788 0.960896 
2.810263 0.953470 0.958403 0.957723 0.958403 0.975964 0.967797 0.957723 0.967797 0.966630 
2.821710 0.955603 0.965114 0.956439 0.965114 0.973644 0.972760 0.956439 0.972760 0.959811 
2.833157 0.957795 0.965039 0.959658 0.965039 0.972967 0.970597 0.959658 0.970597 0.961570 
2.844604 0.953514 0.965044 0.961316 0.965044 0.975594 0.968489 0.961316 0.968489 0.960517 
2.856051 0.955772 0.966862 0.962781 0.966862 0.979775 0.972602 0.962781 0.972602 0.970247 
2.867499 0.953957 0.967348 0.962214 0.967348 0.980974 0.974217 0.962214 0.974217 0.968183 
2.878946 0.959357 0.968741 0.964514 0.968741 0.978918 0.975528 0.964514 0.975528 0.971185 
2.890393 0.959552 0.968697 0.963657 0.968697 0.985438 0.977448 0.963657 0.977448 0.968096 
2.901840 0.959701 0.973925 0.962028 0.973925 0.985633 0.981033 0.962028 0.981033 0.970937 
2.913287 0.962518 0.973812 0.966756 0.973812 0.993234 0.982926 0.966756 0.982926 0.973512 
2.924734 0.958598 0.980043 0.966838 0.980043 0.988817 0.984842 0.966838 0.984842 0.979306 
2.936181 0.961580 0.981986 0.970648 0.981986 0.991142 0.984718 0.970648 0.984718 0.983673 
2.947628 0.963108 0.978367 0.969548 0.978367 0.996892 0.994405 0.969548 0.994405 0.979187 
2.959075 0.966065 0.979265 0.973105 0.979265 1.001244 0.992650 0.973105 0.992650 0.981737 
2.970522 0.963780 0.982081 0.971678 0.982081 1.000043 0.996228 0.971678 0.996228 0.990443 
2.981969 0.966319 0.987659 0.975707 0.987659 0.998003 0.995566 0.975707 0.995566 0.987198 
2.993417 0.970160 0.989602 0.977612 0.989602 1.001756 0.991976 0.977612 0.991976 0.988889 
3.004864 0.967296 0.991721 0.983368 0.991721 1.000830 1.002628 0.983368 1.002628 0.985019 
3.016311 0.969179 0.988429 0.988118 0.988429 1.006125 1.004128 0.988118 1.004128 0.991835 
3.027758 0.974227 0.995611 0.984224 0.995611 1.011737 1.002849 0.984224 1.002849 0.995584 
3.039205 0.980832 0.994166 0.990209 0.994166 0.999443 1.006391 0.990209 1.006391 0.996375 
3.050652 0.982646 0.995614 0.989210 0.995614 1.010375 1.006777 0.989210 1.006777 0.996045 
3.062099 0.984802 1.001077 0.991689 1.001077 1.007952 1.004483 0.991689 1.004483 1.004378 
3.073546 0.988571 1.001455 0.992672 1.001455 1.008509 1.004725 0.992672 1.004725 1.002580 
3.084993 0.987738 1.003297 0.996188 1.003297 1.013651 1.011451 0.996188 1.011451 0.996332 
3.096441 0.986637 1.002906 0.997742 1.002906 1.017587 1.010538 0.997742 1.010538 1.004984 
3.107888 0.993366 1.009340 1.001238 1.009340 1.016214 1.012233 1.001238 1.012233 1.012633 
3.119335 0.997861 1.011046 1.002608 1.011046 1.014472 1.012755 1.002608 1.012755 1.005602 
3.130782 1.000247 1.008678 1.004156 1.008678 1.018238 1.012973 1.004156 1.012973 1.002283 
3.142229 0.998343 1.009227 0.999794 1.009227 1.015568 1.011341 0.999794 1.011341 1.013643 
3.153676 1.001126 1.010249 1.004366 1.010249 1.018124 1.015231 1.004366 1.015231 1.008472 
3.165123 1.005786 1.013336 1.009608 1.013336 1.017972 1.015274 1.009608 1.015274 1.015624 
3.176570 1.001366 1.015488 1.009064 1.015488 1.018018 1.017330 1.009064 1.017330 1.013399 
3.188017 1.006650 1.017973 1.011894 1.017973 1.018030 1.017244 1.011894 1.017244 1.016812 
3.199464 1.007678 1.014652 1.010375 1.014652 1.017141 1.023350 1.010375 1.023350 1.022948 
3.210912 1.007959 1.017559 1.015299 1.017559 1.015314 1.015376 1.015299 1.015376 1.020824 
3.222359 1.011704 1.021940 1.014331 1.021940 1.018361 1.017463 1.014331 1.017463 1.021721 
3.233806 1.011499 1.017488 1.016610 1.017488 1.016451 1.018408 1.016610 1.018408 1.019251 
3.245253 1.013699 1.016551 1.017499 1.016551 1.015317 1.018378 1.017499 1.018378 1.020470 
3.256700 1.010073 1.020871 1.020628 1.020871 1.022291 1.021046 1.020628 1.021046 1.015279 
3.268147 1.019261 1.022255 1.021052 1.022255 1.017938 1.019458 1.021052 1.019458 1.019158 
3.279594 1.017095 1.019877 1.019715 1.019877 1.014630 1.020201 1.019715 1.020201 1.008833 
3.291041 1.016985 1.021102 1.019614 1.021102 1.021813 1.018397 1.019614 1.018397 1.020879 
3.302488 1.012967 1.023695 1.019704 1.023695 1.011871 1.014845 1.019704 1.014845 1.019665 
3.313935 1.018720 1.019654 1.019823 1.019654 1.015271 1.013996 1.019823 1.013996 1.023449 
3.325383 1.024504 1.018118 1.020416 1.018118 1.014373 1.014888 1.020416 1.014888 1.018931 
3.336830 1.023376 1.022162 1.021438 1.022162 1.008696 1.016724 1.021438 1.016724 1.019771 
3.348277 1.023756 1.021522 1.022506 1.021522 1.016551 1.016834 1.022506 1.016834 1.021079 
3.359724 1.022846 1.020955 1.021427 1.020955 1.014593 1.016318 1.021427 1.016318 1.019394 
3.371171 1.022896 1.017943 1.019275 1.017943 1.015775 1.014552 1.019275 1.014552 1.017211 
3.382618 1.025431 1.016925 1.024798 1.016925 1.009351 1.013800 1.024798 1.013800 1.012458 
3.394065 1.021721 1.021627 1.019320 1.021627 1.007400 1.011635 1.019320 1.011635 1.016979 
3.405512 1.023466 1.014114 1.021275 1.014114 1.009404 1.009673 1.021275 1.009673 1.016513 
3.416959 1.014237 1.015687 1.018252 1.015687 1.006102 1.011350 1.018252 1.011350 1.015497 
3.428406 1.019010 1.015348 1.018949 1.015348 0.998622 1.010518 1.018949 1.010518 1.020119 
3.439854 1.026161 1.010679 1.021114 1.010679 1.008876 1.010608 1.021114 1.010608 1.013492 
3.451301 1.015173 1.014452 1.018109 1.014452 1.002191 1.005314 1.018109 1.005314 1.009963 
3.462748 1.021171 1.012085 1.015388 1.012085 1.005402 1.007306 1.015388 1.007306 1.012084 
3.474195 1.014109 1.012013 1.016529 1.012013 1.003542 1.006452 1.016529 1.006452 1.010512 
3.485642 1.017336 1.009006 1.014303 1.009006 0.998134 1.006849 1.014303 1.006849 1.010705 
3.497089 1.017836 1.009564 1.012936 1.009564 1.000112 1.003741 1.012936 1.003741 1.012583 
3.508536 1.018162 1.008381 1.013441 1.008381 0.998026 1.000540 1.013441 1.000540 1.007848 
3.519983 1.014621 1.001707 1.011813 1.001707 1.005780 1.005166 1.011813 1.005166 1.007843 
3.531430 1.015839 1.004476 1.008821 1.004476 0.999889 1.000829 1.008821 1.000829 1.005607 
3.542877 1.016642 1.007122 1.011766 1.007122 0.995374 0.999057 1.011766 0.999057 1.006057 
3.554325 1.013703 1.005357 1.010474 1.005357 0.994966 1.001133 1.010474 1.001133 0.999624 
3.565772 1.010052 1.006900 1.006040 1.006900 0.994625 1.001664 1.006040 1.001664 1.001351 
3.577219 1.012516 1.005663 1.006384 1.005663 1.000779 0.998098 1.006384 0.998098 1.002225 
3.588666 1.008659 1.001441 1.005418 1.001441 0.993519 0.999057 1.005418 0.999057 1.000430 
3.600113 1.007688 0.997865 1.005107 0.997865 0.999157 0.997182 1.005107 0.997182 1.005164 
3.611560 1.010983 0.999949 1.001856 0.999949 1.000893 0.995600 1.001856 0.995600 1.002948 
3.623007 1.003417 0.998754 1.002091 0.998754 0.996759 0.996934 1.002091 0.996934 0.999572 
3.634454 1.005718 0.995496 1.002075 0.995496 0.995694 0.997041 1.002075 0.997041 0.995263 
3.645901 1.008839 0.997656 1.001260 0.997656 0.992888 0.995608 1.001260 0.995608 0.999091 
3.657349 1.002000 0.994041 1.001577 0.994041 0.989318 0.995249 1.001577 0.995249 0.994948 
3.668796 1.007742 0.993475 1.001242 0.993475 0.992888 0.995886 1.001242 0.995886 0.996313 
3.680243 1.003705 0.998156 0.999952 0.998156 0.988599 0.995608 0.999952 0.995608 0.993234 
3.691690 1.000322 0.993810 0.995954 0.993810 0.992850 0.993086 0.995954 0.993086 0.991979 
3.703137 0.998854 0.995312 0.997848 0.995312 0.991418 0.994876 0.997848 0.994876 0.990005 
3.714584 0.999295 0.995117 0.997608 0.995117 0.995389 0.992520 0.997608 0.992520 0.994507 
3.726031 0.990446 0.993226 0.997417 0.993226 0.994691 0.990865 0.997417 0.990865 0.993694 
3.737478 0.994791 0.994154 0.994949 0.994154 0.993957 0.991558 0.994949 0.991558 0.995725 
3.748925 0.994955 0.989464 0.996367 0.989464 0.988938 0.993348 0.996367 0.993348 0.992768 
3.760372 0.997277 0.994263 0.994574 0.994263 0.991812 0.991909 0.994574 0.991909 0.993718 
3.771819 0.994627 0.993685 0.994271 0.993685 0.993767 0.990383 0.994271 0.990383 0.993235 
3.783267 0.994042 0.990009 0.991660 0.990009 0.991015 0.992415 0.991660 0.992415 0.993396 
3.794714 0.992384 0.992612 0.991715 0.992612 0.990937 0.993842 0.991715 0.993842 0.991812 
3.806161 0.993291 0.992153 0.991762 0.992153 0.993332 0.994450 0.991762 0.994450 0.993236 
3.817608 0.987474 0.992202 0.993403 0.992202 0.990578 0.991408 0.993403 0.991408 0.991917 
3.829055 0.989989 0.994534 0.994131 0.994534 0.992731 0.993692 0.994131 0.993692 0.992224 
3.840502 0.993801 0.992454 0.995998 0.992454 0.996645 0.992580 0.995998 0.992580 0.991401 
3.851949 0.995943 0.992060 0.991955 0.992060 0.989669 0.993215 0.991955 0.993215 0.993297 
3.863396 0.987034 0.992014 0.992632 0.992014 0.996847 0.993940 0.992632 0.993940 0.992992 
3.874843 0.991467 0.992896 0.990739 0.992896 0.996216 0.994312 0.990739 0.994312 0.994140 
3.886290 0.994102 0.993247 0.995364 0.993247 0.998761 0.995622 0.995364 0.995622 0.990548 
3.897738 0.994942 0.994947 0.992142 0.994947 0.998715 0.994001 0.992142 0.994001 0.992181 
3.909185 0.993321 0.993260 0.992032 0.993260 0.995733 0.996324 0.992032 0.996324 0.992888 
3.920632 0.991714 0.994290 0.993527 0.994290 0.996097 0.990297 0.993527 0.990297 0.990249 
3.932079 0.991574 0.995505 0.993277 0.995505 1.000149 0.995789 0.993277 0.995789 0.994081 
3.943526 0.991206 0.993704 0.991716 0.993704 0.994883 0.992423 0.991716 0.992423 0.991506 
3.954973 0.992741 0.997108 0.993121 0.997108 0.998668 0.998398 0.993121 0.998398 0.992163 
3.966420 0.995262 0.993276 0.993264 0.993276 0.995998 0.999904 0.993264 0.999904 0.990776 
3.977867 0.997678 0.994421 0.992763 0.994421 0.998106 0.997603 0.992763 0.997603 0.994217 
3.989314 0.991959 0.993262 0.994958 0.993262 0.999542 0.998560 0.994958 0.998560 0.999039 
4.000761 0.989055 0.998110 0.994298 0.998110 0.998270 0.998006 0.994298 0.998006 0.995658 
4.012208 0.996059 0.999327 0.994865 0.999327 1.000670 1.000293 0.994865 1.000293 0.992534 
4.023656 0.990988 0.999843 0.996807 0.999843 1.001232 1.000417 0.996807 1.000417 0.997035 
4.035103 0.994214 0.994340 0.996319 0.994340 1.001448 0.999472 0.996319 0.999472 0.993896 
4.046550 0.995501 0.999207 0.998070 0.999207 0.998592 1.001896 0.998070 1.001896 0.999282 
4.057997 0.995760 0.994548 0.994024 0.994548 0.999272 0.999468 0.994024 0.999468 0.998971 
4.069444 0.997337 0.998105 0.991161 0.998105 1.002263 0.998749 0.991161 0.998749 0.993185 
4.080891 0.996644 1.000227 0.995695 1.000227 1.003550 1.000201 0.995695 1.000201 1.004447 
4.092338 1.002863 0.997301 0.997392 0.997301 1.003285 1.002914 0.997392 1.002914 1.001067 
4.103785 1.000763 1.000596 0.998843 1.000596 1.001088 1.000917 0.998843 1.000917 1.004435 
4.115232 0.996028 1.001223 1.001170 1.001223 1.003649 0.998874 1.001170 0.998874 1.003653 
4.126679 0.996579 1.002013 0.996942 1.002013 1.002191 1.002695 0.996942 1.002695 0.999517 
4.138127 0.994992 1.002884 1.001107 1.002884 0.999849 1.003214 1.001107 1.003214 1.001929 
4.149574 0.998853 1.001987 1.000545 1.001987 1.002939 1.004472 1.000545 1.004472 1.004982 
4.161021 1.003318 1.000829 1.001435 1.000829 1.004799 1.000399 1.001435 1.000399 1.001307 
4.172468 0.998574 1.003095 1.001073 1.003095 1.002779 1.002838 1.001073 1.002838 0.999917 
4.183915 0.999596 1.002503 1.000446 1.002503 1.005983 1.006675 1.000446 1.006675 1.003590 
4.195362 0.998411 1.003864 1.002249 1.003864 1.004237 1.000632 1.002249 1.000632 1.001361 
4.206809 0.995734 1.004214 1.001986 1.004214 1.005080 1.002161 1.001986 1.002161 1.005035 
4.218256 1.000456 1.003500 1.001464 1.003500 0.999879 1.005053 1.001464 1.005053 1.000624 
4.229703 1.003537 1.003055 1.004536 1.003055 1.004803 1.000571 1.004536 1.000571 1.002548 
4.241150 0.999241 1.002826 1.004262 1.002826 1.006089 1.003019 1.004262 1.003019 1.001116 
4.252598 0.998688 1.001916 1.003219 1.001916 1.004863 1.005449 1.003219 1.005449 1.005016 
4.264045 1.003815 1.004064 1.003411 1.004064 1.003943 1.005358 1.003411 1.005358 1.001131 
4.275492 1.001332 1.004290 1.004664 1.004290 1.002184 1.004928 1.004664 1.004928 1.010369 
4.286939 1.005913 1.003467 1.005730 1.003467 1.004669 1.003917 1.005730 1.003917 1.006317 
4.298386 1.005501 1.006622 1.003284 1.006622 1.005201 1.005058 1.003284 1.005058 1.002150 
4.309833 1.002896 1.003209 1.003924 1.003209 1.008260 1.004612 1.003924 1.004612 1.005092 
4.321280 1.003508 1.004853 1.001974 1.004853 1.004491 1.007572 1.001974 1.007572 0.998656 
4.332727 1.006545 1.004894 1.005526 1.004894 1.005994 1.001479 1.005526 1.001479 1.004338 
4.344174 1.005185 1.003740 1.005817 1.003740 0.999627 1.002886 1.005817 1.002886 1.005100 
4.355622 1.006109 1.006544 1.005700 1.006544 1.006497 1.004984 1.005700 1.004984 1.002757 
4.367069 1.003324 1.004102 1.007071 1.004102 1.005016 1.007629 1.007071 1.007629 1.004477 
4.378516 1.002644 1.005120 1.004874 1.005120 1.002062 1.003794 1.004874 1.003794 1.006660 
4.389963 1.008692 1.005509 1.008709 1.005509 1.006613 1.002175 1.008709 1.002175 1.008254 
4.401410 1.002933 1.005143 1.006056 1.005143 1.004215 1.003781 1.006056 1.003781 1.005042 
4.412857 1.008909 1.004806 1.003099 1.004806 1.002218 1.004542 1.003099 1.004542 1.004290 
4.424304 1.008622 1.004973 1.006475 1.004973 1.006963 1.005271 1.006475 1.005271 1.009177 
4.435751 1.006757 1.006779 1.004014 1.006779 1.002034 1.003612 1.004014 1.003612 1.005306 
4.447198 1.003976 1.003271 1.005460 1.003271 1.000769 1.001344 1.005460 1.001344 1.004536 
4.458645 1.003913 1.003762 1.005281 1.003762 1.005075 1.003746 1.005281 1.003746 1.010421 
4.470093 1.005757 1.005520 1.004510 1.005520 1.004182 1.002597 1.004510 1.002597 1.001999 
4.481540 1.007384 1.005065 1.003894 1.005065 1.003590 1.004261 1.003894 1.004261 1.004555 
4.492987 1.003163 1.002960 1.005670 1.002960 0.999389 1.002457 1.005670 1.002457 1.004332 
4.504434 1.010554 1.002785 1.003604 1.002785 1.000276 1.002538 1.003604 1.002538 1.002032 
4.515881 1.007001 1.004254 1.005272 1.004254 0.997957 1.003918 1.005272 1.003918 1.000557 
4.527328 1.003756 1.005018 1.003050 1.005018 0.998713 1.003727 1.003050 1.003727 1.005433 
4.538775 1.007030 1.005274 1.007156 1.005274 1.000602 0.999175 1.007156 0.999175 1.006086 
4.550222 1.004741 1.001297 0.999821 1.001297 0.999911 1.000303 0.999821 1.000303 1.005040 
4.561669 1.005302 1.002746 1.004405 1.002746 1.002858 1.003616 1.004405 1.003616 1.002204 
4.573116 1.005308 1.004192 1.004392 1.004192 1.001442 1.002648 1.004392 1.002648 1.003594 
4.584563 1.007363 1.004705 1.003228 1.004705 0.999178 0.999795 1.003228 0.999795 1.004885 
4.596011 1.003517 1.002109 1.002724 1.002109 0.998041 1.002552 1.002724 1.002552 1.001959 
4.607458 1.003835 1.001735 1.001819 1.001735 1.002514 1.000384 1.001819 1.000384 1.000198 
4.618905 1.007652 1.002590 1.003970 1.002590 0.999462 1.000387 1.003970 1.000387 1.005259 
4.630352 1.006207 1.002249 1.007002 1.002249 1.000802 0.999921 1.007002 0.999921 0.999956 
4.641799 1.005371 0.999058 1.003816 0.999058 1.000365 1.002335 1.003816 1.002335 1.003001 
4.653246 1.003077 1.003342 1.001187 1.003342 0.996672 1.000379 1.001187 1.000379 1.001270 
4.664693 1.005251 1.000461 1.003375 1.000461 0.994365 1.000566 1.003375 1.000566 1.005050 
4.676140 1.000482 0.999418 1.003897 0.999418 1.002174 0.998588 1.003897 0.998588 1.003953 
4.687587 0.997834 1.000758 1.001492 1.000758 1.001586 1.000037 1.001492 1.000037 0.999448 
4.699035 1.007748 1.000303 1.000133 1.000303 1.000211 0.999732 1.000133 0.999732 0.999927 
4.710482 1.000939 0.998074 0.998707 0.998074 0.998366 0.998172 0.998707 0.998172 0.999630 
4.721929 1.002113 0.998566 1.001968 0.998566 0.997115 0.999271 1.001968 0.999271 1.000228 
4.733376 1.001525 0.998094 1.000104 0.998094 0.996193 0.998207 1.000104 0.998207 1.000247 
4.744823 1.003062 1.002096 0.999797 1.002096 1.003019 0.999579 0.999797 0.999579 1.000641 
4.756270 1.005799 1.000325 1.000407 1.000325 0.999546 0.999234 1.000407 0.999234 0.999089 
4.767717 0.999751 0.997696 0.999218 0.997696 0.997906 0.999053 0.999218 0.999053 1.002696 
4.779164 0.997914 0.997328 0.999642 0.997328 1.000606 1.001585 0.999642 1.001585 1.000373 
4.790611 1.000318 0.998465 1.002625 0.998465 1.001273 1.001163 1.002625 1.001163 1.002996 
4.802058 1.002367 0.998986 0.999285 0.998986 0.999767 0.998649 0.999285 0.998649 0.997815 
4.813506 0.999080 0.998292 0.999190 0.998292 0.998759 0.999618 0.999190 0.999618 0.995820 
4.824953 0.998869 0.999038 1.000315 0.999038 0.997755 0.998359 1.000315 0.998359 0.998168 
4.836400 0.999557 1.000482 1.000528 1.000482 1.000364 0.996360 1.000528 0.996360 1.000130 
4.847847 1.003463 0.998181 1.001468 0.998181 0.998526 0.999126 1.001468 0.999126 0.998656 
4.859294 0.997041 0.999090 1.000058 0.999090 0.995101 1.000412 1.000058 1.000412 1.001517 
4.870741 1.000247 1.002874 1.000255 1.002874 0.998633 0.997013 1.000255 0.997013 0.998513 
4.882188 0.999004 0.999270 0.997161 0.999270 0.998946 1.000323 0.997161 1.000323 1.000551 
4.893635 1.001166 0.997331 0.998942 0.997331 0.997863 0.998872 0.998942 0.998872 0.998250 
4.905082 1.000843 0.998179 0.997216 0.998179 0.998652 0.999268 0.997216 0.999268 0.999602 
4.916529 0.999226 0.998918 0.997256 0.998918 0.997551 0.998745 0.997256 0.998745 0.997551 
4.927977 1.000258 0.999512 1.000360 0.999512 1.000486 0.997436 1.000360 0.997436 0.999619 
4.939424 0.998481 0.997743 0.999347 0.997743 1.001374 0.998009 0.999347 0.998009 1.002326 
4.950871 0.999604 1.001608 1.000038 1.001608 0.998894 0.998935 1.000038 0.998935 0.998496 
4.962318 0.998701 0.996170 0.998646 0.996170 0.998606 0.999598 0.998646 0.999598 0.997867 
4.973765 0.996698 0.999356 0.999712 0.999356 0.998511 0.996462 0.999712 0.996462 0.999930 
4.985212 0.999903 1.001295 0.997055 1.001295 1.000223 1.000685 0.997055 1.000685 0.998963 
4.996659 0.997495 0.999321 0.999381 0.999321 1.000489 0.998480 0.999381 0.998480 0.997315 
5.008106 0.999777 0.997622 0.999297 0.997622 1.003067 0.999818 0.999297 0.999818 0.997393 
5.019553 0.997437 1.000188 0.999006 1.000188 0.999284 1.000665 0.999006 1.000665 0.997408 
5.031000 0.997106 0.998575 0.998626 0.998575 1.002099 1.001801 0.998626 1.001801 0.998392 
5.042448 0.998464 0.999996 0.998974 0.999996 1.002632 1.000693 0.998974 1.000693 1.000509 
5.053895 1.001486 0.999895 0.996651 0.999895 1.002016 0.997570 0.996651 0.997570 1.000587 
5.065342 0.996525 1.001905 0.999134 1.001905 1.000020 0.999470 0.999134 0.999470 0.998160 
5.076789 0.999880 0.999390 1.002167 0.999390 0.999089 0.999533 1.002167 0.999533 1.000350 
5.088236 0.998912 1.000049 1.001192 1.000049 0.998847 1.000634 1.001192 1.000634 1.003624 
5.099683 0.999973 0.999971 0.999330 0.999971 1.003359 0.998454 0.999330 0.998454 0.997556 
5.111130 0.999722 1.002105 0.999827 1.002105 1.000718 1.000779 0.999827 1.000779 1.001905 
5.122577 0.998257 0.999099 0.999428 0.999099 1.002343 0.998193 0.999428 0.998193 0.998643 
5.134024 0.997676 1.001323 1.001028 1.001323 1.003991 0.999935 1.001028 0.999935 0.999992 
5.145472 1.000406 1.002268 1.000794 1.002268 1.001485 0.997451 1.000794 0.997451 1.000976 
5.156919 0.999435 1.001119 1.000332 1.001119 1.004748 0.999861 1.000332 0.999861 1.003762 
5.168365 1.002266 1.000672 1.001596 1.000672 0.998088 0.999441 1.001596 0.999441 1.001519 
5.179813 0.998763 1.003437 1.001002 1.003437 1.000481 1.001182 1.001002 1.001182 1.003636 
5.191260 0.999767 1.001729 1.001881 1.001729 0.997824 0.999983 1.001881 0.999983 1.002032 
5.202707 1.000143 1.002159 1.002493 1.002159 1.001430 1.001911 1.002493 1.001911 1.000342 
5.214154 1.004719 1.002235 0.998791 1.002235 1.004529 1.001653 0.998791 1.001653 1.000248 
5.225601 1.000818 1.001755 1.002654 1.001755 1.001250 1.001926 1.002654 1.001926 0.997521 
5.237048 1.000768 1.000210 1.001069 1.000210 1.001674 1.000034 1.001069 1.000034 1.001387 
5.248495 1.004277 1.001998 0.999422 1.001998 1.005134 1.000555 0.999422 1.000555 0.998278 
5.259943 1.000402 1.000933 0.998653 1.000933 1.002806 1.001476 0.998653 1.001476 1.002419 
5.271389 1.000872 1.002661 1.002061 1.002661 0.999984 1.000254 1.002061 1.000254 0.999845 
5.282837 1.002067 1.001176 1.003488 1.001176 1.001036 1.002149 1.003488 1.002149 0.999630 
5.294284 1.002710 1.004447 1.001026 1.004447 1.003162 1.001980 1.001026 1.001980 1.001385 
5.305731 0.999516 1.001534 1.002011 1.001534 0.998903 1.001324 1.002011 1.001324 1.000810 
5.317178 1.001156 1.001440 1.001235 1.001440 1.002135 1.003347 1.001235 1.003347 1.001993 
5.328625 1.001701 1.002212 0.999821 1.002212 0.999931 0.999353 0.999821 0.999353 1.005254 
5.340072 1.003509 1.001345 1.001456 1.001345 1.004079 1.001830 1.001456 1.001830 1.000998 
5.351519 1.001835 1.002236 1.003470 1.002236 0.997827 1.000044 1.003470 1.000044 1.001594 
5.362966 1.005445 1.003198 1.002726 1.003198 1.004308 1.002418 1.002726 1.002418 0.999041 
5.374413 1.002144 1.003545 1.000404 1.003545 1.000901 0.998400 1.000404 0.998400 1.002061 
5.385860 1.001562 1.000691 0.999292 1.000691 0.999958 1.001749 0.999292 1.001749 1.002373 
5.397308 1.003415 1.003803 1.002740 1.003803 1.000600 1.001118 1.002740 1.001118 1.003635 
5.408755 1.001116 1.003484 1.000351 1.003484 0.999097 1.001462 1.000351 1.001462 1.003997 
5.420202 1.003378 1.003430 1.002718 1.003430 0.997946 1.001376 1.002718 1.001376 1.002986 
5.431649 0.999499 1.001036 1.002480 1.001036 1.003412 1.002816 1.002480 1.002816 1.004081 
5.443096 1.001445 1.001999 1.000346 1.001999 1.002648 1.001606 1.000346 1.001606 1.002239 
5.454543 1.008596 1.001563 1.003086 1.001563 1.000955 1.002499 1.003086 1.002499 1.002513 
5.465990 1.005799 1.001474 1.001707 1.001474 1.002077 1.002258 1.001707 1.002258 1.001845 
5.477437 1.003368 1.001101 1.002895 1.001101 1.002164 1.003568 1.002895 1.003568 1.004327 
5.488884 1.000657 1.001311 1.001005 1.001311 1.001624 1.001420 1.001005 1.001420 1.003921 
5.500331 1.000647 1.004135 1.001291 1.004135 1.003416 1.001900 1.001291 1.001900 1.001779 
5.511779 1.001100 1.002267 1.000874 1.002267 0.995693 1.003633 1.000874 1.003633 1.000764 
5.523226 1.003753 1.001639 1.001041 1.001639 1.001268 1.000725 1.001041 1.000725 1.000905 
5.534673 1.002766 1.002901 1.003797 1.002901 1.000975 1.002247 1.003797 1.002247 1.005345 
5.546120 0.997360 1.004092 0.999716 1.004092 0.998688 1.000898 0.999716 1.000898 1.000609 
5.557567 1.002407 1.001647 1.002511 1.001647 1.001558 0.999761 1.002511 0.999761 1.002940 
5.569014 1.001468 1.000236 1.002190 1.000236 1.000672 1.001157 1.002190 1.001157 1.003189 
5.580461 1.002825 1.000015 1.002083 1.000015 1.001890 0.999721 1.002083 0.999721 1.003943 
5.591908 1.001894 1.002244 1.000044 1.002244 0.999883 1.002418 1.000044 1.002418 1.003536 
5.603355 1.002272 1.000109 1.003762 1.000109 1.000853 1.001904 1.003762 1.001904 1.000050 
5.614803 1.002293 1.000290 1.001523 1.000290 1.000165 1.002252 1.001523 1.002252 1.004086 
5.626250 1.001201 1.001450 1.003243 1.001450 1.001603 1.002224 1.003243 1.002224 1.001643 
5.637697 1.003391 1.000564 1.003263 1.000564 1.000820 1.001546 1.003263 1.001546 1.003308 
5.649144 1.001435 1.000162 1.001340 1.000162 1.000974 1.000534 1.001340 1.000534 1.000689 
5.660591 1.002899 1.000580 1.001334 1.000580 1.000573 1.002278 1.001334 1.002278 1.001451 
5.672038 1.003356 1.001466 1.002345 1.001466 0.998756 1.001380 1.002345 1.001380 1.005362 
5.683485 1.003229 1.001758 1.003760 1.001758 0.999905 0.998881 1.003760 0.998881 1.001199 
5.694932 0.998808 1.001462 1.001312 1.001462 1.002542 1.000521 1.001312 1.000521 1.002334 
5.706379 1.003346 0.999843 1.003810 0.999843 1.000306 0.999070 1.003810 0.999070 1.001890 
5.717826 1.001939 1.001079 1.001682 1.001079 1.000819 0.998744 1.001682 0.998744 1.000382 
5.729274 0.998297 0.998316 1.000962 0.998316 0.997055 0.997247 1.000962 0.997247 1.001031 
5.740721 0.990441 0.990530 0.993404 0.990530 0.993082 0.992838 0.993404 0.992838 0.990883 
5.752168 0.985116 0.986322 0.985277 0.986322 0.984929 0.989584 0.985277 0.989584 0.985120 
5.763615 0.979771 0.980287 0.980903 0.980287 0.979637 0.978634 0.980903 0.978634 0.980144 
5.775062 0.974534 0.975631 0.973622 0.975631 0.974888 0.975055 0.973622 0.975055 0.974449 
5.786509 0.971561 0.968462 0.969865 0.968462 0.965994 0.966692 0.969865 0.966692 0.968195 
5.797956 0.965707 0.964018 0.963640 0.964018 0.961596 0.961982 0.963640 0.961982 0.962638 
5.809403 0.956299 0.956978 0.957580 0.956978 0.956342 0.956896 0.957580 0.956896 0.954058 
5.820850 0.950642 0.950888 0.948975 0.950888 0.949315 0.950538 0.948975 0.950538 0.950214 
5.832297 0.943809 0.945422 0.945063 0.945422 0.945622 0.944214 0.945063 0.944214 0.943017 
5.843745 0.939026 0.940499 0.939481 0.940499 0.939114 0.939007 0.939481 0.939007 0.938830 
5.855192 0.932586 0.932101 0.934298 0.932101 0.934651 0.933442 0.934298 0.933442 0.931660 
5.866639 0.929742 0.927442 0.927198 0.927442 0.926934 0.927629 0.927198 0.927629 0.924316 
5.878086 0.921851 0.920902 0.922296 0.920902 0.921632 0.921281 0.922296 0.921281 0.922047 
5.889533 0.915861 0.915950 0.916288 0.915950 0.914254 0.917005 0.916288 0.917005 0.913834 
5.900980 0.911989 0.908214 0.909561 0.908214 0.911390 0.909208 0.909561 0.909208 0.908324 
5.912427 0.904199 0.902422 0.903485 0.902422 0.901901 0.903382 0.903485 0.903382 0.902278 
5.923874 0.898678 0.897902 0.899090 0.897902 0.898421 0.899064 0.899090 0.899064 0.898726 
5.935321 0.893315 0.893129 0.894320 0.893129 0.893739 0.894477 0.894320 0.894477 0.893497 
5.946768 0.886477 0.886562 0.889318 0.886562 0.885739 0.887962 0.889318 0.887962 0.886147 
5.958215 0.882294 0.882749 0.881344 0.882749 0.884543 0.881618 0.881344 0.881618 0.885095 
5.969663 0.878670 0.877155 0.877364 0.877155 0.875380 0.876879 0.877364 0.876879 0.877475 
5.981110 0.874300 0.870909 0.871890 0.870909 0.871096 0.870716 0.871890 0.870716 0.871955 
5.992557 0.867887 0.867347 0.866230 0.867347 0.864325 0.865314 0.866230 0.865314 0.864936 
6.004004 0.860313 0.860929 0.859686 0.860929 0.857720 0.861652 0.859686 0.861652 0.857846 
6.015451 0.855781 0.854882 0.855336 0.854882 0.853622 0.852781 0.855336 0.852781 0.855433 
6.026898 0.849308 0.848615 0.850006 0.848615 0.849009 0.849893 0.850006 0.849893 0.849133 
6.038345 0.842492 0.843788 0.843807 0.843788 0.844971 0.842334 0.843807 0.842334 0.845980 
6.049792 0.840445 0.836800 0.838912 0.836800 0.840195 0.837354 0.838912 0.837354 0.837144 
6.061239 0.833825 0.832889 0.832849 0.832889 0.832971 0.832424 0.832849 0.832424 0.833250 
6.072687 0.828866 0.825861 0.828143 0.825861 0.829927 0.827907 0.828143 0.827907 0.828527 
6.084134 0.822580 0.822754 0.824752 0.822754 0.822893 0.822622 0.824752 0.822622 0.821650 
6.095581 0.819576 0.815723 0.819610 0.815723 0.817873 0.816855 0.819610 0.816855 0.818435 
6.107028 0.812149 0.810676 0.811388 0.810676 0.809860 0.812898 0.811388 0.812898 0.812081 
6.118475 0.807956 0.806674 0.806677 0.806674 0.806162 0.806917 0.806677 0.806917 0.806160 
6.129922 0.802185 0.802025 0.800190 0.802025 0.802037 0.801529 0.800190 0.801529 0.804024 
6.141369 0.796016 0.798239 0.794691 0.798239 0.797404 0.795594 0.794691 0.795594 0.796462 
6.152816 0.793134 0.792972 0.791872 0.792972 0.791643 0.792637 0.791872 0.792637 0.792994 
6.164263 0.786978 0.786659 0.784968 0.786659 0.786187 0.786369 0.784968 0.786369 0.784858 
6.175710 0.781840 0.781235 0.781424 0.781235 0.780156 0.780363 0.781424 0.780363 0.780334 
6.187158 0.774916 0.774998 0.773503 0.774998 0.776985 0.776469 0.773503 0.776469 0.776867 
6.198605 0.769155 0.770763 0.771342 0.770763 0.774085 0.770851 0.771342 0.770851 0.769702 
6.210052 0.767124 0.765636 0.766035 0.765636 0.765563 0.765665 0.766035 0.765665 0.763783 
6.221499 0.760364 0.762130 0.760617 0.762130 0.760934 0.761168 0.760617 0.761168 0.760953 
6.232946 0.754161 0.755091 0.754342 0.755091 0.754937 0.754684 0.754342 0.754684 0.757974 
6.244393 0.750836 0.750164 0.750871 0.750164 0.750085 0.751613 0.750871 0.751613 0.750113 
6.255840 0.746658 0.744883 0.745506 0.744883 0.745525 0.745163 0.745506 0.745163 0.747794 
6.267287 0.739606 0.739113 0.742490 0.739113 0.739143 0.739930 0.742490 0.739930 0.739647 
6.278734 0.736729 0.734548 0.734659 0.734548 0.735674 0.734332 0.734659 0.734332 0.734216 
6.290181 0.731614 0.730041 0.732084 0.730041 0.729681 0.731280 0.732084 0.731280 0.729077 
6.301629 0.726652 0.724451 0.726009 0.724451 0.725037 0.725196 0.726009 0.725196 0.725797 
6.313076 0.720197 0.721037 0.719878 0.721037 0.719991 0.720632 0.719878 0.720632 0.719364 
6.324523 0.715343 0.716249 0.715755 0.716249 0.713664 0.716407 0.715755 0.716407 0.715849 
6.335970 0.711709 0.713247 0.711252 0.713247 0.710484 0.711446 0.711252 0.711446 0.712048 
6.347417 0.705472 0.705423 0.705659 0.705423 0.705447 0.705936 0.705659 0.705936 0.703663 
6.358864 0.703177 0.701695 0.702429 0.701695 0.701156 0.701784 0.702429 0.701784 0.699818 
6.370311 0.694283 0.697601 0.694810 0.697601 0.696108 0.695101 0.694810 0.695101 0.696686 
6.381758 0.690857 0.691045 0.691684 0.691045 0.689650 0.690657 0.691684 0.690657 0.690421 
6.393205 0.687692 0.686692 0.687932 0.686692 0.685698 0.685209 0.687932 0.685209 0.686275 
6.404653 0.680239 0.683326 0.682073 0.683326 0.682846 0.682180 0.682073 0.682180 0.682816 
6.416100 0.678368 0.676928 0.677623 0.676928 0.675962 0.676555 0.677623 0.676555 0.676266 
6.427547 0.672784 0.671311 0.673334 0.671311 0.671726 0.673061 0.673334 0.673061 0.672763 
6.438994 0.666738 0.666276 0.667507 0.666276 0.667531 0.669501 0.667507 0.669501 0.667685 
6.450441 0.663379 0.663051 0.662810 0.663051 0.661648 0.662968 0.662810 0.662968 0.661442 
6.461888 0.658462 0.657881 0.656825 0.657881 0.657401 0.658702 0.656825 0.658702 0.655911 
6.473335 0.651333 0.652211 0.653826 0.652211 0.653464 0.653463 0.653826 0.653463 0.652819 
6.484782 0.651184 0.649159 0.648831 0.649159 0.649987 0.649002 0.648831 0.649002 0.648756 
6.496229 0.645614 0.641873 0.644104 0.641873 0.642381 0.643832 0.644104 0.643832 0.644107 
6.507676 0.639961 0.639032 0.640656 0.639032 0.639515 0.639462 0.640656 0.639462 0.637166 
6.519124 0.635352 0.635211 0.635502 0.635211 0.634105 0.635190 0.635502 0.635190 0.634535 
6.530571 0.629686 0.629049 0.629459 0.629049 0.629623 0.630108 0.629459 0.630108 0.628015 
6.542018 0.623094 0.626219 0.624677 0.626219 0.627499 0.626204 0.624677 0.626204 0.625508 
6.553465 0.621793 0.620039 0.620652 0.620039 0.619965 0.621471 0.620652 0.621471 0.620114 
6.564912 0.615528 0.616531 0.615584 0.616531 0.613945 0.616357 0.615584 0.616357 0.617507 
6.576359 0.612623 0.611410 0.611875 0.611410 0.610521 0.610843 0.611875 0.610843 0.610678 
6.587806 0.606724 0.608503 0.606875 0.608503 0.608587 0.607382 0.606875 0.607382 0.608043 
6.599253 0.602302 0.602390 0.603242 0.602390 0.601452 0.602959 0.603242 0.602959 0.602302 
6.610700 0.598137 0.597105 0.597981 0.597105 0.596531 0.598339 0.597981 0.598339 0.599279 
6.622147 0.593867 0.592951 0.593249 0.592951 0.595608 0.593950 0.593249 0.593950 0.592268 
6.633595 0.590763 0.588898 0.588610 0.588898 0.588327 0.589488 0.588610 0.589488 0.589239 
6.645041 0.586209 0.586061 0.584133 0.586061 0.584367 0.585248 0.584133 0.585248 0.584151 
6.656489 0.581553 0.579243 0.579947 0.579243 0.580255 0.579446 0.579947 0.579446 0.579994 
6.667936 0.576521 0.575617 0.575873 0.575617 0.573827 0.574532 0.575873 0.574532 0.574933 
6.679383 0.572966 0.571827 0.572067 0.571827 0.571382 0.571985 0.572067 0.571985 0.571585 
6.690830 0.565512 0.566429 0.567838 0.566429 0.567228 0.566558 0.567838 0.566558 0.565146 
6.702277 0.560717 0.562826 0.563654 0.562826 0.561940 0.562559 0.563654 0.562559 0.563548 
6.713724 0.558561 0.558969 0.559234 0.558969 0.556247 0.557886 0.559234 0.557886 0.559094 
6.725171 0.554885 0.553569 0.554295 0.553569 0.552925 0.555735 0.554295 0.555735 0.554680 
6.736618 0.548360 0.549274 0.549165 0.549274 0.549673 0.547619 0.549165 0.547619 0.548437 
6.748065 0.543667 0.543797 0.544919 0.543797 0.545320 0.545567 0.544919 0.545567 0.543869 
6.759512 0.540672 0.539689 0.541316 0.539689 0.541852 0.541154 0.541316 0.541154 0.541839 
6.770960 0.538877 0.535981 0.537381 0.535981 0.536508 0.536772 0.537381 0.536772 0.535037 
6.782407 0.531956 0.532938 0.532780 0.532938 0.531914 0.532721 0.532780 0.532721 0.531891 
6.793854 0.527741 0.528264 0.527775 0.528264 0.528147 0.528665 0.527775 0.528665 0.527882 
6.805301 0.525426 0.524010 0.524600 0.524010 0.523912 0.522467 0.524600 0.522467 0.524357 
6.816748 0.519456 0.519696 0.520341 0.519696 0.518320 0.519330 0.520341 0.519330 0.519904 
6.828195 0.517064 0.515764 0.514800 0.515764 0.515236 0.515837 0.514800 0.515837 0.515374 
6.839642 0.510736 0.510218 0.511895 0.510218 0.512343 0.510952 0.511895 0.510952 0.511672 
6.851089 0.505548 0.506673 0.506902 0.506673 0.507806 0.507945 0.506902 0.507945 0.507092 
6.862536 0.503866 0.503014 0.502942 0.503014 0.501877 0.502844 0.502942 0.502844 0.500950 
6.873983 0.499171 0.498930 0.499016 0.498930 0.498266 0.497368 0.499016 0.497368 0.499074 
6.885431 0.494614 0.493785 0.493381 0.493785 0.494633 0.494083 0.493381 0.494083 0.494153 
6.896878 0.490933 0.488829 0.490151 0.488829 0.489953 0.491214 0.490151 0.491214 0.488645 
6.908325 0.485687 0.485096 0.487006 0.485096 0.487278 0.486252 0.487006 0.486252 0.484100 
6.919772 0.479699 0.481949 0.482412 0.481949 0.482408 0.481892 0.482412 0.481892 0.482481 
6.931219 0.477808 0.477480 0.478340 0.477480 0.478069 0.477922 0.478340 0.477922 0.478268 
6.942666 0.474927 0.473517 0.473921 0.473517 0.472204 0.472218 0.473921 0.472218 0.470607 
6.954113 0.470583 0.469508 0.470270 0.469508 0.468387 0.469769 0.470270 0.469769 0.470021 
6.965560 0.465148 0.465043 0.465110 0.465043 0.463733 0.466417 0.465110 0.466417 0.464286 
6.977007 0.461297 0.461340 0.461428 0.461340 0.462400 0.460617 0.461428 0.460617 0.460446 
6.988455 0.457834 0.456830 0.457383 0.456830 0.455946 0.457213 0.457383 0.457213 0.457030 
6.999902 0.453996 0.454413 0.452693 0.454413 0.452440 0.452649 0.452693 0.452649 0.452172 
7.011349 0.449646 0.448956 0.449344 0.448956 0.449043 0.449558 0.449344 0.449558 0.447350 
7.022796 0.446984 0.444548 0.445207 0.444548 0.444786 0.444103 0.445207 0.444103 0.445535 
7.034243 0.441018 0.441636 0.441139 0.441636 0.439363 0.441083 0.441139 0.441083 0.441362 
7.045690 0.436640 0.437655 0.436720 0.437655 0.438573 0.437055 0.436720 0.437055 0.437857 
7.057137 0.433770 0.432690 0.433551 0.432690 0.435536 0.432658 0.433551 0.432658 0.433477 
7.068584 0.429737 0.430140 0.429690 0.430140 0.428980 0.429380 0.429690 0.429380 0.431078 
7.080031 0.425700 0.425955 0.425970 0.425955 0.423554 0.425333 0.425970 0.425333 0.423934 
7.091478 0.421976 0.421357 0.421755 0.421357 0.422532 0.421448 0.421755 0.421448 0.421559 
7.102926 0.417781 0.418174 0.418371 0.418174 0.419180 0.417572 0.418371 0.417572 0.418834 
7.114373 0.414495 0.414949 0.415061 0.414949 0.412751 0.414131 0.415061 0.414131 0.413559 
7.125820 0.410194 0.409701 0.409697 0.409701 0.410555 0.409827 0.409697 0.409827 0.409449 
7.137267 0.407272 0.405311 0.407115 0.405311 0.406007 0.407768 0.407115 0.407768 0.406431 
7.148714 0.403120 0.402844 0.401914 0.402844 0.401010 0.402546 0.401914 0.402546 0.402043 
7.160161 0.399334 0.398191 0.398970 0.398191 0.397115 0.398964 0.398970 0.398964 0.398230 
7.171608 0.394462 0.394880 0.395750 0.394880 0.394545 0.394537 0.395750 0.394537 0.395394 
7.183055 0.391121 0.391369 0.390580 0.391369 0.390445 0.389333 0.390580 0.389333 0.391866 
7.194502 0.386874 0.386240 0.387899 0.386240 0.386940 0.386279 0.387899 0.386279 0.387748 
7.205949 0.384845 0.382470 0.383190 0.382470 0.383670 0.383000 0.383190 0.383000 0.381230 
7.217396 0.379909 0.378345 0.379621 0.378345 0.379537 0.379009 0.379621 0.379009 0.379815 
7.228844 0.374843 0.375706 0.376134 0.375706 0.375009 0.375773 0.376134 0.375773 0.376020 
7.240291 0.371957 0.371813 0.371419 0.371813 0.373442 0.371680 0.371419 0.371680 0.372296 
7.251738 0.368729 0.368117 0.368565 0.368117 0.368217 0.367679 0.368565 0.367679 0.368210 
7.263185 0.364373 0.364990 0.364330 0.364990 0.365040 0.363635 0.364330 0.363635 0.365533 
7.274632 0.360337 0.360598 0.360761 0.360598 0.360296 0.361352 0.360761 0.361352 0.361331 
7.286079 0.357444 0.356849 0.356787 0.356849 0.357583 0.356485 0.356787 0.356485 0.356308 
7.297526 0.353100 0.353509 0.353359 0.353509 0.352939 0.352879 0.353359 0.352879 0.352729 
7.308973 0.349783 0.348741 0.350129 0.348741 0.349578 0.349092 0.350129 0.349092 0.349580 
7.320421 0.345686 0.345194 0.346353 0.345194 0.346990 0.346500 0.346353 0.346500 0.346462 
7.331868 0.342198 0.341469 0.342346 0.341469 0.343098 0.342842 0.342346 0.342842 0.341534 
7.343315 0.338147 0.340177 0.338213 0.340177 0.338712 0.338126 0.338213 0.338126 0.338478 
7.354762 0.334593 0.334775 0.334744 0.334775 0.334867 0.335225 0.334744 0.335225 0.335141 
7.366209 0.331358 0.330751 0.330801 0.330751 0.329558 0.332331 0.330801 0.332331 0.331817 
7.377656 0.327986 0.327624 0.327562 0.327624 0.328274 0.327588 0.327562 0.327588 0.327775 
7.389103 0.324441 0.324459 0.323406 0.324459 0.324141 0.324029 0.323406 0.324029 0.323446 
7.400550 0.320857 0.321088 0.320382 0.321088 0.319778 0.320274 0.320382 0.320274 0.320498 
7.411997 0.317081 0.316360 0.317172 0.316360 0.316568 0.317083 0.317172 0.317083 0.317043 
7.423444 0.314457 0.313533 0.313021 0.313533 0.311878 0.314314 0.313021 0.314314 0.313593 
7.434891 0.309228 0.310433 0.310408 0.310433 0.308618 0.310031 0.310408 0.310031 0.308693 
7.446339 0.307050 0.305674 0.306663 0.305674 0.306855 0.305312 0.306663 0.305312 0.306029 
7.457786 0.302121 0.303391 0.302125 0.303391 0.302991 0.302906 0.302125 0.302906 0.303177 
7.469233 0.299156 0.298614 0.299401 0.298614 0.298612 0.298684 0.299401 0.298684 0.297990 
7.480680 0.296106 0.296059 0.295594 0.296059 0.296323 0.294886 0.295594 0.294886 0.296409 
7.492127 0.292113 0.291876 0.291042 0.291876 0.292119 0.291471 0.291042 0.291471 0.291568 
7.503574 0.289493 0.287976 0.288943 0.287976 0.289435 0.288337 0.288943 0.288337 0.288962 
7.515021 0.284742 0.285324 0.285284 0.285324 0.286162 0.285500 0.285284 0.285500 0.285954 
7.526468 0.281172 0.282475 0.282421 0.282475 0.281518 0.280820 0.282421 0.280820 0.281549 
7.537915 0.278528 0.277940 0.278350 0.277940 0.278452 0.277468 0.278350 0.277468 0.278962 
7.549362 0.274549 0.274863 0.274907 0.274863 0.273696 0.275269 0.274907 0.275269 0.275319 
7.560810 0.270933 0.270647 0.271162 0.270647 0.270455 0.271349 0.271162 0.271349 0.272000 
7.572257 0.268887 0.266551 0.268042 0.266551 0.268025 0.267062 0.268042 0.267062 0.268094 
7.583704 0.264768 0.264112 0.264576 0.264112 0.263639 0.265103 0.264576 0.265103 0.263769 
7.595151 0.261844 0.261303 0.261141 0.261303 0.261225 0.261543 0.261141 0.261543 0.261158 
7.606598 0.257932 0.257961 0.257277 0.257961 0.257097 0.257381 0.257277 0.257381 0.257717 
7.618045 0.254133 0.254655 0.254351 0.254655 0.255141 0.254860 0.254351 0.254860 0.254648 
7.629492 0.250594 0.250609 0.250791 0.250609 0.251088 0.250726 0.250791 0.250726 0.250847 
7.640939 0.246994 0.247214 0.247487 0.247214 0.247843 0.247366 0.247487 0.247366 0.247084 
7.652386 0.245380 0.244159 0.244331 0.244159 0.243967 0.243987 0.244331 0.243987 0.244021 
7.663833 0.240338 0.240233 0.240562 0.240233 0.240110 0.240248 0.240562 0.240248 0.240289 
7.675281 0.238387 0.237371 0.237320 0.237371 0.237327 0.237126 0.237320 0.237126 0.237349 
7.686728 0.234863 0.233839 0.234233 0.233839 0.234758 0.234461 0.234233 0.234461 0.233883 
7.698175 0.231019 0.230961 0.231523 0.230961 0.231586 0.230563 0.231523 0.230563 0.231731 
7.709622 0.227346 0.227963 0.227673 0.227963 0.226256 0.227413 0.227673 0.227413 0.227752 
7.721069 0.223742 0.223983 0.223955 0.223983 0.224425 0.223999 0.223955 0.223999 0.224096 
7.732516 0.221084 0.220070 0.220773 0.220070 0.220443 0.220446 0.220773 0.220446 0.220411 
7.743963 0.217006 0.216465 0.217733 0.216465 0.216931 0.217367 0.217733 0.217367 0.216248 
7.755410 0.214173 0.213928 0.213942 0.213928 0.214111 0.214373 0.213942 0.214373 0.214854 
7.766857 0.211170 0.211463 0.210579 0.211463 0.210725 0.210935 0.210579 0.210935 0.210562 
7.778305 0.208104 0.208148 0.208136 0.208148 0.207397 0.207709 0.208136 0.207709 0.207290 
7.789752 0.204347 0.204531 0.204458 0.204531 0.205134 0.204889 0.204458 0.204889 0.205154 
7.801198 0.201596 0.201032 0.200953 0.201032 0.201898 0.201579 0.200953 0.201579 0.202605 
7.812646 0.198705 0.197163 0.197923 0.197163 0.197836 0.198791 0.197923 0.198791 0.197887 
7.824093 0.194881 0.195081 0.193869 0.195081 0.195474 0.194844 0.193869 0.194844 0.194426 
7.835540 0.191574 0.191879 0.191157 0.191879 0.191938 0.191978 0.191157 0.191978 0.190774 
7.846987 0.188977 0.188109 0.188007 0.188109 0.188128 0.188635 0.188007 0.188635 0.188859 
7.858434 0.184763 0.184930 0.185052 0.184930 0.184873 0.185094 0.185052 0.185094 0.186023 
7.869881 0.183596 0.182389 0.182233 0.182389 0.181646 0.182120 0.182233 0.182120 0.181541 
7.881328 0.179123 0.179344 0.178700 0.179344 0.179409 0.178740 0.178700 0.178740 0.178751 
7.892776 0.176522 0.175258 0.175534 0.175258 0.174417 0.175425 0.175534 0.175425 0.176583 
7.904222 0.172737 0.172762 0.172442 0.172762 0.172098 0.172286 0.172442 0.172286 0.173083 
7.915670 0.169415 0.169803 0.169823 0.169803 0.168691 0.169266 0.169823 0.169266 0.169346 
7.927117 0.166417 0.166085 0.166107 0.166085 0.166730 0.166607 0.166107 0.166607 0.165654 
7.938564 0.162740 0.163431 0.162961 0.163431 0.163141 0.163763 0.162961 0.163763 0.163878 
7.950011 0.159979 0.159285 0.160195 0.159285 0.159812 0.159744 0.160195 0.159744 0.159711 
7.961458 0.156837 0.156711 0.156592 0.156711 0.157058 0.156977 0.156592 0.156977 0.156869 
7.972905 0.154736 0.154049 0.153903 0.154049 0.154329 0.153820 0.153903 0.153820 0.153482 
7.984352 0.150646 0.151048 0.150764 0.151048 0.150946 0.150553 0.150764 0.150553 0.150988 
7.995799 0.147344 0.147505 0.147597 0.147505 0.147900 0.147847 0.147597 0.147847 0.146938 
8.007246 0.144679 0.144756 0.144475 0.144756 0.144880 0.144198 0.144475 0.144198 0.144588 
8.018693 0.142349 0.141469 0.141593 0.141469 0.141436 0.140875 0.141593 0.140875 0.140616 
8.030140 0.138706 0.138454 0.138149 0.138454 0.139004 0.138085 0.138149 0.138085 0.138728 
8.041587 0.135679 0.135353 0.135367 0.135353 0.134939 0.135390 0.135367 0.135390 0.135537 
8.053035 0.132092 0.132368 0.132324 0.132368 0.131954 0.132643 0.132324 0.132643 0.131534 
8.064482 0.129248 0.129055 0.128800 0.129055 0.129918 0.128877 0.128800 0.128877 0.128725 
8.075929 0.127012 0.126262 0.125966 0.126262 0.126342 0.125980 0.125966 0.125980 0.126068 
8.087376 0.123883 0.123062 0.123572 0.123062 0.123540 0.123475 0.123572 0.123475 0.124007 
8.098823 0.120536 0.120035 0.120058 0.120035 0.119083 0.120117 0.120058 0.120117 0.119925 
8.110270 0.117361 0.117814 0.117510 0.117814 0.117170 0.117577 0.117510 0.117577 0.117391 
8.121717 0.115040 0.114729 0.115060 0.114729 0.114665 0.114828 0.115060 0.114828 0.115487 
8.133165 0.112649 0.112638 0.112788 0.112638 0.111706 0.112864 0.112788 0.112864 0.112902 
8.144612 0.110070 0.109790 0.110191 0.109790 0.109765 0.110065 0.110191 0.110065 0.109980 
8.156059 0.107183 0.107970 0.107599 0.107970 0.108345 0.107578 0.107599 0.107578 0.107586 
8.167506 0.105788 0.105519 0.105476 0.105519 0.104808 0.105001 0.105476 0.105001 0.105415 
8.178953 0.103405 0.103006 0.103489 0.103006 0.103389 0.103248 0.103489 0.103248 0.103801 
8.190400 0.101303 0.100734 0.100820 0.100734 0.101417 0.100833 0.100820 0.100833 0.100907 
8.201847 0.098848 0.099015 0.098914 0.099015 0.099767 0.098975 0.098914 0.098975 0.099361 
8.213295 0.096855 0.096827 0.097205 0.096827 0.096726 0.096947 0.097205 0.096947 0.097287 
8.224741 0.094621 0.094719 0.094791 0.094719 0.094668 0.095161 0.094791 0.095161 0.094878 
8.236188 0.093103 0.093353 0.093193 0.093353 0.092482 0.093110 0.093193 0.093110 0.093421 
8.247635 0.090611 0.091015 0.090969 0.091015 0.090541 0.091151 0.090969 0.091151 0.090867 
8.259082 0.088632 0.089373 0.089131 0.089373 0.088769 0.088868 0.089131 0.088868 0.089259 
8.270530 0.087241 0.087486 0.087109 0.087486 0.087195 0.087352 0.087109 0.087352 0.087759 
8.281977 0.085609 0.085367 0.085874 0.085367 0.086213 0.085795 0.085874 0.085795 0.085583 
8.293424 0.084325 0.083692 0.083470 0.083692 0.084191 0.083634 0.083470 0.083634 0.083565 
8.304871 0.081717 0.082457 0.082068 0.082457 0.081937 0.082256 0.082068 0.082256 0.082110 
8.316318 0.080247 0.080331 0.079931 0.080331 0.080314 0.080255 0.079931 0.080255 0.079960 
8.327765 0.078463 0.078636 0.078726 0.078636 0.078718 0.078995 0.078726 0.078995 0.079143 
8.339212 0.077075 0.077195 0.076780 0.077195 0.076752 0.076937 0.076780 0.076937 0.076707 
8.350659 0.075772 0.075341 0.075554 0.075341 0.075209 0.075231 0.075554 0.075231 0.075062 
8.362107 0.073840 0.073691 0.074189 0.073691 0.073778 0.073647 0.074189 0.073647 0.074121 
8.373554 0.072573 0.072357 0.072187 0.072357 0.071971 0.072061 0.072187 0.072061 0.072885 
8.385001 0.071071 0.071017 0.070983 0.071017 0.070896 0.070904 0.070983 0.070904 0.070634 
8.396448 0.069420 0.069383 0.069087 0.069383 0.069300 0.069304 0.069087 0.069304 0.069631 
8.407895 0.067706 0.068300 0.067833 0.068300 0.068295 0.067774 0.067833 0.067774 0.067247 
8.419342 0.066685 0.066064 0.066357 0.066064 0.066615 0.066190 0.066357 0.066190 0.066685 
8.430789 0.064569 0.064981 0.064735 0.064981 0.065186 0.065154 0.064735 0.065154 0.065465 
8.442236 0.063858 0.063860 0.063617 0.063860 0.064013 0.063633 0.063617 0.063633 0.063624 
8.453683 0.062447 0.061947 0.062251 0.061947 0.062111 0.062307 0.062251 0.062307 0.062728 
8.465130 0.060943 0.060971 0.060500 0.060971 0.060676 0.060986 0.060500 0.060986 0.061216 
8.476577 0.059523 0.059768 0.059892 0.059768 0.059677 0.059672 0.059892 0.059672 0.059683 
8.488024 0.058541 0.058621 0.058164 0.058621 0.058259 0.058548 0.058164 0.058548 0.058253 
8.499472 0.056944 0.057216 0.057753 0.057216 0.057419 0.057080 0.057753 0.057080 0.057153 
8.510919 0.055659 0.056125 0.055972 0.056125 0.055921 0.055864 0.055972 0.055864 0.055991 
8.522366 0.054947 0.054842 0.054510 0.054842 0.054582 0.054560 0.054510 0.054560 0.055258 
8.533813 0.053224 0.053275 0.053521 0.053275 0.053248 0.053270 0.053521 0.053270 0.053232 
8.545260 0.052275 0.052393 0.052333 0.052393 0.052285 0.052752 0.052333 0.052752 0.052472 
8.556707 0.050818 0.051617 0.050807 0.051617 0.051154 0.051035 0.050807 0.051035 0.051388 
8.568154 0.050099 0.050053 0.050153 0.050053 0.050243 0.050058 0.050153 0.050058 0.050445 
8.579602 0.049169 0.048897 0.049048 0.048897 0.048760 0.048538 0.049048 0.048538 0.049299 
8.591049 0.048008 0.047585 0.047929 0.047585 0.047871 0.047802 0.047929 0.047802 0.047712 
8.602496 0.046800 0.047067 0.046952 0.047067 0.047092 0.046668 0.046952 0.046668 0.046842 
8.613943 0.046156 0.045834 0.045521 0.045834 0.045778 0.045612 0.045521 0.045612 0.045803 
8.625390 0.044972 0.044548 0.044787 0.044548 0.044861 0.044344 0.044787 0.044344 0.044453 
8.636837 0.043671 0.043583 0.043634 0.043583 0.043829 0.043763 0.043634 0.043763 0.043509 
8.648284 0.042510 0.042348 0.042585 0.042348 0.042913 0.042516 0.042585 0.042516 0.042772 
8.659731 0.041885 0.041661 0.041575 0.041661 0.041429 0.041664 0.041575 0.041664 0.041904 
8.671178 0.040854 0.040847 0.040593 0.040847 0.040844 0.040433 0.040593 0.040433 0.040485 
8.682625 0.039377 0.039599 0.039922 0.039599 0.040072 0.039901 0.039922 0.039901 0.039856 
8.694072 0.038714 0.038681 0.038875 0.038681 0.038768 0.038914 0.038875 0.038914 0.039143 
8.705519 0.038142 0.037876 0.038052 0.037876 0.037777 0.037975 0.038052 0.037975 0.037976 
8.716967 0.036885 0.037276 0.037037 0.037276 0.036809 0.036726 0.037037 0.036726 0.037073 
8.728414 0.036398 0.035997 0.036318 0.035997 0.036178 0.036040 0.036318 0.036040 0.035873 
8.739861 0.035576 0.035383 0.035289 0.035383 0.035363 0.035139 0.035289 0.035139 0.035339 
8.751308 0.034811 0.034304 0.034515 0.034304 0.034226 0.034521 0.034515 0.034521 0.034389 
8.762755 0.033565 0.033588 0.033632 0.033588 0.033458 0.033311 0.033632 0.033311 0.033507 
8.774202 0.032662 0.032834 0.032793 0.032834 0.032442 0.032859 0.032793 0.032859 0.032521 
8.785649 0.032041 0.032005 0.032052 0.032005 0.031800 0.031849 0.032052 0.031849 0.031906 
8.797096 0.031200 0.031110 0.031105 0.031110 0.031010 0.031286 0.031105 0.031286 0.031024 
8.808544 0.030226 0.030325 0.030497 0.030325 0.030434 0.030158 0.030497 0.030158 0.030473 
8.819991 0.029603 0.029597 0.029526 0.029597 0.029484 0.029662 0.029526 0.029662 0.029400 
8.831438 0.028720 0.028709 0.028820 0.028709 0.028827 0.028647 0.028820 0.028647 0.028798 
8.842885 0.027830 0.027927 0.027913 0.027927 0.027850 0.028132 0.027913 0.028132 0.028420 
8.854331 0.027397 0.027031 0.027321 0.027031 0.027260 0.027418 0.027321 0.027418 0.027153 
8.865779 0.026630 0.026671 0.026726 0.026671 0.026838 0.026708 0.026726 0.026708 0.026863 
8.877226 0.025516 0.025823 0.026066 0.025823 0.025909 0.025786 0.026066 0.025786 0.025716 
8.888673 0.025411 0.025396 0.025056 0.025396 0.025052 0.025245 0.025056 0.025245 0.025351 
8.900120 0.024545 0.024522 0.024578 0.024522 0.024499 0.024543 0.024578 0.024543 0.024694 
8.911567 0.023791 0.024034 0.024047 0.024034 0.024159 0.023701 0.024047 0.023701 0.023592 
8.923014 0.023222 0.023250 0.023082 0.023250 0.023141 0.023252 0.023082 0.023252 0.023261 
8.934462 0.022369 0.022695 0.022713 0.022695 0.022797 0.022514 0.022713 0.022514 0.022388 
8.945909 0.021949 0.022047 0.021793 0.022047 0.022083 0.021958 0.021793 0.021958 0.021749 
8.957356 0.021421 0.021313 0.021555 0.021313 0.021361 0.021237 0.021555 0.021237 0.021479 
8.968803 0.020915 0.020727 0.020883 0.020727 0.020863 0.020784 0.020883 0.020784 0.020880 
8.980250 0.020284 0.020202 0.020206 0.020202 0.020021 0.020194 0.020206 0.020194 0.020069 
8.991697 0.019353 0.019642 0.019421 0.019642 0.019466 0.019822 0.019421 0.019822 0.019587 
9.003144 0.019149 0.018952 0.019055 0.018952 0.018812 0.019056 0.019055 0.019056 0.019110 
9.014591 0.018458 0.018539 0.018452 0.018539 0.018441 0.018593 0.018452 0.018593 0.018413 
9.026039 0.018120 0.017873 0.018116 0.017873 0.017896 0.017954 0.018116 0.017954 0.018092 
9.037486 0.017460 0.017453 0.017245 0.017453 0.017469 0.017211 0.017245 0.017211 0.017386 
9.048933 0.017056 0.017073 0.016755 0.017073 0.017057 0.016757 0.016755 0.016757 0.017174 
9.060380 0.016383 0.016324 0.016288 0.016324 0.016246 0.016486 0.016288 0.016486 0.016614 
9.071826 0.015886 0.015989 0.015855 0.015989 0.016037 0.015788 0.015855 0.015788 0.015863 
9.083274 0.015391 0.015228 0.015356 0.015228 0.015560 0.015225 0.015356 0.015225 0.015622 
9.094721 0.014936 0.014816 0.014804 0.014816 0.014824 0.014924 0.014804 0.014924 0.014746 
9.106168 0.014492 0.014591 0.014488 0.014591 0.014465 0.014334 0.014488 0.014334 0.014302 
9.117615 0.013898 0.013911 0.014026 0.013911 0.013843 0.014047 0.014026 0.014047 0.013781 
9.129062 0.013335 0.013522 0.013440 0.013522 0.013525 0.013422 0.013440 0.013422 0.013744 
9.140509 0.012988 0.013108 0.013029 0.013108 0.012884 0.013098 0.013029 0.013098 0.013198 
9.151956 0.012514 0.012437 0.012452 0.012437 0.012610 0.012580 0.012452 0.012580 0.012750 
9.163404 0.012300 0.012103 0.012169 0.012103 0.012126 0.012152 0.012169 0.012152 0.012120 
9.174851 0.011767 0.011820 0.011805 0.011820 0.011708 0.011813 0.011805 0.011813 0.011559 
9.186298 0.011324 0.011372 0.011360 0.011372 0.011310 0.011406 0.011360 0.011406 0.011197 
9.197745 0.010819 0.010866 0.010872 0.010866 0.010718 0.010893 0.010872 0.010893 0.010915 
9.209192 0.010754 0.010582 0.010438 0.010582 0.010763 0.010562 0.010438 0.010562 0.010672 
9.220639 0.010241 0.010094 0.010100 0.010094 0.010096 0.010044 0.010100 0.010044 0.010096 
9.232086 0.009818 0.009658 0.009829 0.009658 0.009778 0.009849 0.009829 0.009849 0.009652 
9.243534 0.009134 0.009465 0.009386 0.009465 0.009187 0.009409 0.009386 0.009409 0.009251 
9.254981 0.009109 0.008970 0.009037 0.008970 0.009028 0.009059 0.009037 0.009059 0.009191 
9.266428 0.008693 0.008676 0.008663 0.008676 0.008609 0.008681 0.008663 0.008681 0.008806 
9.277874 0.008302 0.008410 0.008335 0.008410 0.008343 0.008489 0.008335 0.008489 0.008363 
9.289321 0.008140 0.008085 0.008057 0.008085 0.008021 0.008108 0.008057 0.008108 0.008011 
9.300768 0.007587 0.007772 0.007700 0.007772 0.007717 0.007760 0.007700 0.007760 0.007872 
9.312216 0.007447 0.007420 0.007492 0.007420 0.007460 0.007350 0.007492 0.007350 0.007445 
9.323663 0.007091 0.007044 0.006913 0.007044 0.007154 0.006989 0.006913 0.006989 0.006911 
9.335110 0.006770 0.006822 0.006834 0.006822 0.006753 0.006768 0.006834 0.006768 0.006772 
9.346557 0.006400 0.006590 0.006477 0.006590 0.006456 0.006593 0.006477 0.006593 0.006561 
9.358004 0.006215 0.006199 0.006225 0.006199 0.006069 0.006162 0.006225 0.006162 0.006102 
9.369451 0.006012 0.006029 0.005840 0.006029 0.005939 0.005880 0.005840 0.005880 0.005923 
9.380898 0.005572 0.005623 0.005698 0.005623 0.005592 0.005699 0.005698 0.005699 0.005529 
9.392346 0.005477 0.005356 0.005440 0.005356 0.005354 0.005407 0.005440 0.005407 0.005412 
9.403793 0.005016 0.005199 0.005234 0.005199 0.005145 0.005244 0.005234 0.005244 0.005116 
9.415240 0.004896 0.004879 0.004903 0.004879 0.004900 0.004879 0.004903 0.004879 0.004891 
9.426687 0.004630 0.004658 0.004579 0.004658 0.004705 0.004628 0.004579 0.004628 0.004739 
9.438134 0.004432 0.004447 0.004385 0.004447 0.004380 0.004520 0.004385 0.004520 0.004441 
9.449581 0.004151 0.004221 0.004245 0.004221 0.004239 0.004211 0.004245 0.004211 0.004172 
9.461028 0.004053 0.004040 0.003962 0.004040 0.003953 0.003997 0.003962 0.003997 0.004143 
9.472476 0.003849 0.003693 0.003694 0.003693 0.003890 0.003720 0.003694 0.003720 0.003828 
9.483922 0.003531 0.003513 0.003543 0.003513 0.003495 0.003537 0.003543 0.003537 0.003591 
9.495369 0.003369 0.003393 0.003383 0.003393 0.003388 0.003346 0.003383 0.003346 0.003241 
9.506816 0.003145 0.003132 0.003211 0.003132 0.003289 0.003130 0.003211 0.003130 0.003192 
9.518263 0.002981 0.002916 0.003054 0.002916 0.002899 0.002981 0.003054 0.002981 0.002953 
9.529711 0.002876 0.002715 0.002798 0.002715 0.002756 0.002850 0.002798 0.002850 0.002713 
9.541158 0.002612 0.002649 0.002599 0.002649 0.002669 0.002636 0.002599 0.002636 0.002596 
9.552605 0.002514 0.002476 0.002455 0.002476 0.002404 0.002494 0.002455 0.002494 0.002388 
9.564052 0.002351 0.002287 0.002306 0.002287 0.002277 0.002261 0.002306 0.002261 0.002318 
9.575499 0.002162 0.002104 0.002173 0.002104 0.002251 0.002140 0.002173 0.002140 0.002121 
9.586946 0.001980 0.001985 0.001969 0.001985 0.001957 0.001973 0.001969 0.001973 0.002081 
9.598393 0.001882 0.001841 0.001782 0.001841 0.001814 0.001841 0.001782 0.001841 0.001811 
9.609840 0.001698 0.001728 0.001656 0.001728 0.001695 0.001756 0.001656 0.001756 0.001681 
9.621288 0.001613 0.001600 0.001583 0.001600 0.001615 0.001572 0.001583 0.001572 0.001578 
9.632735 0.001517 0.001445 0.001491 0.001445 0.001388 0.001465 0.001491 0.001465 0.001450 
9.644182 0.001325 0.001374 0.001344 0.001374 0.001370 0.001367 0.001344 0.001367 0.001360 
9.655629 0.001245 0.001265 0.001235 0.001265 0.001240 0.001229 0.001235 0.001229 0.001199 
9.667076 0.001100 0.001096 0.001151 0.001096 0.001132 0.001094 0.001151 0.001094 0.001125 
9.678523 0.001031 0.001017 0.001016 0.001017 0.000984 0.001033 0.001016 0.001033 0.001046 
9.689970 0.000931 0.000929 0.000893 0.000929 0.000867 0.000915 0.000893 0.000915 0.000866 
9.701417 0.000806 0.000786 0.000812 0.000786 0.000845 0.000837 0.000812 0.000837 0.000787 
9.712864 0.000708 0.000752 0.000741 0.000752 0.000703 0.000721 0.000741 0.000721 0.000707 
9.724311 0.000654 0.000636 0.000656 0.000636 0.000625 0.000656 0.000656 0.000656 0.000615 
9.735758 0.000560 0.000552 0.000549 0.000552 0.000548 0.000555 0.000549 0.000555 0.000576 
9.747205 0.000507 0.000505 0.000513 0.000505 0.000499 0.000528 0.000513 0.000528 0.000491 
9.758653 0.000447 0.000418 0.000410 0.000418 0.000398 0.000445 0.000410 0.000445 0.000388 
9.770100 0.000372 0.000363 0.000383 0.000363 0.000362 0.000370 0.000383 0.000370 0.000363 
9.781547 0.000324 0.000295 0.000308 0.000295 0.000292 0.000308 0.000308 0.000308 0.000298 
9.792994 0.000275 0.000262 0.000250 0.000262 0.000273 0.000243 0.000250 0.000243 0.000233 
9.804441 0.000193 0.000206 0.000205 0.000206 0.000237 0.000202 0.000205 0.000202 0.000217 
9.815888 0.000167 0.000165 0.000174 0.000165 0.000161 0.000190 0.000174 0.000190 0.000173 
9.827335 0.000117 0.000137 0.000136 0.000137 0.000119 0.000113 0.000136 0.000113 0.000118 
9.838783 0.000089 0.000099 0.000097 0.000099 0.000102 0.000096 0.000097 0.000096 0.000111 
9.850230 0.000065 0.000068 0.000070 0.000068 0.000068 0.000074 0.000070 0.000074 0.000061 
9.861677 0.000056 0.000038 0.000043 0.000038 0.000043 0.000049 0.000043 0.000049 0.000048 
9.873124 0.000037 0.000021 0.000029 0.000021 0.000028 0.000028 0.000029 0.000028 0.000026 
9.884571 0.000013 0.000014 0.000012 0.000014 0.000015 0.000016 0.000012 0.000016 0.000010 
9.896018 0.000007 0.000004 0.000004 0.000004 0.000004 0.000004 0.000004 0.000004 0.000005 
9.907465 0.000000 0.000000 0.000001 0.000000 0.000001 0.000000 0.000001 0.000000 0.000000 
9.918912 0.000000 0.000000 0.000000 0.000000 0.000000 0.000000 0.000000 0.000000 0.000000 
9.930359 0.000000 0.000000 0.000000 0.000000 0.000000 0.000000 0.000000 0.000000 0.000000 
9.941806 0.000000 0.000000 0.000000 0.000000 0.000000 0.000000 0.000000 0.000000 0.000000 
9.953253 0.000000 0.000000 0.000000 0.000000 0.000000 0.000000 0.000000 0.000000 0.000000 
9.964700 0.000000 0.000000 0.000000 0.000000 0.000000 0.000000 0.000000 0.000000 0.000000 
9.976148 0.000000 0.000000 0.000000 0.000000 0.000000 0.000000 0.000000 0.000000 0.000000 
9.987595 0.000000 0.000000 0.000000 0.000000 0.000000 0.000000 0.000000 0.000000 0.000000 
9.999042 0.000000 0.000000 0.000000 0.000000 0.000000 0.000000 0.000000 0.000000 0.000000 
10.010489 0.000000 0.000000 0.000000 0.000000 0.000000 0.000000 0.000000 0.000000 0.000000 
10.021936 0.000000 0.000000 0.000000 0.000000 0.000000 0.000000 0.000000 0.000000 0.000000 
10.033383 0.000000 0.000000 0.000000 0.000000 0.000000 0.000000 0.000000 0.000000 0.000000 
10.044830 0.000000 0.000000 0.000000 0.000000 0.000000 0.000000 0.000000 0.000000 0.000000 
10.056277 0.000000 0.000000 0.000000 0.000000 0.000000 0.000000 0.000000 0.000000 0.000000 
10.067725 0.000000 0.000000 0.000000 0.000000 0.000000 0.000000 0.000000 0.000000 0.000000 
10.079172 0.000000 0.000000 0.000000 0.000000 0.000000 0.000000 0.000000 0.000000 0.000000 
10.090619 0.000000 0.000000 0.000000 0.000000 0.000000 0.000000 0.000000 0.000000 0.000000 
10.102066 0.000000 0.000000 0.000000 0.000000 0.000000 0.000000 0.000000 0.000000 0.000000 
10.113513 0.000000 0.000000 0.000000 0.000000 0.000000 0.000000 0.000000 0.000000 0.000000 
10.124960 0.000000 0.000000 0.000000 0.000000 0.000000 0.000000 0.000000 0.000000 0.000000 
10.136407 0.000000 0.000000 0.000000 0.000000 0.000000 0.000000 0.000000 0.000000 0.000000 
10.147854 0.000000 0.000000 0.000000 0.000000 0.000000 0.000000 0.000000 0.000000 0.000000 
10.159301 0.000000 0.000000 0.000000 0.000000 0.000000 0.000000 0.000000 0.000000 0.000000 
10.170748 0.000000 0.000000 0.000000 0.000000 0.000000 0.000000 0.000000 0.000000 0.000000 
10.182195 0.000000 0.000000 0.000000 0.000000 0.000000 0.000000 0.000000 0.000000 0.000000 
10.193642 0.000000 0.000000 0.000000 0.000000 0.000000 0.000000 0.000000 0.000000 0.000000 
10.205090 0.000000 0.000000 0.000000 0.000000 0.000000 0.000000 0.000000 0.000000 0.000000 
10.216537 0.000000 0.000000 0.000000 0.000000 0.000000 0.000000 0.000000 0.000000 0.000000 
10.227984 0.000000 0.000000 0.000000 0.000000 0.000000 0.000000 0.000000 0.000000 0.000000 
10.239431 0.000000 0.000000 0.000000 0.000000 0.000000 0.000000 0.000000 0.000000 0.000000 
10.250878 0.000000 0.000000 0.000000 0.000000 0.000000 0.000000 0.000000 0.000000 0.000000 
10.262325 0.000000 0.000000 0.000000 0.000000 0.000000 0.000000 0.000000 0.000000 0.000000 
10.273772 0.000000 0.000000 0.000000 0.000000 0.000000 0.000000 0.000000 0.000000 0.000000 
10.285220 0.000000 0.000000 0.000000 0.000000 0.000000 0.000000 0.000000 0.000000 0.000000 
10.296667 0.000000 0.000000 0.000000 0.000000 0.000000 0.000000 0.000000 0.000000 0.000000 
10.308114 0.000000 0.000000 0.000000 0.000000 0.000000 0.000000 0.000000 0.000000 0.000000 
10.319561 0.000000 0.000000 0.000000 0.000000 0.000000 0.000000 0.000000 0.000000 0.000000 
10.331007 0.000000 0.000000 0.000000 0.000000 0.000000 0.000000 0.000000 0.000000 0.000000 
10.342454 0.000000 0.000000 0.000000 0.000000 0.000000 0.000000 0.000000 0.000000 0.000000 
10.353902 0.000000 0.000000 0.000000 0.000000 0.000000 0.000000 0.000000 0.000000 0.000000 
10.365349 0.000000 0.000000 0.000000 0.000000 0.000000 0.000000 0.000000 0.000000 0.000000 
10.376796 0.000000 0.000000 0.000000 0.000000 0.000000 0.000000 0.000000 0.000000 0.000000 
10.388243 0.000000 0.000000 0.000000 0.000000 0.000000 0.000000 0.000000 0.000000 0.000000 
10.399690 0.000000 0.000000 0.000000 0.000000 0.000000 0.000000 0.000000 0.000000 0.000000 
10.411137 0.000000 0.000000 0.000000 0.000000 0.000000 0.000000 0.000000 0.000000 0.000000 
10.422585 0.000000 0.000000 0.000000 0.000000 0.000000 0.000000 0.000000 0.000000 0.000000 
10.434032 0.000000 0.000000 0.000000 0.000000 0.000000 0.000000 0.000000 0.000000 0.000000 
10.445479 0.000000 0.000000 0.000000 0.000000 0.000000 0.000000 0.000000 0.000000 0.000000 
10.456926 0.000000 0.000000 0.000000 0.000000 0.000000 0.000000 0.000000 0.000000 0.000000 
10.468373 0.000000 0.000000 0.000000 0.000000 0.000000 0.000000 0.000000 0.000000 0.000000 
10.479820 0.000000 0.000000 0.000000 0.000000 0.000000 0.000000 0.000000 0.000000 0.000000 
10.491267 0.000000 0.000000 0.000000 0.000000 0.000000 0.000000 0.000000 0.000000 0.000000 
10.502714 0.000000 0.000000 0.000000 0.000000 0.000000 0.000000 0.000000 0.000000 0.000000 
10.514162 0.000000 0.000000 0.000000 0.000000 0.000000 0.000000 0.000000 0.000000 0.000000 
10.525609 0.000000 0.000000 0.000000 0.000000 0.000000 0.000000 0.000000 0.000000 0.000000 
10.537055 0.000000 0.000000 0.000000 0.000000 0.000000 0.000000 0.000000 0.000000 0.000000 
10.548502 0.000000 0.000000 0.000000 0.000000 0.000000 0.000000 0.000000 0.000000 0.000000 
10.559949 0.000000 0.000000 0.000000 0.000000 0.000000 0.000000 0.000000 0.000000 0.000000 
10.571397 0.000000 0.000000 0.000000 0.000000 0.000000 0.000000 0.000000 0.000000 0.000000 
10.582844 0.000000 0.000000 0.000000 0.000000 0.000000 0.000000 0.000000 0.000000 0.000000 
10.594291 0.000000 0.000000 0.000000 0.000000 0.000000 0.000000 0.000000 0.000000 0.000000 
10.605738 0.000000 0.000000 0.000000 0.000000 0.000000 0.000000 0.000000 0.000000 0.000000 
10.617185 0.000000 0.000000 0.000000 0.000000 0.000000 0.000000 0.000000 0.000000 0.000000 
10.628632 0.000000 0.000000 0.000000 0.000000 0.000000 0.000000 0.000000 0.000000 0.000000 
10.640079 0.000000 0.000000 0.000000 0.000000 0.000000 0.000000 0.000000 0.000000 0.000000 
10.651526 0.000000 0.000000 0.000000 0.000000 0.000000 0.000000 0.000000 0.000000 0.000000 
10.662974 0.000000 0.000000 0.000000 0.000000 0.000000 0.000000 0.000000 0.000000 0.000000 
10.674421 0.000000 0.000000 0.000000 0.000000 0.000000 0.000000 0.000000 0.000000 0.000000 
10.685868 0.000000 0.000000 0.000000 0.000000 0.000000 0.000000 0.000000 0.000000 0.000000 
10.697315 0.000000 0.000000 0.000000 0.000000 0.000000 0.000000 0.000000 0.000000 0.000000 
10.708762 0.000000 0.000000 0.000000 0.000000 0.000000 0.000000 0.000000 0.000000 0.000000 
10.720209 0.000000 0.000000 0.000000 0.000000 0.000000 0.000000 0.000000 0.000000 0.000000 
10.731657 0.000000 0.000000 0.000000 0.000000 0.000000 0.000000 0.000000 0.000000 0.000000 
10.743104 0.000000 0.000000 0.000000 0.000000 0.000000 0.000000 0.000000 0.000000 0.000000 
10.754550 0.000000 0.000000 0.000000 0.000000 0.000000 0.000000 0.000000 0.000000 0.000000 
10.765997 0.000000 0.000000 0.000000 0.000000 0.000000 0.000000 0.000000 0.000000 0.000000 
10.777444 0.000000 0.000000 0.000000 0.000000 0.000000 0.000000 0.000000 0.000000 0.000000 
10.788892 0.000000 0.000000 0.000000 0.000000 0.000000 0.000000 0.000000 0.000000 0.000000 
10.800339 0.000000 0.000000 0.000000 0.000000 0.000000 0.000000 0.000000 0.000000 0.000000 
10.811786 0.000000 0.000000 0.000000 0.000000 0.000000 0.000000 0.000000 0.000000 0.000000 
10.823233 0.000000 0.000000 0.000000 0.000000 0.000000 0.000000 0.000000 0.000000 0.000000 
10.834680 0.000000 0.000000 0.000000 0.000000 0.000000 0.000000 0.000000 0.000000 0.000000 
10.846127 0.000000 0.000000 0.000000 0.000000 0.000000 0.000000 0.000000 0.000000 0.000000 
10.857574 0.000000 0.000000 0.000000 0.000000 0.000000 0.000000 0.000000 0.000000 0.000000 
10.869021 0.000000 0.000000 0.000000 0.000000 0.000000 0.000000 0.000000 0.000000 0.000000 
10.880469 0.000000 0.000000 0.000000 0.000000 0.000000 0.000000 0.000000 0.000000 0.000000 
10.891916 0.000000 0.000000 0.000000 0.000000 0.000000 0.000000 0.000000 0.000000 0.000000 
10.903363 0.000000 0.000000 0.000000 0.000000 0.000000 0.000000 0.000000 0.000000 0.000000 
10.914810 0.000000 0.000000 0.000000 0.000000 0.000000 0.000000 0.000000 0.000000 0.000000 
10.926257 0.000000 0.000000 0.000000 0.000000 0.000000 0.000000 0.000000 0.000000 0.000000 
10.937704 0.000000 0.000000 0.000000 0.000000 0.000000 0.000000 0.000000 0.000000 0.000000 
10.949152 0.000000 0.000000 0.000000 0.000000 0.000000 0.000000 0.000000 0.000000 0.000000 
10.960598 0.000000 0.000000 0.000000 0.000000 0.000000 0.000000 0.000000 0.000000 0.000000 
10.972045 0.000000 0.000000 0.000000 0.000000 0.000000 0.000000 0.000000 0.000000 0.000000 
10.983492 0.000000 0.000000 0.000000 0.000000 0.000000 0.000000 0.000000 0.000000 0.000000 
10.994939 0.000000 0.000000 0.000000 0.000000 0.000000 0.000000 0.000000 0.000000 0.000000 
11.006386 0.000000 0.000000 0.000000 0.000000 0.000000 0.000000 0.000000 0.000000 0.000000 
11.017834 0.000000 0.000000 0.000000 0.000000 0.000000 0.000000 0.000000 0.000000 0.000000 
11.029281 0.000000 0.000000 0.000000 0.000000 0.000000 0.000000 0.000000 0.000000 0.000000 
11.040728 0.000000 0.000000 0.000000 0.000000 0.000000 0.000000 0.000000 0.000000 0.000000 
11.052175 0.000000 0.000000 0.000000 0.000000 0.000000 0.000000 0.000000 0.000000 0.000000 
11.063622 0.000000 0.000000 0.000000 0.000000 0.000000 0.000000 0.000000 0.000000 0.000000 
11.075069 0.000000 0.000000 0.000000 0.000000 0.000000 0.000000 0.000000 0.000000 0.000000 
11.086516 0.000000 0.000000 0.000000 0.000000 0.000000 0.000000 0.000000 0.000000 0.000000 
11.097964 0.000000 0.000000 0.000000 0.000000 0.000000 0.000000 0.000000 0.000000 0.000000 
11.109411 0.000000 0.000000 0.000000 0.000000 0.000000 0.000000 0.000000 0.000000 0.000000 
11.120858 0.000000 0.000000 0.000000 0.000000 0.000000 0.000000 0.000000 0.000000 0.000000 
11.132305 0.000000 0.000000 0.000000 0.000000 0.000000 0.000000 0.000000 0.000000 0.000000 
11.143752 0.000000 0.000000 0.000000 0.000000 0.000000 0.000000 0.000000 0.000000 0.000000 
11.155199 0.000000 0.000000 0.000000 0.000000 0.000000 0.000000 0.000000 0.000000 0.000000 
11.166646 0.000000 0.000000 0.000000 0.000000 0.000000 0.000000 0.000000 0.000000 0.000000 
11.178093 0.000000 0.000000 0.000000 0.000000 0.000000 0.000000 0.000000 0.000000 0.000000 
11.189540 0.000000 0.000000 0.000000 0.000000 0.000000 0.000000 0.000000 0.000000 0.000000 
11.200987 0.000000 0.000000 0.000000 0.000000 0.000000 0.000000 0.000000 0.000000 0.000000 
11.212434 0.000000 0.000000 0.000000 0.000000 0.000000 0.000000 0.000000 0.000000 0.000000 
11.223881 0.000000 0.000000 0.000000 0.000000 0.000000 0.000000 0.000000 0.000000 0.000000 
11.235329 0.000000 0.000000 0.000000 0.000000 0.000000 0.000000 0.000000 0.000000 0.000000 
11.246776 0.000000 0.000000 0.000000 0.000000 0.000000 0.000000 0.000000 0.000000 0.000000 
11.258223 0.000000 0.000000 0.000000 0.000000 0.000000 0.000000 0.000000 0.000000 0.000000 
11.269670 0.000000 0.000000 0.000000 0.000000 0.000000 0.000000 0.000000 0.000000 0.000000 
11.281117 0.000000 0.000000 0.000000 0.000000 0.000000 0.000000 0.000000 0.000000 0.000000 
11.292564 0.000000 0.000000 0.000000 0.000000 0.000000 0.000000 0.000000 0.000000 0.000000 
11.304011 0.000000 0.000000 0.000000 0.000000 0.000000 0.000000 0.000000 0.000000 0.000000 
11.315458 0.000000 0.000000 0.000000 0.000000 0.000000 0.000000 0.000000 0.000000 0.000000 
11.326906 0.000000 0.000000 0.000000 0.000000 0.000000 0.000000 0.000000 0.000000 0.000000 
11.338353 0.000000 0.000000 0.000000 0.000000 0.000000 0.000000 0.000000 0.000000 0.000000 
11.349800 0.000000 0.000000 0.000000 0.000000 0.000000 0.000000 0.000000 0.000000 0.000000 
11.361247 0.000000 0.000000 0.000000 0.000000 0.000000 0.000000 0.000000 0.000000 0.000000 
11.372694 0.000000 0.000000 0.000000 0.000000 0.000000 0.000000 0.000000 0.000000 0.000000 
11.384141 0.000000 0.000000 0.000000 0.000000 0.000000 0.000000 0.000000 0.000000 0.000000 
11.395588 0.000000 0.000000 0.000000 0.000000 0.000000 0.000000 0.000000 0.000000 0.000000 
11.407035 0.000000 0.000000 0.000000 0.000000 0.000000 0.000000 0.000000 0.000000 0.000000 
11.418482 0.000000 0.000000 0.000000 0.000000 0.000000 0.000000 0.000000 0.000000 0.000000 
11.429929 0.000000 0.000000 0.000000 0.000000 0.000000 0.000000 0.000000 0.000000 0.000000 
11.441376 0.000000 0.000000 0.000000 0.000000 0.000000 0.000000 0.000000 0.000000 0.000000 
