# concentrations: 0.666667 0.166667 0.166667
0.010000 0.000000 0.000000 0.000000 0.000000 0.000000 0.000000 0.000000 0.000000 0.000000 
0.030000 0.000000 0.000000 0.000000 0.000000 0.000000 0.000000 0.000000 0.000000 0.000000 
0.050000 0.000000 0.000000 0.000000 0.000000 0.000000 0.000000 0.000000 0.000000 0.000000 
0.070000 0.000000 0.000000 0.000000 0.000000 0.000000 0.000000 0.000000 0.000000 0.000000 
0.090000 0.000000 0.000000 0.000000 0.000000 0.000000 0.000000 0.000000 0.000000 0.000000 
0.110000 0.000000 0.000000 0.000000 0.000000 0.000000 0.000000 0.000000 0.000000 0.000000 
0.130000 0.000000 0.000000 0.000000 0.000000 0.000000 0.000000 0.000000 0.000000 0.000000 
0.150000 0.000000 0.000000 0.000000 0.000000 0.000000 0.000000 0.000000 0.000000 0.000000 
0.170000 0.000000 0.000000 0.000000 0.000000 0.000000 0.000000 0.000000 0.000000 0.000000 
0.190000 0.000000 0.000000 0.000000 0.000000 0.000000 0.000000 0.000000 0.000000 0.000000 
0.210000 0.000000 0.000000 0.000000 0.000000 0.000000 0.000000 0.000000 0.000000 0.000000 
0.230000 0.000000 0.000000 0.000000 0.000000 0.000000 0.000000 0.000000 0.000000 0.000000 
0.250000 0.000000 0.000000 0.000000 0.000000 0.000000 0.000000 0.000000 0.000000 0.000000 
0.270000 0.000000 0.000000 0.000000 0.000000 0.000000 0.000000 0.000000 0.000000 0.000000 
0.290000 0.000000 0.000000 0.000000 0.000000 0.000000 0.000000 0.000000 0.000000 0.000000 
0.310000 0.000000 0.000000 0.000000 0.000000 0.000000 0.000000 0.000000 0.000000 0.000000 
0.330000 0.000000 0.000000 0.000000 0.000000 0.000000 0.000000 0.000000 0.000000 0.000000 
0.350000 0.000000 0.000000 0.000000 0.000000 0.000000 0.000000 0.000000 0.000000 0.000000 
0.370000 0.000000 0.000000 0.000000 0.000000 0.000000 0.000000 0.000000 0.000000 0.000000 
0.390000 0.000000 0.000000 0.000000 0.000000 0.000000 0.000000 0.000000 0.000000 0.000000 
0.410000 0.000000 0.000000 0.000000 0.000000 0.000000 0.000000 0.000000 0.000000 0.000000 
0.430000 0.000000 0.000000 0.000000 0.000000 0.000000 0.000000 0.000000 0.000000 0.000000 
0.450000 0.000000 0.000000 0.000000 0.000000 0.000000 0.000000 0.000000 0.000000 0.000000 
0.470000 0.000000 0.000000 0.000000 0.000000 0.000000 0.000000 0.000000 0.000000 0.000000 
0.490000 0.000000 0.000000 0.000000 0.000000 0.000000 0.000000 0.000000 0.000000 0.000000 
0.510000 0.000000 0.000000 0.000000 0.000000 0.000000 0.000000 0.000000 0.000000 0.000000 
0.530000 0.000000 0.000000 0.000000 0.000000 0.000000 0.000000 0.000000 0.000000 0.000000 
0.550000 0.000000 0.000000 0.000000 0.000000 0.000000 0.000000 0.000000 0.000000 0.000000 
0.570000 0.000000 0.000000 0.000000 0.000000 0.000000 0.000000 0.000000 0.000000 0.000000 
0.590000 0.000000 0.000000 0.000000 0.000000 0.000000 0.000000 0.000000 0.000000 0.000000 
0.610000 0.000000 0.000000 0.000000 0.000000 0.000000 0.000000 0.000000 0.000000 0.000000 
0.630000 0.000000 0.000030 0.000000 0.000030 0.000000 0.000000 0.000000 0.000000 0.000000 
0.650000 0.000000 0.001940 0.000000 0.001940 0.000076 0.000152 0.000000 0.000152 0.000000 
0.670000 0.000000 0.030259 0.000000 0.030259 0.001863 0.003617 0.000000 0.003617 0.000000 
0.690000 0.000000 0.202332 0.000000 0.202332 0.015607 0.030320 0.000000 0.030320 0.000000 
0.710000 0.000000 0.681219 0.000319 0.681219 0.078231 0.142671 0.000319 0.142671 0.000064 
0.730000 0.000000 1.449598 0.007760 1.449598 0.220862 0.417883 0.007760 0.417883 0.001690 
0.750000 0.000000 2.267127 0.067916 2.267127 0.427117 0.821970 0.067916 0.821970 0.016984 
0.770000 0.000098 2.865776 0.307883 2.865776 0.644584 1.244004 0.307883 1.244004 0.095160 
0.790000 0.002628 3.129567 0.835008 3.129567 0.836103 1.566509 0.835008 1.566509 0.286209 
0.810000 0.027145 3.144309 1.571695 3.144309 0.971086 1.761900 1.571695 1.761900 0.608921 
0.830000 0.138131 2.961897 2.296393 2.961897 1.057745 1.797987 2.296393 1.797987 0.974584 
0.850000 0.434475 2.687328 2.809002 2.687328 1.073069 1.765772 2.809002 1.765772 1.314156 
0.870000 0.932041 2.386261 3.060725 2.386261 1.090767 1.689469 3.060725 1.689469 1.540953 
0.890000 1.530161 2.095114 3.059523 2.095114 1.052939 1.562667 3.059523 1.562667 1.655350 
0.910000 2.064836 1.825115 2.888658 1.825115 1.019636 1.445040 2.888658 1.445040 1.655563 
0.930000 2.422587 1.594099 2.631556 1.594099 0.983354 1.308780 2.631556 1.308780 1.612902 
0.950000 2.582322 1.402342 2.355319 1.402342 0.943246 1.205079 2.355319 1.205079 1.499733 
0.970000 2.568899 1.235137 2.061962 1.235137 0.905025 1.115680 2.061962 1.115680 1.405093 
0.990000 2.448331 1.100157 1.806878 1.100157 0.875817 1.030083 1.806878 1.030083 1.283219 
1.010000 2.250259 0.991197 1.577743 0.991197 0.843906 0.957579 1.577743 0.957579 1.180277 
1.030000 2.031528 0.893418 1.378082 0.893418 0.841743 0.912193 1.378082 0.912193 1.079854 
1.050000 1.814037 0.821804 1.219923 0.821804 0.828481 0.851762 1.219923 0.851762 1.007570 
1.070000 1.606067 0.756033 1.082604 0.756033 0.811708 0.804226 1.082604 0.804226 0.924769 
1.090000 1.425970 0.710638 0.968464 0.710638 0.809184 0.779377 0.968464 0.779377 0.862927 
1.110000 1.272296 0.672808 0.877386 0.672808 0.815930 0.751902 0.877386 0.751902 0.812092 
1.130000 1.132848 0.642414 0.800944 0.642414 0.814964 0.744885 0.800944 0.744885 0.773952 
1.150000 1.023252 0.620322 0.744307 0.620322 0.815421 0.727626 0.744307 0.727626 0.737732 
1.170000 0.930160 0.600749 0.692746 0.600749 0.830973 0.733027 0.692746 0.733027 0.705488 
1.190000 0.855388 0.593092 0.657856 0.593092 0.862701 0.737350 0.657856 0.737350 0.693219 
1.210000 0.792196 0.590801 0.623546 0.590801 0.887562 0.740875 0.623546 0.740875 0.688153 
1.230000 0.744583 0.593852 0.604087 0.593852 0.904674 0.759295 0.604087 0.759295 0.666960 
1.250000 0.707586 0.596011 0.586216 0.596011 0.926025 0.778785 0.586216 0.778785 0.686181 
1.270000 0.676885 0.608753 0.580681 0.608753 0.962785 0.799720 0.580681 0.799720 0.689590 
1.290000 0.656036 0.626325 0.580562 0.626325 0.992296 0.827900 0.580562 0.827900 0.703265 
1.310000 0.643987 0.652158 0.581036 0.652158 1.012783 0.857035 0.581036 0.857035 0.712191 
1.330000 0.638247 0.676976 0.591911 0.676976 1.047111 0.886046 0.591911 0.886046 0.747926 
1.350000 0.637987 0.709251 0.606019 0.709251 1.066790 0.926624 0.606019 0.926624 0.769293 
1.370000 0.646204 0.744280 0.628834 0.744280 1.099428 0.959129 0.628834 0.959129 0.800165 
1.390000 0.658644 0.782653 0.650293 0.782653 1.126124 0.992558 0.650293 0.992558 0.843053 
1.410000 0.680510 0.825453 0.685385 0.825453 1.144580 1.021454 0.685385 1.021454 0.880727 
1.430000 0.704963 0.868234 0.722703 0.868234 1.176073 1.053765 0.722703 1.053765 0.914075 
1.450000 0.736281 0.913296 0.761764 0.913296 1.189601 1.097344 0.761764 1.097344 0.962565 
1.470000 0.770048 0.958002 0.807803 0.958002 1.214147 1.113791 0.807803 1.113791 1.008685 
1.490000 0.810071 1.001937 0.854281 1.001937 1.231144 1.149660 0.854281 1.149660 1.039491 
1.510000 0.849412 1.041029 0.901608 1.041029 1.241975 1.174670 0.901608 1.174670 1.081170 
1.530000 0.886204 1.079682 0.951200 1.079682 1.245089 1.203969 0.951200 1.203969 1.120891 
1.550000 0.929236 1.112441 0.995956 1.112441 1.234267 1.215550 0.995956 1.215550 1.146861 
1.570000 0.968700 1.148601 1.039098 1.148601 1.223916 1.237796 1.039098 1.237796 1.175890 
1.590000 1.006820 1.175474 1.078879 1.175474 1.201883 1.245973 1.078879 1.245973 1.208627 
1.610000 1.040432 1.201530 1.112365 1.201530 1.190357 1.244928 1.112365 1.244928 1.232713 
1.630000 1.072637 1.219357 1.144422 1.219357 1.167410 1.247131 1.144422 1.247131 1.250843 
1.650000 1.097901 1.230887 1.167721 1.230887 1.129935 1.239992 1.167721 1.239992 1.273803 
1.670000 1.121620 1.241112 1.192996 1.241112 1.093817 1.217739 1.192996 1.217739 1.266268 
1.690000 1.142061 1.238171 1.212910 1.238171 1.062349 1.190686 1.212910 1.190686 1.259631 
1.710000 1.157565 1.229248 1.227955 1.229248 1.023068 1.160199 1.227955 1.160199 1.256148 
1.730000 1.168548 1.216749 1.237028 1.216749 0.994299 1.128666 1.237028 1.128666 1.245698 
1.750000 1.176211 1.195157 1.240031 1.195157 0.969124 1.097526 1.240031 1.097526 1.225609 
1.770000 1.182863 1.167453 1.232928 1.167453 0.944082 1.054417 1.232928 1.054417 1.198479 
1.790000 1.182903 1.140731 1.220879 1.140731 0.921336 1.026280 1.220879 1.026280 1.150814 
1.810000 1.179980 1.108080 1.202407 1.108080 0.899340 0.986958 1.202407 0.986958 1.128036 
1.830000 1.176073 1.076533 1.177548 1.076533 0.876697 0.958715 1.177548 0.958715 1.094024 
1.850000 1.165997 1.041491 1.153331 1.041491 0.872059 0.937952 1.153331 0.937952 1.046599 
1.870000 1.149631 1.011883 1.122508 1.011883 0.858092 0.913060 1.122508 0.913060 1.018128 
1.890000 1.132239 0.985732 1.091271 0.985732 0.854850 0.892078 1.091271 0.892078 0.985807 
1.910000 1.109817 0.959218 1.058313 0.959218 0.859395 0.875750 1.058313 0.875750 0.947467 
1.930000 1.086538 0.937894 1.028590 0.937894 0.857290 0.867172 1.028590 0.867172 0.928313 
1.950000 1.059202 0.920108 0.997415 0.920108 0.867594 0.854891 0.997415 0.854891 0.904174 
1.970000 1.033138 0.904178 0.968424 0.904178 0.871585 0.852716 0.968424 0.852716 0.883687 
1.990000 1.007220 0.892700 0.945150 0.892700 0.881743 0.851416 0.945150 0.851416 0.866813 
2.010000 0.981360 0.884191 0.922784 0.884191 0.887602 0.851425 0.922784 0.851425 0.855586 
2.030000 0.961458 0.880492 0.905389 0.880492 0.899362 0.855950 0.905389 0.855950 0.851159 
2.050000 0.938820 0.877323 0.891697 0.877323 0.914454 0.865511 0.891697 0.865511 0.844507 
2.070000 0.922066 0.877646 0.879997 0.877646 0.930555 0.879009 0.879997 0.879009 0.848807 
2.090000 0.905827 0.882989 0.873398 0.882989 0.954970 0.888971 0.873398 0.888971 0.851677 
2.110000 0.895372 0.889634 0.871441 0.889634 0.958910 0.903729 0.871441 0.903729 0.855406 
2.130000 0.886505 0.898066 0.873037 0.898066 0.982799 0.918916 0.873037 0.918916 0.867899 
2.150000 0.881639 0.910868 0.873296 0.910868 1.000550 0.937404 0.873296 0.937404 0.880353 
2.170000 0.881895 0.924302 0.881924 0.924302 1.011965 0.953401 0.881924 0.953401 0.891112 
2.190000 0.883674 0.937317 0.888623 0.937317 1.024075 0.970295 0.888623 0.970295 0.911441 
2.210000 0.887699 0.951568 0.901264 0.951568 1.042159 0.987258 0.901264 0.987258 0.920081 
2.230000 0.896936 0.965995 0.914573 0.965995 1.047865 1.004297 0.914573 1.004297 0.940238 
2.250000 0.904171 0.981951 0.927114 0.981951 1.061453 1.023845 0.927114 1.023845 0.958273 
2.270000 0.916311 0.995524 0.941160 0.995524 1.066161 1.037031 0.941160 1.037031 0.978737 
2.290000 0.928976 1.008282 0.957080 1.008282 1.066936 1.043867 0.957080 1.043867 0.995123 
2.310000 0.943902 1.022412 0.976197 1.022412 1.074813 1.055416 0.976197 1.055416 1.019544 
2.330000 0.959062 1.032366 0.990570 1.032366 1.073666 1.064159 0.990570 1.064159 1.030464 
2.350000 0.973063 1.042794 1.003038 1.042794 1.079065 1.065188 1.003038 1.065188 1.038792 
2.370000 0.987222 1.052177 1.019153 1.052177 1.077235 1.077953 1.019153 1.077953 1.060014 
2.390000 1.002476 1.057367 1.032886 1.057367 1.073400 1.077741 1.032886 1.077741 1.065685 
2.410000 1.017793 1.060424 1.043431 1.060424 1.070098 1.078566 1.043431 1.078566 1.074462 
2.430000 1.028548 1.062821 1.052147 1.062821 1.062223 1.076603 1.052147 1.076603 1.078986 
2.450000 1.039934 1.065693 1.059988 1.065693 1.052960 1.075019 1.059988 1.075019 1.082210 
2.470000 1.050207 1.065071 1.064431 1.065071 1.047519 1.070447 1.064431 1.070447 1.086669 
2.490000 1.055431 1.061520 1.069752 1.061520 1.039476 1.066435 1.069752 1.066435 1.083053 
2.510000 1.060417 1.057504 1.070605 1.057504 1.030503 1.055928 1.070605 1.055928 1.075298 
2.530000 1.064423 1.053609 1.068900 1.053609 1.019129 1.047907 1.068900 1.047907 1.071652 
2.550000 1.067121 1.049304 1.068164 1.049304 1.008480 1.037574 1.068164 1.037574 1.071362 
2.570000 1.066662 1.041805 1.065049 1.041805 0.997379 1.032854 1.065049 1.032854 1.063665 
2.590000 1.065465 1.036025 1.058743 1.036025 0.996095 1.016874 1.058743 1.016874 1.055904 
2.610000 1.061517 1.028775 1.054268 1.028775 0.984066 1.013836 1.054268 1.013836 1.046938 
2.630000 1.056452 1.019457 1.046936 1.019457 0.974035 1.003086 1.046936 1.003086 1.037522 
2.650000 1.051553 1.011307 1.041774 1.011307 0.971500 0.995719 1.041774 0.995719 1.025360 
2.670000 1.045203 1.004102 1.030739 1.004102 0.967478 0.986536 1.030739 0.986536 1.020313 
2.690000 1.038070 0.997342 1.024872 0.997342 0.962891 0.981161 1.024872 0.981161 1.006030 
2.710000 1.031594 0.989582 1.014091 0.989582 0.958585 0.975182 1.014091 0.975182 0.994901 
2.730000 1.022632 0.982802 1.006868 0.982802 0.957242 0.964917 1.006868 0.964917 0.990598 
2.750000 1.014938 0.975513 0.997812 0.975513 0.960843 0.963363 0.997812 0.963363 0.979560 
2.770000 1.007136 0.969954 0.990404 0.969954 0.956146 0.960294 0.990404 0.960294 0.974920 
2.790000 1.000777 0.968080 0.984516 0.968080 0.955558 0.954647 0.984516 0.954647 0.967410 
2.810000 0.992643 0.963767 0.976155 0.963767 0.959241 0.953330 0.976155 0.953330 0.962566 
2.830000 0.986736 0.963213 0.970659 0.963213 0.966212 0.956363 0.970659 0.956363 0.959942 
2.850000 0.980139 0.961545 0.966822 0.961545 0.970857 0.956388 0.966822 0.956388 0.955277 
2.870000 0.975780 0.961397 0.963612 0.961397 0.974487 0.959336 0.963612 0.959336 0.954085 
2.890000 0.971015 0.961462 0.960602 0.961462 0.978466 0.964124 0.960602 0.964124 0.954097 
2.910000 0.967708 0.962345 0.957694 0.962345 0.985873 0.966253 0.957694 0.966253 0.954483 
2.930000 0.964615 0.965149 0.956884 0.965149 0.991705 0.969350 0.956884 0.969350 0.958191 
2.950000 0.961533 0.969506 0.958058 0.969506 0.997764 0.974413 0.958058 0.974413 0.955004 
2.970000 0.961716 0.973601 0.961018 0.973601 1.002807 0.980401 0.961018 0.980401 0.964942 
2.990000 0.961528 0.978064 0.962387 0.978064 1.006161 0.986612 0.962387 0.986612 0.967988 
3.010000 0.962165 0.982458 0.966072 0.982458 1.015065 0.992035 0.966072 0.992035 0.972654 
3.030000 0.964807 0.987901 0.969451 0.987901 1.018720 0.997132 0.969451 0.997132 0.976835 
3.050000 0.967067 0.993397 0.974559 0.993397 1.017352 1.002416 0.974559 1.002416 0.989182 
3.070000 0.971368 0.998664 0.978707 0.998664 1.021297 1.009631 0.978707 1.009631 0.990302 
3.090000 0.975032 1.003108 0.983775 1.003108 1.019207 1.013158 0.983775 1.013158 0.997109 
3.110000 0.979762 1.006736 0.989495 1.006736 1.025155 1.017603 0.989495 1.017603 0.998844 
3.130000 0.983763 1.012729 0.996389 1.012729 1.020324 1.019911 0.996389 1.019911 1.007331 
3.150000 0.988963 1.014107 1.002247 1.014107 1.022306 1.024573 1.002247 1.024573 1.011166 
3.170000 0.995037 1.019761 1.005881 1.019761 1.022978 1.026298 1.005881 1.026298 1.019207 
3.190000 0.999468 1.020884 1.012166 1.020884 1.021047 1.026091 1.012166 1.026091 1.019732 
3.210000 1.003784 1.021965 1.015718 1.021965 1.023071 1.025108 1.015718 1.025108 1.024934 
3.230000 1.008890 1.024286 1.018579 1.024286 1.017402 1.024706 1.018579 1.024706 1.026359 
3.250000 1.013253 1.025260 1.021078 1.025260 1.014911 1.022754 1.021078 1.022754 1.026387 
3.270000 1.015724 1.023820 1.023578 1.023820 1.014914 1.024063 1.023578 1.024063 1.026340 
3.290000 1.018625 1.023965 1.023581 1.023965 1.010259 1.020887 1.023581 1.020887 1.027241 
3.310000 1.020714 1.021906 1.026210 1.021906 1.007991 1.018662 1.026210 1.018662 1.027317 
3.330000 1.023451 1.019964 1.027186 1.019964 1.003465 1.017677 1.027186 1.017677 1.031886 
3.350000 1.023545 1.017748 1.025919 1.017748 1.002712 1.014084 1.025919 1.014084 1.023526 
3.370000 1.024332 1.015175 1.024105 1.015175 0.999536 1.010184 1.024105 1.010184 1.021432 
3.390000 1.023377 1.011758 1.022926 1.011758 0.994117 1.008331 1.022926 1.008331 1.016729 
3.410000 1.022303 1.010393 1.020964 1.010393 0.996771 1.004258 1.020964 1.004258 1.013549 
3.430000 1.021400 1.006813 1.017975 1.006813 0.992044 1.002173 1.017975 1.002173 1.011432 
3.450000 1.019439 1.003368 1.014532 1.003368 0.990004 0.997403 1.014532 0.997403 1.008027 
3.470000 1.017053 1.000425 1.011515 1.000425 0.986114 0.995774 1.011515 0.995774 1.005697 
3.490000 1.015282 0.997908 1.008578 0.997908 0.986998 0.994429 1.008578 0.994429 1.001582 
3.510000 1.011763 0.994850 1.005365 0.994850 0.986809 0.990915 1.005365 0.990915 0.999329 
3.530000 1.009216 0.992977 1.001743 0.992977 0.983429 0.988364 1.001743 0.988364 0.994644 
3.550000 1.007394 0.991700 0.999395 0.991700 0.985500 0.986485 0.999395 0.986485 0.993834 
3.570000 1.002999 0.989707 0.994052 0.989707 0.987614 0.984439 0.994052 0.984439 0.990733 
3.590000 1.000450 0.988139 0.994387 0.988139 0.986849 0.985059 0.994387 0.985059 0.985698 
3.610000 0.997243 0.987759 0.990559 0.987759 0.987613 0.983772 0.990559 0.983772 0.988153 
3.630000 0.995076 0.986863 0.989540 0.986863 0.988280 0.984763 0.989540 0.984763 0.982138 
3.650000 0.992403 0.986140 0.986799 0.986140 0.989273 0.985894 0.986799 0.985894 0.984204 
3.670000 0.990994 0.985323 0.986532 0.985323 0.990868 0.987455 0.986532 0.987455 0.982649 
3.690000 0.989439 0.986959 0.986213 0.986959 0.993724 0.986737 0.986213 0.986737 0.984737 
3.710000 0.986756 0.987015 0.983908 0.987015 0.996858 0.988484 0.983908 0.988484 0.981704 
3.730000 0.986507 0.987605 0.984786 0.987605 0.997073 0.990785 0.984786 0.990785 0.987470 
3.750000 0.986130 0.989750 0.983769 0.989750 0.997709 0.990500 0.983769 0.990500 0.985779 
3.770000 0.986035 0.989008 0.985245 0.989008 1.002302 0.993174 0.985245 0.993174 0.987357 
3.790000 0.985951 0.992025 0.987227 0.992025 1.004503 0.997589 0.987227 0.997589 0.987308 
3.810000 0.986657 0.993252 0.988386 0.993252 1.001604 0.996001 0.988386 0.996001 0.990925 
3.830000 0.987519 0.995208 0.989194 0.995208 1.003171 0.998494 0.989194 0.998494 0.990186 
3.850000 0.987495 0.997559 0.991159 0.997559 1.006068 1.000627 0.991159 1.000627 0.996905 
3.870000 0.989543 0.998036 0.992622 0.998036 1.006545 1.003817 0.992622 1.003817 0.998199 
3.890000 0.990817 1.000708 0.993535 1.000708 1.009394 1.004511 0.993535 1.004511 1.001362 
3.910000 0.991787 1.002499 0.996073 1.002499 1.008198 1.004720 0.996073 1.004720 0.996760 
3.930000 0.994773 1.004112 0.998348 1.004112 1.007025 1.007424 0.998348 1.007424 1.006019 
3.950000 0.995781 1.004705 1.000624 1.004705 1.008566 1.010176 1.000624 1.010176 1.004797 
3.970000 0.998304 1.005956 1.001760 1.005956 1.009150 1.010420 1.001760 1.010420 1.008154 
3.990000 1.000464 1.007182 1.003444 1.007182 1.010984 1.008890 1.003444 1.008890 1.007672 
4.010000 1.001400 1.008746 1.006090 1.008746 1.010363 1.010062 1.006090 1.010062 1.006364 
4.030000 1.003356 1.008067 1.006807 1.008067 1.005984 1.010385 1.006807 1.010385 1.010708 
4.050000 1.004588 1.009536 1.007654 1.009536 1.005742 1.010859 1.007654 1.010859 1.008739 
4.070000 1.006061 1.009182 1.009106 1.009182 1.002764 1.008198 1.009106 1.008198 1.010165 
4.090000 1.006241 1.007872 1.009264 1.007872 1.003825 1.009224 1.009264 1.009224 1.009533 
4.110000 1.008465 1.008866 1.009318 1.008866 1.004578 1.007708 1.009318 1.007708 1.008406 
4.130000 1.009209 1.007998 1.009493 1.007998 1.003991 1.006547 1.009493 1.006547 1.011755 
4.150000 1.008635 1.007496 1.010045 1.007496 1.001963 1.004378 1.010045 1.004378 1.011151 
4.170000 1.008352 1.006695 1.009476 1.006695 1.001040 1.003629 1.009476 1.003629 1.009509 
4.190000 1.009223 1.006129 1.009818 1.006129 1.000170 1.004871 1.009818 1.004871 1.005440 
4.210000 1.008151 1.003648 1.008641 1.003648 0.997790 1.001329 1.008641 1.001329 1.004594 
4.230000 1.007311 1.002449 1.007207 1.002449 0.996936 0.999187 1.007207 0.999187 1.005525 
4.250000 1.007096 1.001402 1.004972 1.001402 0.996860 0.997643 1.004972 0.997643 1.006548 
4.270000 1.006538 1.000449 1.005035 1.000449 0.995684 0.999243 1.005035 0.999243 1.000852 
4.290000 1.005925 0.998264 1.003768 0.998264 0.994003 0.995046 1.003768 0.995046 1.000957 
4.310000 1.004743 0.997736 1.001154 0.997736 0.992744 0.996034 1.001154 0.996034 1.000078 
4.330000 1.004388 0.997996 1.001453 0.997996 0.999146 0.994610 1.001453 0.994610 0.997416 
4.350000 1.002663 0.995249 1.000371 0.995249 0.995323 0.997873 1.000371 0.997873 0.996259 
4.370000 1.001948 0.996606 0.998556 0.996606 0.993158 0.993741 0.998556 0.993741 0.997313 
4.390000 1.000261 0.994568 0.997147 0.994568 0.993368 0.993772 0.997147 0.993772 0.996868 
4.410000 0.999211 0.995724 0.997012 0.995724 0.996268 0.996531 0.997012 0.996531 0.994515 
4.430000 0.998775 0.995133 0.995886 0.995133 0.998583 0.993791 0.995886 0.993791 0.995703 
4.450000 0.997519 0.994111 0.994763 0.994111 0.995763 0.994429 0.994763 0.994429 0.992187 
4.470000 0.996157 0.994181 0.994775 0.994181 0.994017 0.994071 0.994775 0.994071 0.993156 
4.490000 0.996025 0.994656 0.993622 0.994656 0.996490 0.994552 0.993622 0.994552 0.993710 
4.510000 0.995401 0.993986 0.993556 0.993986 1.003109 0.997254 0.993556 0.997254 0.995491 
4.530000 0.995174 0.995057 0.993621 0.995057 0.997489 0.995035 0.993621 0.995035 0.993976 
4.550000 0.995109 0.996497 0.994746 0.996497 0.997628 0.997590 0.994746 0.997590 0.993409 
4.570000 0.994266 0.996317 0.994232 0.996317 1.000376 0.997096 0.994232 0.997096 0.994333 
4.590000 0.995153 0.997732 0.994914 0.997732 1.001049 0.998068 0.994914 0.998068 0.996035 
4.610000 0.995218 0.998445 0.995089 0.998445 1.002403 0.997571 0.995089 0.997571 0.995128 
4.630000 0.995273 0.998533 0.996010 0.998533 1.001808 0.999145 0.996010 0.999145 0.995311 
4.650000 0.995219 0.999397 0.996465 0.999397 1.000723 1.001069 0.996465 1.001069 0.997559 
4.670000 0.995696 0.999428 0.996621 0.999428 1.001684 1.002205 0.996621 1.002205 0.999697 
4.690000 0.995331 1.000194 0.998683 1.000194 1.003858 1.001483 0.998683 1.001483 0.998611 
4.710000 0.996792 1.001166 0.998812 1.001166 1.003500 1.002217 0.998812 1.002217 0.999569 
4.730000 0.997680 1.001146 0.999523 1.001146 1.001267 1.002672 0.999523 1.002672 0.998504 
4.750000 0.998738 1.001657 0.999726 1.001657 1.002435 1.004475 0.999726 1.004475 1.001082 
4.770000 0.998821 1.003796 1.000157 1.003796 1.002474 1.003383 1.000157 1.003383 1.002952 
4.790000 1.000005 1.004120 1.002010 1.004120 1.003779 1.004649 1.002010 1.004649 1.003347 
4.810000 1.000786 1.003859 1.001931 1.003859 1.002921 1.004392 1.001931 1.004392 1.003235 
4.830000 1.001335 1.002894 1.003238 1.002894 1.003215 1.002465 1.003238 1.002465 1.003711 
4.850000 1.001845 1.003163 1.003287 1.003163 1.002120 1.004808 1.003287 1.004808 1.006882 
4.870000 1.002753 1.003186 1.002997 1.003186 1.002287 1.004383 1.002997 1.004383 1.004113 
4.890000 1.002423 1.003911 1.004128 1.003911 1.002187 1.003130 1.004128 1.003130 1.003675 
4.910000 1.003697 1.002450 1.003526 1.002450 1.000439 1.002581 1.003526 1.002581 1.003639 
4.930000 1.003711 1.002012 1.003980 1.002012 0.997339 1.002454 1.003980 1.002454 1.005422 
4.950000 1.002701 1.003309 1.003747 1.003309 1.000084 1.000773 1.003747 1.000773 1.002100 
4.970000 1.003322 1.002672 1.004581 1.002672 1.001650 1.001344 1.004581 1.001344 1.002755 
4.990000 1.003364 1.001467 1.003513 1.001467 0.998245 1.000927 1.003513 1.000927 1.002882 
5.010000 1.003874 1.002021 1.002816 1.002021 0.998328 1.000500 1.002816 1.000500 1.003166 
5.030000 1.002332 1.000443 1.002163 1.000443 0.999605 1.001430 1.002163 1.001430 1.002247 
5.050000 1.002878 1.000147 1.001574 1.000147 0.998525 1.000563 1.001574 1.000563 1.001885 
5.070000 1.002896 1.000346 1.001136 1.000346 1.000642 0.999451 1.001136 0.999451 1.001576 
5.090000 1.002645 0.999707 1.001618 0.999707 0.999860 1.000073 1.001618 1.000073 1.000364 
5.110000 1.001697 1.000731 1.001092 1.000731 0.998760 0.998535 1.001092 0.998535 1.001877 
5.130000 1.001616 0.999473 1.000891 0.999473 0.995631 0.997190 1.000891 0.997190 1.001357 
5.150000 1.001338 0.998720 0.999717 0.998720 0.998043 0.998195 0.999717 0.998195 0.998492 
5.170000 1.001064 0.997470 1.000214 0.997470 0.998655 0.998291 1.000214 0.998291 0.999269 
5.190000 1.000545 0.998016 0.999543 0.998016 0.998984 0.997708 0.999543 0.997708 0.997452 
5.210000 0.999887 0.997970 0.998677 0.997970 0.998932 0.996465 0.998677 0.996465 0.998788 
5.230000 0.999254 0.997539 0.999032 0.997539 0.999817 0.998024 0.999032 0.998024 0.995093 
5.250000 0.999319 0.997170 0.997576 0.997170 0.998141 0.998661 0.997576 0.998661 0.997481 
5.270000 0.998772 0.997253 0.998287 0.997253 0.999828 0.996224 0.998287 0.996224 0.997710 
5.290000 0.998499 0.998707 0.998378 0.998707 0.998995 0.999526 0.998378 0.999526 0.997702 
5.310000 0.998370 0.997832 0.997680 0.997832 1.000016 0.998577 0.997680 0.998577 0.999491 
5.330000 0.998249 0.997936 0.997855 0.997936 0.999527 0.997875 0.997855 0.997875 0.996166 
5.350000 0.997764 0.998021 0.998033 0.998021 0.998806 0.998871 0.998033 0.998871 0.997339 
5.370000 0.998046 0.997732 0.997368 0.997732 0.999043 0.999584 0.997368 0.999584 0.999102 
5.390000 0.998317 0.999570 0.997579 0.999570 1.001840 0.999539 0.997579 0.999539 0.997515 
5.410000 0.997740 0.999017 0.997487 0.999017 0.999754 1.000097 0.997487 1.000097 1.001143 
5.430000 0.997851 0.998924 0.998268 0.998924 1.000339 0.999798 0.998268 0.999798 0.997960 
5.450000 0.998248 0.999621 0.998615 0.999621 1.001288 0.999653 0.998615 0.999653 0.996264 
5.470000 0.999154 0.999734 0.998364 0.999734 1.001502 1.002243 0.998364 1.002243 1.000743 
5.490000 0.998320 1.000289 0.999068 1.000289 1.002149 1.000682 0.999068 1.000682 1.000133 
5.510000 0.998851 1.000607 0.999198 1.000607 1.002991 1.001350 0.999198 1.001350 0.999796 
5.530000 0.999206 1.000554 0.999606 1.000554 1.001523 1.000608 0.999606 1.000608 0.998663 
5.550000 0.999736 1.000713 1.000413 1.000713 1.000998 1.001693 1.000413 1.001693 1.001810 
5.570000 0.999092 1.000846 1.000442 1.000846 1.002445 1.002248 1.000442 1.002248 1.001742 
5.590000 0.999975 1.001404 1.000580 1.001404 1.002212 1.001133 1.000580 1.001133 1.001697 
5.610000 1.000454 1.000990 1.000560 1.000990 1.002474 1.002886 1.000560 1.002886 1.001264 
5.630000 1.000637 1.001464 1.001365 1.001464 1.002001 1.001761 1.001365 1.001761 1.000483 
5.650000 1.000401 1.001800 1.001392 1.001800 1.002417 1.001839 1.001392 1.001839 1.005240 
5.670000 1.000822 1.001916 1.001492 1.001916 1.001102 1.000418 1.001492 1.000418 1.001098 
5.690000 1.001026 1.001089 1.001357 1.001089 1.001688 1.000977 1.001357 1.000977 1.001303 
5.710000 1.001479 1.001337 1.001544 1.001337 1.000670 1.001604 1.001544 1.001604 1.002538 
5.730000 1.000858 1.000815 1.001513 1.000815 1.000361 1.001525 1.001513 1.001525 1.003045 
5.750000 1.001712 1.000930 1.001118 1.000930 1.001274 1.001735 1.001118 1.001735 1.003482 
5.770000 1.002055 1.001818 1.000579 1.001818 0.999660 0.999745 1.000579 0.999745 1.000686 
5.790000 1.001369 1.000438 1.001288 1.000438 0.999795 1.001681 1.001288 1.001681 1.000351 
5.810000 1.001531 1.000934 1.001477 1.000934 1.000354 0.999705 1.001477 0.999705 1.002196 
5.830000 1.001945 1.000375 1.001665 1.000375 0.997831 1.000569 1.001665 1.000569 1.002960 
5.850000 1.001314 1.000005 1.000892 1.000005 0.999043 0.998592 1.000892 0.998592 1.000601 
5.870000 1.000929 0.999870 1.000813 0.999870 0.998435 1.000148 1.000813 1.000148 1.000967 
5.890000 1.000944 1.000211 1.000710 1.000211 0.998277 0.998878 1.000710 0.998878 1.000559 
5.910000 1.000397 0.999208 1.000320 0.999208 0.998578 0.997523 1.000320 0.997523 0.998744 
5.930000 1.000741 0.999269 1.000023 0.999269 0.998315 0.999947 1.000023 0.999947 0.999717 
5.950000 1.000271 0.999714 0.999919 0.999714 0.997850 0.998278 0.999919 0.998278 1.001967 
5.970000 1.000516 0.999952 0.999596 0.999952 0.999822 0.998755 0.999596 0.998755 0.999012 
5.990000 0.999888 0.999538 1.000233 0.999538 1.000517 1.000038 1.000233 1.000038 1.000296 
6.010000 1.000083 0.999519 0.999587 0.999519 1.000287 0.998776 0.999587 0.998776 0.999465 
6.030000 1.000408 0.999102 0.999389 0.999102 1.000942 0.999697 0.999389 0.999697 0.999683 
6.050000 1.000226 0.999295 0.998928 0.999295 0.999796 0.999466 0.998928 0.999466 0.998813 
6.070000 0.999727 0.999092 0.999520 0.999092 0.999446 0.999442 0.999520 0.999442 0.998302 
6.090000 0.999043 0.998248 1.000150 0.998248 0.998857 0.999622 1.000150 0.999622 0.998475 
6.110000 0.998918 0.999516 0.999270 0.999516 0.999822 0.999153 0.999270 0.999153 0.999389 
6.130000 0.999655 0.998851 0.998506 0.998851 0.999338 0.999800 0.998506 0.999800 0.998495 
6.150000 0.999012 0.999548 0.998494 0.999548 0.998623 0.999438 0.998494 0.999438 0.999108 
6.170000 0.998892 1.000109 0.999185 1.000109 1.001795 0.999121 0.999185 0.999121 0.997974 
6.190000 0.999425 0.999319 0.999899 0.999319 0.998326 0.998409 0.999899 0.998409 0.999692 
6.210000 0.999690 0.999295 1.000043 0.999295 1.000734 1.000148 1.000043 1.000148 0.999584 
6.230000 0.999276 0.999737 0.999303 0.999737 0.999833 0.999485 0.999303 0.999485 1.000614 
6.250000 0.998949 0.999466 0.999559 0.999466 0.998870 1.000620 0.999559 1.000620 0.999182 
6.270000 0.999266 1.000560 0.999492 1.000560 1.000731 1.000690 0.999492 1.000690 1.000732 
6.290000 0.999147 1.000027 1.000031 1.000027 1.001312 1.000363 1.000031 1.000363 1.001081 
6.310000 0.999903 0.999857 0.999251 0.999857 1.000799 1.001746 0.999251 1.001746 1.001419 
6.330000 0.999859 0.999951 0.999893 0.999951 1.001899 0.999694 0.999893 0.999694 0.999855 
6.350000 0.999543 1.000545 0.999585 1.000545 1.000800 1.001004 0.999585 1.001004 0.999854 
6.370000 0.999919 1.000677 0.999703 1.000677 1.001762 1.000303 0.999703 1.000303 1.001266 
6.390000 0.999670 1.000153 0.999656 1.000153 0.999690 1.002257 0.999656 1.002257 0.999903 
6.410000 1.000580 1.000603 1.000309 1.000603 1.001286 1.001574 1.000309 1.001574 0.998766 
6.430000 1.000415 1.000755 1.000719 1.000755 1.000928 1.000575 1.000719 1.000575 1.001602 
6.450000 1.000420 1.000365 1.000672 1.000365 1.001406 1.001832 1.000672 1.001832 0.998983 
6.470000 1.000356 1.000333 1.000903 1.000333 1.001126 1.001677 1.000903 1.001677 1.003232 
6.490000 1.000671 1.000926 1.000735 1.000926 1.000098 1.001127 1.000735 1.001127 0.999561 
6.510000 1.001025 1.000642 1.000894 1.000642 1.000682 1.000576 1.000894 1.000576 1.001739 
6.530000 1.001059 1.001028 1.000172 1.001028 1.001286 0.999524 1.000172 0.999524 1.001967 
6.550000 1.000972 1.000801 1.001059 1.000801 1.002250 0.999879 1.001059 0.999879 1.000699 
6.570000 1.000475 1.000171 1.000371 1.000171 0.999597 0.999526 1.000371 0.999526 1.000474 
6.590000 1.000823 1.000015 1.001063 1.000015 0.999475 0.999778 1.001063 0.999778 1.000698 
6.610000 1.000530 0.999996 1.000338 0.999996 0.999734 1.000349 1.000338 1.000349 1.000666 
6.630000 1.000176 1.000241 0.999510 1.000241 0.998848 0.998961 0.999510 0.998961 1.001122 
6.650000 1.000462 1.000255 1.000558 1.000255 0.999601 1.000936 1.000558 1.000936 1.001452 
6.670000 1.000779 0.999929 1.000214 0.999929 0.998853 0.998932 1.000214 0.998932 1.000337 
6.690000 1.000712 1.000440 1.000561 1.000440 0.999251 1.000891 1.000561 1.000891 0.999880 
6.710000 1.000228 0.999724 0.999526 0.999724 0.998676 1.000116 0.999526 1.000116 1.000468 
6.730000 1.000236 0.999485 0.999261 0.999485 1.001080 0.999175 0.999261 0.999175 1.001085 
6.750000 1.000260 0.999764 1.000723 0.999764 1.000165 1.000465 1.000723 1.000465 0.999534 
6.770000 1.000159 1.000607 0.999931 1.000607 0.999985 0.999616 0.999931 0.999616 0.999699 
6.790000 1.000078 0.999729 0.999903 0.999729 1.002075 0.999965 0.999903 0.999965 0.999358 
6.810000 1.000129 0.999446 0.999943 0.999446 1.001296 1.000137 0.999943 1.000137 0.999978 
6.830000 0.999996 0.999280 0.999757 0.999280 0.999443 0.998982 0.999757 0.998982 1.000802 
6.850000 1.000148 0.999676 1.000390 0.999676 1.001568 0.998965 1.000390 0.998965 1.000121 
6.870000 0.999710 0.999794 0.999813 0.999794 1.000282 0.999675 0.999813 0.999675 1.001033 
6.890000 0.999570 0.999831 0.999541 0.999831 0.999903 1.000324 0.999541 1.000324 1.000201 
6.910000 0.999846 0.999046 0.999619 0.999046 1.001633 0.999578 0.999619 0.999578 1.000049 
6.930000 0.999825 0.999320 0.999898 0.999320 0.999892 0.998384 0.999898 0.998384 0.999266 
6.950000 0.999759 0.999584 0.999454 0.999584 1.000415 0.999622 0.999454 0.999622 0.999498 
6.970000 0.999820 0.999412 0.999720 0.999412 1.001328 1.000229 0.999720 1.000229 0.998212 
6.990000 0.999695 0.999259 0.999433 0.999259 1.002163 1.000161 0.999433 1.000161 1.000101 
7.010000 0.999655 0.999717 0.999644 0.999717 1.001149 1.000680 0.999644 1.000680 1.001613 
7.030000 1.000063 0.999638 1.000021 0.999638 0.999625 0.999985 1.000021 0.999985 1.001835 
7.050000 1.000324 0.999727 1.000170 0.999727 0.999749 0.999642 1.000170 0.999642 0.998867 
7.070000 0.999862 1.000339 0.999163 1.000339 1.000404 1.000657 0.999163 1.000657 0.999554 
7.090000 0.999961 0.999612 0.999589 0.999612 0.998623 1.001596 0.999589 1.001596 1.001092 
7.110000 0.999950 0.999932 1.000125 0.999932 0.999890 1.000694 1.000125 1.000694 0.998721 
7.130000 1.000097 1.000415 0.999696 1.000415 0.999569 1.001261 0.999696 1.001261 1.000292 
7.150000 1.000198 1.000193 0.999992 1.000193 1.000894 1.000492 0.999992 1.000492 1.001904 
7.170000 0.999603 0.999832 1.000349 0.999832 1.000176 1.001033 1.000349 1.001033 0.999383 
7.190000 1.000152 1.000392 1.000042 1.000392 0.999761 1.001097 1.000042 1.001097 0.999937 
7.210000 1.000364 1.000718 0.999920 1.000718 1.000841 1.000219 0.999920 1.000219 0.999900 
7.230000 0.999847 1.000379 0.999983 1.000379 1.000932 1.001623 0.999983 1.001623 1.000801 
7.250000 1.000155 1.000542 1.000374 1.000542 0.999341 0.999459 1.000374 0.999459 1.002029 
7.270000 0.999978 1.000350 1.000211 1.000350 1.000415 0.999380 1.000211 0.999380 1.002279 
7.290000 1.000088 1.000064 1.000136 1.000064 1.000129 1.000253 1.000136 1.000253 0.999886 
7.310000 1.000529 1.000523 1.000673 1.000523 1.000245 1.000673 1.000673 1.000673 1.000309 
7.330000 1.000313 1.000207 0.999816 1.000207 0.999038 1.000776 0.999816 1.000776 1.002826 
7.350000 1.000552 1.000323 0.999918 1.000323 1.001528 1.000153 0.999918 1.000153 1.001391 
7.370000 1.000380 1.000383 1.000699 1.000383 1.000595 1.000493 1.000699 1.000493 0.999293 
7.390000 1.000099 1.000151 0.999982 1.000151 0.999239 0.999976 0.999982 0.999976 1.000409 
7.410000 1.000690 0.999774 0.999648 0.999774 0.998832 0.999767 0.999648 0.999767 0.998589 
7.430000 1.000133 1.000235 1.000351 1.000235 1.001682 0.999408 1.000351 0.999408 0.998918 
7.450000 1.000503 0.999796 1.000501 0.999796 0.999224 0.999552 1.000501 0.999552 1.000731 
7.470000 1.000702 1.001154 1.000294 1.001154 1.000619 0.999734 1.000294 0.999734 0.999420 
7.490000 1.000392 0.999780 1.000103 0.999780 0.999535 0.999775 1.000103 0.999775 1.001674 
7.510000 1.000364 0.999762 0.999665 0.999762 1.000844 0.999818 0.999665 0.999818 1.000926 
7.530000 1.000047 1.000507 1.000707 1.000507 1.000009 0.999665 1.000707 0.999665 0.998812 
7.550000 1.000056 0.999864 1.000216 0.999864 0.999628 0.999265 1.000216 0.999265 1.001286 
7.570000 1.000020 0.999663 1.000501 0.999663 1.000998 1.000797 1.000501 1.000797 1.000970 
7.590000 0.999783 1.000739 0.999972 1.000739 1.000224 1.000837 0.999972 1.000837 0.999987 
7.610000 0.999926 0.999689 1.000320 0.999689 1.000569 1.000510 1.000320 1.000510 1.000460 
7.630000 0.999725 0.999957 0.999528 0.999957 0.999806 1.000987 0.999528 1.000987 0.999032 
7.650000 0.999820 1.000018 0.999547 1.000018 0.998998 0.999091 0.999547 0.999091 1.002103 
7.670000 1.000282 0.999333 1.000071 0.999333 0.999681 0.999588 1.000071 0.999588 0.999681 
7.690000 1.000146 1.000019 0.999646 1.000019 1.000268 0.999910 0.999646 0.999910 1.000033 
7.710000 0.999737 0.999743 0.999016 0.999743 0.999672 0.999025 0.999016 0.999025 1.000256 
7.730000 0.999826 0.999749 1.000112 0.999749 0.998488 1.000678 1.000112 1.000678 1.000076 
7.750000 0.999946 0.999169 1.000542 0.999169 0.998763 1.001149 1.000542 1.001149 1.000130 
7.770000 1.000024 0.999703 0.999986 0.999703 1.000457 1.000710 0.999986 1.000710 0.998790 
7.790000 0.999757 0.999156 0.999746 0.999156 1.002004 1.000140 0.999746 1.000140 0.999860 
7.810000 1.000049 0.999814 1.000145 0.999814 1.000576 0.999800 1.000145 0.999800 0.998556 
7.830000 1.000185 0.999904 0.999579 0.999904 1.000572 1.000599 0.999579 1.000599 1.001865 
7.850000 1.000081 1.000224 1.000064 1.000224 1.000538 1.000013 1.000064 1.000013 1.000176 
7.870000 0.999663 1.000034 1.000107 1.000034 0.999874 0.999543 1.000107 0.999543 0.999560 
7.890000 1.000071 1.000081 0.999534 1.000081 1.000117 1.000754 0.999534 1.000754 0.999940 
7.910000 1.000291 1.000505 1.000435 1.000505 1.000479 1.000049 1.000435 1.000049 0.999403 
7.930000 1.000339 0.999720 1.000070 0.999720 1.000625 0.999940 1.000070 0.999940 1.001565 
7.950000 1.000335 1.000122 1.000273 1.000122 0.999605 1.000478 1.000273 1.000478 1.001084 
7.970000 1.000296 0.999837 0.999467 0.999837 1.000800 1.000175 0.999467 1.000175 1.001574 
7.990000 1.000575 0.999749 0.999996 0.999749 1.001216 0.999385 0.999996 0.999385 1.001895 
8.010000 1.000030 1.000330 0.999714 1.000330 1.000943 1.000018 0.999714 1.000018 1.001280 
8.030000 1.000283 0.999801 0.999505 0.999801 1.001900 1.000636 0.999505 1.000636 0.999427 
8.050000 1.000128 1.000347 1.000212 1.000347 0.999485 1.000194 1.000212 1.000194 1.000653 
8.070000 1.000204 1.000139 1.000284 1.000139 0.999949 1.000963 1.000284 1.000963 1.000281 
8.090000 0.999936 1.000567 1.000455 1.000567 1.001331 0.999704 1.000455 0.999704 1.000020 
8.110000 0.999960 1.000230 1.000422 1.000230 0.999686 1.000157 1.000422 1.000157 1.000780 
8.130000 1.000213 1.000603 0.999844 1.000603 1.000921 1.000435 0.999844 1.000435 1.000800 
8.150000 0.999896 1.000035 1.000130 1.000035 1.000466 1.000580 1.000130 1.000580 0.999792 
8.170000 1.000285 0.999865 1.000095 0.999865 1.000201 1.000104 1.000095 1.000104 1.000345 
8.190000 1.000047 1.000024 0.999950 1.000024 1.000791 0.999430 0.999950 0.999430 1.000048 
8.210000 1.000218 0.999654 0.999912 0.999654 0.999586 0.999216 0.999912 0.999216 0.999487 
8.230000 1.000557 1.000056 1.000279 1.000056 0.998997 0.999521 1.000279 0.999521 1.000448 
8.250000 1.000343 1.000166 1.000221 1.000166 0.999709 0.999846 1.000221 0.999846 1.001258 
8.270000 1.000152 0.999662 1.000197 0.999662 0.997936 1.000990 1.000197 1.000990 0.999771 
8.290000 1.000563 1.000238 0.999139 1.000238 0.999606 1.000887 0.999139 1.000887 1.000153 
8.310000 1.000039 1.000027 1.000175 1.000027 1.000539 1.001212 1.000175 1.001212 1.000765 
8.330000 0.999754 0.999622 1.000033 0.999622 1.000997 1.000244 1.000033 1.000244 1.000132 
8.350000 0.999961 0.999778 1.000887 0.999778 0.999776 1.000287 1.000887 1.000287 0.999499 
8.370000 1.000417 0.999811 1.000077 0.999811 1.000543 0.999670 1.000077 0.999670 1.000932 
8.390000 1.000262 1.000009 1.000067 1.000009 0.999436 0.999924 1.000067 0.999924 1.000586 
8.410000 1.000006 0.999915 0.999913 0.999915 1.000027 1.000618 0.999913 1.000618 1.000542 
8.430000 1.000062 1.000110 1.000084 1.000110 1.000604 1.001215 1.000084 1.001215 1.001156 
8.450000 0.999849 0.999764 0.999809 0.999764 1.000208 1.000062 0.999809 1.000062 1.000886 
8.470000 1.000104 1.000072 0.999950 1.000072 0.999823 1.000203 0.999950 1.000203 0.999146 
8.490000 0.999946 1.000702 1.000031 1.000702 1.000072 0.999645 1.000031 0.999645 0.998942 
8.510000 0.999789 1.000194 1.000657 1.000194 0.999923 1.000001 1.000657 1.000001 1.000396 
8.530000 1.000068 1.000100 0.999829 1.000100 0.999894 1.000287 0.999829 1.000287 0.999006 
8.550000 0.999979 0.999729 0.999958 0.999729 1.000258 0.999552 0.999958 0.999552 0.999962 
8.570000 0.999791 0.999941 0.999584 0.999941 1.000464 0.999191 0.999584 0.999191 1.001407 
8.590000 0.999985 0.999838 0.999704 0.999838 1.000044 1.000680 0.999704 1.000680 1.000983 
8.610000 1.000030 0.999993 0.999709 0.999993 1.001100 0.999556 0.999709 0.999556 0.999120 
8.630000 0.999939 0.999810 1.000093 0.999810 0.999827 0.999223 1.000093 0.999223 0.999583 
8.650000 1.000326 1.000082 0.999601 1.000082 0.999967 0.999810 0.999601 0.999810 1.000779 
8.670000 1.000127 1.000129 1.000091 1.000129 0.999765 1.000862 1.000091 1.000862 0.999818 
8.690000 1.000587 0.999955 1.000585 0.999955 1.000768 0.998801 1.000585 0.998801 0.999603 
8.710000 1.000092 0.999857 1.000262 0.999857 1.000748 1.000545 1.000262 1.000545 1.000979 
8.730000 1.000036 1.000061 0.999726 1.000061 0.999177 1.001008 0.999726 1.001008 0.999450 
8.750000 1.000082 0.999566 0.999917 0.999566 1.000258 1.000266 0.999917 1.000266 1.000841 
8.770000 1.000013 1.000313 0.999971 1.000313 1.000028 1.000681 0.999971 1.000681 1.000482 
8.790000 1.000179 1.000095 1.000237 1.000095 0.999915 0.999695 1.000237 0.999695 1.001031 
8.810000 1.000608 1.000026 1.000369 1.000026 0.999085 0.999832 1.000369 0.999832 0.999256 
8.830000 0.999941 1.000175 1.000404 1.000175 1.000003 1.001971 1.000404 1.001971 0.999579 
8.850000 1.000147 1.000071 0.999703 1.000071 1.001054 1.000267 0.999703 1.000267 0.999701 
8.870000 1.000071 0.999838 0.999990 0.999838 1.000241 1.000559 0.999990 1.000559 0.999824 
8.890000 1.000276 0.999680 0.999994 0.999680 1.000199 1.000396 0.999994 1.000396 1.000994 
8.910000 1.000028 1.000277 0.999705 1.000277 0.999940 0.999856 0.999705 0.999856 1.000431 
8.930000 1.000044 1.000205 1.000327 1.000205 1.000919 0.999810 1.000327 0.999810 0.998902 
8.950000 1.000253 0.999763 1.000420 0.999763 0.999881 1.000119 1.000420 1.000119 0.999221 
8.970000 1.000229 0.999876 1.000138 0.999876 0.999866 1.000026 1.000138 1.000026 0.999880 
8.990000 1.000278 0.999773 1.000197 0.999773 0.999457 1.000914 1.000197 1.000914 0.999480 
9.010000 1.000291 1.000062 1.000672 1.000062 1.000035 1.000848 1.000672 1.000848 1.000375 
9.030000 1.000305 1.000090 1.000088 1.000090 1.000527 1.000027 1.000088 1.000027 1.001950 
9.050000 1.000199 0.999592 1.000201 0.999592 1.000479 1.000965 1.000201 1.000965 1.000959 
9.070000 0.999931 0.999506 1.000016 0.999506 0.999428 1.000519 1.000016 1.000519 0.999888 
9.090000 0.999981 1.000298 1.000630 1.000298 1.000837 1.000232 1.000630 1.000232 1.000457 
9.110000 1.000218 1.000359 1.000114 1.000359 1.001141 0.999433 1.000114 0.999433 1.000519 
9.130000 0.999727 1.000270 0.999522 1.000270 0.999235 1.000465 0.999522 1.000465 0.999695 
9.150000 1.000216 0.999839 0.999469 0.999839 0.998757 0.999936 0.999469 0.999936 1.000162 
9.170000 0.999975 1.000217 1.000188 1.000217 1.000874 1.000180 1.000188 1.000180 0.999553 
9.190000 0.999937 1.000362 0.999789 1.000362 1.000577 0.999920 0.999789 0.999920 0.999870 
9.210000 0.999812 1.000284 0.999746 1.000284 1.000522 1.000679 0.999746 1.000679 1.000118 
9.230000 1.000278 1.000143 0.999917 1.000143 1.000600 0.999899 0.999917 0.999899 1.000072 
9.250000 0.999842 1.000219 1.000154 1.000219 1.000093 1.000374 1.000154 1.000374 1.000796 
9.270000 1.000147 0.999876 1.000211 0.999876 0.999926 1.000764 1.000211 1.000764 0.998685 
9.290000 0.999685 0.999795 0.999895 0.999795 0.999525 0.999573 0.999895 0.999573 1.000257 
9.310000 1.000508 0.999894 1.000144 0.999894 0.999932 0.999991 1.000144 0.999991 0.999575 
9.330000 1.000130 0.999814 0.999732 0.999814 0.999649 0.999846 0.999732 0.999846 1.000292 
9.350000 1.000313 0.999746 1.000166 0.999746 1.000010 0.999242 1.000166 0.999242 1.000489 
9.370000 1.000050 1.000254 0.999512 1.000254 1.001244 0.998929 0.999512 0.998929 1.000396 
9.390000 1.000020 0.999969 1.000276 0.999969 0.998896 1.000044 1.000276 1.000044 1.001079 
9.410000 1.000055 1.000113 1.000079 1.000113 0.999859 1.000368 1.000079 1.000368 1.000570 
9.430000 0.999897 0.999955 1.000252 0.999955 0.999847 1.000302 1.000252 1.000302 1.000311 
9.450000 1.000218 1.000310 1.000305 1.000310 1.000996 0.999996 1.000305 0.999996 0.999019 
9.470000 1.000056 0.999527 1.000224 0.999527 1.000501 1.000512 1.000224 1.000512 0.998805 
9.490000 1.000101 0.999989 1.000101 0.999989 1.000497 1.000210 1.000101 1.000210 1.000774 
9.510000 1.000377 1.000209 1.000415 1.000209 0.999270 1.000324 1.000415 1.000324 1.000760 
9.530000 1.000076 1.000131 0.999872 1.000131 1.000483 0.999691 0.999872 0.999691 0.999430 
9.550000 1.000431 0.999949 0.999993 0.999949 1.000346 1.000154 0.999993 1.000154 1.001440 
9.570000 1.000378 0.999842 0.999893 0.999842 1.000039 0.998967 0.999893 0.998967 1.001782 
9.590000 1.000145 0.999746 1.000058 0.999746 1.000003 0.999232 1.000058 0.999232 1.000826 
9.610000 1.000106 1.000236 0.999812 1.000236 0.999807 1.000327 0.999812 1.000327 1.000020 
9.630000 0.999933 0.999822 0.999934 0.999822 0.999508 0.999358 0.999934 0.999358 0.999773 
9.650000 1.000182 1.000385 0.999841 1.000385 1.000166 0.999882 0.999841 0.999882 1.000162 
9.670000 0.999983 1.000020 1.000209 1.000020 1.000393 1.000444 1.000209 1.000444 0.999796 
9.690000 1.000054 0.999789 0.999794 0.999789 1.000076 1.000553 0.999794 1.000553 1.001336 
9.710000 1.000323 1.000229 0.999804 1.000229 1.000212 1.000271 0.999804 1.000271 1.000544 
9.730000 0.999714 0.999897 1.000240 0.999897 1.000050 1.000231 1.000240 1.000231 1.000269 
9.750000 1.000465 0.999610 1.000559 0.999610 1.000799 1.000320 1.000559 1.000320 1.000946 
9.770000 1.000223 0.999990 1.000042 0.999990 1.000212 0.999707 1.000042 0.999707 1.000922 
9.790000 1.000109 1.000151 1.000178 1.000151 0.999132 1.000045 1.000178 1.000045 0.999256 
9.810000 1.000300 1.000033 0.999922 1.000033 1.000226 1.000770 0.999922 1.000770 0.999844 
9.830000 1.000120 1.000326 1.000236 1.000326 1.000373 0.999506 1.000236 0.999506 1.000222 
9.850000 1.000254 1.000148 1.000050 1.000148 1.000197 1.000084 1.000050 1.000084 1.000011 
9.870000 1.000185 0.999981 0.999992 0.999981 1.001681 1.000652 0.999992 1.000652 1.001504 
9.890000 1.000249 0.999970 0.999633 0.999970 1.000524 1.000318 0.999633 1.000318 1.000182 
9.910000 0.999911 1.000203 0.999947 1.000203 1.000370 0.999757 0.999947 0.999757 0.999972 
9.930000 1.000078 1.000010 1.000145 1.000010 1.000632 1.000039 1.000145 1.000039 1.000863 
9.950000 0.999945 0.999823 1.000099 0.999823 1.000289 0.999461 1.000099 0.999461 1.000999 
9.970000 1.000082 1.000000 0.999854 1.000000 1.000037 1.000107 0.999854 1.000107 0.999370 
9.990000 0.999963 0.999787 0.999902 0.999787 1.000666 0.999379 0.999902 0.999379 1.000461 
10.010000 0.997144 0.997322 0.996827 0.997322 0.997540 0.996360 0.996827 0.996360 0.998235 
10.030000 0.990761 0.991263 0.991263 0.991263 0.990703 0.991467 0.991263 0.991467 0.991699 
10.050000 0.985210 0.985103 0.984988 0.985103 0.984374 0.984518 0.984988 0.984518 0.984384 
10.070000 0.979108 0.979049 0.979349 0.979049 0.980269 0.978910 0.979349 0.978910 0.979536 
10.090000 0.973227 0.973338 0.973236 0.973338 0.973529 0.973635 0.973236 0.973635 0.972811 
10.110000 0.967516 0.967597 0.967172 0.967597 0.967719 0.966634 0.967172 0.966634 0.967236 
10.130000 0.961448 0.961589 0.961510 0.961589 0.961972 0.961547 0.961510 0.961547 0.960917 
10.150000 0.956002 0.955415 0.955542 0.955415 0.955933 0.956444 0.955542 0.956444 0.955361 
10.170000 0.950197 0.949930 0.949764 0.949930 0.949894 0.950349 0.949764 0.950349 0.949835 
10.190000 0.944418 0.943633 0.944430 0.943633 0.944607 0.943855 0.944430 0.943855 0.944031 
10.210000 0.938336 0.938410 0.938503 0.938410 0.939476 0.938875 0.938503 0.938875 0.938819 
10.230000 0.932611 0.932627 0.932689 0.932627 0.933736 0.933101 0.932689 0.933101 0.932263 
10.250000 0.926832 0.926942 0.926764 0.926942 0.927097 0.927085 0.926764 0.927085 0.927869 
10.270000 0.921398 0.921190 0.921264 0.921190 0.920825 0.921614 0.921264 0.921614 0.921634 
10.290000 0.915522 0.915400 0.915210 0.915400 0.917411 0.915620 0.915210 0.915620 0.915337 
10.310000 0.909869 0.909610 0.909937 0.909610 0.909591 0.909847 0.909937 0.909847 0.910380 
10.330000 0.904556 0.904151 0.904122 0.904151 0.904962 0.903834 0.904122 0.903834 0.903748 
10.350000 0.898506 0.898477 0.898822 0.898477 0.898488 0.898357 0.898822 0.898357 0.899764 
10.370000 0.893205 0.893001 0.892916 0.893001 0.893124 0.892907 0.892916 0.892907 0.893592 
10.390000 0.887580 0.887496 0.887254 0.887496 0.887624 0.888237 0.887254 0.888237 0.887291 
10.410000 0.881780 0.881517 0.881939 0.881517 0.882691 0.881487 0.881939 0.881487 0.880098 
10.430000 0.876517 0.876481 0.876550 0.876481 0.876694 0.875959 0.876550 0.875959 0.877674 
10.450000 0.870703 0.870781 0.870598 0.870781 0.870585 0.870371 0.870598 0.870371 0.870374 
10.470000 0.865196 0.865250 0.865258 0.865250 0.865057 0.865845 0.865258 0.865845 0.865061 
10.490000 0.860150 0.859599 0.859894 0.859599 0.859666 0.859712 0.859894 0.859712 0.859899 
10.510000 0.854454 0.854095 0.854560 0.854095 0.855134 0.854163 0.854560 0.854163 0.855438 
10.530000 0.849084 0.848971 0.849421 0.848971 0.848322 0.848792 0.849421 0.848792 0.849058 
10.550000 0.843809 0.844064 0.843607 0.844064 0.843307 0.844164 0.843607 0.844164 0.844442 
10.570000 0.838258 0.838162 0.838063 0.838162 0.838817 0.838906 0.838063 0.838906 0.837761 
10.590000 0.833327 0.832816 0.832799 0.832816 0.832994 0.833158 0.832799 0.833158 0.833730 
10.610000 0.827351 0.827575 0.827257 0.827575 0.827720 0.827893 0.827257 0.827893 0.827326 
10.630000 0.822240 0.822211 0.822357 0.822211 0.822430 0.822323 0.822357 0.822323 0.822252 
10.650000 0.816906 0.817066 0.816975 0.817066 0.817194 0.817190 0.816975 0.817190 0.817156 
10.670000 0.811909 0.811921 0.811779 0.811921 0.811846 0.811474 0.811779 0.811474 0.810782 
10.690000 0.806386 0.806304 0.806325 0.806304 0.806754 0.806818 0.806325 0.806818 0.805954 
10.710000 0.801192 0.801106 0.801225 0.801106 0.801145 0.800813 0.801225 0.800813 0.802375 
10.730000 0.796162 0.795984 0.795698 0.795984 0.796653 0.795648 0.795698 0.795648 0.795349 
10.750000 0.790808 0.791073 0.790680 0.791073 0.791070 0.791124 0.790680 0.791124 0.790620 
10.770000 0.785934 0.785225 0.785777 0.785225 0.786625 0.785496 0.785777 0.785496 0.785714 
10.790000 0.780266 0.780050 0.780431 0.780050 0.780833 0.779885 0.780431 0.779885 0.781024 
10.810000 0.775237 0.775237 0.775168 0.775237 0.774886 0.775418 0.775168 0.775418 0.775510 
10.830000 0.770180 0.770274 0.770267 0.770274 0.770709 0.770269 0.770267 0.770269 0.770251 
10.850000 0.764872 0.764864 0.765035 0.764864 0.765115 0.765709 0.765035 0.765709 0.764323 
10.870000 0.759851 0.759676 0.759909 0.759676 0.760373 0.760218 0.759909 0.760218 0.760440 
10.890000 0.754951 0.755118 0.754991 0.755118 0.754865 0.754625 0.754991 0.754625 0.755005 
10.910000 0.749849 0.749815 0.750279 0.749815 0.749793 0.750154 0.750279 0.750154 0.749277 
10.930000 0.744856 0.744612 0.744785 0.744612 0.745103 0.745429 0.744785 0.745429 0.744873 
10.950000 0.739726 0.739665 0.739720 0.739665 0.739456 0.739802 0.739720 0.739802 0.740310 
10.970000 0.734807 0.734666 0.734712 0.734666 0.734635 0.734823 0.734712 0.734823 0.734603 
10.990000 0.729631 0.729635 0.729918 0.729635 0.729330 0.729223 0.729918 0.729223 0.730848 
11.010000 0.724975 0.724657 0.724774 0.724657 0.724344 0.725015 0.724774 0.725015 0.725278 
11.030000 0.719851 0.719766 0.719867 0.719766 0.720558 0.720257 0.719867 0.720257 0.719381 
11.050000 0.715070 0.715036 0.715020 0.715036 0.715627 0.714251 0.715020 0.714251 0.715076 
11.070000 0.710301 0.710257 0.709668 0.710257 0.709171 0.710500 0.709668 0.710500 0.709679 
11.090000 0.705292 0.705155 0.704948 0.705155 0.705370 0.704742 0.704948 0.704742 0.705424 
11.110000 0.700281 0.700383 0.700192 0.700383 0.699303 0.700197 0.700192 0.700197 0.700262 
11.130000 0.695567 0.695119 0.695279 0.695119 0.695502 0.696321 0.695279 0.696321 0.695235 
11.150000 0.690789 0.690433 0.690686 0.690433 0.690946 0.690834 0.690686 0.690834 0.691222 
11.170000 0.686042 0.685712 0.685471 0.685712 0.686118 0.686157 0.685471 0.686157 0.685191 
11.190000 0.680747 0.681103 0.680797 0.681103 0.681423 0.681062 0.680797 0.681062 0.681652 
11.210000 0.676128 0.676240 0.676209 0.676240 0.675758 0.676337 0.676209 0.676337 0.676772 
11.230000 0.671625 0.671683 0.671749 0.671683 0.671171 0.671112 0.671749 0.671112 0.671493 
11.250000 0.666819 0.667077 0.666573 0.667077 0.667377 0.667023 0.666573 0.667023 0.667418 
11.270000 0.661995 0.661965 0.661846 0.661965 0.662512 0.661768 0.661846 0.661768 0.662565 
11.290000 0.657286 0.656944 0.657114 0.656944 0.658052 0.657581 0.657114 0.657581 0.656728 
11.310000 0.652543 0.652596 0.652548 0.652596 0.652898 0.653412 0.652548 0.653412 0.651856 
11.330000 0.648050 0.648098 0.647778 0.648098 0.647863 0.647734 0.647778 0.647734 0.647291 
11.350000 0.643295 0.642881 0.643191 0.642881 0.642894 0.643311 0.643191 0.643311 0.642645 
11.370000 0.638490 0.638428 0.638821 0.638428 0.638226 0.638462 0.638821 0.638462 0.639124 
11.390000 0.634070 0.633708 0.634146 0.633708 0.633540 0.633920 0.634146 0.633920 0.633951 
11.410000 0.629166 0.629255 0.629332 0.629255 0.630003 0.629365 0.629332 0.629365 0.629398 
11.430000 0.624786 0.624737 0.624596 0.624737 0.626065 0.624412 0.624596 0.624412 0.624663 
11.450000 0.620140 0.620094 0.620306 0.620094 0.620391 0.620277 0.620306 0.620277 0.620317 
11.470000 0.615386 0.615708 0.615463 0.615708 0.615786 0.615562 0.615463 0.615562 0.615497 
11.490000 0.610992 0.611138 0.611104 0.611138 0.610971 0.610778 0.611104 0.610778 0.611144 
11.510000 0.606737 0.606653 0.606833 0.606653 0.606896 0.606518 0.606833 0.606518 0.607015 
11.530000 0.601817 0.601533 0.602142 0.601533 0.601875 0.602189 0.602142 0.602189 0.601314 
11.550000 0.597327 0.597630 0.597566 0.597630 0.597347 0.597957 0.597566 0.597957 0.596969 
11.570000 0.592939 0.593084 0.592853 0.593084 0.593362 0.592926 0.592853 0.592926 0.593371 
11.590000 0.588510 0.588525 0.588453 0.588525 0.588769 0.588908 0.588453 0.588908 0.588886 
11.610000 0.584023 0.583751 0.584047 0.583751 0.583464 0.583507 0.584047 0.583507 0.584880 
11.630000 0.579509 0.579472 0.579546 0.579472 0.579485 0.579492 0.579546 0.579492 0.579568 
11.650000 0.575211 0.574891 0.575248 0.574891 0.575532 0.574991 0.575248 0.574991 0.574586 
11.670000 0.570892 0.570919 0.570531 0.570919 0.569898 0.570544 0.570531 0.570544 0.570929 
11.690000 0.566284 0.566179 0.566062 0.566179 0.566613 0.566364 0.566062 0.566364 0.566481 
11.710000 0.561984 0.561676 0.561685 0.561676 0.561798 0.562465 0.561685 0.562465 0.562308 
11.730000 0.557785 0.557609 0.557802 0.557609 0.558280 0.557646 0.557802 0.557646 0.556819 
11.750000 0.553249 0.553180 0.553216 0.553180 0.554213 0.553241 0.553216 0.553241 0.552961 
11.770000 0.548821 0.548966 0.548809 0.548966 0.548576 0.548283 0.548809 0.548283 0.548940 
11.790000 0.544608 0.544402 0.544533 0.544402 0.544723 0.544467 0.544533 0.544467 0.545022 
11.810000 0.540343 0.540290 0.540292 0.540290 0.540348 0.540315 0.540292 0.540315 0.539746 
11.830000 0.535934 0.535866 0.536040 0.535866 0.535959 0.535947 0.536040 0.535947 0.535757 
11.850000 0.531782 0.531471 0.531515 0.531471 0.532091 0.532416 0.531515 0.532416 0.531397 
11.870000 0.527505 0.527543 0.527499 0.527543 0.527666 0.527454 0.527499 0.527454 0.527608 
11.890000 0.523173 0.523061 0.523383 0.523061 0.523137 0.522781 0.523383 0.522781 0.523380 
11.910000 0.518899 0.518902 0.518889 0.518902 0.519175 0.518500 0.518889 0.518500 0.519219 
11.930000 0.514689 0.514411 0.514462 0.514411 0.515383 0.514672 0.514462 0.514672 0.515476 
11.950000 0.510357 0.510501 0.510474 0.510501 0.510433 0.510252 0.510474 0.510252 0.510272 
11.970000 0.506426 0.506219 0.506167 0.506219 0.506484 0.506763 0.506167 0.506763 0.506633 
11.990000 0.502276 0.501968 0.502141 0.501968 0.502466 0.501771 0.502141 0.501771 0.502437 
12.010000 0.497962 0.498231 0.497761 0.498231 0.498166 0.498100 0.497761 0.498100 0.498663 
12.030000 0.493923 0.493787 0.493768 0.493787 0.494091 0.494097 0.493768 0.494097 0.494015 
12.050000 0.489693 0.489830 0.489538 0.489830 0.489693 0.489420 0.489538 0.489420 0.489564 
12.070000 0.485665 0.485347 0.485507 0.485347 0.485445 0.485436 0.485507 0.485436 0.486270 
12.090000 0.481525 0.481606 0.481352 0.481606 0.481978 0.481316 0.481352 0.481316 0.481436 
12.110000 0.477289 0.477153 0.477399 0.477153 0.477213 0.477277 0.477399 0.477277 0.476813 
12.130000 0.473262 0.472975 0.473119 0.472975 0.473863 0.472928 0.473119 0.472928 0.473049 
12.150000 0.469198 0.469197 0.469141 0.469197 0.468976 0.469312 0.469141 0.469312 0.469275 
12.170000 0.465141 0.464870 0.465210 0.464870 0.465568 0.465242 0.465210 0.465242 0.465506 
12.190000 0.461137 0.461149 0.461124 0.461149 0.461149 0.461408 0.461124 0.461408 0.460994 
12.210000 0.457115 0.457221 0.456941 0.457221 0.457262 0.457190 0.456941 0.457190 0.457565 
12.230000 0.452933 0.452826 0.453051 0.452826 0.453210 0.453480 0.453051 0.453480 0.452980 
12.250000 0.449012 0.449144 0.448873 0.449144 0.448532 0.449348 0.448873 0.449348 0.449225 
12.270000 0.445158 0.444998 0.444915 0.444998 0.445020 0.445107 0.444915 0.445107 0.444807 
12.290000 0.440971 0.441128 0.441196 0.441128 0.440420 0.440973 0.441196 0.440973 0.441178 
12.310000 0.437032 0.436849 0.437123 0.436849 0.437136 0.437014 0.437123 0.437014 0.437233 
12.330000 0.433152 0.432837 0.433310 0.432837 0.432122 0.433225 0.433310 0.433225 0.433599 
12.350000 0.429161 0.429191 0.429063 0.429191 0.429137 0.429109 0.429063 0.429109 0.429274 
12.370000 0.425333 0.425205 0.425546 0.425205 0.425419 0.424718 0.425546 0.424718 0.425955 
12.390000 0.421306 0.421494 0.421252 0.421494 0.421614 0.421609 0.421252 0.421609 0.421564 
12.410000 0.417302 0.417590 0.417446 0.417590 0.417987 0.417222 0.417446 0.417222 0.417581 
12.430000 0.413550 0.413535 0.413412 0.413535 0.413629 0.413784 0.413412 0.413784 0.413845 
12.450000 0.409679 0.409626 0.409424 0.409626 0.409538 0.409465 0.409424 0.409465 0.409863 
12.470000 0.405665 0.405784 0.405823 0.405784 0.405628 0.406155 0.405823 0.406155 0.405555 
12.490000 0.401878 0.401904 0.401937 0.401904 0.401602 0.402397 0.401937 0.402397 0.402187 
12.510000 0.398084 0.397971 0.397876 0.397971 0.398329 0.397714 0.397876 0.397714 0.398080 
12.530000 0.394243 0.394314 0.394200 0.394314 0.394401 0.394468 0.394200 0.394468 0.394046 
12.550000 0.390467 0.390626 0.390271 0.390626 0.390661 0.390124 0.390271 0.390124 0.389959 
12.570000 0.386634 0.386706 0.386671 0.386706 0.386828 0.386875 0.386671 0.386875 0.386167 
12.590000 0.382999 0.383056 0.382812 0.383056 0.382919 0.382934 0.382812 0.382934 0.382805 
12.610000 0.379167 0.378952 0.379157 0.378952 0.378918 0.379155 0.379157 0.379155 0.378337 
12.630000 0.375357 0.375298 0.375571 0.375298 0.375840 0.375500 0.375571 0.375500 0.374889 
12.650000 0.371690 0.371519 0.371659 0.371519 0.371807 0.371631 0.371659 0.371631 0.371404 
12.670000 0.367858 0.367732 0.367576 0.367732 0.367826 0.367894 0.367576 0.367894 0.368123 
12.690000 0.364135 0.364176 0.364167 0.364176 0.364164 0.363740 0.364167 0.363740 0.364035 
12.710000 0.360402 0.360338 0.360320 0.360338 0.360718 0.360599 0.360320 0.360599 0.360645 
12.730000 0.356752 0.356645 0.356756 0.356645 0.356722 0.356664 0.356756 0.356664 0.356615 
12.750000 0.352876 0.352988 0.352985 0.352988 0.352949 0.352495 0.352985 0.352495 0.353234 
12.770000 0.349377 0.349213 0.349137 0.349213 0.348898 0.349655 0.349137 0.349655 0.348816 
12.789999 0.345673 0.345662 0.345596 0.345662 0.345385 0.345312 0.345596 0.345312 0.346152 
12.809999 0.342021 0.341804 0.341883 0.341804 0.342573 0.341920 0.341883 0.341920 0.341757 
12.830000 0.338333 0.338188 0.338461 0.338188 0.338826 0.338464 0.338461 0.338464 0.338387 
12.850000 0.334604 0.334765 0.334776 0.334765 0.334787 0.334970 0.334776 0.334970 0.334219 
12.870000 0.331121 0.330934 0.331166 0.330934 0.331190 0.330520 0.331166 0.330520 0.330970 
12.890000 0.327447 0.327290 0.327491 0.327290 0.327728 0.327234 0.327491 0.327234 0.327602 
12.910000 0.323771 0.323868 0.323698 0.323868 0.323793 0.323860 0.323698 0.323860 0.323848 
12.930000 0.320097 0.320229 0.320067 0.320229 0.320632 0.320096 0.320067 0.320096 0.320177 
12.950000 0.316548 0.316525 0.316667 0.316525 0.316893 0.316584 0.316667 0.316584 0.316638 
12.970000 0.313118 0.312891 0.313215 0.312891 0.312588 0.313142 0.313215 0.313142 0.313140 
12.990000 0.309494 0.309446 0.309528 0.309446 0.309352 0.309977 0.309528 0.309977 0.309504 
13.010000 0.306008 0.306026 0.305932 0.306026 0.305708 0.305829 0.305932 0.305829 0.305654 
13.030000 0.302370 0.302234 0.302352 0.302234 0.302267 0.302594 0.302352 0.302594 0.302492 
13.050000 0.298966 0.298841 0.298957 0.298841 0.298918 0.298744 0.298957 0.298744 0.298918 
13.070000 0.295374 0.295267 0.295385 0.295267 0.295231 0.295361 0.295385 0.295361 0.295669 
13.090000 0.291946 0.291930 0.291870 0.291930 0.291496 0.291486 0.291870 0.291486 0.291804 
13.110000 0.288322 0.288445 0.288261 0.288445 0.288471 0.288074 0.288261 0.288074 0.288546 
13.130000 0.284902 0.284866 0.284907 0.284866 0.285136 0.284846 0.284907 0.284846 0.284894 
13.150000 0.281286 0.281422 0.281282 0.281422 0.281334 0.281260 0.281282 0.281260 0.281353 
13.170000 0.277927 0.277870 0.277998 0.277870 0.277849 0.277989 0.277998 0.277989 0.278296 
13.190000 0.274406 0.274422 0.274407 0.274422 0.274165 0.274223 0.274407 0.274223 0.274366 
13.210000 0.270973 0.271110 0.270858 0.271110 0.270857 0.271254 0.270858 0.271254 0.270942 
13.230000 0.267614 0.267690 0.267643 0.267690 0.267462 0.267803 0.267643 0.267803 0.267799 
13.250000 0.264192 0.264097 0.264082 0.264097 0.264197 0.264159 0.264082 0.264159 0.264655 
13.270000 0.260775 0.260637 0.260670 0.260637 0.260531 0.261055 0.260670 0.261055 0.261021 
13.289999 0.257451 0.257357 0.257281 0.257357 0.257722 0.257425 0.257281 0.257425 0.257064 
13.309999 0.253973 0.254009 0.253855 0.254009 0.253863 0.254236 0.253855 0.254236 0.254103 
13.330000 0.250604 0.250503 0.250557 0.250503 0.250189 0.250648 0.250557 0.250648 0.251057 
13.350000 0.247203 0.247294 0.247171 0.247294 0.247126 0.247419 0.247171 0.247419 0.247489 
13.370000 0.243674 0.243834 0.243744 0.243834 0.243993 0.244260 0.243744 0.244260 0.243873 
13.390000 0.240502 0.240511 0.240423 0.240511 0.240733 0.240362 0.240423 0.240362 0.240539 
13.410000 0.237328 0.237156 0.237072 0.237156 0.237374 0.237062 0.237072 0.237062 0.236915 
13.430000 0.233761 0.233805 0.233858 0.233805 0.233993 0.233851 0.233858 0.233851 0.233893 
13.450000 0.230616 0.230381 0.230585 0.230381 0.230698 0.230662 0.230585 0.230662 0.230523 
13.470000 0.227198 0.227122 0.227137 0.227122 0.227645 0.227242 0.227137 0.227242 0.227189 
13.490000 0.223928 0.223765 0.223903 0.223765 0.223461 0.224240 0.223903 0.224240 0.224034 
13.510000 0.220693 0.220657 0.220674 0.220657 0.220973 0.220877 0.220674 0.220877 0.220654 
13.530000 0.217469 0.217353 0.217253 0.217353 0.217458 0.217308 0.217253 0.217308 0.217192 
13.550000 0.214042 0.214040 0.213936 0.214040 0.213738 0.214170 0.213936 0.214170 0.214087 
13.570000 0.210783 0.210729 0.210656 0.210729 0.210721 0.210896 0.210656 0.210896 0.210724 
13.590000 0.207565 0.207349 0.207579 0.207349 0.207239 0.207416 0.207579 0.207416 0.207677 
13.610000 0.204270 0.204390 0.204376 0.204390 0.204103 0.204388 0.204376 0.204388 0.204066 
13.630000 0.201085 0.200976 0.200956 0.200976 0.201380 0.201276 0.200956 0.201276 0.201743 
13.650000 0.197859 0.197785 0.197782 0.197785 0.197638 0.197983 0.197782 0.197983 0.197894 
13.670000 0.194496 0.194563 0.194651 0.194563 0.194142 0.194407 0.194651 0.194407 0.194454 
13.690000 0.191359 0.191242 0.191249 0.191242 0.191704 0.191180 0.191249 0.191180 0.191662 
13.710000 0.188128 0.188301 0.188084 0.188301 0.188468 0.187962 0.188084 0.187962 0.188341 
13.730000 0.185042 0.185037 0.184977 0.185037 0.185254 0.184767 0.184977 0.184767 0.184786 
13.750000 0.181911 0.181915 0.181878 0.181915 0.181881 0.181653 0.181878 0.181653 0.181774 
13.770000 0.178563 0.178592 0.178678 0.178592 0.179049 0.178618 0.178678 0.178618 0.178603 
13.789999 0.175478 0.175506 0.175453 0.175506 0.175341 0.175710 0.175453 0.175710 0.175299 
13.809999 0.172348 0.172365 0.172515 0.172365 0.171930 0.172367 0.172515 0.172367 0.171943 
13.830000 0.169267 0.169181 0.169404 0.169181 0.169279 0.169177 0.169404 0.169177 0.169514 
13.850000 0.166163 0.165993 0.166162 0.165993 0.166189 0.165942 0.166162 0.165942 0.166220 
13.870000 0.163045 0.162996 0.162805 0.162996 0.162907 0.162820 0.162805 0.162820 0.162745 
13.890000 0.159709 0.159770 0.159726 0.159770 0.160229 0.159832 0.159726 0.159832 0.160333 
13.910000 0.156712 0.156719 0.156667 0.156719 0.156514 0.156631 0.156667 0.156631 0.156892 
13.930000 0.153557 0.153616 0.153583 0.153616 0.153302 0.153314 0.153583 0.153314 0.153901 
13.950000 0.150548 0.150594 0.150550 0.150594 0.150672 0.150686 0.150550 0.150686 0.150210 
13.970000 0.147498 0.147423 0.147458 0.147423 0.147411 0.147487 0.147458 0.147487 0.147418 
13.990000 0.144372 0.144316 0.144350 0.144316 0.144365 0.144360 0.144350 0.144360 0.144355 
14.010000 0.141281 0.141287 0.141482 0.141287 0.141438 0.141324 0.141482 0.141324 0.141753 
14.030000 0.138290 0.138310 0.138263 0.138310 0.138459 0.138270 0.138263 0.138270 0.138218 
14.050000 0.135267 0.135271 0.135305 0.135271 0.135425 0.135174 0.135305 0.135174 0.135296 
14.070000 0.132242 0.132166 0.132211 0.132166 0.132583 0.132255 0.132211 0.132255 0.132176 
14.090000 0.129137 0.129208 0.129201 0.129208 0.129162 0.129215 0.129201 0.129215 0.129097 
14.110000 0.126161 0.126188 0.126177 0.126188 0.126227 0.126216 0.126177 0.126216 0.126198 
14.130000 0.123123 0.123096 0.123046 0.123096 0.123047 0.123330 0.123046 0.123330 0.123088 
14.150000 0.120236 0.120283 0.120170 0.120283 0.120021 0.120014 0.120170 0.120014 0.120089 
14.170000 0.117561 0.117539 0.117469 0.117539 0.117477 0.117571 0.117469 0.117571 0.117728 
14.190000 0.114915 0.114849 0.114989 0.114849 0.115034 0.114829 0.114989 0.114829 0.114986 
14.210000 0.112406 0.112528 0.112420 0.112528 0.112277 0.112405 0.112420 0.112405 0.112309 
14.230000 0.110042 0.110062 0.109957 0.110062 0.110324 0.110059 0.109957 0.110059 0.109938 
14.250000 0.107634 0.107662 0.107539 0.107662 0.107652 0.107462 0.107539 0.107462 0.107715 
14.270000 0.105332 0.105398 0.105415 0.105398 0.105215 0.105471 0.105415 0.105471 0.105435 
14.289999 0.103166 0.103113 0.103218 0.103113 0.103243 0.103225 0.103218 0.103225 0.103039 
14.309999 0.101093 0.100972 0.100969 0.100972 0.101156 0.101131 0.100969 0.101131 0.101093 
14.330000 0.098950 0.098874 0.098820 0.098874 0.098685 0.098868 0.098820 0.098868 0.098911 
14.350000 0.096896 0.096841 0.096933 0.096841 0.097100 0.096895 0.096933 0.096895 0.096885 
14.370000 0.094799 0.094773 0.094848 0.094773 0.094454 0.094659 0.094848 0.094659 0.094948 
14.390000 0.092880 0.092791 0.092834 0.092791 0.092848 0.092967 0.092834 0.092967 0.092895 
14.410000 0.090940 0.090987 0.090870 0.090987 0.090939 0.090911 0.090870 0.090911 0.090951 
14.430000 0.089038 0.089075 0.089151 0.089075 0.089063 0.089099 0.089151 0.089099 0.089409 
14.450000 0.087241 0.087227 0.087190 0.087227 0.087128 0.087116 0.087190 0.087116 0.087148 
14.470000 0.085408 0.085438 0.085424 0.085438 0.085416 0.085488 0.085424 0.085488 0.085292 
14.490000 0.083684 0.083575 0.083693 0.083575 0.083787 0.083783 0.083693 0.083783 0.083780 
14.510000 0.082001 0.081903 0.081994 0.081903 0.081783 0.082062 0.081994 0.082062 0.081720 
14.530000 0.080274 0.080308 0.080228 0.080308 0.080206 0.080124 0.080228 0.080124 0.080269 
14.550000 0.078558 0.078581 0.078571 0.078581 0.078601 0.078615 0.078571 0.078615 0.078791 
14.570000 0.076915 0.077011 0.076941 0.077011 0.076985 0.076971 0.076941 0.076971 0.077131 
14.590000 0.075387 0.075346 0.075357 0.075346 0.075389 0.075403 0.075357 0.075403 0.075466 
14.610000 0.073894 0.073752 0.073755 0.073752 0.073845 0.073762 0.073755 0.073762 0.073924 
14.630000 0.072224 0.072256 0.072279 0.072256 0.072188 0.072296 0.072279 0.072296 0.072332 
14.650000 0.070779 0.070796 0.070726 0.070796 0.070834 0.070936 0.070726 0.070936 0.070825 
14.670000 0.069262 0.069291 0.069234 0.069291 0.069214 0.069338 0.069234 0.069338 0.069303 
14.690000 0.067843 0.067814 0.067838 0.067814 0.067779 0.067769 0.067838 0.067769 0.067796 
14.710000 0.066360 0.066435 0.066399 0.066435 0.066574 0.066410 0.066399 0.066410 0.066261 
14.730000 0.065004 0.065006 0.065034 0.065006 0.064927 0.064966 0.065034 0.064966 0.065178 
14.750000 0.063627 0.063631 0.063615 0.063631 0.063395 0.063656 0.063615 0.063656 0.063544 
14.770000 0.062267 0.062299 0.062219 0.062299 0.062371 0.062314 0.062219 0.062314 0.062212 
14.789999 0.060904 0.060922 0.060914 0.060922 0.060855 0.060978 0.060914 0.060978 0.061084 
14.809999 0.059670 0.059734 0.059645 0.059734 0.059594 0.059511 0.059645 0.059511 0.059752 
14.829999 0.058346 0.058426 0.058378 0.058426 0.058394 0.058344 0.058378 0.058344 0.058276 
14.849999 0.057139 0.057059 0.057022 0.057059 0.057209 0.057276 0.057022 0.057276 0.057135 
14.870000 0.055825 0.055874 0.055823 0.055874 0.055698 0.055846 0.055823 0.055846 0.055947 
14.890000 0.054695 0.054619 0.054671 0.054619 0.054711 0.054617 0.054671 0.054617 0.054776 
14.910000 0.053450 0.053430 0.053518 0.053430 0.053372 0.053373 0.053518 0.053373 0.053296 
14.930000 0.052295 0.052328 0.052306 0.052328 0.052213 0.052406 0.052306 0.052406 0.052287 
14.950000 0.051087 0.051054 0.051111 0.051054 0.051274 0.051133 0.051111 0.051133 0.051195 
14.970000 0.050024 0.050023 0.049991 0.050023 0.050064 0.049931 0.049991 0.049931 0.050052 
14.990000 0.048855 0.048858 0.048899 0.048858 0.048909 0.048847 0.048899 0.048847 0.048902 
15.010000 0.047829 0.047777 0.047768 0.047777 0.048068 0.047793 0.047768 0.047793 0.047784 
15.030000 0.046727 0.046694 0.046715 0.046694 0.046660 0.046648 0.046715 0.046648 0.046722 
15.050000 0.045647 0.045647 0.045633 0.045647 0.045593 0.045594 0.045633 0.045594 0.045600 
15.070000 0.044624 0.044573 0.044664 0.044573 0.044534 0.044738 0.044664 0.044738 0.044696 
15.090000 0.043646 0.043608 0.043558 0.043608 0.043751 0.043616 0.043558 0.043616 0.043457 
15.110000 0.042641 0.042650 0.042638 0.042650 0.042726 0.042538 0.042638 0.042538 0.042557 
15.130000 0.041588 0.041662 0.041581 0.041662 0.041493 0.041479 0.041581 0.041479 0.041565 
15.150000 0.040640 0.040599 0.040604 0.040599 0.040489 0.040752 0.040604 0.040752 0.040598 
15.170000 0.039696 0.039674 0.039714 0.039674 0.039787 0.039682 0.039714 0.039682 0.039706 
15.190000 0.038747 0.038751 0.038779 0.038751 0.038620 0.038758 0.038779 0.038758 0.038655 
15.210000 0.037840 0.037821 0.037841 0.037821 0.037789 0.038049 0.037841 0.038049 0.037832 
15.230000 0.036949 0.036937 0.036975 0.036937 0.037032 0.036914 0.036975 0.036914 0.036984 
15.250000 0.036076 0.036110 0.036112 0.036110 0.036051 0.036164 0.036112 0.036164 0.036048 
15.270000 0.035214 0.035213 0.035171 0.035213 0.035081 0.035225 0.035171 0.035225 0.035262 
15.289999 0.034353 0.034333 0.034377 0.034333 0.034387 0.034359 0.034377 0.034359 0.034269 
15.309999 0.033496 0.033451 0.033507 0.033451 0.033452 0.033413 0.033507 0.033413 0.033495 
15.329999 0.032683 0.032691 0.032686 0.032691 0.032618 0.032675 0.032686 0.032675 0.032652 
15.349999 0.031882 0.031904 0.031934 0.031904 0.031995 0.031843 0.031934 0.031843 0.031984 
15.370000 0.031096 0.031090 0.031105 0.031090 0.031019 0.031147 0.031105 0.031147 0.031065 
15.390000 0.030302 0.030303 0.030356 0.030303 0.030204 0.030304 0.030356 0.030304 0.030346 
15.410000 0.029558 0.029521 0.029547 0.029521 0.029623 0.029516 0.029547 0.029516 0.029471 
15.430000 0.028773 0.028757 0.028762 0.028757 0.028796 0.028768 0.028762 0.028768 0.028788 
15.450000 0.028073 0.028046 0.028083 0.028046 0.027936 0.027951 0.028083 0.027951 0.028025 
15.470000 0.027325 0.027392 0.027331 0.027392 0.027349 0.027368 0.027331 0.027368 0.027284 
15.490000 0.026571 0.026579 0.026576 0.026579 0.026629 0.026555 0.026576 0.026555 0.026570 
15.510000 0.025915 0.025880 0.025941 0.025880 0.025908 0.025920 0.025941 0.025920 0.025906 
15.530000 0.025197 0.025242 0.025212 0.025242 0.025224 0.025300 0.025212 0.025300 0.025256 
15.550000 0.024570 0.024516 0.024496 0.024516 0.024606 0.024547 0.024496 0.024547 0.024539 
15.570000 0.023896 0.023876 0.023888 0.023876 0.023836 0.023841 0.023888 0.023841 0.023890 
15.590000 0.023223 0.023261 0.023227 0.023261 0.023228 0.023205 0.023227 0.023205 0.023325 
15.610000 0.022598 0.022624 0.022575 0.022624 0.022580 0.022614 0.022575 0.022614 0.022744 
15.630000 0.021976 0.021965 0.021990 0.021965 0.022023 0.021953 0.021990 0.021953 0.021998 
15.650000 0.021354 0.021368 0.021304 0.021368 0.021338 0.021312 0.021304 0.021312 0.021322 
15.670000 0.020730 0.020765 0.020761 0.020765 0.020710 0.020751 0.020761 0.020751 0.020784 
15.690000 0.020141 0.020164 0.020189 0.020164 0.020199 0.020177 0.020189 0.020177 0.020098 
15.710000 0.019575 0.019609 0.019566 0.019609 0.019599 0.019642 0.019566 0.019642 0.019606 
15.730000 0.019010 0.019046 0.019038 0.019046 0.019045 0.018957 0.019038 0.018957 0.018974 
15.750000 0.018449 0.018429 0.018425 0.018429 0.018449 0.018464 0.018425 0.018464 0.018438 
15.770000 0.017929 0.017945 0.017885 0.017945 0.017869 0.017954 0.017885 0.017954 0.017853 
15.789999 0.017383 0.017374 0.017375 0.017374 0.017376 0.017403 0.017375 0.017403 0.017431 
15.809999 0.016847 0.016820 0.016839 0.016820 0.016835 0.016858 0.016839 0.016858 0.016819 
15.829999 0.016335 0.016334 0.016342 0.016334 0.016259 0.016303 0.016342 0.016303 0.016391 
15.849999 0.015818 0.015851 0.015811 0.015851 0.015868 0.015840 0.015811 0.015840 0.015750 
15.870000 0.015333 0.015319 0.015336 0.015319 0.015291 0.015368 0.015336 0.015368 0.015333 
15.890000 0.014858 0.014871 0.014859 0.014871 0.014795 0.014802 0.014859 0.014802 0.014874 
15.910000 0.014370 0.014335 0.014399 0.014335 0.014446 0.014375 0.014399 0.014375 0.014372 
15.930000 0.013894 0.013896 0.013901 0.013896 0.013972 0.013927 0.013901 0.013927 0.013951 
15.950000 0.013464 0.013434 0.013451 0.013434 0.013529 0.013429 0.013451 0.013429 0.013425 
15.970000 0.013025 0.013008 0.013011 0.013008 0.012992 0.013043 0.013011 0.013043 0.013008 
15.990000 0.012572 0.012591 0.012552 0.012591 0.012608 0.012586 0.012552 0.012586 0.012552 
16.010000 0.012159 0.012156 0.012179 0.012156 0.012176 0.012122 0.012179 0.012122 0.012096 
16.030000 0.011769 0.011702 0.011764 0.011702 0.011701 0.011760 0.011764 0.011760 0.011699 
16.049999 0.011317 0.011319 0.011311 0.011319 0.011283 0.011314 0.011311 0.011314 0.011274 
16.070000 0.010933 0.010902 0.010923 0.010902 0.010857 0.010882 0.010923 0.010882 0.010951 
16.090000 0.010535 0.010533 0.010529 0.010533 0.010488 0.010593 0.010529 0.010593 0.010636 
16.110000 0.010149 0.010174 0.010165 0.010174 0.010161 0.010199 0.010165 0.010199 0.010166 
16.129999 0.009782 0.009772 0.009787 0.009772 0.009831 0.009736 0.009787 0.009736 0.009821 
16.150000 0.009423 0.009421 0.009404 0.009421 0.009410 0.009405 0.009404 0.009405 0.009420 
16.170000 0.009076 0.009034 0.009057 0.009034 0.009022 0.009103 0.009057 0.009103 0.009125 
16.190000 0.008721 0.008710 0.008722 0.008710 0.008746 0.008705 0.008722 0.008705 0.008736 
16.209999 0.008387 0.008380 0.008371 0.008380 0.008381 0.008368 0.008371 0.008368 0.008394 
16.230000 0.008037 0.008014 0.008047 0.008014 0.008050 0.008046 0.008047 0.008046 0.008048 
16.250000 0.007705 0.007740 0.007702 0.007740 0.007677 0.007730 0.007702 0.007730 0.007769 
16.270000 0.007396 0.007395 0.007404 0.007395 0.007404 0.007375 0.007404 0.007375 0.007385 
16.289999 0.007098 0.007093 0.007103 0.007093 0.007057 0.007100 0.007103 0.007100 0.007072 
16.309999 0.006789 0.006793 0.006776 0.006793 0.006827 0.006787 0.006776 0.006787 0.006776 
16.330000 0.006499 0.006506 0.006519 0.006506 0.006485 0.006499 0.006519 0.006499 0.006509 
16.349999 0.006212 0.006223 0.006209 0.006223 0.006220 0.006207 0.006209 0.006207 0.006138 
16.369999 0.005933 0.005939 0.005941 0.005939 0.005997 0.005944 0.005941 0.005944 0.005912 
16.389999 0.005673 0.005681 0.005657 0.005681 0.005641 0.005664 0.005657 0.005664 0.005662 
16.410000 0.005399 0.005413 0.005407 0.005413 0.005400 0.005414 0.005407 0.005414 0.005407 
16.430000 0.005157 0.005149 0.005144 0.005149 0.005132 0.005141 0.005144 0.005141 0.005170 
16.450000 0.004898 0.004895 0.004914 0.004895 0.004873 0.004917 0.004914 0.004917 0.004922 
16.469999 0.004661 0.004666 0.004652 0.004666 0.004659 0.004664 0.004652 0.004664 0.004681 
16.490000 0.004427 0.004430 0.004419 0.004430 0.004422 0.004459 0.004419 0.004459 0.004440 
16.510000 0.004189 0.004200 0.004204 0.004200 0.004210 0.004227 0.004204 0.004227 0.004186 
16.530000 0.003983 0.003984 0.003961 0.003984 0.003972 0.003988 0.003961 0.003988 0.003952 
16.549999 0.003773 0.003768 0.003767 0.003768 0.003740 0.003792 0.003767 0.003792 0.003796 
16.570000 0.003554 0.003554 0.003561 0.003554 0.003585 0.003580 0.003561 0.003580 0.003534 
16.590000 0.003367 0.003363 0.003372 0.003363 0.003343 0.003341 0.003372 0.003341 0.003317 
16.610000 0.003171 0.003163 0.003173 0.003163 0.003182 0.003145 0.003173 0.003145 0.003187 
16.629999 0.002980 0.002967 0.002983 0.002967 0.002981 0.002993 0.002983 0.002993 0.003003 
16.650000 0.002801 0.002795 0.002790 0.002795 0.002832 0.002779 0.002790 0.002779 0.002805 
16.670000 0.002613 0.002619 0.002624 0.002619 0.002616 0.002629 0.002624 0.002629 0.002658 
16.690000 0.002465 0.002460 0.002456 0.002460 0.002454 0.002472 0.002456 0.002472 0.002442 
16.709999 0.002289 0.002299 0.002296 0.002299 0.002287 0.002293 0.002296 0.002293 0.002318 
16.730000 0.002140 0.002135 0.002142 0.002135 0.002117 0.002158 0.002142 0.002158 0.002104 
16.750000 0.001988 0.001984 0.001994 0.001984 0.002015 0.002001 0.001994 0.002001 0.001960 
16.770000 0.001842 0.001845 0.001851 0.001845 0.001853 0.001841 0.001851 0.001841 0.001862 
16.789999 0.001703 0.001703 0.001704 0.001703 0.001703 0.001691 0.001704 0.001691 0.001713 
16.809999 0.001576 0.001580 0.001573 0.001580 0.001582 0.001571 0.001573 0.001571 0.001570 
16.830000 0.001451 0.001449 0.001450 0.001449 0.001451 0.001440 0.001450 0.001440 0.001476 
16.849999 0.001329 0.001326 0.001333 0.001326 0.001333 0.001324 0.001333 0.001324 0.001322 
16.869999 0.001212 0.001210 0.001201 0.001210 0.001218 0.001202 0.001201 0.001202 0.001228 
16.889999 0.001101 0.001112 0.001104 0.001112 0.001106 0.001112 0.001104 0.001112 0.001074 
16.910000 0.001004 0.000998 0.000995 0.000998 0.001000 0.000998 0.000995 0.000998 0.001007 
16.930000 0.000903 0.000904 0.000902 0.000904 0.000907 0.000892 0.000902 0.000892 0.000897 
16.950000 0.000807 0.000808 0.000812 0.000808 0.000816 0.000793 0.000812 0.000793 0.000812 
16.969999 0.000719 0.000719 0.000720 0.000719 0.000697 0.000723 0.000720 0.000723 0.000726 
16.990000 0.000637 0.000642 0.000644 0.000642 0.000654 0.000640 0.000644 0.000640 0.000638 
17.010000 0.000562 0.000562 0.000559 0.000562 0.000559 0.000565 0.000559 0.000565 0.000557 
17.030000 0.000491 0.000491 0.000492 0.000491 0.000484 0.000486 0.000492 0.000486 0.000499 
17.049999 0.000423 0.000422 0.000426 0.000422 0.000424 0.000426 0.000426 0.000426 0.000420 
17.070000 0.000363 0.000363 0.000360 0.000363 0.000349 0.000359 0.000360 0.000359 0.000360 
17.090000 0.000307 0.000303 0.000303 0.000303 0.000307 0.000305 0.000303 0.000305 0.000313 
17.110000 0.000255 0.000257 0.000258 0.000257 0.000259 0.000243 0.000258 0.000243 0.000265 
17.129999 0.000208 0.000210 0.000207 0.000210 0.000207 0.000209 0.000207 0.000209 0.000202 
17.150000 0.000165 0.000165 0.000166 0.000165 0.000162 0.000166 0.000166 0.000166 0.000161 
17.170000 0.000130 0.000126 0.000127 0.000126 0.000124 0.000126 0.000127 0.000126 0.000134 
17.190000 0.000096 0.000098 0.000095 0.000098 0.000091 0.000096 0.000095 0.000096 0.000096 
17.209999 0.000068 0.000069 0.000069 0.000069 0.000069 0.000069 0.000069 0.000069 0.000068 
17.230000 0.000047 0.000046 0.000048 0.000046 0.000052 0.000046 0.000048 0.000046 0.000049 
17.250000 0.000028 0.000030 0.000028 0.000030 0.000027 0.000027 0.000028 0.000027 0.000029 
17.270000 0.000014 0.000015 0.000014 0.000015 0.000014 0.000013 0.000014 0.000013 0.000012 
17.289999 0.000005 0.000006 0.000005 0.000006 0.000004 0.000004 0.000005 0.000004 0.000005 
17.309999 0.000001 0.000001 0.000001 0.000001 0.000001 0.000000 0.000001 0.000000 0.000001 
17.330000 0.000000 0.000000 0.000000 0.000000 0.000000 0.000000 0.000000 0.000000 0.000000 
17.349999 0.000000 0.000000 0.000000 0.000000 0.000000 0.000000 0.000000 0.000000 0.000000 
17.369999 0.000000 0.000000 0.000000 0.000000 0.000000 0.000000 0.000000 0.000000 0.000000 
17.389999 0.000000 0.000000 0.000000 0.000000 0.000000 0.000000 0.000000 0.000000 0.000000 
17.410000 0.000000 0.000000 0.000000 0.000000 0.000000 0.000000 0.000000 0.000000 0.000000 
17.430000 0.000000 0.000000 0.000000 0.000000 0.000000 0.000000 0.000000 0.000000 0.000000 
17.450000 0.000000 0.000000 0.000000 0.000000 0.000000 0.000000 0.000000 0.000000 0.000000 
17.469999 0.000000 0.000000 0.000000 0.000000 0.000000 0.000000 0.000000 0.000000 0.000000 
17.490000 0.000000 0.000000 0.000000 0.000000 0.000000 0.000000 0.000000 0.000000 0.000000 
17.510000 0.000000 0.000000 0.000000 0.000000 0.000000 0.000000 0.000000 0.000000 0.000000 
17.530000 0.000000 0.000000 0.000000 0.000000 0.000000 0.000000 0.000000 0.000000 0.000000 
17.549999 0.000000 0.000000 0.000000 0.000000 0.000000 0.000000 0.000000 0.000000 0.000000 
17.570000 0.000000 0.000000 0.000000 0.000000 0.000000 0.000000 0.000000 0.000000 0.000000 
17.590000 0.000000 0.000000 0.000000 0.000000 0.000000 0.000000 0.000000 0.000000 0.000000 
17.610000 0.000000 0.000000 0.000000 0.000000 0.000000 0.000000 0.000000 0.000000 0.000000 
17.629999 0.000000 0.000000 0.000000 0.000000 0.000000 0.000000 0.000000 0.000000 0.000000 
17.650000 0.000000 0.000000 0.000000 0.000000 0.000000 0.000000 0.000000 0.000000 0.000000 
17.670000 0.000000 0.000000 0.000000 0.000000 0.000000 0.000000 0.000000 0.000000 0.000000 
17.690000 0.000000 0.000000 0.000000 0.000000 0.000000 0.000000 0.000000 0.000000 0.000000 
17.709999 0.000000 0.000000 0.000000 0.000000 0.000000 0.000000 0.000000 0.000000 0.000000 
17.730000 0.000000 0.000000 0.000000 0.000000 0.000000 0.000000 0.000000 0.000000 0.000000 
17.750000 0.000000 0.000000 0.000000 0.000000 0.000000 0.000000 0.000000 0.000000 0.000000 
17.770000 0.000000 0.000000 0.000000 0.000000 0.000000 0.000000 0.000000 0.000000 0.000000 
17.789999 0.000000 0.000000 0.000000 0.000000 0.000000 0.000000 0.000000 0.000000 0.000000 
17.809999 0.000000 0.000000 0.000000 0.000000 0.000000 0.000000 0.000000 0.000000 0.000000 
17.830000 0.000000 0.000000 0.000000 0.000000 0.000000 0.000000 0.000000 0.000000 0.000000 
17.849999 0.000000 0.000000 0.000000 0.000000 0.000000 0.000000 0.000000 0.000000 0.000000 
17.869999 0.000000 0.000000 0.000000 0.000000 0.000000 0.000000 0.000000 0.000000 0.000000 
17.889999 0.000000 0.000000 0.000000 0.000000 0.000000 0.000000 0.000000 0.000000 0.000000 
17.910000 0.000000 0.000000 0.000000 0.000000 0.000000 0.000000 0.000000 0.000000 0.000000 
17.930000 0.000000 0.000000 0.000000 0.000000 0.000000 0.000000 0.000000 0.000000 0.000000 
17.950000 0.000000 0.000000 0.000000 0.000000 0.000000 0.000000 0.000000 0.000000 0.000000 
17.969999 0.000000 0.000000 0.000000 0.000000 0.000000 0.000000 0.000000 0.000000 0.000000 
17.990000 0.000000 0.000000 0.000000 0.000000 0.000000 0.000000 0.000000 0.000000 0.000000 
18.010000 0.000000 0.000000 0.000000 0.000000 0.000000 0.000000 0.000000 0.000000 0.000000 
18.030000 0.000000 0.000000 0.000000 0.000000 0.000000 0.000000 0.000000 0.000000 0.000000 
18.049999 0.000000 0.000000 0.000000 0.000000 0.000000 0.000000 0.000000 0.000000 0.000000 
18.070000 0.000000 0.000000 0.000000 0.000000 0.000000 0.000000 0.000000 0.000000 0.000000 
18.090000 0.000000 0.000000 0.000000 0.000000 0.000000 0.000000 0.000000 0.000000 0.000000 
18.110000 0.000000 0.000000 0.000000 0.000000 0.000000 0.000000 0.000000 0.000000 0.000000 
18.129999 0.000000 0.000000 0.000000 0.000000 0.000000 0.000000 0.000000 0.000000 0.000000 
18.150000 0.000000 0.000000 0.000000 0.000000 0.000000 0.000000 0.000000 0.000000 0.000000 
18.170000 0.000000 0.000000 0.000000 0.000000 0.000000 0.000000 0.000000 0.000000 0.000000 
18.190000 0.000000 0.000000 0.000000 0.000000 0.000000 0.000000 0.000000 0.000000 0.000000 
18.209999 0.000000 0.000000 0.000000 0.000000 0.000000 0.000000 0.000000 0.000000 0.000000 
18.230000 0.000000 0.000000 0.000000 0.000000 0.000000 0.000000 0.000000 0.000000 0.000000 
18.250000 0.000000 0.000000 0.000000 0.000000 0.000000 0.000000 0.000000 0.000000 0.000000 
18.270000 0.000000 0.000000 0.000000 0.000000 0.000000 0.000000 0.000000 0.000000 0.000000 
18.289999 0.000000 0.000000 0.000000 0.000000 0.000000 0.000000 0.000000 0.000000 0.000000 
18.309999 0.000000 0.000000 0.000000 0.000000 0.000000 0.000000 0.000000 0.000000 0.000000 
18.330000 0.000000 0.000000 0.000000 0.000000 0.000000 0.000000 0.000000 0.000000 0.000000 
18.349999 0.000000 0.000000 0.000000 0.000000 0.000000 0.000000 0.000000 0.000000 0.000000 
18.369999 0.000000 0.000000 0.000000 0.000000 0.000000 0.000000 0.000000 0.000000 0.000000 
18.389999 0.000000 0.000000 0.000000 0.000000 0.000000 0.000000 0.000000 0.000000 0.000000 
18.410000 0.000000 0.000000 0.000000 0.000000 0.000000 0.000000 0.000000 0.000000 0.000000 
18.430000 0.000000 0.000000 0.000000 0.000000 0.000000 0.000000 0.000000 0.000000 0.000000 
18.450000 0.000000 0.000000 0.000000 0.000000 0.000000 0.000000 0.000000 0.000000 0.000000 
18.469999 0.000000 0.000000 0.000000 0.000000 0.000000 0.000000 0.000000 0.000000 0.000000 
18.490000 0.000000 0.000000 0.000000 0.000000 0.000000 0.000000 0.000000 0.000000 0.000000 
18.510000 0.000000 0.000000 0.000000 0.000000 0.000000 0.000000 0.000000 0.000000 0.000000 
18.530000 0.000000 0.000000 0.000000 0.000000 0.000000 0.000000 0.000000 0.000000 0.000000 
18.549999 0.000000 0.000000 0.000000 0.000000 0.000000 0.000000 0.000000 0.000000 0.000000 
18.570000 0.000000 0.000000 0.000000 0.000000 0.000000 0.000000 0.000000 0.000000 0.000000 
18.590000 0.000000 0.000000 0.000000 0.000000 0.000000 0.000000 0.000000 0.000000 0.000000 
18.610000 0.000000 0.000000 0.000000 0.000000 0.000000 0.000000 0.000000 0.000000 0.000000 
18.629999 0.000000 0.000000 0.000000 0.000000 0.000000 0.000000 0.000000 0.000000 0.000000 
18.650000 0.000000 0.000000 0.000000 0.000000 0.000000 0.000000 0.000000 0.000000 0.000000 
18.670000 0.000000 0.000000 0.000000 0.000000 0.000000 0.000000 0.000000 0.000000 0.000000 
18.690000 0.000000 0.000000 0.000000 0.000000 0.000000 0.000000 0.000000 0.000000 0.000000 
18.709999 0.000000 0.000000 0.000000 0.000000 0.000000 0.000000 0.000000 0.000000 0.000000 
18.730000 0.000000 0.000000 0.000000 0.000000 0.000000 0.000000 0.000000 0.000000 0.000000 
18.750000 0.000000 0.000000 0.000000 0.000000 0.000000 0.000000 0.000000 0.000000 0.000000 
18.770000 0.000000 0.000000 0.000000 0.000000 0.000000 0.000000 0.000000 0.000000 0.000000 
18.789999 0.000000 0.000000 0.000000 0.000000 0.000000 0.000000 0.000000 0.000000 0.000000 
18.809999 0.000000 0.000000 0.000000 0.000000 0.000000 0.000000 0.000000 0.000000 0.000000 
18.830000 0.000000 0.000000 0.000000 0.000000 0.000000 0.000000 0.000000 0.000000 0.000000 
18.849999 0.000000 0.000000 0.000000 0.000000 0.000000 0.000000 0.000000 0.000000 0.000000 
18.869999 0.000000 0.000000 0.000000 0.000000 0.000000 0.000000 0.000000 0.000000 0.000000 
18.889999 0.000000 0.000000 0.000000 0.000000 0.000000 0.000000 0.000000 0.000000 0.000000 
18.910000 0.000000 0.000000 0.000000 0.000000 0.000000 0.000000 0.000000 0.000000 0.000000 
18.929999 0.000000 0.000000 0.000000 0.000000 0.000000 0.000000 0.000000 0.000000 0.000000 
18.949999 0.000000 0.000000 0.000000 0.000000 0.000000 0.000000 0.000000 0.000000 0.000000 
18.969999 0.000000 0.000000 0.000000 0.000000 0.000000 0.000000 0.000000 0.000000 0.000000 
18.990000 0.000000 0.000000 0.000000 0.000000 0.000000 0.000000 0.000000 0.000000 0.000000 
19.010000 0.000000 0.000000 0.000000 0.000000 0.000000 0.000000 0.000000 0.000000 0.000000 
19.030000 0.000000 0.000000 0.000000 0.000000 0.000000 0.000000 0.000000 0.000000 0.000000 
19.049999 0.000000 0.000000 0.000000 0.000000 0.000000 0.000000 0.000000 0.000000 0.000000 
19.070000 0.000000 0.000000 0.000000 0.000000 0.000000 0.000000 0.000000 0.000000 0.000000 
19.090000 0.000000 0.000000 0.000000 0.000000 0.000000 0.000000 0.000000 0.000000 0.000000 
19.110000 0.000000 0.000000 0.000000 0.000000 0.000000 0.000000 0.000000 0.000000 0.000000 
19.129999 0.000000 0.000000 0.000000 0.000000 0.000000 0.000000 0.000000 0.000000 0.000000 
19.150000 0.000000 0.000000 0.000000 0.000000 0.000000 0.000000 0.000000 0.000000 0.000000 
19.170000 0.000000 0.000000 0.000000 0.000000 0.000000 0.000000 0.000000 0.000000 0.000000 
19.190000 0.000000 0.000000 0.000000 0.000000 0.000000 0.000000 0.000000 0.000000 0.000000 
19.209999 0.000000 0.000000 0.000000 0.000000 0.000000 0.000000 0.000000 0.000000 0.000000 
19.230000 0.000000 0.000000 0.000000 0.000000 0.000000 0.000000 0.000000 0.000000 0.000000 
19.250000 0.000000 0.000000 0.000000 0.000000 0.000000 0.000000 0.000000 0.000000 0.000000 
19.270000 0.000000 0.000000 0.000000 0.000000 0.000000 0.000000 0.000000 0.000000 0.000000 
19.289999 0.000000 0.000000 0.000000 0.000000 0.000000 0.000000 0.000000 0.000000 0.000000 
19.309999 0.000000 0.000000 0.000000 0.000000 0.000000 0.000000 0.000000 0.000000 0.000000 
19.330000 0.000000 0.000000 0.000000 0.000000 0.000000 0.000000 0.000000 0.000000 0.000000 
19.349999 0.000000 0.000000 0.000000 0.000000 0.000000 0.000000 0.000000 0.000000 0.000000 
19.369999 0.000000 0.000000 0.000000 0.000000 0.000000 0.000000 0.000000 0.000000 0.000000 
19.389999 0.000000 0.000000 0.000000 0.000000 0.000000 0.000000 0.000000 0.000000 0.000000 
19.410000 0.000000 0.000000 0.000000 0.000000 0.000000 0.000000 0.000000 0.000000 0.000000 
19.429999 0.000000 0.000000 0.000000 0.000000 0.000000 0.000000 0.000000 0.000000 0.000000 
19.449999 0.000000 0.000000 0.000000 0.000000 0.000000 0.000000 0.000000 0.000000 0.000000 
19.469999 0.000000 0.000000 0.000000 0.000000 0.000000 0.000000 0.000000 0.000000 0.000000 
19.490000 0.000000 0.000000 0.000000 0.000000 0.000000 0.000000 0.000000 0.000000 0.000000 
19.510000 0.000000 0.000000 0.000000 0.000000 0.000000 0.000000 0.000000 0.000000 0.000000 
19.530000 0.000000 0.000000 0.000000 0.000000 0.000000 0.000000 0.000000 0.000000 0.000000 
19.549999 0.000000 0.000000 0.000000 0.000000 0.000000 0.000000 0.000000 0.000000 0.000000 
19.570000 0.000000 0.000000 0.000000 0.000000 0.000000 0.000000 0.000000 0.000000 0.000000 
19.590000 0.000000 0.000000 0.000000 0.000000 0.000000 0.000000 0.000000 0.000000 0.000000 
19.610000 0.000000 0.000000 0.000000 0.000000 0.000000 0.000000 0.000000 0.000000 0.000000 
19.629999 0.000000 0.000000 0.000000 0.000000 0.000000 0.000000 0.000000 0.000000 0.000000 
19.650000 0.000000 0.000000 0.000000 0.000000 0.000000 0.000000 0.000000 0.000000 0.000000 
19.670000 0.000000 0.000000 0.000000 0.000000 0.000000 0.000000 0.000000 0.000000 0.000000 
19.690000 0.000000 0.000000 0.000000 0.000000 0.000000 0.000000 0.000000 0.000000 0.000000 
19.709999 0.000000 0.000000 0.000000 0.000000 0.000000 0.000000 0.000000 0.000000 0.000000 
19.730000 0.000000 0.000000 0.000000 0.000000 0.000000 0.000000 0.000000 0.000000 0.000000 
19.750000 0.000000 0.000000 0.000000 0.000000 0.000000 0.000000 0.000000 0.000000 0.000000 
19.770000 0.000000 0.000000 0.000000 0.000000 0.000000 0.000000 0.000000 0.000000 0.000000 
19.789999 0.000000 0.000000 0.000000 0.000000 0.000000 0.000000 0.000000 0.000000 0.000000 
19.809999 0.000000 0.000000 0.000000 0.000000 0.000000 0.000000 0.000000 0.000000 0.000000 
19.830000 0.000000 0.000000 0.000000 0.000000 0.000000 0.000000 0.000000 0.000000 0.000000 
19.849999 0.000000 0.000000 0.000000 0.000000 0.000000 0.000000 0.000000 0.000000 0.000000 
19.869999 0.000000 0.000000 0.000000 0.000000 0.000000 0.000000 0.000000 0.000000 0.000000 
19.889999 0.000000 0.000000 0.000000 0.000000 0.000000 0.000000 0.000000 0.000000 0.000000 
19.910000 0.000000 0.000000 0.000000 0.000000 0.000000 0.000000 0.000000 0.000000 0.000000 
19.929999 0.000000 0.000000 0.000000 0.000000 0.000000 0.000000 0.000000 0.000000 0.000000 
19.949999 0.000000 0.000000 0.000000 0.000000 0.000000 0.000000 0.000000 0.000000 0.000000 
19.969999 0.000000 0.000000 0.000000 0.000000 0.000000 0.000000 0.000000 0.000000 0.000000 
19.990000 0.000000 0.000000 0.000000 0.000000 0.000000 0.000000 0.000000 0.000000 0.000000 
