# concentrations: 0.571429 0.142857 0.285714
0.011502 0.000000 0.000000 0.000000 0.000000 0.000000 0.000000 0.000000 0.000000 0.000000 
0.034507 0.000000 0.000000 0.000000 0.000000 0.000000 0.000000 0.000000 0.000000 0.000000 
0.057511 0.000000 0.000000 0.000000 0.000000 0.000000 0.000000 0.000000 0.000000 0.000000 
0.080515 0.000000 0.000000 0.000000 0.000000 0.000000 0.000000 0.000000 0.000000 0.000000 
0.103520 0.000000 0.000000 0.000000 0.000000 0.000000 0.000000 0.000000 0.000000 0.000000 
0.126524 0.000000 0.000000 0.000000 0.000000 0.000000 0.000000 0.000000 0.000000 0.000000 
0.149529 0.000000 0.000000 0.000000 0.000000 0.000000 0.000000 0.000000 0.000000 0.000000 
0.172533 0.000000 0.000000 0.000000 0.000000 0.000000 0.000000 0.000000 0.000000 0.000000 
0.195537 0.000000 0.000000 0.000000 0.000000 0.000000 0.000000 0.000000 0.000000 0.000000 
0.218542 0.000000 0.000000 0.000000 0.000000 0.000000 0.000000 0.000000 0.000000 0.000000 
0.241546 0.000000 0.000000 0.000000 0.000000 0.000000 0.000000 0.000000 0.000000 0.000000 
0.264551 0.000000 0.000000 0.000000 0.000000 0.000000 0.000000 0.000000 0.000000 0.000000 
0.287555 0.000000 0.000000 0.000000 0.000000 0.000000 0.000000 0.000000 0.000000 0.000000 
0.310559 0.000000 0.000000 0.000000 0.000000 0.000000 0.000000 0.000000 0.000000 0.000000 
0.333564 0.000000 0.000000 0.000000 0.000000 0.000000 0.000000 0.000000 0.000000 0.000000 
0.356568 0.000000 0.000000 0.000000 0.000000 0.000000 0.000000 0.000000 0.000000 0.000000 
0.379573 0.000000 0.000000 0.000000 0.000000 0.000000 0.000000 0.000000 0.000000 0.000000 
0.402577 0.000000 0.000000 0.000000 0.000000 0.000000 0.000000 0.000000 0.000000 0.000000 
0.425581 0.000000 0.000000 0.000000 0.000000 0.000000 0.000000 0.000000 0.000000 0.000000 
0.448586 0.000000 0.000000 0.000000 0.000000 0.000000 0.000000 0.000000 0.000000 0.000000 
0.471590 0.000000 0.000000 0.000000 0.000000 0.000000 0.000000 0.000000 0.000000 0.000000 
0.494595 0.000000 0.000000 0.000000 0.000000 0.000000 0.000000 0.000000 0.000000 0.000000 
0.517599 0.000000 0.000000 0.000000 0.000000 0.000000 0.000000 0.000000 0.000000 0.000000 
0.540603 0.000000 0.000000 0.000000 0.000000 0.000000 0.000000 0.000000 0.000000 0.000000 
0.563608 0.000000 0.000000 0.000000 0.000000 0.000000 0.000000 0.000000 0.000000 0.000000 
0.586612 0.000000 0.000000 0.000000 0.000000 0.000000 0.000000 0.000000 0.000000 0.000000 
0.609617 0.000000 0.000000 0.000000 0.000000 0.000000 0.000000 0.000000 0.000000 0.000000 
0.632621 0.000000 0.000000 0.000000 0.000000 0.000000 0.000000 0.000000 0.000000 0.000000 
0.655625 0.000000 0.000000 0.000000 0.000000 0.000000 0.000000 0.000000 0.000000 0.000000 
0.678630 0.000000 0.000000 0.000000 0.000000 0.000000 0.000000 0.000000 0.000000 0.000000 
0.701634 0.000000 0.000000 0.000000 0.000000 0.000000 0.000000 0.000000 0.000000 0.000000 
0.724639 0.000000 0.000768 0.000000 0.000768 0.000000 0.000017 0.000000 0.000017 0.000000 
0.747643 0.000000 0.031096 0.000000 0.031096 0.000381 0.001189 0.000000 0.001189 0.000000 
0.770647 0.000000 0.292171 0.000000 0.292171 0.005971 0.023500 0.000000 0.023500 0.000000 
0.793652 0.000000 1.117274 0.000081 1.117274 0.048701 0.171579 0.000081 0.171579 0.000000 
0.816656 0.000000 2.383807 0.004836 2.383807 0.167873 0.564858 0.004836 0.564858 0.000465 
0.839661 0.000000 3.460754 0.070176 3.460754 0.374844 1.179714 0.070176 1.179714 0.010825 
0.862665 0.000012 3.938007 0.400864 3.938007 0.612597 1.733012 0.400864 1.733012 0.080111 
0.885669 0.001006 3.853756 1.178578 3.853756 0.807427 2.091430 1.178578 2.091430 0.302037 
0.908674 0.016635 3.469919 2.224284 3.469919 0.943634 2.200450 2.224284 2.200450 0.692047 
0.931678 0.117561 2.967678 3.115583 2.967678 1.024062 2.137123 3.115583 2.137123 1.157230 
0.954683 0.436830 2.478035 3.572122 2.478035 1.044568 1.964125 3.572122 1.964125 1.534931 
0.977687 1.003976 2.045214 3.577449 2.045214 1.023893 1.769696 3.577449 1.769696 1.754199 
1.000691 1.666153 1.704469 3.311215 1.704469 1.002119 1.573559 3.311215 1.573559 1.836697 
1.023696 2.221962 1.428345 2.917833 1.428345 0.950445 1.400600 2.917833 1.400600 1.783343 
1.046700 2.522567 1.208380 2.503977 1.208380 0.910261 1.248855 2.503977 1.248855 1.661304 
1.069705 2.595584 1.038528 2.117563 1.038528 0.882070 1.123751 2.117563 1.123751 1.529703 
1.092709 2.484738 0.904916 1.791374 0.904916 0.868341 1.027179 1.791374 1.027179 1.393787 
1.115713 2.280165 0.798904 1.513237 0.798904 0.855012 0.940261 1.513237 0.940261 1.257325 
1.138718 2.037786 0.720251 1.294377 0.720251 0.832632 0.869093 1.294377 0.869093 1.132131 
1.161722 1.802980 0.659306 1.115403 0.659306 0.827002 0.823279 1.115403 0.823279 1.029376 
1.184727 1.579382 0.612983 0.976019 0.612983 0.822458 0.783987 0.976019 0.783987 0.944213 
1.207731 1.388507 0.578342 0.861902 0.578342 0.832103 0.755281 0.861902 0.755281 0.876215 
1.230735 1.230794 0.550614 0.775278 0.550614 0.840834 0.737257 0.775278 0.737257 0.818755 
1.253740 1.095475 0.531265 0.706413 0.531265 0.861771 0.726152 0.706413 0.726152 0.775192 
1.276744 0.985188 0.517904 0.650827 0.517904 0.876164 0.727871 0.650827 0.727871 0.740571 
1.299749 0.894202 0.515067 0.606864 0.515067 0.904416 0.728956 0.606864 0.728956 0.714347 
1.322753 0.823237 0.517945 0.576264 0.517945 0.929622 0.741530 0.576264 0.741530 0.694834 
1.345757 0.769173 0.524588 0.551799 0.524588 0.965202 0.757376 0.551799 0.757376 0.692245 
1.368762 0.727131 0.534832 0.538968 0.534832 0.989051 0.777867 0.538968 0.777867 0.694171 
1.391766 0.697536 0.551219 0.529913 0.551219 1.015741 0.806219 0.529913 0.806219 0.696034 
1.414771 0.675291 0.578387 0.528416 0.578387 1.057733 0.841712 0.528416 0.841712 0.707019 
1.437775 0.663850 0.606475 0.533379 0.606475 1.078989 0.875400 0.533379 0.875400 0.722808 
1.460779 0.660178 0.638807 0.543354 0.638807 1.104141 0.912055 0.543354 0.912055 0.750527 
1.483784 0.664316 0.681946 0.562035 0.681946 1.119753 0.949858 0.562035 0.949858 0.783146 
1.506788 0.675883 0.727930 0.585433 0.727930 1.146776 0.987314 0.585433 0.987314 0.819665 
1.529793 0.694646 0.778201 0.615539 0.778201 1.172922 1.017894 0.615539 1.017894 0.859934 
1.552797 0.718501 0.833914 0.652690 0.833914 1.180023 1.059378 0.652690 1.059378 0.901626 
1.575801 0.753024 0.886591 0.697571 0.886591 1.208256 1.087761 0.697571 1.087761 0.947089 
1.598806 0.787025 0.944009 0.743845 0.944009 1.233974 1.113968 0.743845 1.113968 0.996427 
1.621810 0.827890 0.997151 0.797240 0.997151 1.252139 1.148900 0.797240 1.148900 1.044231 
1.644815 0.873023 1.045329 0.854960 1.045329 1.270098 1.172550 0.854960 1.172550 1.085781 
1.667819 0.914677 1.091224 0.910255 1.091224 1.280208 1.201023 0.910255 1.201023 1.125553 
1.690823 0.957818 1.132085 0.964127 1.132085 1.281784 1.221373 0.964127 1.221373 1.159596 
1.713828 0.998524 1.166763 1.014164 1.166763 1.264558 1.242199 1.014164 1.242199 1.188049 
1.736832 1.034999 1.196368 1.062323 1.196368 1.231211 1.266794 1.062323 1.266794 1.214971 
1.759837 1.070393 1.221916 1.103578 1.221916 1.193462 1.271234 1.103578 1.271234 1.239024 
1.782841 1.098872 1.249904 1.137254 1.249904 1.145451 1.269486 1.137254 1.269486 1.255296 
1.805845 1.124952 1.264706 1.166335 1.264706 1.119036 1.255992 1.166335 1.255992 1.270210 
1.828850 1.143905 1.272372 1.191515 1.272372 1.056706 1.231433 1.191515 1.231433 1.286590 
1.851854 1.157508 1.273280 1.212817 1.273280 1.021101 1.199468 1.212817 1.199468 1.286250 
1.874859 1.164080 1.264868 1.226727 1.264868 0.974293 1.157855 1.226727 1.157855 1.283672 
1.897863 1.165290 1.245899 1.237875 1.245899 0.935900 1.115886 1.237875 1.115886 1.268089 
1.920867 1.160530 1.220051 1.245252 1.220051 0.903593 1.073414 1.245252 1.073414 1.243745 
1.943872 1.155707 1.185084 1.242237 1.185084 0.878475 1.025338 1.242237 1.025338 1.212495 
1.966876 1.147669 1.146517 1.234257 1.146517 0.854150 0.984087 1.234257 0.984087 1.167668 
1.989881 1.137402 1.107852 1.217947 1.107852 0.835357 0.947348 1.217947 0.947348 1.124706 
2.012885 1.125986 1.068668 1.192042 1.068668 0.825305 0.913491 1.192042 0.913491 1.081218 
2.035889 1.112606 1.029306 1.163570 1.029306 0.812408 0.884379 1.163570 0.884379 1.036355 
2.058894 1.096178 0.994101 1.129777 0.994101 0.817814 0.860682 1.129777 0.860682 0.992229 
2.081898 1.079590 0.963502 1.093007 0.963502 0.813350 0.843304 1.093007 0.843304 0.955557 
2.104903 1.059198 0.935223 1.056773 0.935223 0.816994 0.831539 1.056773 0.831539 0.920951 
2.127907 1.038713 0.912428 1.021251 0.912428 0.832447 0.821093 1.021251 0.821093 0.890793 
2.150911 1.012387 0.893615 0.989387 0.893615 0.847247 0.818422 0.989387 0.818422 0.864271 
2.173916 0.991917 0.880697 0.957745 0.880697 0.857351 0.819013 0.957745 0.819013 0.845845 
2.196920 0.966333 0.874305 0.930151 0.874305 0.882086 0.824657 0.930151 0.824657 0.832317 
2.219925 0.944518 0.869713 0.910471 0.869713 0.896956 0.828939 0.910471 0.828939 0.822982 
2.242929 0.926852 0.867784 0.894150 0.867784 0.919390 0.845913 0.894150 0.845913 0.817603 
2.265933 0.911066 0.873900 0.882425 0.873900 0.939853 0.861301 0.882425 0.861301 0.812947 
2.288938 0.897209 0.877912 0.874231 0.877912 0.966326 0.876917 0.874231 0.876917 0.819842 
2.311942 0.888820 0.889195 0.869787 0.889195 0.982979 0.899346 0.869787 0.899346 0.828849 
2.334947 0.883762 0.901637 0.870983 0.901637 1.013132 0.920796 0.870983 0.920796 0.843374 
2.357951 0.881435 0.913892 0.876424 0.913892 1.025114 0.941633 0.876424 0.941633 0.857016 
2.380955 0.882485 0.929530 0.882691 0.929530 1.048748 0.964715 0.882691 0.964715 0.876338 
2.403960 0.888442 0.946975 0.892855 0.946975 1.057857 0.985098 0.892855 0.985098 0.895122 
2.426964 0.897590 0.962995 0.905656 0.962995 1.073554 1.007541 0.905656 1.007541 0.918997 
2.449969 0.908688 0.981405 0.921316 0.981405 1.084119 1.027113 0.921316 1.027113 0.939361 
2.472973 0.921986 0.995943 0.937042 0.995943 1.085471 1.048416 0.937042 1.048416 0.961876 
2.495977 0.937091 1.009830 0.954166 1.009830 1.096564 1.057799 0.954166 1.057799 0.982892 
2.518982 0.953753 1.025560 0.971265 1.025560 1.102523 1.072677 0.971265 1.072677 1.004727 
2.541986 0.971547 1.036045 0.989593 1.036045 1.096791 1.083498 0.989593 1.083498 1.027707 
2.564991 0.987376 1.044580 1.005103 1.044580 1.097307 1.091694 1.005103 1.091694 1.043390 
2.587995 1.004892 1.056678 1.020852 1.056678 1.088414 1.095152 1.020852 1.095152 1.058528 
2.610999 1.019832 1.061887 1.032920 1.061887 1.090050 1.096198 1.032920 1.096198 1.075140 
2.634004 1.034202 1.064423 1.044295 1.064423 1.080515 1.097993 1.044295 1.097993 1.084073 
2.657008 1.045873 1.063466 1.054287 1.063466 1.069385 1.093978 1.054287 1.093978 1.088199 
2.680013 1.057014 1.064904 1.060667 1.064904 1.064755 1.089176 1.060667 1.089176 1.093365 
2.703017 1.064021 1.060206 1.065985 1.060206 1.052824 1.082057 1.065985 1.082057 1.095604 
2.726021 1.070120 1.059657 1.067381 1.059657 1.034052 1.073416 1.067381 1.073416 1.093740 
2.749026 1.070653 1.052184 1.068613 1.052184 1.023328 1.064224 1.068613 1.064224 1.092616 
2.772030 1.072164 1.047921 1.066681 1.047921 1.009791 1.054326 1.066681 1.054326 1.086078 
2.795035 1.070817 1.039787 1.063807 1.039787 0.998409 1.043571 1.063807 1.043571 1.077692 
2.818039 1.068168 1.032042 1.058828 1.032042 0.989181 1.032078 1.058828 1.032078 1.070290 
2.841043 1.062459 1.023991 1.051622 1.023991 0.980395 1.020159 1.051622 1.020159 1.062430 
2.864048 1.056316 1.013425 1.044111 1.013425 0.965252 1.008911 1.044111 1.008911 1.050732 
2.887052 1.048664 1.006152 1.036546 1.006152 0.959230 1.000119 1.036546 1.000119 1.041468 
2.910057 1.041365 0.997976 1.028045 0.997976 0.950936 0.987191 1.028045 0.987191 1.029731 
2.933061 1.033237 0.990420 1.019770 0.990420 0.951812 0.976525 1.019770 0.976525 1.017541 
2.956065 1.023470 0.983099 1.011653 0.983099 0.945863 0.967660 1.011653 0.967660 1.005296 
2.979070 1.015162 0.977192 1.002292 0.977192 0.944625 0.960872 1.002292 0.960872 0.994147 
3.002074 1.006018 0.972001 0.994165 0.972001 0.947583 0.952681 0.994165 0.952681 0.983907 
3.025079 0.998208 0.966924 0.986762 0.966924 0.950509 0.950360 0.986762 0.950360 0.974895 
3.048083 0.989578 0.961959 0.978383 0.961959 0.952526 0.946757 0.978383 0.946757 0.967406 
3.071087 0.982985 0.959859 0.972542 0.959859 0.952186 0.945795 0.972542 0.945795 0.959500 
3.094092 0.976769 0.959214 0.967103 0.959214 0.961218 0.947283 0.967103 0.947283 0.954558 
3.117096 0.971786 0.958332 0.962709 0.958332 0.967857 0.948741 0.962709 0.948741 0.951192 
3.140101 0.968167 0.959859 0.959707 0.959859 0.972934 0.952201 0.959707 0.952201 0.949711 
3.163105 0.963694 0.962527 0.957784 0.962527 0.976029 0.958484 0.957784 0.958484 0.948684 
3.186109 0.961204 0.965192 0.957271 0.965192 0.988486 0.961782 0.957271 0.961782 0.948328 
3.209114 0.959544 0.971238 0.957543 0.971238 0.990417 0.970164 0.957543 0.970164 0.952839 
3.232118 0.959828 0.976322 0.958420 0.976322 0.997672 0.977130 0.958420 0.977130 0.955499 
3.255123 0.959089 0.981671 0.961895 0.981671 1.007958 0.982204 0.961895 0.982204 0.960885 
3.278127 0.962159 0.986859 0.965376 0.986859 1.010124 0.990558 0.965376 0.990558 0.965411 
3.301131 0.964039 0.993257 0.970673 0.993257 1.015444 0.997511 0.970673 0.997511 0.971872 
3.324136 0.968273 0.998174 0.975539 0.998174 1.022726 1.003447 0.975539 1.003447 0.977248 
3.347140 0.973692 1.004721 0.981737 1.004721 1.027484 1.009806 0.981737 1.009806 0.986608 
3.370144 0.978404 1.010354 0.987566 1.010354 1.027066 1.015202 0.987566 1.015202 0.993416 
3.393149 0.983039 1.014699 0.995256 1.014699 1.034588 1.020439 0.995256 1.020439 0.999508 
3.416153 0.988780 1.018137 1.000638 1.018137 1.031695 1.021451 1.000638 1.021451 1.004910 
3.439158 0.994075 1.023935 1.006783 1.023935 1.028157 1.027168 1.006783 1.027168 1.012086 
3.462162 0.999599 1.024311 1.012375 1.024311 1.026071 1.027278 1.012375 1.027278 1.017061 
3.485167 1.005703 1.025931 1.017409 1.025931 1.021372 1.027985 1.017409 1.027985 1.021184 
3.508171 1.010759 1.028014 1.021186 1.028014 1.021483 1.027089 1.021186 1.027089 1.024352 
3.531175 1.014617 1.028051 1.023463 1.028051 1.017203 1.027442 1.023463 1.027442 1.028042 
3.554180 1.018257 1.027113 1.026645 1.027113 1.013943 1.027878 1.026645 1.027878 1.027591 
3.577184 1.021146 1.025106 1.027854 1.025106 1.014240 1.023549 1.027854 1.023549 1.030363 
3.600188 1.022501 1.022710 1.028072 1.022710 1.007666 1.021564 1.028072 1.021564 1.030190 
3.623193 1.024050 1.019469 1.028658 1.019469 1.006784 1.017068 1.028658 1.017068 1.027305 
3.646197 1.025842 1.016971 1.027423 1.016971 1.003847 1.015332 1.027423 1.015332 1.027326 
3.669202 1.025013 1.013528 1.025215 1.013528 1.001796 1.010841 1.025215 1.010841 1.023059 
3.692206 1.023749 1.010297 1.023944 1.010297 0.993959 1.005984 1.023944 1.005984 1.020298 
3.715211 1.022875 1.007672 1.020454 1.007672 0.991103 1.002469 1.020454 1.002469 1.019006 
3.738215 1.021658 1.003522 1.017272 1.003522 0.989195 0.999931 1.017272 0.999931 1.012060 
3.761219 1.018360 1.000895 1.013670 1.000895 0.985844 0.997027 1.013670 0.997027 1.008937 
3.784224 1.015399 0.997105 1.010566 0.997105 0.984351 0.992250 1.010566 0.992250 1.006776 
3.807228 1.011889 0.993184 1.006447 0.993184 0.982379 0.990468 1.006447 0.990468 1.000804 
3.830233 1.008404 0.990860 1.002256 0.990860 0.984036 0.987313 1.002256 0.987313 0.996978 
3.853237 1.005778 0.989380 0.999352 0.989380 0.987348 0.987235 0.999352 0.987235 0.994856 
3.876241 1.002272 0.986297 0.995069 0.986297 0.985401 0.983871 0.995069 0.983871 0.990952 
3.899246 0.998972 0.984589 0.992910 0.984589 0.982590 0.983986 0.992910 0.983986 0.990542 
3.922250 0.996004 0.984554 0.989406 0.984554 0.984262 0.983358 0.989406 0.983358 0.987352 
3.945255 0.994051 0.982864 0.986835 0.982864 0.988518 0.982896 0.986835 0.982896 0.983958 
3.968259 0.991885 0.982431 0.985620 0.982431 0.987650 0.982774 0.985620 0.982774 0.982776 
3.991263 0.989617 0.983192 0.984143 0.983192 0.993944 0.985798 0.984143 0.985798 0.983537 
4.014268 0.987038 0.984639 0.984047 0.984639 0.994156 0.985675 0.984047 0.985675 0.981264 
4.037272 0.986620 0.986068 0.982986 0.986068 0.997848 0.987565 0.982986 0.987565 0.982134 
4.060277 0.985229 0.986402 0.982578 0.986402 0.995447 0.989480 0.982578 0.989480 0.982894 
4.083281 0.985190 0.988212 0.983570 0.988212 1.000943 0.993475 0.983570 0.993475 0.984608 
4.106285 0.985454 0.991175 0.984385 0.991175 1.002665 0.995181 0.984385 0.995181 0.987340 
4.129290 0.986731 0.992376 0.985044 0.992376 1.005103 0.996552 0.985044 0.996552 0.987019 
4.152294 0.986695 0.994206 0.986674 0.994206 1.006524 0.998129 0.986674 0.998129 0.990789 
4.175299 0.987503 0.996662 0.988758 0.996662 1.008730 1.001580 0.988758 1.001580 0.993326 
4.198303 0.989469 0.999264 0.990265 0.999264 1.006087 1.004303 0.990265 1.004303 0.995020 
4.221307 0.990645 1.001832 0.992804 1.001832 1.010854 1.005478 0.992804 1.005478 0.997607 
4.244312 0.993311 1.003796 0.995618 1.003796 1.011242 1.008376 0.995618 1.008376 0.999891 
4.267316 0.994598 1.006395 0.997772 1.006395 1.012118 1.009803 0.997772 1.009803 1.003019 
4.290320 0.996978 1.007483 1.000307 1.007483 1.010036 1.010582 1.000307 1.010582 1.005136 
4.313325 0.999757 1.008502 1.002498 1.008502 1.009897 1.010661 1.002498 1.010661 1.006854 
4.336329 1.001537 1.009008 1.004759 1.009008 1.009311 1.012336 1.004759 1.012336 1.008578 
4.359334 1.002595 1.010766 1.006252 1.010766 1.008221 1.011875 1.006252 1.011875 1.010794 
4.382338 1.004523 1.010984 1.007710 1.010984 1.006641 1.011893 1.007710 1.011893 1.010603 
4.405343 1.006716 1.011277 1.008646 1.011277 1.005621 1.009414 1.008646 1.009414 1.011324 
4.428347 1.007018 1.010498 1.009821 1.010498 1.006894 1.008786 1.009821 1.008786 1.011919 
4.451351 1.007548 1.009398 1.010261 1.009398 1.003674 1.009224 1.010261 1.009224 1.012106 
4.474356 1.009423 1.009282 1.011577 1.009282 0.999238 1.007053 1.011577 1.007053 1.012165 
4.497360 1.008959 1.007565 1.010438 1.007565 1.001696 1.006126 1.010438 1.006126 1.010128 
4.520365 1.009306 1.006591 1.010279 1.006591 0.998069 1.005293 1.010279 1.005293 1.009130 
4.543369 1.009303 1.005295 1.010272 1.005295 0.997839 1.002504 1.010272 1.002504 1.008626 
4.566373 1.009504 1.004312 1.008869 1.004312 0.996400 1.000965 1.008869 1.000965 1.008054 
4.589378 1.007793 1.002595 1.007665 1.002595 0.996241 0.999246 1.007665 0.999246 1.005682 
4.612382 1.007359 1.001777 1.006458 1.001777 0.996793 0.998607 1.006458 0.998607 1.004833 
4.635386 1.006292 0.998974 1.005700 0.998974 0.993471 0.997213 1.005700 0.997213 1.003913 
4.658391 1.006026 0.999559 1.004999 0.999559 0.993071 0.996418 1.004999 0.996418 0.999871 
4.681395 1.004460 0.997163 1.003260 0.997163 0.992048 0.995821 1.003260 0.995821 1.000305 
4.704400 1.002974 0.995554 1.000718 0.995554 0.995475 0.995502 1.000718 0.995502 0.997022 
4.727404 1.001635 0.995946 0.999730 0.995946 0.991525 0.993319 0.999730 0.993319 0.996989 
4.750409 1.000453 0.994886 0.998420 0.994886 0.992409 0.993659 0.998420 0.993659 0.995403 
4.773413 0.998728 0.994485 0.997449 0.994485 0.992382 0.992311 0.997449 0.992311 0.993643 
4.796417 0.997541 0.993992 0.995835 0.993992 0.993713 0.993555 0.995835 0.993555 0.993872 
4.819422 0.996972 0.993968 0.995140 0.993968 0.994171 0.993662 0.995140 0.993662 0.994204 
4.842426 0.996192 0.993141 0.994438 0.993141 0.996487 0.994678 0.994438 0.994678 0.993021 
4.865430 0.995257 0.993300 0.993762 0.993300 0.995825 0.994105 0.993762 0.994105 0.992794 
4.888435 0.995067 0.994039 0.993934 0.994039 0.999916 0.993886 0.993934 0.993886 0.991367 
4.911439 0.994535 0.995432 0.993710 0.995432 0.996561 0.994965 0.993710 0.994965 0.994194 
4.934444 0.994091 0.995297 0.993389 0.995297 1.000511 0.995711 0.993389 0.995711 0.994846 
4.957448 0.994060 0.995764 0.993835 0.995764 1.002038 0.996523 0.993835 0.996523 0.995118 
4.980453 0.994298 0.997613 0.994093 0.997613 1.001634 0.998404 0.994093 0.998404 0.994267 
5.003457 0.994596 0.996748 0.994319 0.996748 1.003627 0.998782 0.994319 0.998782 0.994795 
5.026461 0.995442 0.998302 0.994885 0.998302 1.001468 1.000362 0.994885 1.000362 0.996395 
5.049466 0.995371 0.999397 0.995566 0.999397 1.003369 1.000734 0.995566 1.000734 0.996840 
5.072470 0.995886 1.000006 0.996652 1.000006 1.005594 1.001088 0.996652 1.001088 0.998611 
5.095474 0.996706 1.000706 0.998382 1.000706 1.003132 1.002148 0.998382 1.002148 0.998268 
5.118479 0.997546 1.001260 0.999314 1.001260 1.004852 1.003263 0.999314 1.003263 1.001769 
5.141483 0.999324 1.001726 0.999097 1.001726 1.005101 1.004134 0.999097 1.004134 1.000278 
5.164488 0.999512 1.002799 1.000023 1.002799 1.005126 1.004312 1.000023 1.004312 1.001030 
5.187492 1.000329 1.003060 1.000745 1.003060 1.005094 1.004635 1.000745 1.004635 1.004912 
5.210496 1.000584 1.004194 1.001440 1.004194 1.005353 1.006753 1.001440 1.006753 1.002810 
5.233501 1.001146 1.003569 1.002465 1.003569 1.004371 1.003893 1.002465 1.003893 1.005492 
5.256505 1.002282 1.003662 1.002947 1.003662 1.004208 1.004835 1.002947 1.004835 1.003691 
5.279510 1.002888 1.004753 1.003818 1.004753 1.003735 1.005601 1.003818 1.005601 1.005079 
5.302514 1.003459 1.002888 1.003627 1.002888 1.002993 1.004186 1.003627 1.004186 1.004899 
5.325519 1.003408 1.002555 1.003652 1.002555 1.000402 1.003993 1.003652 1.003993 1.005301 
5.348523 1.003410 1.004256 1.004534 1.004256 1.001614 1.003255 1.004534 1.003255 1.005047 
5.371527 1.004400 1.002424 1.004175 1.002424 1.000978 1.002003 1.004175 1.002003 1.003909 
5.394532 1.003978 1.002734 1.003732 1.002734 1.000668 1.002771 1.003732 1.002771 1.004819 
5.417536 1.004103 1.001722 1.004077 1.001722 0.997742 1.001757 1.004077 1.001757 1.004097 
5.440541 1.003731 1.001558 1.003476 1.001558 0.999366 1.000076 1.003476 1.000076 1.002878 
5.463545 1.003142 1.000734 1.002655 1.000734 0.996137 1.000505 1.002655 1.000505 1.001827 
5.486549 1.003071 1.000893 1.002754 1.000893 0.996213 0.998884 1.002754 0.998884 1.002209 
5.509554 1.002509 0.999902 1.001821 0.999902 0.995658 0.999712 1.001821 0.999712 1.000655 
5.532558 1.001556 0.999578 1.001373 0.999578 0.995785 0.998574 1.001373 0.998574 1.001004 
5.555562 1.002037 0.998834 1.000865 0.998834 0.997760 0.998489 1.000865 0.998489 0.999630 
5.578567 1.001248 0.998482 1.000196 0.998482 0.995058 0.996851 1.000196 0.996851 0.998589 
5.601571 1.000916 0.998091 1.000108 0.998091 0.996265 0.997418 1.000108 0.997418 0.999480 
5.624576 1.000133 0.997553 0.998720 0.997553 0.996820 0.998041 0.998720 0.998041 0.998251 
5.647580 0.999664 0.997983 0.998774 0.997983 0.996967 0.996636 0.998774 0.996636 0.997566 
5.670584 0.999068 0.997640 0.998180 0.997640 0.999085 0.996131 0.998180 0.996131 0.997292 
5.693589 0.998806 0.997110 0.997878 0.997110 0.997418 0.997349 0.997878 0.997349 0.996475 
5.716593 0.998351 0.996779 0.997301 0.996779 0.997826 0.997884 0.997301 0.997884 0.997712 
5.739598 0.997921 0.997276 0.997959 0.997276 0.998323 0.998494 0.997959 0.998494 0.997057 
5.762602 0.998184 0.997483 0.997130 0.997483 0.999910 0.997428 0.997130 0.997428 0.995909 
5.785606 0.997421 0.998204 0.997752 0.998204 1.000168 0.998106 0.997752 0.998106 0.997468 
5.808611 0.997265 0.998587 0.997332 0.998587 0.998336 0.999338 0.997332 0.999338 0.997221 
5.831615 0.997619 0.998383 0.997324 0.998383 1.002943 0.998774 0.997324 0.998774 0.997747 
5.854620 0.997133 0.998849 0.998234 0.998849 1.000172 0.999549 0.998234 0.999549 0.997966 
5.877624 0.998172 0.999712 0.998040 0.999712 1.003627 0.999843 0.998040 0.999843 0.997019 
5.900629 0.998383 0.999774 0.998344 0.999774 1.002477 1.000623 0.998344 1.000623 0.999206 
5.923633 0.998509 1.000315 0.998890 1.000315 1.001376 1.000349 0.998890 1.000349 0.999951 
5.946637 0.998414 0.999943 0.999310 0.999943 1.003556 1.001340 0.999310 1.001340 0.999945 
5.969642 0.998489 1.000238 0.999343 1.000238 0.998095 1.001280 0.999343 1.001280 0.999929 
5.992646 0.999359 1.001387 1.000126 1.001387 1.001189 1.000882 1.000126 1.000882 1.000437 
6.015651 0.999636 1.001157 0.999909 1.001157 1.000970 1.000640 0.999909 1.000640 1.001178 
6.038655 0.999742 1.001585 1.000350 1.001585 1.001250 1.001992 1.000350 1.001992 1.001485 
6.061659 1.000166 1.000668 1.000869 1.000668 1.000365 1.001335 1.000869 1.001335 1.001407 
6.084664 1.000280 1.002537 1.000897 1.002537 1.000083 1.000910 1.000897 1.000910 1.002041 
6.107668 1.000396 1.002193 1.001220 1.002193 1.004096 1.001924 1.001220 1.001924 1.001635 
6.130672 1.001206 1.001806 1.001087 1.001806 1.003059 1.001834 1.001087 1.001834 1.001355 
6.153677 1.001022 1.001500 1.001876 1.001500 1.000880 1.001466 1.001876 1.001466 1.001432 
6.176681 1.001761 1.001440 1.001387 1.001440 1.002793 1.001397 1.001387 1.001397 1.002164 
6.199686 1.001554 1.001029 1.000915 1.001029 1.001988 1.001475 1.000915 1.001475 1.001575 
6.222690 1.001496 1.000977 1.001517 1.000977 1.000602 1.000821 1.001517 1.000821 1.002676 
6.245695 1.001579 1.000717 1.001663 1.000717 1.001314 1.001509 1.001663 1.001509 1.001334 
6.268699 1.001627 1.000805 1.001326 1.000805 1.001841 1.000005 1.001326 1.000005 1.002165 
6.291703 1.001656 1.000200 1.001655 1.000200 1.000462 1.000799 1.001655 1.000799 1.001043 
6.314708 1.001521 1.000579 1.001243 1.000579 0.999055 1.000069 1.001243 1.000069 1.002556 
6.337712 1.001357 1.000401 1.001284 1.000401 0.998647 1.000193 1.001284 1.000193 1.001445 
6.360716 1.001154 0.999688 1.000722 0.999688 0.996868 0.999334 1.000722 0.999334 1.000262 
6.383721 1.001143 1.000543 1.000635 1.000543 0.998411 1.000723 1.000635 1.000723 1.000701 
6.406725 1.000861 0.999856 1.000694 0.999856 0.997885 1.000033 1.000694 1.000033 1.000438 
6.429730 1.000987 0.999254 0.999469 0.999254 0.999494 0.999881 0.999469 0.999881 1.000008 
6.452734 1.000817 0.999043 0.999750 0.999043 0.998353 0.999045 0.999750 0.999045 1.000011 
6.475739 1.001027 0.999266 1.000262 0.999266 0.997782 0.998290 1.000262 0.998290 0.999130 
6.498743 1.000052 0.998427 0.999648 0.998427 0.999256 0.998989 0.999648 0.998989 0.999490 
6.521747 0.999504 0.999018 0.999546 0.999018 1.000882 0.998712 0.999546 0.998712 1.000060 
6.544752 0.999568 0.999442 0.999568 0.999442 0.999899 0.998610 0.999568 0.998610 0.999696 
6.567756 0.999696 0.998597 0.998737 0.998597 1.000689 0.999262 0.998737 0.999262 0.998217 
6.590760 0.999161 0.999004 0.998988 0.999004 0.997328 0.998265 0.998988 0.998265 0.999088 
6.613765 0.999433 0.999236 0.998686 0.999236 1.000732 0.998287 0.998686 0.998287 0.999932 
6.636769 0.999325 0.999288 0.998616 0.999288 0.999667 0.999507 0.998616 0.999507 0.998720 
6.659774 0.998887 0.998778 0.998499 0.998778 0.999618 0.998491 0.998499 0.998491 0.998775 
6.682778 0.999229 0.999235 0.999083 0.999235 0.999936 0.999374 0.999083 0.999374 0.998669 
6.705782 0.998937 1.000007 0.999168 1.000007 0.998715 1.000290 0.999168 1.000290 1.000180 
6.728787 0.999162 0.999948 0.998893 0.999948 0.998127 0.998960 0.998893 0.998960 0.999766 
6.751791 0.999382 0.999751 0.999147 0.999751 1.002653 1.000283 0.999147 1.000283 0.999649 
6.774796 0.999493 0.999729 0.999022 0.999729 1.002290 0.999739 0.999022 0.999739 0.999306 
6.797800 0.999606 1.000109 0.999443 1.000109 0.999769 1.000289 0.999443 1.000289 0.999424 
6.820805 0.999460 1.000379 0.999493 1.000379 1.001756 1.000724 0.999493 1.000724 1.000711 
6.843809 0.999492 1.000214 1.000126 1.000214 1.001181 1.000651 1.000126 1.000651 1.000435 
6.866813 0.999807 0.999990 1.000592 0.999990 0.999630 1.001822 1.000592 1.001822 0.999429 
6.889818 0.999989 1.000428 1.000344 1.000428 0.999453 1.000016 1.000344 1.000016 1.000776 
6.912822 0.999685 1.000195 0.999986 1.000195 0.999582 0.999686 0.999986 0.999686 1.000157 
6.935827 1.000371 1.000661 1.000442 1.000661 0.998716 1.001210 1.000442 1.001210 1.000456 
6.958831 1.000105 1.000977 1.000408 1.000977 1.000378 1.000937 1.000408 1.000937 0.999971 
6.981835 1.000709 1.000972 1.000472 1.000972 1.000269 1.002016 1.000472 1.002016 1.001023 
7.004840 1.000703 1.000436 1.000699 1.000436 1.001838 1.001185 1.000699 1.001185 1.000556 
7.027844 1.000269 1.000414 1.000648 1.000414 1.000570 1.001167 1.000648 1.001167 1.000599 
7.050848 1.000515 1.000666 1.000458 1.000666 1.000487 0.999936 1.000458 0.999936 1.000736 
7.073853 1.000361 1.000395 1.000890 1.000395 1.001090 1.000655 1.000890 1.000655 1.001284 
7.096857 1.001028 1.001450 1.000706 1.001450 1.001161 1.000746 1.000706 1.000746 1.000084 
7.119862 1.000623 1.000773 1.000971 1.000773 1.001345 1.000407 1.000971 1.000407 1.000537 
7.142866 1.001065 1.000362 1.001115 1.000362 0.999027 0.999688 1.001115 0.999688 1.001454 
7.165870 1.000629 1.000601 1.000750 1.000601 0.999372 0.999518 1.000750 0.999518 1.000530 
7.188875 1.000357 1.000153 1.000445 1.000153 0.999016 0.999782 1.000445 0.999782 1.001252 
7.211879 1.000819 1.000130 1.000335 1.000130 1.000557 0.999396 1.000335 0.999396 1.000124 
7.234884 1.000570 0.999076 1.000502 0.999076 0.999278 0.999901 1.000502 0.999901 1.000555 
7.257888 1.000584 1.000344 1.000367 1.000344 1.000659 1.000358 1.000367 1.000358 1.000633 
7.280892 1.000678 1.000107 1.000507 1.000107 0.999240 0.998859 1.000507 0.998859 0.999220 
7.303897 1.000240 0.999250 0.999948 0.999250 0.998207 0.999655 0.999948 0.999655 0.999785 
7.326901 1.000189 0.999759 0.999660 0.999759 1.000559 1.000072 0.999660 1.000072 1.000836 
7.349906 1.000063 0.999902 0.999781 0.999902 0.999605 0.999281 0.999781 0.999281 0.999695 
7.372910 0.999699 0.999335 0.999515 0.999335 0.999919 1.000766 0.999515 1.000766 0.999878 
7.395915 0.999940 0.999309 1.000344 0.999309 1.000542 1.000067 1.000344 1.000067 0.999697 
7.418919 0.999288 1.000150 0.999710 1.000150 1.001920 0.999861 0.999710 0.999861 0.999116 
7.441923 1.000230 0.999668 0.999525 0.999668 0.998852 0.999373 0.999525 0.999373 1.000003 
7.464928 0.999539 0.999686 0.999716 0.999686 0.999060 1.000224 0.999716 1.000224 0.999721 
7.487932 0.999893 0.999478 0.999696 0.999478 0.999211 0.999705 0.999696 0.999705 0.999076 
7.510936 0.999997 0.999907 0.999131 0.999907 0.999316 0.999923 0.999131 0.999923 0.999663 
7.533941 0.999479 0.998719 0.999555 0.998719 0.999993 0.999866 0.999555 0.999866 1.000353 
7.556945 0.999642 0.999986 0.999350 0.999986 1.001149 0.999515 0.999350 0.999515 0.999828 
7.579950 0.999372 0.999282 0.999558 0.999282 1.000041 0.999917 0.999558 0.999917 0.998943 
7.602954 0.999828 0.999784 0.999496 0.999784 1.000466 0.999415 0.999496 0.999415 1.000034 
7.625958 0.999787 1.000215 0.999750 1.000215 1.000722 0.999385 0.999750 0.999385 0.999569 
7.648963 0.999893 1.000055 0.999536 1.000055 1.000979 0.999187 0.999536 0.999187 1.000969 
7.671967 0.999488 1.000386 1.000018 1.000386 1.000474 0.999498 1.000018 0.999498 0.999269 
7.694972 1.000229 1.000209 0.999956 1.000209 1.001000 1.001098 0.999956 1.001098 1.000635 
7.717976 0.999925 1.000469 1.000080 1.000469 1.001288 0.999792 1.000080 0.999792 1.000369 
7.740981 1.000128 1.000044 1.000038 1.000044 1.000543 0.999755 1.000038 0.999755 1.000312 
7.763985 1.000414 1.000051 0.999765 1.000051 1.001627 1.000553 0.999765 1.000553 1.000820 
7.786989 0.999955 0.999703 1.000363 0.999703 1.002141 1.000830 1.000363 1.000830 1.000510 
7.809994 1.000067 1.000302 1.000485 1.000302 1.000909 1.000135 1.000485 1.000135 1.000018 
7.832998 1.000145 1.000346 1.000376 1.000346 1.000902 1.001614 1.000376 1.001614 0.999955 
7.856002 1.000091 1.000018 1.000162 1.000018 1.000013 1.000978 1.000162 1.000978 1.000551 
7.879007 1.000446 0.999923 1.000001 0.999923 1.000304 0.999494 1.000001 0.999494 0.999627 
7.902011 1.000492 1.000426 1.000065 1.000426 0.999709 1.000745 1.000065 1.000745 1.001204 
7.925016 1.000341 1.000682 1.000356 1.000682 1.000697 1.000204 1.000356 1.000204 1.001345 
7.948020 1.000591 1.000535 1.000167 1.000535 1.001678 1.000853 1.000167 1.000853 0.999784 
7.971025 1.000456 1.000067 1.000223 1.000067 1.000066 0.999965 1.000223 0.999965 1.001470 
7.994029 1.001100 1.000631 1.000540 1.000631 0.999127 0.999607 1.000540 0.999607 1.000327 
8.017034 1.000320 0.999971 1.000326 0.999971 1.000343 0.999922 1.000326 0.999922 1.000852 
8.040038 1.000616 0.999703 1.000422 0.999703 0.999858 0.999830 1.000422 0.999830 1.001357 
8.063042 1.000277 1.000168 0.999926 1.000168 1.001853 0.999412 0.999926 0.999412 0.999829 
8.086046 1.000342 0.999855 0.999992 0.999855 0.998868 1.000105 0.999992 1.000105 0.999692 
8.109051 1.000142 1.000155 0.999979 1.000155 0.999644 1.000357 0.999979 1.000357 1.000388 
8.132055 1.000309 1.000125 1.000261 1.000125 0.998423 0.999525 1.000261 0.999525 1.000371 
8.155060 1.000107 0.999912 1.000043 0.999912 1.000365 1.000353 1.000043 1.000353 0.999791 
8.178064 1.000190 0.999368 0.999526 0.999368 0.999650 0.999219 0.999526 0.999219 0.999889 
8.201068 1.000092 0.999694 1.000030 0.999694 1.001253 0.999851 1.000030 0.999851 1.000307 
8.224072 1.000167 0.999969 1.000145 0.999969 0.999027 0.999331 1.000145 0.999331 1.000503 
8.247077 1.000065 0.999571 0.999848 0.999571 0.999816 0.999360 0.999848 0.999360 1.000678 
8.270082 0.999849 1.000380 1.000044 1.000380 1.000904 1.000015 1.000044 1.000015 0.999356 
8.293086 1.000257 1.000029 1.000041 1.000029 1.000963 0.999256 1.000041 0.999256 1.000079 
8.316091 0.999583 1.000050 0.999991 1.000050 1.000453 0.999506 0.999991 0.999506 1.000176 
8.339095 0.999841 1.000059 0.999777 1.000059 1.000681 0.999415 0.999777 0.999415 0.999679 
8.362100 0.999696 1.000227 0.999976 1.000227 0.998546 0.999295 0.999976 0.999295 1.000278 
8.385104 0.999831 0.999304 0.999689 0.999304 1.001390 0.999962 0.999689 0.999962 1.000159 
8.408108 0.999784 0.999474 0.999675 0.999474 1.000478 0.999885 0.999675 0.999885 0.999632 
8.431112 0.999947 0.999801 1.000263 0.999801 1.001562 1.000367 1.000263 1.000367 1.000054 
8.454117 0.999998 0.999929 0.999775 0.999929 0.999944 1.000566 0.999775 1.000566 1.000143 
8.477121 0.999816 1.000196 0.999619 1.000196 1.000682 1.000093 0.999619 1.000093 0.999753 
8.500126 0.999913 0.999774 1.000094 0.999774 1.000014 0.999685 1.000094 0.999685 0.999347 
8.523130 0.999891 1.000348 1.000069 1.000348 1.000300 1.000267 1.000069 1.000267 1.000120 
8.546134 1.000003 0.999722 0.999974 0.999722 1.000726 0.999966 0.999974 0.999966 1.000490 
8.569139 0.999847 1.000278 1.000072 1.000278 1.001784 1.000662 1.000072 1.000662 0.999865 
8.592143 0.999916 0.999656 1.000081 0.999656 1.001143 1.000486 1.000081 1.000486 0.999853 
8.615148 1.000092 1.000507 1.000382 1.000507 1.001625 0.999988 1.000382 0.999988 1.000195 
8.638152 1.000169 1.000042 0.999559 1.000042 1.000546 0.999673 0.999559 0.999673 1.000264 
8.661157 1.000339 1.000486 1.000165 1.000486 0.999862 1.000169 1.000165 1.000169 0.999724 
8.684161 1.000491 1.000207 1.000329 1.000207 1.002143 1.000343 1.000329 1.000343 1.000962 
8.707165 1.000226 0.999835 1.000019 0.999835 1.000651 0.999987 1.000019 0.999987 1.000193 
8.730169 1.000491 1.000407 0.999981 1.000407 0.998798 1.000199 0.999981 1.000199 1.000813 
8.753174 1.000342 1.000040 1.000005 1.000040 0.999581 1.000660 1.000005 1.000660 1.000437 
8.776178 1.000559 0.999259 1.000298 0.999259 0.998840 0.999995 1.000298 0.999995 1.000237 
8.799183 1.000206 0.999755 1.000264 0.999755 0.999782 1.000479 1.000264 1.000479 0.999877 
8.822187 1.000274 1.000065 1.000489 1.000065 0.999825 1.000469 1.000489 1.000469 1.000686 
8.845192 1.000078 1.000083 0.999989 1.000083 1.000520 1.000320 0.999989 1.000320 1.000414 
8.868196 1.000445 1.000365 0.999833 1.000365 0.998975 1.000804 0.999833 1.000804 1.000061 
8.891200 0.999843 1.000145 0.999924 1.000145 0.999452 1.000318 0.999924 1.000318 0.999427 
8.914205 1.000190 0.999632 1.000015 0.999632 1.000829 0.999635 1.000015 0.999635 1.000548 
8.937209 0.999999 1.000252 1.000349 1.000252 1.001440 1.000305 1.000349 1.000305 0.999928 
8.960214 1.000482 1.000473 0.999990 1.000473 1.000054 0.999963 0.999990 0.999963 1.000472 
8.983218 0.999972 0.999761 1.000208 0.999761 1.000935 1.000676 1.000208 1.000676 1.000376 
9.006223 0.999689 0.999626 0.999852 0.999626 1.000681 1.000271 0.999852 1.000271 0.999765 
9.029227 1.000274 0.999769 0.999663 0.999769 1.000135 0.999662 0.999663 0.999662 0.999724 
9.052231 1.000110 1.000233 1.000064 1.000233 1.000028 0.999350 1.000064 0.999350 1.000749 
9.075235 1.000204 1.000023 1.000115 1.000023 0.997685 0.999817 1.000115 0.999817 1.000546 
9.098240 0.999808 1.000386 0.999843 1.000386 1.000481 0.999901 0.999843 0.999901 1.000188 
9.121244 0.999933 0.999811 0.999538 0.999811 1.000363 1.000287 0.999538 1.000287 0.999819 
9.144249 1.000406 1.000063 1.000115 1.000063 0.999935 1.000106 1.000115 1.000106 1.000471 
9.167253 1.000288 0.999459 1.000058 0.999459 0.999276 0.999792 1.000058 0.999792 1.000368 
9.190258 1.000247 1.000208 1.000099 1.000208 1.001134 0.999170 1.000099 0.999170 1.000819 
9.213262 1.000327 1.000132 0.999753 1.000132 1.002064 1.000536 0.999753 1.000536 0.999638 
9.236266 0.999740 0.999833 1.000183 0.999833 1.000571 1.000190 1.000183 1.000190 1.000251 
9.259271 1.000086 1.000114 0.999966 1.000114 0.999642 1.000406 0.999966 1.000406 0.999414 
9.282275 1.000152 1.000195 0.999827 1.000195 1.000534 1.000079 0.999827 1.000079 1.000093 
9.305280 0.999929 0.999559 1.000028 0.999559 0.999688 1.000143 1.000028 1.000143 1.000237 
9.328284 0.999959 0.999850 1.000153 0.999850 1.000529 0.999962 1.000153 0.999962 1.000238 
9.351289 0.999865 1.000323 0.999819 1.000323 0.999207 0.999650 0.999819 0.999650 0.999640 
9.374293 1.000226 1.000358 1.000010 1.000358 1.000240 1.000309 1.000010 1.000309 1.000350 
9.397297 0.999843 0.999913 0.999958 0.999913 1.000264 0.999575 0.999958 0.999575 1.000714 
9.420301 0.999826 0.999737 1.000312 0.999737 1.001729 1.000697 1.000312 1.000697 1.000220 
9.443306 1.000301 1.000170 0.999986 1.000170 0.999935 1.000099 0.999986 1.000099 1.000507 
9.466311 0.999980 0.999683 0.999642 0.999683 0.998872 0.999710 0.999642 0.999710 1.000292 
9.489315 1.000146 1.000364 1.000117 1.000364 0.999776 0.999804 1.000117 0.999804 1.000233 
9.512320 1.000275 0.999515 0.999925 0.999515 0.999885 1.000957 0.999925 1.000957 1.000156 
9.535324 1.000143 0.999654 1.000002 0.999654 1.000000 1.000622 1.000002 1.000622 1.000064 
9.558328 1.000029 1.000003 1.000047 1.000003 1.000240 0.999987 1.000047 0.999987 1.000259 
9.581332 1.000199 1.000253 0.999890 1.000253 0.999921 0.999735 0.999890 0.999735 1.000615 
9.604337 1.000140 1.000239 0.999929 1.000239 0.999593 1.000305 0.999929 1.000305 1.000625 
9.627341 1.000275 0.999995 1.000252 0.999995 1.000617 1.000076 1.000252 1.000076 0.999555 
9.650346 1.000381 0.999770 0.999945 0.999770 1.000945 1.000082 0.999945 1.000082 1.000037 
9.673350 1.000037 0.999833 0.999918 0.999833 1.001969 0.999826 0.999918 0.999826 1.000358 
9.696354 1.000513 1.000014 1.000082 1.000014 0.998972 1.000465 1.000082 1.000465 1.000651 
9.719358 1.000027 0.999880 1.000284 0.999880 1.000846 1.000558 1.000284 1.000558 0.999380 
9.742363 1.000296 0.999900 0.999973 0.999900 0.999883 1.000382 0.999973 1.000382 0.999562 
9.765368 1.000210 0.999803 1.000310 0.999803 1.000258 0.999830 1.000310 0.999830 1.000994 
9.788372 1.000325 0.999988 1.000182 0.999988 0.998769 0.999913 1.000182 0.999913 1.000564 
9.811377 1.000063 0.999767 0.999934 0.999767 1.000412 1.000057 0.999934 1.000057 0.999943 
9.834381 0.999955 1.000237 1.000369 1.000237 1.000743 0.999920 1.000369 0.999920 1.000384 
9.857386 1.000196 1.000028 0.999986 1.000028 1.000977 1.000058 0.999986 1.000058 0.999822 
9.880390 0.999895 1.000398 0.999986 1.000398 1.000300 0.999883 0.999986 0.999883 0.999536 
9.903394 1.000172 0.999852 1.000049 0.999852 0.999554 1.000485 1.000049 1.000485 0.999925 
9.926398 1.000366 0.999889 0.999820 0.999889 1.001171 1.000065 0.999820 1.000065 1.000043 
9.949403 1.000042 1.000110 0.999909 1.000110 0.999474 1.000146 0.999909 1.000146 1.000377 
9.972407 0.999818 1.000265 1.000144 1.000265 1.000166 0.999717 1.000144 0.999717 1.000608 
9.995412 1.000043 0.999870 1.000033 0.999870 0.999239 1.000161 1.000033 1.000161 0.999922 
10.018416 0.999952 1.000076 1.000179 1.000076 1.001082 0.999816 1.000179 0.999816 0.999794 
10.041420 1.000141 0.999885 0.999664 0.999885 1.000801 1.000145 0.999664 1.000145 1.000424 
10.064425 0.999988 1.000033 1.000025 1.000033 0.999882 1.000452 1.000025 1.000452 1.000143 
10.087429 1.000085 0.999525 0.999926 0.999525 1.001638 1.000467 0.999926 1.000467 0.999787 
10.110434 0.999891 1.000228 1.000080 1.000228 0.999073 0.999982 1.000080 0.999982 1.000161 
10.133438 1.000120 1.000232 1.000241 1.000232 1.000026 0.999596 1.000241 0.999596 1.000388 
10.156443 0.999956 0.999827 1.000051 0.999827 1.000234 1.000501 1.000051 1.000501 1.000390 
10.179447 1.000191 0.999628 0.999935 0.999628 1.000497 1.000445 0.999935 1.000445 1.000654 
10.202451 1.000128 1.000008 0.999978 1.000008 0.999442 1.000262 0.999978 1.000262 1.000201 
10.225455 0.999941 0.999795 0.999818 0.999795 0.999662 0.999964 0.999818 0.999964 1.000187 
10.248460 1.000217 1.000560 1.000070 1.000560 0.999104 0.999371 1.000070 0.999371 1.000213 
10.271464 1.000015 0.999975 1.000217 0.999975 0.999318 0.999640 1.000217 0.999640 0.999921 
10.294469 1.000006 0.999951 1.000083 0.999951 1.000431 0.999807 1.000083 0.999807 0.999246 
10.317473 1.000312 0.999953 1.000259 0.999953 1.000035 1.000013 1.000259 1.000013 1.000031 
10.340478 1.000236 1.000046 1.000009 1.000046 1.000064 0.999769 1.000009 0.999769 1.000641 
10.363482 1.000046 1.000257 1.000015 1.000257 1.001011 1.000539 1.000015 1.000539 1.000285 
10.386486 1.000272 0.999995 1.000190 0.999995 1.000197 1.001292 1.000190 1.001292 1.000081 
10.409491 1.000303 1.000146 0.999839 1.000146 1.000653 1.000548 0.999839 1.000548 1.000210 
10.432495 0.999931 0.999870 0.999876 0.999870 0.999851 0.999951 0.999876 0.999951 1.000162 
10.455500 1.000168 0.999673 0.999934 0.999673 1.000416 0.999796 0.999934 0.999796 0.999832 
10.478504 0.999934 0.999480 1.000070 0.999480 1.000052 0.999993 1.000070 0.999993 1.000440 
10.501509 0.999996 0.999975 0.999832 0.999975 1.000031 0.999811 0.999832 0.999811 1.000464 
10.524513 1.000593 1.000293 1.000062 1.000293 0.999245 1.000229 1.000062 1.000229 1.000744 
10.547517 1.000031 1.000087 0.999909 1.000087 0.999684 1.000009 0.999909 1.000009 1.000541 
10.570521 1.000086 1.000398 0.999978 1.000398 1.000320 1.000023 0.999978 1.000023 0.999713 
10.593526 1.000199 1.000230 1.000053 1.000230 1.000480 1.000119 1.000053 1.000119 1.000549 
10.616530 1.000068 0.999801 1.000041 0.999801 1.000585 1.000089 1.000041 1.000089 0.999930 
10.639535 1.000458 0.999983 1.000232 0.999983 1.000163 0.999528 1.000232 0.999528 1.000586 
10.662539 0.999985 1.000200 0.999835 1.000200 1.000349 1.000073 0.999835 1.000073 1.000270 
10.685544 1.000143 1.000323 1.000087 1.000323 0.999967 0.999488 1.000087 0.999488 0.999864 
10.708548 1.000122 1.000226 1.000209 1.000226 0.999798 0.999738 1.000209 0.999738 0.999990 
10.731552 1.000131 1.000204 0.999804 1.000204 1.001259 1.000304 0.999804 1.000304 1.000350 
10.754557 1.000035 0.999887 0.999798 0.999887 1.000062 0.999122 0.999798 0.999122 1.000087 
10.777561 1.000029 1.000075 1.000216 1.000075 0.999938 1.000470 1.000216 1.000470 0.999720 
10.800566 0.999961 0.999787 0.999718 0.999787 0.998815 0.999942 0.999718 0.999942 1.000485 
10.823570 1.000125 1.000181 1.000015 1.000181 1.000148 1.000644 1.000015 1.000644 1.000046 
10.846575 1.000079 0.999689 1.000198 0.999689 0.999808 1.000261 1.000198 1.000261 0.999966 
10.869579 1.000041 0.999657 0.999865 0.999657 1.000076 1.000474 0.999865 1.000474 1.000275 
10.892583 1.000489 0.999976 1.000073 0.999976 1.000337 1.000415 1.000073 1.000415 1.000029 
10.915587 0.999915 0.999917 0.999894 0.999917 1.001180 1.000567 0.999894 1.000567 0.999829 
10.938592 1.000058 0.999960 1.000225 0.999960 0.999726 0.999813 1.000225 0.999813 1.000082 
10.961596 1.000255 0.999998 0.999998 0.999998 1.000567 0.999992 0.999998 0.999992 1.000570 
10.984601 1.000215 0.999604 0.999893 0.999604 0.999928 0.999996 0.999893 0.999996 1.000145 
11.007606 0.999896 1.000017 1.000244 1.000017 1.000418 0.999931 1.000244 0.999931 0.999959 
11.030610 1.000320 0.999882 1.000052 0.999882 0.999972 1.000733 1.000052 1.000733 1.000125 
11.053614 1.000048 1.000141 0.999749 1.000141 1.000194 1.000545 0.999749 1.000545 1.000236 
11.076618 0.999947 1.000248 1.000119 1.000248 1.002104 1.000023 1.000119 1.000023 1.000349 
11.099623 1.000240 0.999529 1.000241 0.999529 1.000088 0.999845 1.000241 0.999845 1.000245 
11.122627 0.999950 1.000095 0.999949 1.000095 0.999729 0.999917 0.999949 0.999917 1.000469 
11.145632 0.999945 0.999667 1.000196 0.999667 0.999632 1.000332 1.000196 1.000332 0.999942 
11.168636 0.999904 1.000185 0.999963 1.000185 1.000592 1.000049 0.999963 1.000049 0.999924 
11.191640 1.000395 1.000555 1.000303 1.000555 1.000015 1.000036 1.000303 1.000036 1.000415 
11.214644 1.000177 0.999945 1.000002 0.999945 0.999648 1.000311 1.000002 1.000311 0.999723 
11.237649 1.000166 0.999892 1.000048 0.999892 0.999818 0.999962 1.000048 0.999962 1.000743 
11.260653 1.000180 0.999886 0.999924 0.999886 0.999989 1.000088 0.999924 1.000088 1.000305 
11.283658 1.000105 0.999935 0.999978 0.999935 1.000727 1.000103 0.999978 1.000103 1.000178 
11.306663 1.000088 1.000035 0.999879 1.000035 1.000228 0.999260 0.999879 0.999260 1.000224 
11.329667 0.999918 1.000055 1.000202 1.000055 0.999640 0.999795 1.000202 0.999795 1.000348 
11.352671 1.000263 0.999951 1.000015 0.999951 1.000883 1.000500 1.000015 1.000500 1.000279 
11.375675 1.000385 1.000457 0.999949 1.000457 1.000611 1.000108 0.999949 1.000108 1.000012 
11.398680 1.000102 0.999980 1.000127 0.999980 0.998763 1.000421 1.000127 1.000421 1.000084 
11.421684 1.000156 1.000007 0.999834 1.000007 1.000532 0.999603 0.999834 0.999603 1.000077 
11.444689 1.000596 0.999730 0.999710 0.999730 0.999876 1.000615 0.999710 1.000615 0.999996 
11.467693 1.000219 1.000242 0.999831 1.000242 1.000131 0.999994 0.999831 0.999994 1.000595 
11.490698 1.000130 0.999616 0.999857 0.999616 1.000346 1.000102 0.999857 1.000102 1.000014 
11.513702 0.996958 0.997124 0.997260 0.997124 0.997019 0.996469 0.997260 0.996469 0.997337 
11.536706 0.990852 0.990971 0.991036 0.990971 0.990371 0.990997 0.991036 0.990997 0.991115 
11.559711 0.985169 0.985124 0.984853 0.985124 0.984206 0.986008 0.984853 0.986008 0.985584 
11.582715 0.979095 0.978992 0.979272 0.978992 0.978974 0.979682 0.979272 0.979682 0.979234 
11.605720 0.973278 0.973304 0.973228 0.973304 0.972379 0.973553 0.973228 0.973553 0.973374 
11.628724 0.967548 0.967561 0.967287 0.967561 0.967503 0.967173 0.967287 0.967173 0.967594 
11.651729 0.961270 0.961511 0.961407 0.961511 0.961563 0.962166 0.961407 0.962166 0.961343 
11.674733 0.955477 0.955744 0.955857 0.955744 0.956132 0.955393 0.955857 0.955393 0.956150 
11.697737 0.950068 0.949746 0.949881 0.949746 0.949818 0.949750 0.949881 0.949750 0.949817 
11.720741 0.944234 0.944250 0.943873 0.944250 0.943922 0.944211 0.943873 0.944211 0.943807 
11.743746 0.938449 0.938144 0.938446 0.938144 0.938809 0.938106 0.938446 0.938106 0.938583 
11.766750 0.932827 0.932396 0.932562 0.932396 0.933003 0.932594 0.932562 0.932594 0.933162 
11.789755 0.927203 0.926777 0.926987 0.926777 0.927096 0.926987 0.926987 0.926987 0.927235 
11.812759 0.921314 0.921172 0.921106 0.921172 0.921555 0.921004 0.921106 0.921004 0.921464 
11.835764 0.915643 0.915072 0.915294 0.915072 0.916362 0.915438 0.915294 0.915438 0.915541 
11.858768 0.910000 0.909870 0.909951 0.909870 0.910168 0.909868 0.909951 0.909868 0.910249 
11.881772 0.904062 0.904195 0.904258 0.904195 0.904155 0.904259 0.904258 0.904259 0.904162 
11.904777 0.898843 0.898652 0.898591 0.898652 0.899002 0.898339 0.898591 0.898339 0.898323 
11.927781 0.892904 0.893144 0.893155 0.893144 0.892956 0.893187 0.893155 0.893187 0.892753 
11.950786 0.887370 0.887547 0.887486 0.887547 0.887552 0.887574 0.887486 0.887574 0.887096 
11.973790 0.882024 0.881659 0.881760 0.881659 0.881598 0.881991 0.881760 0.881991 0.881647 
11.996795 0.876330 0.875928 0.876696 0.875928 0.876689 0.876289 0.876696 0.876289 0.876420 
12.019799 0.871021 0.870961 0.870843 0.870961 0.871106 0.870790 0.870843 0.870790 0.870682 
12.042803 0.865438 0.865270 0.865533 0.865270 0.865791 0.866132 0.865533 0.866132 0.865716 
12.065807 0.860091 0.859871 0.859983 0.859871 0.860535 0.859571 0.859983 0.859571 0.860059 
12.088812 0.854483 0.854402 0.854327 0.854402 0.854926 0.854974 0.854327 0.854974 0.855042 
12.111816 0.849062 0.849060 0.849164 0.849060 0.848854 0.849001 0.849164 0.849001 0.848784 
12.134821 0.843641 0.843252 0.843560 0.843252 0.843376 0.843764 0.843560 0.843764 0.843860 
12.157825 0.838112 0.838369 0.838267 0.838369 0.838312 0.838181 0.838267 0.838181 0.838082 
12.180830 0.832940 0.832741 0.832998 0.832741 0.832963 0.832838 0.832998 0.832838 0.833090 
12.203834 0.827535 0.827534 0.827713 0.827534 0.827885 0.827399 0.827713 0.827399 0.826880 
12.226838 0.822219 0.822420 0.821974 0.822420 0.822312 0.822148 0.821974 0.822148 0.822305 
12.249843 0.816941 0.816822 0.817094 0.816822 0.817076 0.817338 0.817094 0.817338 0.816976 
12.272847 0.811873 0.811692 0.811678 0.811692 0.811362 0.811925 0.811678 0.811925 0.811942 
12.295852 0.806317 0.806425 0.806349 0.806425 0.806289 0.805705 0.806349 0.805705 0.806596 
12.318856 0.801090 0.801364 0.800887 0.801364 0.800541 0.801270 0.800887 0.801270 0.800814 
12.341861 0.795835 0.795980 0.795968 0.795980 0.796191 0.796189 0.795968 0.796189 0.796126 
12.364865 0.790834 0.790535 0.790592 0.790535 0.791542 0.790770 0.790592 0.790770 0.791240 
12.387869 0.785556 0.785363 0.785295 0.785363 0.784862 0.785435 0.785295 0.785435 0.785586 
12.410873 0.780296 0.780220 0.780461 0.780220 0.779804 0.780471 0.780461 0.780471 0.780398 
12.433878 0.775332 0.775239 0.775241 0.775239 0.775093 0.775390 0.775241 0.775390 0.774871 
12.456882 0.770214 0.769979 0.770052 0.769979 0.770390 0.770054 0.770052 0.770054 0.770263 
12.479887 0.765119 0.765165 0.764906 0.765165 0.764672 0.765326 0.764906 0.765326 0.765120 
12.502892 0.760053 0.760322 0.760004 0.760322 0.759565 0.759964 0.760004 0.759964 0.760157 
12.525896 0.755107 0.754982 0.755048 0.754982 0.755583 0.754871 0.755048 0.754871 0.755294 
12.548900 0.749883 0.749852 0.749587 0.749852 0.750591 0.749749 0.749587 0.749749 0.750121 
12.571904 0.744589 0.744533 0.744732 0.744533 0.745130 0.744709 0.744732 0.744709 0.744898 
12.594909 0.739728 0.739718 0.739675 0.739718 0.740323 0.739599 0.739675 0.739599 0.739953 
12.617913 0.734738 0.734725 0.734705 0.734725 0.735486 0.735178 0.734705 0.735178 0.734570 
12.640918 0.730088 0.729421 0.729712 0.729421 0.729146 0.729738 0.729712 0.729738 0.730055 
12.663922 0.724913 0.724721 0.724697 0.724721 0.724088 0.724831 0.724697 0.724831 0.725051 
12.686926 0.720182 0.719780 0.719989 0.719780 0.720167 0.720032 0.719989 0.720032 0.719929 
12.709930 0.715080 0.714801 0.714893 0.714801 0.714725 0.715114 0.714893 0.715114 0.714904 
12.732935 0.710227 0.709636 0.710103 0.709636 0.709415 0.710158 0.710103 0.710158 0.710380 
12.755939 0.705178 0.705017 0.705210 0.705017 0.704701 0.704841 0.705210 0.704841 0.705707 
12.778944 0.700398 0.700404 0.700301 0.700404 0.700692 0.700076 0.700301 0.700076 0.700326 
12.801949 0.695584 0.695543 0.695349 0.695543 0.695841 0.695595 0.695349 0.695595 0.695608 
12.824953 0.690700 0.690451 0.690440 0.690451 0.690973 0.690789 0.690440 0.690789 0.690201 
12.847957 0.685790 0.685802 0.685593 0.685802 0.686462 0.685934 0.685593 0.685934 0.685949 
12.870961 0.680969 0.681011 0.681134 0.681011 0.681555 0.681055 0.681134 0.681055 0.680704 
12.893966 0.676368 0.676277 0.676411 0.676277 0.676912 0.676567 0.676411 0.676567 0.676595 
12.916970 0.671585 0.671525 0.671360 0.671525 0.671896 0.671615 0.671360 0.671615 0.671787 
12.939975 0.666786 0.666514 0.666934 0.666514 0.666752 0.666523 0.666934 0.666523 0.666965 
12.962979 0.661964 0.661946 0.661963 0.661946 0.662162 0.661842 0.661963 0.661842 0.661927 
12.985984 0.657260 0.657395 0.657337 0.657395 0.656909 0.657519 0.657337 0.657519 0.657187 
13.008988 0.652407 0.652468 0.652531 0.652468 0.652182 0.652513 0.652531 0.652513 0.652407 
13.031992 0.647920 0.647748 0.648006 0.647748 0.647042 0.647729 0.648006 0.647729 0.648005 
13.054996 0.643281 0.642952 0.642963 0.642952 0.643011 0.643243 0.642963 0.643243 0.643132 
13.078001 0.638527 0.638829 0.638472 0.638829 0.638305 0.638874 0.638472 0.638874 0.638452 
13.101006 0.633978 0.634010 0.633797 0.634010 0.633828 0.634302 0.633797 0.634302 0.633873 
13.124010 0.629352 0.629134 0.629212 0.629134 0.629324 0.629497 0.629212 0.629497 0.629491 
13.147015 0.624804 0.624552 0.624664 0.624552 0.625147 0.624621 0.624664 0.624621 0.624745 
13.170019 0.620066 0.620028 0.619977 0.620028 0.620054 0.620227 0.619977 0.620227 0.620117 
13.193023 0.615417 0.615610 0.615788 0.615610 0.615521 0.615364 0.615788 0.615364 0.615888 
13.216027 0.611020 0.610785 0.610927 0.610785 0.611211 0.610855 0.610927 0.610855 0.610935 
13.239032 0.606388 0.606686 0.606444 0.606686 0.606659 0.606581 0.606444 0.606581 0.606487 
13.262036 0.602029 0.601913 0.601760 0.601913 0.602003 0.601909 0.601760 0.601909 0.601777 
13.285041 0.597377 0.597391 0.597419 0.597391 0.597161 0.597397 0.597419 0.597397 0.597618 
13.308045 0.592940 0.592815 0.592809 0.592815 0.593091 0.592963 0.592809 0.592963 0.592945 
13.331050 0.588515 0.588572 0.588414 0.588572 0.588577 0.588478 0.588414 0.588478 0.588407 
13.354054 0.584047 0.584218 0.584035 0.584218 0.584338 0.584000 0.584035 0.584000 0.584044 
13.377058 0.579400 0.579755 0.579443 0.579755 0.579443 0.579660 0.579443 0.579660 0.579826 
13.400063 0.575255 0.574967 0.574926 0.574967 0.575521 0.574778 0.574926 0.574778 0.575127 
13.423067 0.570912 0.570634 0.570776 0.570634 0.570615 0.570799 0.570776 0.570799 0.570945 
13.446072 0.566402 0.566273 0.566468 0.566273 0.566634 0.566529 0.566468 0.566529 0.566202 
13.469076 0.561759 0.561873 0.561921 0.561873 0.562333 0.561945 0.561921 0.561945 0.561673 
13.492081 0.557570 0.557467 0.557384 0.557467 0.557803 0.557402 0.557384 0.557402 0.557980 
13.515085 0.553325 0.553136 0.553254 0.553136 0.553302 0.553049 0.553254 0.553049 0.553088 
13.538089 0.548999 0.549161 0.548911 0.549161 0.549371 0.548793 0.548911 0.548793 0.548910 
13.561093 0.544644 0.544496 0.544728 0.544496 0.544666 0.544220 0.544728 0.544220 0.544810 
13.584098 0.540424 0.540169 0.540110 0.540169 0.540310 0.540283 0.540110 0.540283 0.540563 
13.607102 0.535942 0.536011 0.535906 0.536011 0.535947 0.535962 0.535906 0.535962 0.535993 
13.630107 0.531659 0.531451 0.531838 0.531451 0.531564 0.531571 0.531838 0.531571 0.532140 
13.653111 0.527471 0.527455 0.527417 0.527455 0.526808 0.527193 0.527417 0.527193 0.527615 
13.676116 0.523259 0.523090 0.523201 0.523090 0.523374 0.523363 0.523201 0.523363 0.523187 
13.699120 0.519111 0.518947 0.519069 0.518947 0.518795 0.518973 0.519069 0.518973 0.519217 
13.722124 0.514791 0.514359 0.514709 0.514359 0.515547 0.514518 0.514709 0.514518 0.514807 
13.745129 0.510511 0.510337 0.510367 0.510337 0.510934 0.510492 0.510367 0.510492 0.510651 
13.768133 0.506386 0.506566 0.506281 0.506566 0.506900 0.506011 0.506281 0.506011 0.506175 
13.791138 0.502236 0.502299 0.501990 0.502299 0.502554 0.502032 0.501990 0.502032 0.502128 
13.814142 0.497906 0.498108 0.497984 0.498108 0.498297 0.497775 0.497984 0.497775 0.498217 
13.837147 0.493807 0.493623 0.493697 0.493623 0.494161 0.493748 0.493697 0.493748 0.493767 
13.860151 0.489805 0.489551 0.489621 0.489551 0.489378 0.489810 0.489621 0.489810 0.489879 
13.883155 0.485576 0.485541 0.485550 0.485541 0.486646 0.485829 0.485550 0.485829 0.485581 
13.906159 0.481247 0.481457 0.481461 0.481457 0.481929 0.481208 0.481461 0.481208 0.481577 
13.929164 0.477143 0.477301 0.477220 0.477301 0.477362 0.477563 0.477220 0.477563 0.477555 
13.952168 0.473207 0.473211 0.473153 0.473211 0.473451 0.472987 0.473153 0.472987 0.473121 
13.975173 0.469249 0.469117 0.469135 0.469117 0.468752 0.469226 0.469135 0.469226 0.469010 
13.998178 0.465083 0.465049 0.465143 0.465049 0.465743 0.464893 0.465143 0.464893 0.465146 
14.021182 0.461030 0.461043 0.461097 0.461043 0.461499 0.460973 0.461097 0.460973 0.461187 
14.044186 0.457063 0.456961 0.457025 0.456961 0.456676 0.457133 0.457025 0.457133 0.456960 
14.067190 0.453023 0.452917 0.453056 0.452917 0.453287 0.453057 0.453056 0.453057 0.452798 
14.090195 0.449110 0.449005 0.448962 0.449005 0.448870 0.449224 0.448962 0.449224 0.448937 
14.113199 0.445060 0.445040 0.444947 0.445040 0.444835 0.444894 0.444947 0.444894 0.444999 
14.136204 0.441172 0.441171 0.441027 0.441171 0.441790 0.441149 0.441027 0.441149 0.440984 
14.159208 0.436984 0.436976 0.436994 0.436976 0.436948 0.436859 0.436994 0.436859 0.437192 
14.182212 0.433196 0.432997 0.433046 0.432997 0.432980 0.432989 0.433046 0.432989 0.433079 
14.205216 0.429179 0.429070 0.429024 0.429070 0.429450 0.428839 0.429024 0.428839 0.429358 
14.228221 0.425188 0.425444 0.425173 0.425444 0.425119 0.425415 0.425173 0.425415 0.425237 
14.251225 0.421440 0.421250 0.421397 0.421250 0.421487 0.421393 0.421397 0.421393 0.421367 
14.274230 0.417442 0.417573 0.417436 0.417573 0.417308 0.417609 0.417436 0.417609 0.417606 
14.297235 0.413708 0.413291 0.413509 0.413291 0.413582 0.413491 0.413509 0.413491 0.413670 
14.320239 0.409583 0.409547 0.409492 0.409547 0.409705 0.409487 0.409492 0.409487 0.409602 
14.343243 0.405775 0.405674 0.405714 0.405674 0.406227 0.405915 0.405714 0.405915 0.406155 
14.366247 0.401883 0.402118 0.401963 0.402118 0.401640 0.401762 0.401963 0.401762 0.402033 
14.389252 0.398093 0.398123 0.398096 0.398123 0.397715 0.398274 0.398096 0.398274 0.398503 
14.412256 0.394289 0.394246 0.394311 0.394246 0.394694 0.394282 0.394311 0.394282 0.394076 
14.435261 0.390440 0.390578 0.390433 0.390578 0.390434 0.390332 0.390433 0.390332 0.390482 
14.458265 0.386693 0.386746 0.386537 0.386746 0.386662 0.386739 0.386537 0.386739 0.386944 
14.481270 0.382865 0.382676 0.382671 0.382676 0.382994 0.383000 0.382671 0.383000 0.383003 
14.504274 0.379193 0.379093 0.379093 0.379093 0.378925 0.379210 0.379093 0.379210 0.379229 
14.527278 0.375275 0.375281 0.375443 0.375281 0.375121 0.375322 0.375443 0.375322 0.375402 
14.550282 0.371497 0.371563 0.371587 0.371563 0.371680 0.371609 0.371587 0.371609 0.371569 
14.573287 0.367878 0.367634 0.367883 0.367634 0.367972 0.367803 0.367883 0.367803 0.367875 
14.596292 0.364200 0.364110 0.364144 0.364110 0.364296 0.363932 0.364144 0.363932 0.364025 
14.619296 0.360434 0.360324 0.360451 0.360324 0.360288 0.360364 0.360451 0.360364 0.360380 
14.642301 0.356611 0.356750 0.356591 0.356750 0.356424 0.356785 0.356591 0.356785 0.356519 
14.665305 0.353065 0.352916 0.352977 0.352916 0.353504 0.353081 0.352977 0.353081 0.353013 
14.688309 0.349366 0.349225 0.349315 0.349225 0.349406 0.349307 0.349315 0.349307 0.349095 
14.711313 0.345757 0.345548 0.345577 0.345548 0.345823 0.345511 0.345577 0.345511 0.345854 
14.734318 0.341973 0.341890 0.341975 0.341890 0.342021 0.342193 0.341975 0.342193 0.342000 
14.757322 0.338282 0.338311 0.338314 0.338311 0.338399 0.338327 0.338314 0.338327 0.338212 
14.780327 0.334686 0.334573 0.334582 0.334573 0.334549 0.334237 0.334582 0.334237 0.334797 
14.803331 0.330999 0.331014 0.331016 0.331014 0.330983 0.331015 0.331016 0.331015 0.331186 
14.826336 0.327381 0.327512 0.327389 0.327512 0.327676 0.327515 0.327389 0.327515 0.327498 
14.849340 0.323872 0.323759 0.323656 0.323759 0.323934 0.323896 0.323656 0.323896 0.323780 
14.872344 0.320092 0.320158 0.320177 0.320158 0.319893 0.320389 0.320177 0.320389 0.320047 
14.895349 0.316617 0.316593 0.316651 0.316593 0.316732 0.316627 0.316651 0.316627 0.316504 
14.918353 0.313142 0.313113 0.312976 0.313113 0.312949 0.312956 0.312976 0.312956 0.312931 
14.941358 0.309581 0.309493 0.309500 0.309493 0.309557 0.309441 0.309500 0.309441 0.309343 
14.964362 0.305866 0.305719 0.305937 0.305719 0.305887 0.306076 0.305937 0.306076 0.305809 
14.987367 0.302533 0.302524 0.302349 0.302524 0.302354 0.302190 0.302349 0.302190 0.302560 
15.010371 0.298811 0.298875 0.298886 0.298875 0.299108 0.298838 0.298886 0.298838 0.298813 
15.033375 0.295223 0.295340 0.295448 0.295340 0.295561 0.295337 0.295448 0.295337 0.295392 
15.056379 0.291807 0.291668 0.291846 0.291668 0.291853 0.291705 0.291846 0.291705 0.291668 
15.079384 0.288420 0.288350 0.288416 0.288350 0.288576 0.288334 0.288416 0.288334 0.288375 
15.102388 0.284831 0.284762 0.284981 0.284762 0.285123 0.284679 0.284981 0.284679 0.284976 
15.125393 0.281490 0.281360 0.281383 0.281360 0.281038 0.281162 0.281383 0.281162 0.281379 
15.148397 0.277975 0.277991 0.277806 0.277991 0.278155 0.277721 0.277806 0.277721 0.278133 
15.171402 0.274486 0.274515 0.274477 0.274515 0.274056 0.274554 0.274477 0.274554 0.274331 
15.194406 0.271051 0.271066 0.271030 0.271066 0.271221 0.271099 0.271030 0.271099 0.271061 
15.217410 0.267596 0.267565 0.267583 0.267565 0.267643 0.267673 0.267583 0.267673 0.267546 
15.240415 0.264132 0.264149 0.264010 0.264149 0.264131 0.264268 0.264010 0.264268 0.264184 
15.263419 0.260796 0.260819 0.260748 0.260819 0.260350 0.260799 0.260748 0.260799 0.260832 
15.286424 0.257468 0.257322 0.257380 0.257322 0.257423 0.257491 0.257380 0.257491 0.257365 
15.309428 0.253906 0.253944 0.253980 0.253944 0.254197 0.253999 0.253980 0.253999 0.254020 
15.332433 0.250453 0.250502 0.250505 0.250502 0.250509 0.250532 0.250505 0.250532 0.250746 
15.355437 0.247100 0.247117 0.247242 0.247117 0.247574 0.247127 0.247242 0.247127 0.247194 
15.378441 0.243779 0.243817 0.243811 0.243817 0.244018 0.243966 0.243811 0.243966 0.243943 
15.401445 0.240524 0.240416 0.240459 0.240416 0.240290 0.240744 0.240459 0.240744 0.240459 
15.424450 0.237181 0.237166 0.237067 0.237166 0.237142 0.237121 0.237067 0.237121 0.237205 
15.447454 0.233890 0.233982 0.233771 0.233982 0.234055 0.233747 0.233771 0.233747 0.233797 
15.470459 0.230580 0.230503 0.230516 0.230503 0.230631 0.230523 0.230516 0.230523 0.230415 
15.493464 0.227215 0.227176 0.227274 0.227176 0.227235 0.227362 0.227274 0.227362 0.227311 
15.516468 0.223966 0.223893 0.223821 0.223893 0.224000 0.224003 0.223821 0.224003 0.224035 
15.539472 0.220610 0.220641 0.220510 0.220641 0.220535 0.220530 0.220510 0.220530 0.220742 
15.562476 0.217275 0.217345 0.217398 0.217345 0.217315 0.217181 0.217398 0.217181 0.217407 
15.585481 0.214063 0.213970 0.214083 0.213970 0.214039 0.213895 0.214083 0.213895 0.214023 
15.608485 0.210774 0.210655 0.210744 0.210655 0.211019 0.210932 0.210744 0.210932 0.210867 
15.631490 0.207486 0.207499 0.207549 0.207499 0.207461 0.207398 0.207549 0.207398 0.207500 
15.654494 0.204278 0.204212 0.204304 0.204212 0.203965 0.204208 0.204304 0.204208 0.204236 
15.677498 0.201027 0.200849 0.201026 0.200849 0.200835 0.200943 0.201026 0.200943 0.200948 
15.700502 0.197787 0.197890 0.197783 0.197890 0.198043 0.197693 0.197783 0.197693 0.197755 
15.723507 0.194621 0.194552 0.194513 0.194552 0.194782 0.194522 0.194513 0.194522 0.194726 
15.746511 0.191404 0.191324 0.191365 0.191324 0.191585 0.191450 0.191365 0.191450 0.191334 
15.769516 0.188227 0.188117 0.188158 0.188117 0.188091 0.188134 0.188158 0.188134 0.188203 
15.792521 0.185007 0.185007 0.185001 0.185007 0.185207 0.184956 0.185001 0.184956 0.184882 
15.815525 0.181944 0.181810 0.181875 0.181810 0.181871 0.181711 0.181875 0.181711 0.181810 
15.838529 0.178648 0.178682 0.178697 0.178682 0.178862 0.178679 0.178697 0.178679 0.178773 
15.861533 0.175561 0.175474 0.175399 0.175474 0.175750 0.175403 0.175399 0.175403 0.175398 
15.884538 0.172289 0.172332 0.172371 0.172332 0.172183 0.172276 0.172371 0.172276 0.172248 
15.907542 0.169239 0.169227 0.169191 0.169227 0.169058 0.169060 0.169191 0.169060 0.169489 
15.930547 0.166089 0.166091 0.166119 0.166091 0.166036 0.166145 0.166119 0.166145 0.166125 
15.953551 0.163003 0.163051 0.163013 0.163051 0.163065 0.163001 0.163013 0.163001 0.162820 
15.976556 0.159809 0.159951 0.159867 0.159951 0.160173 0.159799 0.159867 0.159799 0.159785 
15.999560 0.156774 0.156716 0.156675 0.156716 0.156751 0.156883 0.156675 0.156883 0.156683 
16.022565 0.153651 0.153673 0.153577 0.153673 0.153546 0.153616 0.153577 0.153616 0.153600 
16.045569 0.150548 0.150510 0.150540 0.150510 0.150402 0.150412 0.150540 0.150412 0.150677 
16.068574 0.147407 0.147581 0.147475 0.147581 0.147633 0.147444 0.147475 0.147444 0.147602 
16.091578 0.144347 0.144317 0.144421 0.144317 0.144263 0.144555 0.144421 0.144555 0.144463 
16.114581 0.141330 0.141360 0.141363 0.141360 0.141493 0.141343 0.141363 0.141343 0.141274 
16.137586 0.138288 0.138281 0.138317 0.138281 0.138343 0.138235 0.138317 0.138235 0.138342 
16.160590 0.135303 0.135220 0.135288 0.135220 0.135225 0.135190 0.135288 0.135190 0.135357 
16.183595 0.132219 0.132127 0.132148 0.132127 0.132396 0.132124 0.132148 0.132124 0.132140 
16.206599 0.129157 0.129109 0.129179 0.129109 0.129217 0.129156 0.129179 0.129156 0.129259 
16.229604 0.126114 0.126195 0.126183 0.126195 0.126158 0.126189 0.126183 0.126189 0.126237 
16.252608 0.123167 0.123233 0.123160 0.123233 0.123245 0.123216 0.123160 0.123216 0.123083 
16.275613 0.120133 0.120196 0.120176 0.120196 0.120076 0.120391 0.120176 0.120391 0.120252 
16.298617 0.117510 0.117470 0.117376 0.117470 0.117636 0.117501 0.117376 0.117501 0.117502 
16.321622 0.114910 0.114802 0.114814 0.114802 0.115053 0.114892 0.114814 0.114892 0.114829 
16.344626 0.112402 0.112404 0.112340 0.112404 0.112395 0.112283 0.112340 0.112283 0.112422 
16.367631 0.109968 0.109885 0.109953 0.109885 0.110067 0.110046 0.109953 0.110046 0.109934 
16.390635 0.107660 0.107560 0.107642 0.107560 0.107701 0.107707 0.107642 0.107707 0.107710 
16.413639 0.105323 0.105406 0.105375 0.105406 0.105353 0.105438 0.105375 0.105438 0.105306 
16.436643 0.103153 0.103099 0.103172 0.103099 0.103196 0.103170 0.103172 0.103170 0.103219 
16.459647 0.101080 0.101047 0.100958 0.101047 0.100814 0.101021 0.100958 0.101021 0.100970 
16.482652 0.098958 0.098895 0.098930 0.098895 0.098917 0.098886 0.098930 0.098886 0.098870 
16.505656 0.096884 0.096823 0.096830 0.096823 0.096867 0.096784 0.096830 0.096784 0.096843 
16.528661 0.094833 0.094817 0.094863 0.094817 0.094813 0.094789 0.094863 0.094789 0.094914 
16.551665 0.092904 0.092847 0.092912 0.092847 0.092808 0.092804 0.092912 0.092804 0.092853 
16.574670 0.090956 0.090956 0.090960 0.090956 0.090965 0.090911 0.090960 0.090911 0.090960 
16.597674 0.089101 0.089115 0.089128 0.089115 0.089185 0.089191 0.089128 0.089191 0.089126 
16.620679 0.087242 0.087153 0.087268 0.087153 0.087250 0.087226 0.087268 0.087226 0.087299 
16.643683 0.085425 0.085480 0.085459 0.085480 0.085334 0.085415 0.085459 0.085415 0.085476 
16.666688 0.083730 0.083672 0.083663 0.083672 0.083651 0.083693 0.083663 0.083693 0.083698 
16.689692 0.082008 0.081950 0.081961 0.081950 0.081983 0.081991 0.081961 0.081991 0.081926 
16.712697 0.080226 0.080234 0.080217 0.080234 0.080411 0.080238 0.080217 0.080238 0.080263 
16.735702 0.078555 0.078538 0.078600 0.078538 0.078665 0.078671 0.078600 0.078671 0.078692 
16.758705 0.076974 0.076876 0.076997 0.076876 0.077051 0.076993 0.076997 0.076993 0.076919 
16.781709 0.075410 0.075404 0.075323 0.075404 0.075365 0.075338 0.075323 0.075338 0.075365 
16.804713 0.073842 0.073794 0.073869 0.073794 0.073676 0.073885 0.073869 0.073885 0.073792 
16.827718 0.072286 0.072278 0.072283 0.072278 0.072246 0.072341 0.072283 0.072341 0.072373 
16.850722 0.070750 0.070757 0.070734 0.070757 0.070856 0.070811 0.070734 0.070811 0.070729 
16.873727 0.069261 0.069282 0.069233 0.069282 0.069308 0.069379 0.069233 0.069379 0.069310 
16.896731 0.067843 0.067879 0.067849 0.067879 0.067768 0.067797 0.067849 0.067797 0.067804 
16.919736 0.066407 0.066417 0.066318 0.066417 0.066512 0.066395 0.066318 0.066395 0.066408 
16.942740 0.065009 0.064959 0.064977 0.064959 0.065109 0.065004 0.064977 0.065004 0.064952 
16.965745 0.063619 0.063650 0.063665 0.063650 0.063625 0.063645 0.063665 0.063645 0.063648 
16.988750 0.062262 0.062237 0.062234 0.062237 0.062519 0.062187 0.062234 0.062187 0.062280 
17.011754 0.060957 0.060972 0.060948 0.060972 0.060971 0.060918 0.060948 0.060918 0.060896 
17.034759 0.059638 0.059667 0.059636 0.059667 0.059617 0.059669 0.059636 0.059669 0.059647 
17.057763 0.058394 0.058320 0.058356 0.058320 0.058256 0.058424 0.058356 0.058424 0.058233 
17.080767 0.057080 0.057080 0.057080 0.057080 0.057154 0.057067 0.057080 0.057067 0.057115 
17.103770 0.055864 0.055845 0.055823 0.055845 0.055702 0.055768 0.055823 0.055768 0.055840 
17.126775 0.054619 0.054564 0.054647 0.054564 0.054613 0.054687 0.054647 0.054687 0.054616 
17.149779 0.053454 0.053474 0.053442 0.053474 0.053461 0.053364 0.053442 0.053364 0.053518 
17.172784 0.052245 0.052268 0.052286 0.052268 0.052253 0.052243 0.052286 0.052243 0.052347 
17.195788 0.051172 0.051098 0.051109 0.051098 0.051156 0.051171 0.051109 0.051171 0.051172 
17.218793 0.049973 0.049984 0.049998 0.049984 0.049909 0.050034 0.049998 0.050034 0.050045 
17.241797 0.048880 0.048852 0.048846 0.048852 0.048892 0.048886 0.048846 0.048886 0.048921 
17.264802 0.047779 0.047789 0.047803 0.047789 0.047759 0.047857 0.047803 0.047857 0.047680 
17.287807 0.046710 0.046768 0.046709 0.046768 0.046637 0.046750 0.046709 0.046750 0.046724 
17.310811 0.045616 0.045614 0.045648 0.045614 0.045533 0.045639 0.045648 0.045639 0.045648 
17.333816 0.044610 0.044656 0.044588 0.044656 0.044497 0.044667 0.044588 0.044667 0.044607 
17.356820 0.043619 0.043622 0.043589 0.043622 0.043621 0.043564 0.043589 0.043564 0.043635 
17.379825 0.042574 0.042589 0.042595 0.042589 0.042545 0.042580 0.042595 0.042580 0.042582 
17.402829 0.041595 0.041599 0.041602 0.041599 0.041485 0.041587 0.041602 0.041587 0.041640 
17.425833 0.040663 0.040662 0.040673 0.040662 0.040588 0.040649 0.040673 0.040649 0.040722 
17.448836 0.039723 0.039702 0.039726 0.039702 0.039786 0.039748 0.039726 0.039748 0.039737 
17.471841 0.038765 0.038803 0.038776 0.038803 0.038704 0.038734 0.038776 0.038734 0.038759 
17.494845 0.037880 0.037864 0.037848 0.037864 0.037907 0.037860 0.037848 0.037860 0.037816 
17.517850 0.036943 0.036937 0.036936 0.036937 0.037035 0.036928 0.036936 0.036928 0.036993 
17.540854 0.036078 0.036058 0.036063 0.036058 0.036136 0.036124 0.036063 0.036124 0.036095 
17.563859 0.035188 0.035167 0.035233 0.035167 0.035283 0.035235 0.035233 0.035235 0.035214 
17.586864 0.034359 0.034287 0.034370 0.034287 0.034356 0.034306 0.034370 0.034306 0.034389 
17.609868 0.033548 0.033568 0.033538 0.033568 0.033435 0.033491 0.033538 0.033491 0.033531 
17.632873 0.032672 0.032673 0.032698 0.032673 0.032664 0.032718 0.032698 0.032718 0.032648 
17.655877 0.031875 0.031879 0.031917 0.031879 0.031894 0.031891 0.031917 0.031891 0.031901 
17.678882 0.031101 0.031100 0.031089 0.031100 0.031150 0.031081 0.031089 0.031081 0.031105 
17.701886 0.030313 0.030289 0.030289 0.030289 0.030383 0.030338 0.030289 0.030338 0.030273 
17.724891 0.029557 0.029517 0.029538 0.029517 0.029545 0.029526 0.029538 0.029526 0.029501 
17.747894 0.028814 0.028815 0.028766 0.028815 0.028702 0.028738 0.028766 0.028738 0.028775 
17.770898 0.028033 0.028013 0.028051 0.028013 0.028049 0.028051 0.028051 0.028051 0.028030 
17.793902 0.027347 0.027329 0.027289 0.027329 0.027282 0.027255 0.027289 0.027255 0.027279 
17.816907 0.026616 0.026599 0.026596 0.026599 0.026653 0.026611 0.026596 0.026611 0.026607 
17.839911 0.025899 0.025941 0.025902 0.025941 0.025972 0.025880 0.025902 0.025880 0.025960 
17.862916 0.025223 0.025191 0.025239 0.025191 0.025224 0.025314 0.025239 0.025314 0.025222 
17.885921 0.024545 0.024563 0.024569 0.024563 0.024574 0.024568 0.024569 0.024568 0.024505 
17.908925 0.023908 0.023843 0.023862 0.023843 0.023906 0.023890 0.023862 0.023890 0.023888 
17.931930 0.023224 0.023234 0.023210 0.023234 0.023275 0.023191 0.023210 0.023191 0.023244 
17.954934 0.022583 0.022581 0.022599 0.022581 0.022663 0.022601 0.022599 0.022601 0.022634 
17.977939 0.021956 0.021966 0.021951 0.021966 0.022016 0.021990 0.021951 0.021990 0.021913 
18.000943 0.021347 0.021372 0.021356 0.021372 0.021390 0.021350 0.021356 0.021350 0.021360 
18.023948 0.020747 0.020757 0.020756 0.020757 0.020749 0.020747 0.020756 0.020747 0.020754 
18.046952 0.020156 0.020169 0.020156 0.020169 0.020069 0.020134 0.020156 0.020134 0.020136 
18.069957 0.019596 0.019546 0.019590 0.019546 0.019632 0.019592 0.019590 0.019592 0.019575 
18.092960 0.019020 0.018997 0.019017 0.018997 0.019049 0.019016 0.019017 0.019016 0.019047 
18.115964 0.018462 0.018478 0.018458 0.018478 0.018436 0.018436 0.018458 0.018436 0.018463 
18.138968 0.017898 0.017907 0.017892 0.017907 0.017865 0.017917 0.017892 0.017917 0.017876 
18.161973 0.017375 0.017380 0.017394 0.017380 0.017393 0.017374 0.017394 0.017374 0.017360 
18.184978 0.016823 0.016846 0.016855 0.016846 0.016847 0.016842 0.016855 0.016842 0.016875 
18.207982 0.016319 0.016355 0.016343 0.016355 0.016394 0.016353 0.016343 0.016353 0.016293 
18.230987 0.015834 0.015841 0.015826 0.015841 0.015878 0.015815 0.015826 0.015815 0.015844 
18.253991 0.015350 0.015313 0.015336 0.015313 0.015358 0.015338 0.015336 0.015338 0.015323 
18.276996 0.014845 0.014838 0.014855 0.014838 0.014816 0.014842 0.014855 0.014842 0.014831 
18.300000 0.014374 0.014381 0.014395 0.014381 0.014387 0.014408 0.014395 0.014408 0.014386 
18.323005 0.013916 0.013924 0.013923 0.013924 0.013929 0.013893 0.013923 0.013893 0.013911 
18.346009 0.013462 0.013472 0.013478 0.013472 0.013414 0.013435 0.013478 0.013435 0.013505 
18.369014 0.013022 0.013006 0.012992 0.013006 0.012947 0.013009 0.012992 0.013009 0.013084 
18.392018 0.012579 0.012572 0.012583 0.012572 0.012581 0.012611 0.012583 0.012611 0.012598 
18.415022 0.012137 0.012152 0.012144 0.012152 0.012073 0.012138 0.012144 0.012138 0.012152 
18.438025 0.011729 0.011734 0.011725 0.011734 0.011644 0.011730 0.011725 0.011730 0.011742 
18.461030 0.011338 0.011311 0.011332 0.011311 0.011313 0.011275 0.011332 0.011275 0.011322 
18.484035 0.010937 0.010917 0.010912 0.010917 0.010988 0.010908 0.010912 0.010908 0.010945 
18.507039 0.010538 0.010540 0.010534 0.010540 0.010559 0.010544 0.010534 0.010544 0.010525 
18.530044 0.010149 0.010173 0.010149 0.010173 0.010215 0.010182 0.010149 0.010182 0.010156 
18.553048 0.009780 0.009788 0.009784 0.009788 0.009787 0.009748 0.009784 0.009748 0.009781 
18.576053 0.009402 0.009394 0.009408 0.009394 0.009461 0.009419 0.009408 0.009419 0.009427 
18.599057 0.009058 0.009064 0.009046 0.009064 0.009089 0.009050 0.009046 0.009050 0.009073 
18.622062 0.008711 0.008721 0.008706 0.008721 0.008758 0.008715 0.008706 0.008715 0.008672 
18.645066 0.008364 0.008374 0.008364 0.008374 0.008364 0.008364 0.008364 0.008364 0.008366 
18.668071 0.008050 0.008039 0.008039 0.008039 0.008043 0.008044 0.008039 0.008044 0.008058 
18.691075 0.007714 0.007705 0.007715 0.007705 0.007740 0.007704 0.007715 0.007704 0.007715 
18.714080 0.007404 0.007404 0.007407 0.007404 0.007430 0.007410 0.007407 0.007410 0.007411 
18.737083 0.007107 0.007080 0.007076 0.007080 0.007074 0.007092 0.007076 0.007092 0.007077 
18.760087 0.006783 0.006775 0.006797 0.006775 0.006803 0.006798 0.006797 0.006798 0.006795 
18.783092 0.006499 0.006487 0.006506 0.006487 0.006467 0.006521 0.006506 0.006521 0.006486 
18.806096 0.006211 0.006217 0.006218 0.006217 0.006211 0.006226 0.006218 0.006226 0.006194 
18.829101 0.005940 0.005944 0.005937 0.005944 0.005974 0.005930 0.005937 0.005930 0.005949 
18.852105 0.005672 0.005668 0.005678 0.005668 0.005669 0.005678 0.005678 0.005678 0.005637 
18.875110 0.005405 0.005393 0.005402 0.005393 0.005361 0.005395 0.005402 0.005395 0.005417 
18.898114 0.005155 0.005154 0.005143 0.005154 0.005141 0.005158 0.005143 0.005158 0.005147 
18.921119 0.004902 0.004904 0.004898 0.004904 0.004936 0.004907 0.004898 0.004907 0.004895 
18.944123 0.004664 0.004671 0.004659 0.004671 0.004668 0.004650 0.004659 0.004650 0.004671 
18.967128 0.004424 0.004420 0.004426 0.004420 0.004451 0.004442 0.004426 0.004442 0.004445 
18.990132 0.004206 0.004191 0.004198 0.004191 0.004216 0.004202 0.004198 0.004202 0.004225 
19.013137 0.003982 0.003999 0.003983 0.003999 0.003983 0.003969 0.003983 0.003969 0.003992 
19.036141 0.003769 0.003768 0.003763 0.003768 0.003769 0.003776 0.003763 0.003776 0.003795 
19.059146 0.003567 0.003566 0.003568 0.003566 0.003567 0.003570 0.003568 0.003570 0.003543 
19.082150 0.003356 0.003368 0.003363 0.003368 0.003354 0.003369 0.003363 0.003369 0.003350 
19.105153 0.003175 0.003162 0.003167 0.003162 0.003167 0.003159 0.003167 0.003159 0.003167 
19.128158 0.002984 0.002978 0.002977 0.002978 0.002985 0.002981 0.002977 0.002981 0.002983 
19.151162 0.002796 0.002807 0.002799 0.002807 0.002823 0.002791 0.002799 0.002791 0.002808 
19.174167 0.002619 0.002622 0.002625 0.002622 0.002582 0.002624 0.002625 0.002624 0.002626 
19.197171 0.002455 0.002449 0.002456 0.002449 0.002431 0.002446 0.002456 0.002446 0.002459 
19.220176 0.002293 0.002288 0.002288 0.002288 0.002307 0.002310 0.002288 0.002310 0.002286 
19.243180 0.002139 0.002131 0.002139 0.002131 0.002152 0.002128 0.002139 0.002128 0.002130 
19.266185 0.001983 0.001988 0.001993 0.001988 0.001991 0.001988 0.001993 0.001988 0.001993 
19.289189 0.001849 0.001840 0.001846 0.001840 0.001861 0.001848 0.001846 0.001848 0.001855 
19.312194 0.001710 0.001708 0.001706 0.001708 0.001700 0.001715 0.001706 0.001715 0.001712 
19.335198 0.001572 0.001584 0.001578 0.001584 0.001572 0.001588 0.001578 0.001588 0.001573 
19.358203 0.001453 0.001454 0.001448 0.001454 0.001466 0.001449 0.001448 0.001449 0.001450 
19.381207 0.001327 0.001326 0.001328 0.001326 0.001337 0.001311 0.001328 0.001311 0.001314 
19.404211 0.001216 0.001209 0.001215 0.001209 0.001199 0.001223 0.001215 0.001223 0.001217 
19.427215 0.001103 0.001098 0.001107 0.001098 0.001101 0.001107 0.001107 0.001107 0.001103 
19.450219 0.000999 0.001001 0.001003 0.001001 0.001003 0.001002 0.001003 0.001002 0.000994 
19.473224 0.000900 0.000904 0.000896 0.000904 0.000903 0.000911 0.000896 0.000911 0.000903 
19.496228 0.000805 0.000807 0.000808 0.000807 0.000788 0.000808 0.000808 0.000808 0.000809 
19.519233 0.000721 0.000721 0.000721 0.000721 0.000731 0.000723 0.000721 0.000723 0.000719 
19.542237 0.000638 0.000638 0.000636 0.000638 0.000649 0.000633 0.000636 0.000633 0.000644 
19.565242 0.000560 0.000565 0.000564 0.000565 0.000553 0.000560 0.000564 0.000560 0.000560 
19.588246 0.000489 0.000490 0.000491 0.000490 0.000493 0.000493 0.000491 0.000493 0.000484 
19.611251 0.000425 0.000423 0.000425 0.000423 0.000423 0.000425 0.000425 0.000425 0.000422 
19.634255 0.000362 0.000361 0.000364 0.000361 0.000362 0.000352 0.000364 0.000352 0.000365 
19.657260 0.000304 0.000305 0.000308 0.000305 0.000305 0.000303 0.000308 0.000303 0.000306 
19.680264 0.000254 0.000255 0.000253 0.000255 0.000247 0.000255 0.000253 0.000255 0.000251 
19.703269 0.000207 0.000206 0.000206 0.000206 0.000209 0.000207 0.000206 0.000207 0.000209 
19.726274 0.000165 0.000167 0.000166 0.000167 0.000165 0.000163 0.000166 0.000163 0.000164 
19.749277 0.000130 0.000130 0.000129 0.000130 0.000131 0.000128 0.000129 0.000128 0.000129 
19.772281 0.000095 0.000096 0.000096 0.000096 0.000099 0.000096 0.000096 0.000096 0.000094 
19.795285 0.000070 0.000068 0.000068 0.000068 0.000067 0.000067 0.000068 0.000067 0.000069 
19.818290 0.000046 0.000047 0.000046 0.000047 0.000044 0.000047 0.000046 0.000047 0.000046 
19.841294 0.000028 0.000027 0.000029 0.000027 0.000031 0.000028 0.000029 0.000028 0.000028 
19.864299 0.000014 0.000014 0.000014 0.000014 0.000014 0.000014 0.000014 0.000014 0.000014 
19.887303 0.000005 0.000005 0.000005 0.000005 0.000004 0.000005 0.000005 0.000005 0.000005 
19.910308 0.000001 0.000001 0.000001 0.000001 0.000001 0.000001 0.000001 0.000001 0.000001 
19.933312 0.000000 0.000000 0.000000 0.000000 0.000000 0.000000 0.000000 0.000000 0.000000 
19.956317 0.000000 0.000000 0.000000 0.000000 0.000000 0.000000 0.000000 0.000000 0.000000 
19.979321 0.000000 0.000000 0.000000 0.000000 0.000000 0.000000 0.000000 0.000000 0.000000 
20.002326 0.000000 0.000000 0.000000 0.000000 0.000000 0.000000 0.000000 0.000000 0.000000 
20.025331 0.000000 0.000000 0.000000 0.000000 0.000000 0.000000 0.000000 0.000000 0.000000 
20.048335 0.000000 0.000000 0.000000 0.000000 0.000000 0.000000 0.000000 0.000000 0.000000 
20.071339 0.000000 0.000000 0.000000 0.000000 0.000000 0.000000 0.000000 0.000000 0.000000 
20.094342 0.000000 0.000000 0.000000 0.000000 0.000000 0.000000 0.000000 0.000000 0.000000 
20.117347 0.000000 0.000000 0.000000 0.000000 0.000000 0.000000 0.000000 0.000000 0.000000 
20.140351 0.000000 0.000000 0.000000 0.000000 0.000000 0.000000 0.000000 0.000000 0.000000 
20.163356 0.000000 0.000000 0.000000 0.000000 0.000000 0.000000 0.000000 0.000000 0.000000 
20.186360 0.000000 0.000000 0.000000 0.000000 0.000000 0.000000 0.000000 0.000000 0.000000 
20.209365 0.000000 0.000000 0.000000 0.000000 0.000000 0.000000 0.000000 0.000000 0.000000 
20.232369 0.000000 0.000000 0.000000 0.000000 0.000000 0.000000 0.000000 0.000000 0.000000 
20.255374 0.000000 0.000000 0.000000 0.000000 0.000000 0.000000 0.000000 0.000000 0.000000 
20.278378 0.000000 0.000000 0.000000 0.000000 0.000000 0.000000 0.000000 0.000000 0.000000 
20.301383 0.000000 0.000000 0.000000 0.000000 0.000000 0.000000 0.000000 0.000000 0.000000 
20.324388 0.000000 0.000000 0.000000 0.000000 0.000000 0.000000 0.000000 0.000000 0.000000 
20.347392 0.000000 0.000000 0.000000 0.000000 0.000000 0.000000 0.000000 0.000000 0.000000 
20.370397 0.000000 0.000000 0.000000 0.000000 0.000000 0.000000 0.000000 0.000000 0.000000 
20.393400 0.000000 0.000000 0.000000 0.000000 0.000000 0.000000 0.000000 0.000000 0.000000 
20.416404 0.000000 0.000000 0.000000 0.000000 0.000000 0.000000 0.000000 0.000000 0.000000 
20.439408 0.000000 0.000000 0.000000 0.000000 0.000000 0.000000 0.000000 0.000000 0.000000 
20.462413 0.000000 0.000000 0.000000 0.000000 0.000000 0.000000 0.000000 0.000000 0.000000 
20.485417 0.000000 0.000000 0.000000 0.000000 0.000000 0.000000 0.000000 0.000000 0.000000 
20.508422 0.000000 0.000000 0.000000 0.000000 0.000000 0.000000 0.000000 0.000000 0.000000 
20.531426 0.000000 0.000000 0.000000 0.000000 0.000000 0.000000 0.000000 0.000000 0.000000 
20.554431 0.000000 0.000000 0.000000 0.000000 0.000000 0.000000 0.000000 0.000000 0.000000 
20.577435 0.000000 0.000000 0.000000 0.000000 0.000000 0.000000 0.000000 0.000000 0.000000 
20.600440 0.000000 0.000000 0.000000 0.000000 0.000000 0.000000 0.000000 0.000000 0.000000 
20.623445 0.000000 0.000000 0.000000 0.000000 0.000000 0.000000 0.000000 0.000000 0.000000 
20.646449 0.000000 0.000000 0.000000 0.000000 0.000000 0.000000 0.000000 0.000000 0.000000 
20.669454 0.000000 0.000000 0.000000 0.000000 0.000000 0.000000 0.000000 0.000000 0.000000 
20.692458 0.000000 0.000000 0.000000 0.000000 0.000000 0.000000 0.000000 0.000000 0.000000 
20.715463 0.000000 0.000000 0.000000 0.000000 0.000000 0.000000 0.000000 0.000000 0.000000 
20.738466 0.000000 0.000000 0.000000 0.000000 0.000000 0.000000 0.000000 0.000000 0.000000 
20.761470 0.000000 0.000000 0.000000 0.000000 0.000000 0.000000 0.000000 0.000000 0.000000 
20.784474 0.000000 0.000000 0.000000 0.000000 0.000000 0.000000 0.000000 0.000000 0.000000 
20.807479 0.000000 0.000000 0.000000 0.000000 0.000000 0.000000 0.000000 0.000000 0.000000 
20.830483 0.000000 0.000000 0.000000 0.000000 0.000000 0.000000 0.000000 0.000000 0.000000 
20.853488 0.000000 0.000000 0.000000 0.000000 0.000000 0.000000 0.000000 0.000000 0.000000 
20.876493 0.000000 0.000000 0.000000 0.000000 0.000000 0.000000 0.000000 0.000000 0.000000 
20.899497 0.000000 0.000000 0.000000 0.000000 0.000000 0.000000 0.000000 0.000000 0.000000 
20.922502 0.000000 0.000000 0.000000 0.000000 0.000000 0.000000 0.000000 0.000000 0.000000 
20.945506 0.000000 0.000000 0.000000 0.000000 0.000000 0.000000 0.000000 0.000000 0.000000 
20.968511 0.000000 0.000000 0.000000 0.000000 0.000000 0.000000 0.000000 0.000000 0.000000 
20.991515 0.000000 0.000000 0.000000 0.000000 0.000000 0.000000 0.000000 0.000000 0.000000 
21.014520 0.000000 0.000000 0.000000 0.000000 0.000000 0.000000 0.000000 0.000000 0.000000 
21.037524 0.000000 0.000000 0.000000 0.000000 0.000000 0.000000 0.000000 0.000000 0.000000 
21.060528 0.000000 0.000000 0.000000 0.000000 0.000000 0.000000 0.000000 0.000000 0.000000 
21.083531 0.000000 0.000000 0.000000 0.000000 0.000000 0.000000 0.000000 0.000000 0.000000 
21.106536 0.000000 0.000000 0.000000 0.000000 0.000000 0.000000 0.000000 0.000000 0.000000 
21.129540 0.000000 0.000000 0.000000 0.000000 0.000000 0.000000 0.000000 0.000000 0.000000 
21.152545 0.000000 0.000000 0.000000 0.000000 0.000000 0.000000 0.000000 0.000000 0.000000 
21.175550 0.000000 0.000000 0.000000 0.000000 0.000000 0.000000 0.000000 0.000000 0.000000 
21.198554 0.000000 0.000000 0.000000 0.000000 0.000000 0.000000 0.000000 0.000000 0.000000 
21.221559 0.000000 0.000000 0.000000 0.000000 0.000000 0.000000 0.000000 0.000000 0.000000 
21.244563 0.000000 0.000000 0.000000 0.000000 0.000000 0.000000 0.000000 0.000000 0.000000 
21.267568 0.000000 0.000000 0.000000 0.000000 0.000000 0.000000 0.000000 0.000000 0.000000 
21.290572 0.000000 0.000000 0.000000 0.000000 0.000000 0.000000 0.000000 0.000000 0.000000 
21.313577 0.000000 0.000000 0.000000 0.000000 0.000000 0.000000 0.000000 0.000000 0.000000 
21.336581 0.000000 0.000000 0.000000 0.000000 0.000000 0.000000 0.000000 0.000000 0.000000 
21.359586 0.000000 0.000000 0.000000 0.000000 0.000000 0.000000 0.000000 0.000000 0.000000 
21.382590 0.000000 0.000000 0.000000 0.000000 0.000000 0.000000 0.000000 0.000000 0.000000 
21.405594 0.000000 0.000000 0.000000 0.000000 0.000000 0.000000 0.000000 0.000000 0.000000 
21.428597 0.000000 0.000000 0.000000 0.000000 0.000000 0.000000 0.000000 0.000000 0.000000 
21.451602 0.000000 0.000000 0.000000 0.000000 0.000000 0.000000 0.000000 0.000000 0.000000 
21.474607 0.000000 0.000000 0.000000 0.000000 0.000000 0.000000 0.000000 0.000000 0.000000 
21.497611 0.000000 0.000000 0.000000 0.000000 0.000000 0.000000 0.000000 0.000000 0.000000 
21.520616 0.000000 0.000000 0.000000 0.000000 0.000000 0.000000 0.000000 0.000000 0.000000 
21.543620 0.000000 0.000000 0.000000 0.000000 0.000000 0.000000 0.000000 0.000000 0.000000 
21.566625 0.000000 0.000000 0.000000 0.000000 0.000000 0.000000 0.000000 0.000000 0.000000 
21.589629 0.000000 0.000000 0.000000 0.000000 0.000000 0.000000 0.000000 0.000000 0.000000 
21.612634 0.000000 0.000000 0.000000 0.000000 0.000000 0.000000 0.000000 0.000000 0.000000 
21.635638 0.000000 0.000000 0.000000 0.000000 0.000000 0.000000 0.000000 0.000000 0.000000 
21.658643 0.000000 0.000000 0.000000 0.000000 0.000000 0.000000 0.000000 0.000000 0.000000 
21.681647 0.000000 0.000000 0.000000 0.000000 0.000000 0.000000 0.000000 0.000000 0.000000 
21.704652 0.000000 0.000000 0.000000 0.000000 0.000000 0.000000 0.000000 0.000000 0.000000 
21.727655 0.000000 0.000000 0.000000 0.000000 0.000000 0.000000 0.000000 0.000000 0.000000 
21.750659 0.000000 0.000000 0.000000 0.000000 0.000000 0.000000 0.000000 0.000000 0.000000 
21.773664 0.000000 0.000000 0.000000 0.000000 0.000000 0.000000 0.000000 0.000000 0.000000 
21.796668 0.000000 0.000000 0.000000 0.000000 0.000000 0.000000 0.000000 0.000000 0.000000 
21.819673 0.000000 0.000000 0.000000 0.000000 0.000000 0.000000 0.000000 0.000000 0.000000 
21.842677 0.000000 0.000000 0.000000 0.000000 0.000000 0.000000 0.000000 0.000000 0.000000 
21.865682 0.000000 0.000000 0.000000 0.000000 0.000000 0.000000 0.000000 0.000000 0.000000 
21.888686 0.000000 0.000000 0.000000 0.000000 0.000000 0.000000 0.000000 0.000000 0.000000 
21.911691 0.000000 0.000000 0.000000 0.000000 0.000000 0.000000 0.000000 0.000000 0.000000 
21.934695 0.000000 0.000000 0.000000 0.000000 0.000000 0.000000 0.000000 0.000000 0.000000 
21.957700 0.000000 0.000000 0.000000 0.000000 0.000000 0.000000 0.000000 0.000000 0.000000 
21.980704 0.000000 0.000000 0.000000 0.000000 0.000000 0.000000 0.000000 0.000000 0.000000 
22.003709 0.000000 0.000000 0.000000 0.000000 0.000000 0.000000 0.000000 0.000000 0.000000 
22.026713 0.000000 0.000000 0.000000 0.000000 0.000000 0.000000 0.000000 0.000000 0.000000 
22.049718 0.000000 0.000000 0.000000 0.000000 0.000000 0.000000 0.000000 0.000000 0.000000 
22.072721 0.000000 0.000000 0.000000 0.000000 0.000000 0.000000 0.000000 0.000000 0.000000 
22.095725 0.000000 0.000000 0.000000 0.000000 0.000000 0.000000 0.000000 0.000000 0.000000 
22.118730 0.000000 0.000000 0.000000 0.000000 0.000000 0.000000 0.000000 0.000000 0.000000 
22.141734 0.000000 0.000000 0.000000 0.000000 0.000000 0.000000 0.000000 0.000000 0.000000 
22.164739 0.000000 0.000000 0.000000 0.000000 0.000000 0.000000 0.000000 0.000000 0.000000 
22.187743 0.000000 0.000000 0.000000 0.000000 0.000000 0.000000 0.000000 0.000000 0.000000 
22.210748 0.000000 0.000000 0.000000 0.000000 0.000000 0.000000 0.000000 0.000000 0.000000 
22.233752 0.000000 0.000000 0.000000 0.000000 0.000000 0.000000 0.000000 0.000000 0.000000 
22.256757 0.000000 0.000000 0.000000 0.000000 0.000000 0.000000 0.000000 0.000000 0.000000 
22.279761 0.000000 0.000000 0.000000 0.000000 0.000000 0.000000 0.000000 0.000000 0.000000 
22.302766 0.000000 0.000000 0.000000 0.000000 0.000000 0.000000 0.000000 0.000000 0.000000 
22.325770 0.000000 0.000000 0.000000 0.000000 0.000000 0.000000 0.000000 0.000000 0.000000 
22.348775 0.000000 0.000000 0.000000 0.000000 0.000000 0.000000 0.000000 0.000000 0.000000 
22.371779 0.000000 0.000000 0.000000 0.000000 0.000000 0.000000 0.000000 0.000000 0.000000 
22.394783 0.000000 0.000000 0.000000 0.000000 0.000000 0.000000 0.000000 0.000000 0.000000 
22.417787 0.000000 0.000000 0.000000 0.000000 0.000000 0.000000 0.000000 0.000000 0.000000 
22.440791 0.000000 0.000000 0.000000 0.000000 0.000000 0.000000 0.000000 0.000000 0.000000 
22.463796 0.000000 0.000000 0.000000 0.000000 0.000000 0.000000 0.000000 0.000000 0.000000 
22.486800 0.000000 0.000000 0.000000 0.000000 0.000000 0.000000 0.000000 0.000000 0.000000 
22.509805 0.000000 0.000000 0.000000 0.000000 0.000000 0.000000 0.000000 0.000000 0.000000 
22.532809 0.000000 0.000000 0.000000 0.000000 0.000000 0.000000 0.000000 0.000000 0.000000 
22.555814 0.000000 0.000000 0.000000 0.000000 0.000000 0.000000 0.000000 0.000000 0.000000 
22.578818 0.000000 0.000000 0.000000 0.000000 0.000000 0.000000 0.000000 0.000000 0.000000 
22.601823 0.000000 0.000000 0.000000 0.000000 0.000000 0.000000 0.000000 0.000000 0.000000 
22.624827 0.000000 0.000000 0.000000 0.000000 0.000000 0.000000 0.000000 0.000000 0.000000 
22.647832 0.000000 0.000000 0.000000 0.000000 0.000000 0.000000 0.000000 0.000000 0.000000 
22.670836 0.000000 0.000000 0.000000 0.000000 0.000000 0.000000 0.000000 0.000000 0.000000 
22.693841 0.000000 0.000000 0.000000 0.000000 0.000000 0.000000 0.000000 0.000000 0.000000 
22.716845 0.000000 0.000000 0.000000 0.000000 0.000000 0.000000 0.000000 0.000000 0.000000 
22.739848 0.000000 0.000000 0.000000 0.000000 0.000000 0.000000 0.000000 0.000000 0.000000 
22.762853 0.000000 0.000000 0.000000 0.000000 0.000000 0.000000 0.000000 0.000000 0.000000 
22.785857 0.000000 0.000000 0.000000 0.000000 0.000000 0.000000 0.000000 0.000000 0.000000 
22.808862 0.000000 0.000000 0.000000 0.000000 0.000000 0.000000 0.000000 0.000000 0.000000 
22.831866 0.000000 0.000000 0.000000 0.000000 0.000000 0.000000 0.000000 0.000000 0.000000 
22.854871 0.000000 0.000000 0.000000 0.000000 0.000000 0.000000 0.000000 0.000000 0.000000 
22.877875 0.000000 0.000000 0.000000 0.000000 0.000000 0.000000 0.000000 0.000000 0.000000 
22.900880 0.000000 0.000000 0.000000 0.000000 0.000000 0.000000 0.000000 0.000000 0.000000 
22.923884 0.000000 0.000000 0.000000 0.000000 0.000000 0.000000 0.000000 0.000000 0.000000 
22.946889 0.000000 0.000000 0.000000 0.000000 0.000000 0.000000 0.000000 0.000000 0.000000 
22.969893 0.000000 0.000000 0.000000 0.000000 0.000000 0.000000 0.000000 0.000000 0.000000 
22.992898 0.000000 0.000000 0.000000 0.000000 0.000000 0.000000 0.000000 0.000000 0.000000 
