# concentrations: 0.666667 0.166667 0.166667
0.010772 0.000000 0.000000 0.000000 0.000000 0.000000 0.000000 0.000000 0.000000 0.000000 
0.032316 0.000000 0.000000 0.000000 0.000000 0.000000 0.000000 0.000000 0.000000 0.000000 
0.053861 0.000000 0.000000 0.000000 0.000000 0.000000 0.000000 0.000000 0.000000 0.000000 
0.075405 0.000000 0.000000 0.000000 0.000000 0.000000 0.000000 0.000000 0.000000 0.000000 
0.096949 0.000000 0.000000 0.000000 0.000000 0.000000 0.000000 0.000000 0.000000 0.000000 
0.118494 0.000000 0.000000 0.000000 0.000000 0.000000 0.000000 0.000000 0.000000 0.000000 
0.140038 0.000000 0.000000 0.000000 0.000000 0.000000 0.000000 0.000000 0.000000 0.000000 
0.161582 0.000000 0.000000 0.000000 0.000000 0.000000 0.000000 0.000000 0.000000 0.000000 
0.183127 0.000000 0.000000 0.000000 0.000000 0.000000 0.000000 0.000000 0.000000 0.000000 
0.204671 0.000000 0.000000 0.000000 0.000000 0.000000 0.000000 0.000000 0.000000 0.000000 
0.226215 0.000000 0.000000 0.000000 0.000000 0.000000 0.000000 0.000000 0.000000 0.000000 
0.247759 0.000000 0.000000 0.000000 0.000000 0.000000 0.000000 0.000000 0.000000 0.000000 
0.269304 0.000000 0.000000 0.000000 0.000000 0.000000 0.000000 0.000000 0.000000 0.000000 
0.290848 0.000000 0.000000 0.000000 0.000000 0.000000 0.000000 0.000000 0.000000 0.000000 
0.312392 0.000000 0.000000 0.000000 0.000000 0.000000 0.000000 0.000000 0.000000 0.000000 
0.333937 0.000000 0.000000 0.000000 0.000000 0.000000 0.000000 0.000000 0.000000 0.000000 
0.355481 0.000000 0.000000 0.000000 0.000000 0.000000 0.000000 0.000000 0.000000 0.000000 
0.377025 0.000000 0.000000 0.000000 0.000000 0.000000 0.000000 0.000000 0.000000 0.000000 
0.398570 0.000000 0.000000 0.000000 0.000000 0.000000 0.000000 0.000000 0.000000 0.000000 
0.420114 0.000000 0.000000 0.000000 0.000000 0.000000 0.000000 0.000000 0.000000 0.000000 
0.441658 0.000000 0.000000 0.000000 0.000000 0.000000 0.000000 0.000000 0.000000 0.000000 
0.463202 0.000000 0.000000 0.000000 0.000000 0.000000 0.000000 0.000000 0.000000 0.000000 
0.484747 0.000000 0.000000 0.000000 0.000000 0.000000 0.000000 0.000000 0.000000 0.000000 
0.506291 0.000000 0.000000 0.000000 0.000000 0.000000 0.000000 0.000000 0.000000 0.000000 
0.527835 0.000000 0.000000 0.000000 0.000000 0.000000 0.000000 0.000000 0.000000 0.000000 
0.549380 0.000000 0.000000 0.000000 0.000000 0.000000 0.000000 0.000000 0.000000 0.000000 
0.570924 0.000000 0.000000 0.000000 0.000000 0.000000 0.000000 0.000000 0.000000 0.000000 
0.592468 0.000000 0.000000 0.000000 0.000000 0.000000 0.000000 0.000000 0.000000 0.000000 
0.614013 0.000000 0.000000 0.000000 0.000000 0.000000 0.000000 0.000000 0.000000 0.000000 
0.635557 0.000000 0.000000 0.000000 0.000000 0.000000 0.000000 0.000000 0.000000 0.000000 
0.657101 0.000000 0.000000 0.000000 0.000000 0.000000 0.000000 0.000000 0.000000 0.000000 
0.678645 0.000000 0.000000 0.000000 0.000000 0.000000 0.000000 0.000000 0.000000 0.000000 
0.700190 0.000000 0.000317 0.000000 0.000317 0.000000 0.000000 0.000000 0.000000 0.000000 
0.721734 0.000000 0.010549 0.000000 0.010549 0.000239 0.000358 0.000000 0.000358 0.000000 
0.743278 0.000000 0.126067 0.000000 0.126067 0.003378 0.009679 0.000000 0.009679 0.000000 
0.764823 0.000000 0.584615 0.000013 0.584615 0.024567 0.074142 0.000013 0.074142 0.000000 
0.786367 0.000000 1.503216 0.001257 1.503216 0.109657 0.288585 0.001257 0.288585 0.000101 
0.807911 0.000000 2.544521 0.022541 2.544521 0.264863 0.703647 0.022541 0.703647 0.003908 
0.829456 0.000000 3.279108 0.168440 3.279108 0.477338 1.174311 0.168440 1.174311 0.031286 
0.851000 0.000182 3.602952 0.627062 3.602952 0.681376 1.592344 0.627062 1.592344 0.136413 
0.872544 0.005268 3.512754 1.429317 3.512754 0.845889 1.816135 1.429317 1.816135 0.375143 
0.894088 0.049287 3.207642 2.332582 3.207642 0.949430 1.894487 2.332582 1.894487 0.739855 
0.915633 0.231757 2.810288 3.019141 2.810288 1.004194 1.849669 3.019141 1.849669 1.088192 
0.937177 0.650127 2.401751 3.343227 2.401751 1.009413 1.733431 3.343227 1.733431 1.383685 
0.958721 1.270629 2.046973 3.342317 2.046973 1.012069 1.582254 3.342317 1.582254 1.534246 
0.980266 1.922502 1.741817 3.146631 1.741817 0.992289 1.450320 3.146631 1.450320 1.554373 
1.001810 2.429933 1.497586 2.800190 1.497586 0.944182 1.306770 2.800190 1.306770 1.552334 
1.023354 2.684054 1.289829 2.459988 1.289829 0.905676 1.197613 2.459988 1.197613 1.461996 
1.044899 2.727414 1.126875 2.113799 1.126875 0.867233 1.077377 2.113799 1.077377 1.373157 
1.066443 2.599366 0.988101 1.817614 0.988101 0.868328 1.005891 1.817614 1.005891 1.242047 
1.087987 2.398786 0.888719 1.564634 0.888719 0.843420 0.929148 1.564634 0.929148 1.146196 
1.109531 2.146729 0.804550 1.356754 0.804550 0.830087 0.876874 1.356754 0.876874 1.061538 
1.131076 1.908770 0.728479 1.171282 0.728479 0.820752 0.823185 1.171282 0.823185 0.991243 
1.152620 1.681029 0.676926 1.038030 0.676926 0.825520 0.793842 1.038030 0.793842 0.911542 
1.174164 1.477296 0.635902 0.924184 0.635902 0.825873 0.761212 0.924184 0.761212 0.857912 
1.195709 1.298472 0.605635 0.832977 0.605635 0.839812 0.744232 0.832977 0.744232 0.801738 
1.217253 1.156243 0.587017 0.759669 0.587017 0.855395 0.736519 0.759669 0.736519 0.761723 
1.238797 1.031752 0.562289 0.700225 0.562289 0.875076 0.739630 0.700225 0.739630 0.720906 
1.260342 0.935777 0.552919 0.649637 0.552919 0.886264 0.745269 0.649637 0.745269 0.713194 
1.281886 0.851663 0.546583 0.615070 0.546583 0.924650 0.752560 0.615070 0.752560 0.685982 
1.303430 0.785900 0.552803 0.582385 0.552803 0.937358 0.758610 0.582385 0.758610 0.674694 
1.324974 0.733932 0.555560 0.567532 0.555560 0.970662 0.780435 0.567532 0.780435 0.668737 
1.346519 0.693909 0.567555 0.554737 0.567555 1.007897 0.810778 0.554737 0.810778 0.689889 
1.368063 0.664640 0.588357 0.548895 0.588357 1.035366 0.825174 0.548895 0.825174 0.685712 
1.389607 0.644869 0.606389 0.545508 0.606389 1.064563 0.869470 0.545508 0.869470 0.708109 
1.411152 0.629584 0.633420 0.551175 0.633420 1.085016 0.902115 0.551175 0.902115 0.727801 
1.432696 0.626094 0.665744 0.564620 0.665744 1.119940 0.929015 0.564620 0.929015 0.755386 
1.454240 0.627222 0.699417 0.583026 0.699417 1.120745 0.965232 0.583026 0.965232 0.774855 
1.475785 0.634456 0.739994 0.603329 0.739994 1.146541 1.007154 0.603329 1.007154 0.830555 
1.497329 0.649938 0.784598 0.633298 0.784598 1.150601 1.038726 0.633298 1.038726 0.864539 
1.518873 0.672997 0.836257 0.668353 0.836257 1.182266 1.061097 0.668353 1.061097 0.912082 
1.540417 0.697960 0.880517 0.706676 0.880517 1.202912 1.084323 0.706676 1.084323 0.950615 
1.561962 0.726534 0.928560 0.752940 0.928560 1.222213 1.124305 0.752940 1.124305 0.995213 
1.583506 0.764958 0.978379 0.796561 0.978379 1.247878 1.151111 0.796561 1.151111 1.039915 
1.605050 0.806059 1.027921 0.848486 1.027921 1.267442 1.181351 0.848486 1.181351 1.098446 
1.626595 0.849816 1.066912 0.907665 1.066912 1.265229 1.188591 0.907665 1.188591 1.117163 
1.648139 0.891042 1.106337 0.957161 1.106337 1.266967 1.209117 0.957161 1.209117 1.151376 
1.669683 0.931785 1.139328 0.997460 1.139328 1.255928 1.243735 0.997460 1.243735 1.186549 
1.691228 0.971387 1.170206 1.048451 1.170206 1.244913 1.260128 1.048451 1.260128 1.204043 
1.712772 1.007459 1.195569 1.086755 1.195569 1.221738 1.270896 1.086755 1.270896 1.238619 
1.734316 1.041541 1.219449 1.120854 1.219449 1.182307 1.276119 1.120854 1.276119 1.247418 
1.755860 1.070959 1.244327 1.153703 1.244327 1.148534 1.263831 1.153703 1.263831 1.268156 
1.777405 1.096011 1.253281 1.177408 1.253281 1.098955 1.246028 1.177408 1.246028 1.275796 
1.798949 1.120446 1.263569 1.203186 1.263569 1.061910 1.216986 1.203186 1.216986 1.287080 
1.820493 1.134661 1.263913 1.218135 1.263913 1.015550 1.190207 1.218135 1.190207 1.293127 
1.842038 1.149000 1.257946 1.236092 1.257946 0.987363 1.151482 1.236092 1.151482 1.281238 
1.863582 1.159782 1.238501 1.241502 1.238501 0.946466 1.110026 1.241502 1.110026 1.266152 
1.885126 1.166304 1.214226 1.250711 1.214226 0.924908 1.072845 1.250711 1.072845 1.233217 
1.906671 1.171678 1.181508 1.254709 1.181508 0.891559 1.037135 1.254709 1.037135 1.201084 
1.928215 1.174040 1.149381 1.238537 1.149381 0.870492 0.988542 1.238537 0.988542 1.178343 
1.949759 1.174085 1.111698 1.220211 1.111698 0.850232 0.959480 1.220211 0.959480 1.132121 
1.971303 1.171868 1.075114 1.203100 1.075114 0.834924 0.928043 1.203100 0.928043 1.078043 
1.992848 1.164729 1.037365 1.173115 1.037365 0.832740 0.895860 1.173115 0.895860 1.043419 
2.014392 1.153721 1.007802 1.138401 1.007802 0.822095 0.875104 1.138401 0.875104 0.996572 
2.035936 1.140191 0.973569 1.103879 0.973569 0.828584 0.858615 1.103879 0.858615 0.961968 
2.057481 1.119586 0.950914 1.067870 0.950914 0.820149 0.841398 1.067870 0.841398 0.930695 
2.079025 1.095384 0.925076 1.033485 0.925076 0.829407 0.835674 1.033485 0.835674 0.905173 
2.100569 1.068868 0.899599 1.002853 0.899599 0.843561 0.827363 1.002853 0.827363 0.876342 
2.122114 1.042163 0.885880 0.968439 0.885880 0.858718 0.830030 0.968439 0.830030 0.856590 
2.143658 1.017572 0.874180 0.940211 0.874180 0.869961 0.830629 0.940211 0.830629 0.847149 
2.165202 0.988119 0.869620 0.916104 0.869620 0.886817 0.824830 0.916104 0.824830 0.829396 
2.186746 0.965951 0.866122 0.897580 0.866122 0.907832 0.840597 0.897580 0.840597 0.827858 
2.208291 0.942141 0.867297 0.880523 0.867297 0.923859 0.848630 0.880523 0.848630 0.822857 
2.229835 0.922873 0.867820 0.869326 0.867820 0.948650 0.866874 0.869326 0.866874 0.825605 
2.251379 0.905363 0.873134 0.862487 0.873134 0.961399 0.885459 0.862487 0.885459 0.829429 
2.272924 0.894980 0.883811 0.860420 0.883811 0.980483 0.902894 0.860420 0.902894 0.843296 
2.294468 0.885165 0.893843 0.861340 0.893843 0.995802 0.925688 0.861340 0.925688 0.851147 
2.316012 0.879114 0.906651 0.864846 0.906651 1.029171 0.942587 0.864846 0.942587 0.855309 
2.337556 0.877625 0.922152 0.869453 0.922152 1.033014 0.964155 0.869453 0.964155 0.878567 
2.359101 0.878765 0.937064 0.883433 0.937064 1.045521 0.979223 0.883433 0.979223 0.900792 
2.380645 0.882876 0.954171 0.893460 0.954171 1.049736 1.000304 0.893460 1.000304 0.917976 
2.402189 0.891210 0.970717 0.904754 0.970717 1.068801 1.020039 0.904754 1.020039 0.934909 
2.423734 0.899715 0.984502 0.923438 0.984502 1.080236 1.035826 0.923438 1.035826 0.968794 
2.445278 0.912732 1.002352 0.941567 1.002352 1.090180 1.052639 0.941567 1.052639 0.986581 
2.466822 0.925691 1.012584 0.957542 1.012584 1.086759 1.068032 0.957542 1.068032 1.002843 
2.488367 0.943343 1.025844 0.972780 1.025844 1.093363 1.071823 0.972780 1.071823 1.023815 
2.509911 0.958028 1.040385 0.989684 1.040385 1.092421 1.083766 0.989684 1.083766 1.035418 
2.531455 0.972229 1.047863 1.006641 1.047863 1.090883 1.086495 1.006641 1.086495 1.052710 
2.553000 0.988204 1.058418 1.022558 1.058418 1.089131 1.093643 1.022558 1.093643 1.070948 
2.574544 1.005708 1.062182 1.037409 1.062182 1.075804 1.089376 1.037409 1.089376 1.072331 
2.596088 1.016603 1.065856 1.048175 1.065856 1.067943 1.089912 1.048175 1.089912 1.084190 
2.617633 1.031756 1.069322 1.058417 1.069322 1.067173 1.085225 1.058417 1.085225 1.087838 
2.639177 1.041366 1.066988 1.063633 1.066988 1.049178 1.081444 1.063633 1.081444 1.092525 
2.660721 1.051848 1.067304 1.069247 1.067304 1.041085 1.079756 1.069247 1.079756 1.095903 
2.682265 1.060525 1.065792 1.070204 1.065792 1.043143 1.070271 1.070204 1.070271 1.101262 
2.703810 1.063454 1.059098 1.073090 1.059098 1.022918 1.064191 1.073090 1.064191 1.086139 
2.725354 1.067895 1.055451 1.072309 1.055451 1.017176 1.053177 1.072309 1.053177 1.090516 
2.746898 1.066601 1.049171 1.070954 1.049171 1.001863 1.042308 1.070954 1.042308 1.073316 
2.768443 1.066715 1.040832 1.066391 1.040832 0.985462 1.029852 1.066391 1.029852 1.073138 
2.789987 1.064934 1.036244 1.063278 1.036244 0.985756 1.020512 1.063278 1.020512 1.053371 
2.811531 1.060236 1.025635 1.054350 1.025635 0.974172 1.013372 1.054350 1.013372 1.050838 
2.833075 1.057561 1.017778 1.048780 1.017778 0.969357 1.004208 1.048780 1.004208 1.037529 
2.854620 1.050623 1.010571 1.039304 1.010571 0.960771 0.990623 1.039304 0.990623 1.027299 
2.876164 1.045403 1.002490 1.030322 1.002490 0.952684 0.980088 1.030322 0.980088 1.013948 
2.897708 1.038099 0.990112 1.024841 0.990112 0.952678 0.966672 1.024841 0.966672 1.010618 
2.919253 1.030812 0.987385 1.015540 0.987385 0.955492 0.964193 1.015540 0.964193 1.003528 
2.940797 1.022694 0.980891 1.004371 0.980891 0.948222 0.960410 1.004371 0.960410 0.984321 
2.962341 1.014076 0.973139 0.998771 0.973139 0.943562 0.957422 0.998771 0.957422 0.979747 
2.983886 1.007628 0.967280 0.990664 0.967280 0.950197 0.950864 0.990664 0.950864 0.964326 
3.005430 1.000603 0.964849 0.984121 0.964849 0.947922 0.943218 0.984121 0.943218 0.958846 
3.026974 0.993611 0.960091 0.977842 0.960091 0.956395 0.950681 0.977842 0.950681 0.944404 
3.048518 0.986268 0.958800 0.970581 0.958800 0.959998 0.948023 0.970581 0.948023 0.952025 
3.070063 0.979743 0.957785 0.964266 0.957785 0.966384 0.950612 0.964266 0.950612 0.946279 
3.091607 0.976196 0.957815 0.959873 0.957815 0.975584 0.953471 0.959873 0.953471 0.950466 
3.113151 0.970347 0.958889 0.958221 0.958889 0.980093 0.957686 0.958221 0.957686 0.945333 
3.134696 0.967087 0.964023 0.957264 0.964023 0.988156 0.960365 0.957264 0.960365 0.946363 
3.156240 0.964318 0.964097 0.955857 0.964097 0.989352 0.974704 0.955857 0.974704 0.952331 
3.177784 0.961896 0.968198 0.956319 0.968198 1.001745 0.978972 0.956319 0.978972 0.954295 
3.199329 0.960652 0.973627 0.956934 0.973627 1.014599 0.980916 0.956934 0.980916 0.961963 
3.220873 0.962431 0.977096 0.959933 0.977096 1.007891 0.989696 0.959933 0.989696 0.962986 
3.242417 0.961936 0.983953 0.964705 0.983953 1.018927 0.997379 0.964705 0.997379 0.970793 
3.263961 0.964719 0.989823 0.968867 0.989823 1.019957 1.001673 0.968867 1.001673 0.982273 
3.285506 0.964688 0.993393 0.976992 0.993393 1.022635 1.007947 0.976992 1.007947 0.981248 
3.307050 0.970226 1.002050 0.977859 1.002050 1.024690 1.011530 0.977859 1.011530 0.992903 
3.328594 0.973674 1.004421 0.982379 1.004421 1.028578 1.017976 0.982379 1.017976 1.006151 
3.350139 0.977650 1.010220 0.989976 1.010220 1.030047 1.023762 0.989976 1.023762 1.004915 
3.371683 0.984568 1.014602 0.997374 1.014602 1.032447 1.019134 0.997374 1.019134 1.009626 
3.393227 0.987862 1.018024 1.001145 1.018024 1.029228 1.026988 1.001145 1.026988 1.011100 
3.414772 0.994886 1.021630 1.008260 1.021630 1.024914 1.025524 1.008260 1.025524 1.018053 
3.436316 0.998564 1.023976 1.012807 1.023976 1.022667 1.028567 1.012807 1.028567 1.024569 
3.457860 1.004234 1.023688 1.017504 1.023688 1.022430 1.031124 1.017504 1.031124 1.018908 
3.479404 1.009169 1.028209 1.021114 1.028209 1.022274 1.029614 1.021114 1.029614 1.027187 
3.500949 1.012540 1.026639 1.023406 1.026639 1.014224 1.027691 1.023406 1.027691 1.028741 
3.522493 1.016871 1.026249 1.026474 1.026249 1.012310 1.024407 1.026474 1.024407 1.030380 
3.544037 1.020321 1.025472 1.028585 1.025472 1.007077 1.024584 1.028585 1.024584 1.032660 
3.565582 1.021366 1.021651 1.027549 1.021651 1.004570 1.017829 1.027549 1.017829 1.031225 
3.587126 1.023793 1.018760 1.026612 1.018760 1.005294 1.012968 1.026612 1.012968 1.025882 
3.608670 1.025887 1.018929 1.026211 1.018929 1.001905 1.011573 1.026211 1.011573 1.022902 
3.630215 1.024813 1.016216 1.026616 1.016216 0.992472 1.011454 1.026616 1.011454 1.023559 
3.651759 1.023326 1.012460 1.023806 1.012460 1.003721 1.002044 1.023806 1.002044 1.019826 
3.673303 1.023298 1.007950 1.020957 1.007950 0.991598 1.001524 1.020957 1.001524 1.019045 
3.694847 1.020915 1.005862 1.017728 1.005862 0.987279 0.995815 1.017728 0.995815 1.014881 
3.716392 1.020412 1.002290 1.015733 1.002290 0.984550 0.996353 1.015733 0.996353 1.005135 
3.737936 1.018483 0.999575 1.010021 0.999575 0.987480 0.995088 1.010021 0.995088 1.002583 
3.759480 1.015291 0.996915 1.007912 0.996915 0.985797 0.989662 1.007912 0.989662 1.001001 
3.781025 1.012254 0.991958 1.003545 0.991958 0.985944 0.987465 1.003545 0.987465 0.996715 
3.802569 1.009630 0.992732 1.002332 0.992732 0.988071 0.985209 1.002332 0.985209 0.993229 
3.824113 1.006255 0.988481 0.999187 0.988481 0.987130 0.982897 0.999187 0.982897 0.987228 
3.845658 1.003173 0.986376 0.995417 0.986376 0.984154 0.986357 0.995417 0.986357 0.986186 
3.867202 1.000021 0.986179 0.992430 0.986179 0.986958 0.987350 0.992430 0.987350 0.983322 
3.888746 0.996289 0.984784 0.989280 0.984784 0.988086 0.980439 0.989280 0.980439 0.988160 
3.910290 0.994305 0.984010 0.986053 0.984010 0.986734 0.984805 0.986053 0.984805 0.985005 
3.931835 0.993711 0.985045 0.986488 0.985045 0.987913 0.984539 0.986488 0.984539 0.987000 
3.953379 0.990405 0.983151 0.985878 0.983151 0.992262 0.986900 0.985878 0.986900 0.986355 
3.974923 0.989618 0.984060 0.984848 0.984060 0.993620 0.986803 0.984848 0.986803 0.978299 
3.996468 0.986846 0.986240 0.983529 0.986240 0.996997 0.988011 0.983529 0.988011 0.980033 
4.018012 0.986833 0.987945 0.984607 0.987945 1.000284 0.992909 0.984607 0.992909 0.984855 
4.039556 0.984915 0.989405 0.984494 0.989405 0.997878 0.993917 0.984494 0.993917 0.982745 
4.061100 0.986076 0.990975 0.984659 0.990975 0.999413 0.994153 0.984659 0.994153 0.990107 
4.082645 0.985441 0.992136 0.985293 0.992136 1.007215 0.998516 0.985293 0.998516 0.989273 
4.104189 0.985102 0.994315 0.986135 0.994315 1.008336 0.997422 0.986135 0.997422 0.987106 
4.125733 0.987414 0.995966 0.988532 0.995966 1.009675 1.000505 0.988532 1.000505 0.989028 
4.147278 0.987596 0.998306 0.991172 0.998306 1.009654 1.002044 0.991172 1.002044 0.994604 
4.168822 0.989210 1.000675 0.993423 1.000675 1.007562 1.003813 0.993423 1.003813 0.996597 
4.190366 0.990099 1.001448 0.995767 1.001448 1.010709 1.007946 0.995767 1.007946 1.000253 
4.211911 0.992754 1.004799 0.996882 1.004799 1.007883 1.006539 0.996882 1.006539 1.001886 
4.233455 0.994107 1.005318 0.999267 1.005318 1.012561 1.010809 0.999267 1.010809 1.003189 
4.254999 0.996075 1.007187 1.000959 1.007187 1.012548 1.008447 1.000959 1.008447 1.007476 
4.276544 0.998081 1.007731 1.003139 1.007731 1.010777 1.011632 1.003139 1.011632 1.011073 
4.298088 0.999529 1.009206 1.002999 1.009206 1.012270 1.011022 1.002999 1.011022 1.009246 
4.319632 1.002215 1.007479 1.005664 1.007479 1.010955 1.012880 1.005664 1.012880 1.012265 
4.341177 1.003085 1.008921 1.006830 1.008921 1.006679 1.008787 1.006830 1.008787 1.005758 
4.362721 1.005038 1.009303 1.008169 1.009303 1.008923 1.011217 1.008169 1.011217 1.010894 
4.384265 1.005968 1.010257 1.009109 1.010257 1.006305 1.010043 1.009109 1.010043 1.010982 
4.405809 1.006295 1.009284 1.010673 1.009284 1.001965 1.009849 1.010673 1.009849 1.009500 
4.427354 1.007263 1.009016 1.009463 1.009016 0.999210 1.003345 1.009463 1.003345 1.011452 
4.448898 1.009305 1.009201 1.010476 1.009201 1.000290 1.002693 1.010476 1.002693 1.011021 
4.470442 1.009540 1.006133 1.010695 1.006133 0.999177 1.005183 1.010695 1.005183 1.007968 
4.491987 1.009193 1.006206 1.009011 1.006206 0.996646 1.003525 1.009011 1.003525 1.009602 
4.513531 1.009081 1.004714 1.008675 1.004714 0.997421 1.001087 1.008675 1.001087 1.008357 
4.535075 1.009264 1.003230 1.007620 1.003230 0.993614 0.999598 1.007620 0.999598 1.008354 
4.556619 1.008069 1.003680 1.005736 1.003680 0.994947 0.998047 1.005736 0.998047 1.004566 
4.578164 1.008223 0.999936 1.006905 0.999936 0.994773 0.998213 1.006905 0.998213 1.004797 
4.599708 1.006247 1.001650 1.004963 1.001650 0.998573 0.998841 1.004963 0.998841 1.003510 
4.621252 1.006911 0.999450 1.003030 0.999450 0.993542 0.996021 1.003030 0.996021 0.999878 
4.642797 1.004844 0.997246 1.003435 0.997246 0.989291 0.996904 1.003435 0.996904 1.004253 
4.664341 1.003393 0.996731 0.999886 0.996731 0.991946 0.994481 0.999886 0.994481 0.995958 
4.685885 1.002911 0.997108 1.000132 0.997108 0.993385 0.994126 1.000132 0.994126 0.996589 
4.707429 1.001654 0.996263 0.997662 0.996263 0.995498 0.991938 0.997662 0.991938 0.996624 
4.728974 1.000602 0.994033 0.997664 0.994033 0.992210 0.990760 0.997664 0.990760 0.994341 
4.750518 0.999029 0.994077 0.995613 0.994077 0.993938 0.991731 0.995613 0.991731 0.991567 
4.772062 0.998485 0.994859 0.995938 0.994859 0.994474 0.991617 0.995938 0.991617 0.992098 
4.793607 0.997193 0.993481 0.995536 0.993481 0.993047 0.993052 0.995536 0.993052 0.996093 
4.815151 0.995839 0.994602 0.994214 0.994602 0.998201 0.991811 0.994214 0.991811 0.991026 
4.836695 0.995844 0.993734 0.993845 0.993734 0.998165 0.994957 0.993845 0.994957 0.993452 
4.858240 0.995541 0.994696 0.993900 0.994696 0.999290 0.992492 0.993900 0.992492 0.991493 
4.879784 0.995834 0.993903 0.993413 0.993903 1.001004 0.995272 0.993413 0.995272 0.997561 
4.901328 0.994667 0.995767 0.993256 0.995767 1.001449 0.996986 0.993256 0.996986 0.992530 
4.922873 0.994701 0.995564 0.993885 0.995564 1.002462 0.997305 0.993885 0.997305 0.992194 
4.944417 0.993607 0.997881 0.994518 0.997881 1.004288 1.000352 0.994518 1.000352 0.996577 
4.965961 0.994862 0.997448 0.996095 0.997448 1.000522 1.002286 0.996095 1.002286 0.998319 
4.987505 0.994840 0.996760 0.995831 0.996760 1.004237 1.003548 0.995831 1.003548 0.999265 
5.009050 0.995094 1.000988 0.997558 1.000988 1.002374 1.001336 0.997558 1.001336 0.997534 
5.030594 0.995775 1.000838 0.997739 1.000838 1.000137 1.003205 0.997739 1.003205 0.999746 
5.052138 0.995876 1.001100 0.998605 1.001100 1.005121 1.004390 0.998605 1.004390 1.003257 
5.073683 0.996499 1.001492 0.999560 1.001492 1.004586 1.002239 0.999560 1.002239 1.002674 
5.095227 0.997136 1.001608 0.998436 1.001608 1.002447 1.002714 0.998436 1.002714 1.003969 
5.116771 0.998287 1.002673 1.000468 1.002673 1.005524 1.005008 1.000468 1.005008 0.997559 
5.138316 0.998798 1.003214 0.999625 1.003214 1.003132 1.003890 0.999625 1.003890 1.003754 
5.159860 1.000023 1.004130 1.001347 1.004130 1.003429 1.002701 1.001347 1.002701 1.002862 
5.181404 1.000684 1.003679 1.000511 1.003679 1.003659 1.004937 1.000511 1.004937 1.000677 
5.202949 1.001045 1.003064 1.004527 1.003064 1.001333 1.004628 1.004527 1.004628 1.007648 
5.224493 1.001627 1.003409 1.002852 1.003409 1.001581 1.004562 1.002852 1.004562 1.002935 
5.246037 1.002231 1.003747 1.003802 1.003747 1.001189 1.002835 1.003802 1.002835 1.004166 
5.267581 1.002610 1.003942 1.002282 1.003942 1.001848 1.002838 1.002282 1.002838 1.007215 
5.289126 1.003249 1.004206 1.003547 1.004206 1.001188 1.003883 1.003547 1.003883 1.007331 
5.310670 1.003733 1.002956 1.002699 1.002956 0.998440 1.005823 1.002699 1.005823 1.003392 
5.332214 1.003990 1.001646 1.003793 1.001646 1.001081 1.001419 1.003793 1.001419 1.002405 
5.353759 1.004158 1.002742 1.004188 1.002742 0.998178 1.002071 1.004188 1.002071 1.004744 
5.375303 1.003325 1.002236 1.004289 1.002236 1.000758 1.000276 1.004289 1.000276 0.999464 
5.396847 1.003723 1.001502 1.003902 1.001502 0.997823 1.000489 1.003902 1.000489 0.997451 
5.418391 1.003983 1.000248 1.002924 1.000248 0.997900 0.998668 1.002924 0.998668 1.004104 
5.439936 1.003302 0.999848 1.003090 0.999848 0.994675 1.000417 1.003090 1.000417 0.999536 
5.461480 1.002807 0.999134 1.002111 0.999134 0.997491 0.999920 1.002111 0.999920 1.003769 
5.483024 1.002280 1.000801 1.002533 1.000801 0.995260 0.999235 1.002533 0.999235 1.001835 
5.504569 1.001929 0.999521 1.000193 0.999521 0.996709 1.000186 1.000193 1.000186 1.001602 
5.526113 1.001725 0.998139 1.000755 0.998139 0.996007 0.997809 1.000755 0.997809 0.996142 
5.547657 1.001885 0.998819 1.000153 0.998819 0.998094 0.997381 1.000153 0.997381 0.995664 
5.569201 1.000863 0.998552 0.998784 0.998552 0.998268 0.999675 0.998784 0.999675 0.997434 
5.590746 1.000918 0.997783 0.998275 0.997783 0.996727 0.996407 0.998275 0.996407 0.999484 
5.612290 0.999850 0.997486 0.997595 0.997486 1.002075 0.996728 0.997595 0.996728 0.998320 
5.633834 1.000009 0.997328 0.998288 0.997328 0.996093 0.997454 0.998288 0.997454 0.995960 
5.655379 0.999252 0.997470 0.997413 0.997470 0.997215 0.999609 0.997413 0.999609 0.998104 
5.676923 0.998054 0.997957 0.998543 0.997957 0.997985 0.999360 0.998543 0.999360 0.996630 
5.698467 0.998920 0.997703 0.997004 0.997703 0.995762 0.999348 0.997004 0.999348 1.001228 
5.720012 0.997237 0.998102 0.997369 0.998102 1.002692 0.998851 0.997369 0.998851 0.997234 
5.741556 0.998557 0.997922 0.998140 0.997922 0.999832 0.998528 0.998140 0.998528 1.000678 
5.763100 0.997727 0.998387 0.997317 0.998387 1.001906 0.996988 0.997317 0.996988 0.998697 
5.784645 0.997627 0.998306 0.998684 0.998306 1.000596 0.999418 0.998684 0.999418 0.998575 
5.806189 0.998303 0.997573 0.998302 0.997573 1.003934 0.998657 0.998302 0.998657 0.998353 
5.827733 0.998090 0.998450 0.996934 0.998450 1.001447 1.000153 0.996934 1.000153 0.995497 
5.849277 0.997927 0.999456 0.997753 0.999456 1.002742 1.001788 0.997753 1.001788 0.999716 
5.870822 0.998003 1.000863 0.999319 1.000863 1.002257 1.001165 0.999319 1.001165 0.997239 
5.892366 0.998240 1.000346 0.999377 1.000346 1.000283 1.000469 0.999377 1.000469 0.998244 
5.913910 0.998154 1.000230 0.999044 1.000230 1.003204 1.002927 0.999044 1.002927 1.002192 
5.935455 0.998256 1.000360 0.999714 1.000360 1.000550 1.000230 0.999714 1.000230 1.000409 
5.956999 0.999070 1.000888 1.000691 1.000888 1.003961 1.002336 1.000691 1.002336 0.997638 
5.978543 0.999832 1.001219 0.999682 1.001219 1.000716 0.999204 0.999682 0.999204 0.999847 
6.000087 0.999717 1.001053 1.001174 1.001053 1.001384 1.001822 1.001174 1.001822 1.001633 
6.021632 0.999861 1.001360 1.000818 1.001360 1.001687 1.001804 1.000818 1.001804 1.001922 
6.043176 1.000199 1.000850 1.000758 1.000850 0.999763 1.002610 1.000758 1.002610 0.999550 
6.064720 1.000245 1.001319 1.000169 1.001319 1.001306 1.001573 1.000169 1.001573 1.003209 
6.086265 1.000398 1.001500 1.001040 1.001500 1.000414 1.000278 1.001040 1.000278 1.001230 
6.107809 1.000136 1.001160 1.002323 1.001160 1.002939 0.999697 1.002323 0.999697 0.999327 
6.129353 1.001142 1.000700 1.001330 1.000700 1.002453 1.001400 1.001330 1.001400 1.003246 
6.150898 1.001307 1.000806 1.001638 1.000806 1.001354 1.001511 1.001638 1.001511 0.999025 
6.172442 1.000917 1.001526 1.001453 1.001526 0.996728 0.999633 1.001453 0.999633 1.004942 
6.193986 1.002425 1.000861 1.001721 1.000861 0.999913 1.002260 1.001721 1.002260 1.000821 
6.215531 1.001572 1.001595 1.002053 1.001595 1.002160 1.001628 1.002053 1.001628 1.001334 
6.237075 1.001595 1.001510 1.001477 1.001510 0.999933 1.001984 1.001477 1.001984 0.998422 
6.258619 1.001580 0.999952 1.001619 0.999952 1.002424 1.000791 1.001619 1.000791 1.000878 
6.280164 1.001776 0.999643 1.000844 0.999643 1.001489 1.002229 1.000844 1.002229 1.002511 
6.301708 1.001038 1.000937 1.001122 1.000937 1.001071 0.998459 1.001122 0.998459 1.000478 
6.323252 1.001076 1.000488 0.999985 1.000488 1.000247 0.999886 0.999985 0.999886 0.998926 
6.344796 1.002207 1.000422 1.000576 1.000422 0.999008 0.999637 1.000576 0.999637 1.000915 
6.366341 1.000344 0.998976 1.000742 0.998976 0.999501 0.999363 1.000742 0.999363 1.000935 
6.387885 1.000529 0.999699 1.001161 0.999699 0.997869 0.997739 1.001161 0.997739 0.998946 
6.409429 1.000141 0.999565 1.000458 0.999565 0.998068 0.999569 1.000458 0.999569 0.998760 
6.430974 1.000345 0.999586 0.999101 0.999586 1.000994 0.996505 0.999101 0.996505 0.999513 
6.452518 1.000385 0.998370 0.999769 0.998370 0.999854 0.998213 0.999769 0.998213 0.997041 
6.474062 1.000460 0.999331 0.999985 0.999331 0.999512 0.998947 0.999985 0.998947 0.996050 
6.495606 1.000987 0.999502 0.999927 0.999502 0.998145 0.999889 0.999927 0.999889 0.998617 
6.517151 1.000284 0.999035 0.998974 0.999035 0.997606 0.997229 0.998974 0.997229 0.999667 
6.538695 0.999821 0.999842 0.999278 0.999842 1.000053 0.998654 0.999278 0.998654 1.000610 
6.560239 0.999225 0.999729 0.998363 0.999729 0.999655 1.000005 0.998363 1.000005 0.999880 
6.581784 0.999335 0.998473 0.999705 0.998473 0.998146 0.998571 0.999705 0.998571 1.001416 
6.603328 0.999172 0.999744 0.999466 0.999744 0.997026 1.000055 0.999466 1.000055 1.000012 
6.624872 0.999385 0.999039 0.998845 0.999039 0.999430 0.998998 0.998845 0.998998 1.000498 
6.646417 0.998826 0.999761 0.999699 0.999761 1.002824 1.000228 0.999699 1.000228 0.996919 
6.667961 0.999651 1.000224 0.998469 1.000224 1.002486 1.000697 0.998469 1.000697 1.000120 
6.689505 0.999540 0.999281 0.998902 0.999281 1.003627 1.001131 0.998902 1.001131 0.998501 
6.711050 0.998923 0.999352 0.999179 0.999352 1.002444 0.999759 0.999179 0.999759 0.998337 
6.732594 0.999036 0.999323 1.000365 0.999323 1.003636 0.999930 1.000365 0.999930 0.999063 
6.754138 0.998898 0.999923 0.998537 0.999923 1.000672 1.000329 0.998537 1.000329 1.001079 
6.775682 0.999346 0.998422 0.999365 0.998422 1.000314 0.999694 0.999365 0.999694 1.000012 
6.797227 0.998862 1.000341 0.999833 1.000341 1.001090 1.002023 0.999833 1.002023 1.001917 
6.818771 0.999351 0.999733 0.999752 0.999733 0.999890 1.003656 0.999752 1.003656 1.001512 
6.840315 0.999880 1.000182 0.999317 1.000182 0.999264 1.000742 0.999317 1.000742 1.002112 
6.861860 1.000003 1.000734 0.999741 1.000734 0.998194 1.001600 0.999741 1.001600 1.000011 
6.883404 0.999982 1.000582 0.999964 1.000582 0.999005 0.999353 0.999964 0.999353 1.002593 
6.904948 1.000333 1.000991 1.000620 1.000991 1.001253 1.001381 1.000620 1.001381 0.998049 
6.926492 1.000088 1.000868 1.000718 1.000868 1.000534 1.002974 1.000718 1.002974 1.002260 
6.948037 1.000358 1.000866 1.000691 1.000866 1.002272 0.999285 1.000691 0.999285 1.001368 
6.969581 1.000555 1.000592 1.000307 1.000592 1.000088 1.002696 1.000307 1.002696 0.999700 
6.991125 1.000859 1.000615 1.000641 1.000615 0.999246 1.001173 1.000641 1.001173 1.005400 
7.012670 1.000416 1.000878 1.001197 1.000878 0.999748 1.002378 1.001197 1.002378 0.999230 
7.034214 1.000681 0.999805 1.001269 0.999805 1.002573 1.002227 1.001269 1.002227 0.997360 
7.055758 1.001139 0.999768 1.000318 0.999768 0.997376 1.001969 1.000318 1.001969 0.997931 
7.077302 1.001062 1.000263 1.000286 1.000263 0.998900 0.998864 1.000286 0.998864 1.000958 
7.098847 1.000176 1.000805 1.001108 1.000805 1.000107 1.000613 1.001108 1.000613 0.999282 
7.120391 1.000719 1.000605 1.000631 1.000605 0.999421 0.999997 1.000631 0.999997 1.001992 
7.141935 1.000566 0.999977 1.000458 0.999977 0.999050 0.999937 1.000458 0.999937 1.000065 
7.163480 1.000734 1.000795 1.000395 1.000795 1.000676 1.001280 1.000395 1.001280 1.001847 
7.185024 1.000791 0.999521 1.000299 0.999521 1.001225 1.000760 1.000299 1.000760 1.001346 
7.206568 0.999895 1.000184 1.000908 1.000184 0.999665 1.000779 1.000908 1.000779 1.000140 
7.228113 1.000362 1.000149 1.000372 1.000149 0.999374 0.998429 1.000372 0.998429 0.998049 
7.249657 1.000494 0.999003 0.999642 0.999003 1.000139 0.999908 0.999642 0.999908 0.997325 
7.271201 1.000846 0.999674 1.000536 0.999674 0.999931 0.999659 1.000536 0.999659 1.000066 
7.292746 1.000682 1.000275 0.999435 1.000275 0.998359 0.999734 0.999435 0.999734 1.000025 
7.314290 1.000354 0.999424 0.999608 0.999424 1.000697 0.999860 0.999608 0.999860 0.997901 
7.335834 1.000130 0.999272 0.999153 0.999272 0.998618 0.999190 0.999153 0.999190 1.000130 
7.357378 1.000122 0.999238 0.999622 0.999238 0.998913 1.001282 0.999622 1.001282 1.001196 
7.378923 0.999185 0.999737 0.999256 0.999737 0.998626 0.999337 0.999256 0.999337 0.998377 
7.400467 1.000458 0.999673 1.000390 0.999673 0.999815 0.998579 1.000390 0.998579 1.000686 
7.422011 0.999466 1.000006 0.999661 1.000006 1.000713 0.998950 0.999661 0.998950 1.000449 
7.443556 0.999494 0.999772 0.999485 0.999772 1.003318 0.998190 0.999485 0.998190 1.000230 
7.465100 0.999667 0.999889 0.999440 0.999889 0.999213 1.000294 0.999440 1.000294 1.001635 
7.486644 0.999339 0.999342 0.999815 0.999342 0.997945 0.999959 0.999815 0.999959 1.001229 
7.508188 0.999740 0.999692 1.000132 0.999692 1.001692 0.999864 1.000132 0.999864 1.001882 
7.529733 1.000229 0.999550 0.999567 0.999550 0.999258 0.999276 0.999567 0.999276 1.000938 
7.551277 0.999950 1.000821 0.999707 1.000821 1.000744 1.002069 0.999707 1.002069 0.999104 
7.572821 0.999811 0.999424 1.000155 0.999424 0.998968 1.000343 1.000155 1.000343 1.000135 
7.594366 1.000025 0.999912 1.000612 0.999912 1.001296 0.999372 1.000612 0.999372 1.000235 
7.615910 0.999292 0.999810 1.000285 0.999810 1.000562 1.001903 1.000285 1.001903 0.998788 
7.637455 0.999832 0.999784 1.000140 0.999784 0.999448 0.999603 1.000140 0.999603 1.000138 
7.658999 0.999731 0.999931 0.999295 0.999931 1.000181 0.998763 0.999295 0.998763 0.998947 
7.680543 0.999560 1.000681 0.999748 1.000681 1.002378 0.999402 0.999748 0.999402 1.000471 
7.702087 1.000305 0.999987 1.000278 0.999987 1.001192 1.000079 1.000278 1.000079 1.001655 
7.723632 0.999844 1.000681 0.999430 1.000681 1.000548 1.000097 0.999430 1.000097 1.001540 
7.745176 0.999929 1.000841 0.999942 1.000841 1.000876 0.998818 0.999942 0.998818 0.999931 
7.766720 1.000452 1.000828 0.999584 1.000828 1.001587 1.000145 0.999584 1.000145 1.001251 
7.788265 1.000681 0.999421 1.000541 0.999421 1.000334 1.001303 1.000541 1.001303 1.003398 
7.809809 0.999901 1.000504 0.999896 1.000504 1.001634 0.999594 0.999896 0.999594 1.001789 
7.831353 1.000275 0.999768 1.000245 0.999768 1.002776 0.999787 1.000245 0.999787 0.999415 
7.852897 1.000235 1.000634 0.999757 1.000634 0.999321 1.001063 0.999757 1.001063 0.999629 
7.874442 1.000247 1.000667 0.999955 1.000667 1.000115 0.999415 0.999955 0.999415 1.000262 
7.895986 1.000351 1.000524 1.000903 1.000524 0.999468 0.999168 1.000903 0.999168 1.000950 
7.917530 1.000231 1.000376 1.000140 1.000376 1.000200 1.000616 1.000140 1.000616 0.999092 
7.939075 1.000870 1.000872 0.999768 1.000872 0.999056 1.000444 0.999768 1.000444 0.999971 
7.960619 1.000018 0.999521 1.000259 0.999521 0.999306 1.000073 1.000259 1.000073 1.000014 
7.982163 1.000158 1.000009 1.000454 1.000009 0.999040 1.000772 1.000454 1.000772 1.001386 
8.003707 1.000125 1.000179 1.000246 1.000179 1.001446 1.000288 1.000246 1.000288 0.999007 
8.025252 1.000541 1.000280 1.000199 1.000280 0.997617 1.000688 1.000199 1.000688 1.003215 
8.046796 1.000743 1.001215 0.999853 1.001215 1.001483 0.999547 0.999853 0.999547 1.001843 
8.068340 1.000639 0.998748 0.999919 0.998748 1.001092 0.999990 0.999919 0.999990 1.000344 
8.089884 1.000661 0.999368 1.000028 0.999368 1.001613 1.000424 1.000028 1.000424 1.000396 
8.111429 1.000452 0.999586 1.000281 0.999586 1.001323 1.000730 1.000281 1.000730 0.999069 
8.132973 1.000475 1.000024 1.000045 1.000024 1.000849 1.000475 1.000045 1.000475 1.001966 
8.154518 1.000756 1.000175 1.000155 1.000175 1.000139 0.999153 1.000155 0.999153 0.999465 
8.176062 1.000286 0.999156 1.000076 0.999156 0.999778 0.999441 1.000076 0.999441 0.998573 
8.197606 0.999404 0.998969 1.000275 0.998969 0.999537 1.000565 1.000275 1.000565 1.000218 
8.219150 0.999909 0.999730 0.999722 0.999730 1.000399 1.002237 0.999722 1.002237 0.999118 
8.240695 0.999822 0.999618 0.999266 0.999618 0.998926 1.000374 0.999266 1.000374 0.999253 
8.262239 0.999848 0.998942 1.000058 0.998942 0.998565 0.998817 1.000058 0.998817 1.000512 
8.283783 1.000116 0.999465 0.999334 0.999465 1.001372 1.000041 0.999334 1.000041 0.999216 
8.305328 1.000076 0.999856 1.000294 0.999856 1.000111 1.000610 1.000294 1.000610 0.998835 
8.326872 0.999879 1.000108 1.000213 1.000108 0.999676 1.001132 1.000213 1.001132 0.999596 
8.348416 0.999343 1.000272 0.999530 1.000272 1.000370 0.999138 0.999530 0.999138 0.999137 
8.369960 1.000039 1.000047 0.999907 1.000047 1.001167 1.000971 0.999907 1.000971 0.998967 
8.391505 1.000112 1.000386 0.999446 1.000386 1.001504 1.000099 0.999446 1.000099 1.000984 
8.413049 0.999748 1.000078 1.000051 1.000078 1.000003 1.000554 1.000051 1.000554 0.998140 
8.434594 0.999807 1.000151 1.000473 1.000151 0.999149 1.000450 1.000473 1.000450 1.001783 
8.456138 1.000190 0.999710 1.000016 0.999710 1.002838 0.999929 1.000016 0.999929 1.000081 
8.477682 1.000270 1.000842 0.999945 1.000842 0.997666 1.000201 0.999945 1.000201 0.999906 
8.499226 0.999851 1.000115 1.000214 1.000115 1.002899 1.000666 1.000214 1.000666 1.000615 
8.520771 0.999725 1.000027 0.999479 1.000027 0.999807 0.998292 0.999479 0.998292 0.999102 
8.542315 1.000242 0.999491 1.000584 0.999491 1.000648 1.001631 1.000584 1.001631 1.002025 
8.563859 1.000110 0.999973 1.000145 0.999973 1.001076 1.000614 1.000145 1.000614 1.001628 
8.585404 1.000124 0.999724 0.999996 0.999724 0.999254 0.999866 0.999996 0.999866 1.000814 
8.606948 1.000087 1.000041 1.000690 1.000041 0.999909 0.999911 1.000690 0.999911 0.997590 
8.628492 0.999772 1.000483 0.999720 1.000483 1.000680 1.000998 0.999720 1.000998 1.000570 
8.650036 0.999671 1.000399 1.000523 1.000399 1.000167 0.999349 1.000523 0.999349 1.000683 
8.671581 1.000106 0.999728 1.000330 0.999728 1.001240 1.000431 1.000330 1.000431 1.000190 
8.693125 1.000216 0.999917 0.999964 0.999917 0.998425 1.001025 0.999964 1.001025 0.999265 
8.714670 1.000538 1.000243 0.999786 1.000243 1.000122 1.000900 0.999786 1.000900 0.998958 
8.736214 1.000207 1.000217 1.000053 1.000217 1.000723 1.002278 1.000053 1.002278 1.000678 
8.757758 1.000472 1.000216 0.999814 1.000216 0.997941 1.000276 0.999814 1.000276 1.001467 
8.779302 0.999872 1.000253 1.000356 1.000253 0.999895 1.000475 1.000356 1.000475 0.998905 
8.800847 1.000397 0.999674 1.000497 0.999674 0.999977 1.000155 1.000497 1.000155 0.999866 
8.822391 1.000187 1.000395 1.000269 1.000395 1.001000 1.000674 1.000269 1.000674 1.001266 
8.843935 1.000281 0.999695 1.000304 0.999695 1.000747 0.999049 1.000304 0.999049 0.998621 
8.865479 0.999971 0.999908 1.000785 0.999908 0.999171 0.999441 1.000785 0.999441 0.998693 
8.887023 1.000512 1.000329 0.999926 1.000329 1.001250 0.999553 0.999926 0.999553 1.002089 
8.908568 1.000365 1.000159 1.000010 1.000159 0.999974 0.999207 1.000010 0.999207 0.999961 
8.930112 0.999718 1.000737 0.999388 1.000737 1.000356 1.000841 0.999388 1.000841 1.000945 
8.951657 1.000702 0.999705 0.999588 0.999705 0.999143 0.999157 0.999588 0.999157 1.000778 
8.973201 1.000072 1.000195 0.999994 1.000195 1.001017 0.999716 0.999994 0.999716 1.001262 
8.994745 1.000321 0.999731 0.999637 0.999731 0.999609 0.999222 0.999637 0.999222 1.001697 
9.016289 1.000117 0.999847 0.999549 0.999847 1.000607 0.998838 0.999549 0.998838 0.999133 
9.037834 0.999998 0.999894 1.000481 0.999894 0.999114 1.001340 1.000481 1.001340 0.999444 
9.059378 1.000306 0.999327 1.000027 0.999327 1.000256 0.999422 1.000027 0.999422 1.001036 
9.080923 1.000575 1.000049 0.999625 1.000049 0.999708 1.000378 0.999625 1.000378 1.001248 
9.102467 1.000066 0.999541 0.999395 0.999541 1.001208 1.000238 0.999395 1.000238 1.000263 
9.124011 1.000448 0.999992 1.000128 0.999992 1.001389 1.000290 1.000128 1.000290 1.000070 
9.145555 0.999986 0.999984 0.999731 0.999984 1.001255 1.000320 0.999731 1.000320 1.000098 
9.167099 1.000003 0.999714 1.000096 0.999714 0.999706 0.999092 1.000096 0.999092 1.002652 
9.188644 1.000106 0.998969 0.999538 0.998969 1.000261 1.000469 0.999538 1.000469 0.999019 
9.210188 0.999582 1.000083 1.000897 1.000083 0.999403 0.999892 1.000897 0.999892 1.001059 
9.231733 1.000132 0.999395 1.000487 0.999395 1.000712 1.001084 1.000487 1.001084 0.999441 
9.253277 1.000140 0.999886 0.999741 0.999886 1.000024 1.000174 0.999741 1.000174 1.000240 
9.274821 1.000228 1.000714 0.999766 1.000714 0.999786 1.001295 0.999766 1.001295 0.999886 
9.296365 0.999835 0.999552 1.000321 0.999552 0.999242 1.001505 1.000321 1.001505 1.000204 
9.317910 0.999873 0.999682 1.000073 0.999682 0.999342 1.000592 1.000073 1.000592 1.001507 
9.339454 0.999710 1.000398 1.000260 1.000398 1.000644 0.999331 1.000260 0.999331 1.000208 
9.360999 0.999356 0.999945 0.999355 0.999945 0.999942 1.000632 0.999355 1.000632 1.001130 
9.382543 1.000697 0.999887 1.000042 0.999887 1.000702 0.999908 1.000042 0.999908 1.000544 
9.404087 1.000243 1.001184 1.000170 1.001184 0.999749 0.999022 1.000170 0.999022 0.999243 
9.425631 0.999959 1.000282 1.000555 1.000282 1.000115 0.999254 1.000555 0.999254 0.998831 
9.447176 1.000180 0.999978 1.000594 0.999978 1.000986 0.999574 1.000594 0.999574 1.001023 
9.468720 1.000205 1.000012 1.000106 1.000012 1.001186 0.999571 1.000106 0.999571 1.000833 
9.490264 1.000131 1.000049 0.999757 1.000049 0.999472 0.999940 0.999757 0.999940 1.000269 
9.511808 1.000395 1.000296 1.000080 1.000296 1.001224 1.001475 1.000080 1.001475 1.001054 
9.533352 1.000318 1.000535 0.999639 1.000535 1.001413 1.000338 0.999639 1.000338 1.001624 
9.554897 0.999754 1.000331 0.999698 1.000331 0.998108 0.998666 0.999698 0.998666 0.999943 
9.576441 1.000297 0.999615 1.000012 0.999615 1.000362 1.000859 1.000012 1.000859 0.999980 
9.597986 1.000284 1.000043 1.000456 1.000043 0.999288 1.000177 1.000456 1.000177 0.999146 
9.619530 0.999946 1.000004 0.999553 1.000004 1.001942 1.000761 0.999553 1.000761 1.000743 
9.641074 1.000422 1.000005 1.000168 1.000005 1.001212 1.001168 1.000168 1.001168 1.001091 
9.662618 0.999957 0.999739 0.999844 0.999739 1.000943 0.998824 0.999844 0.998824 0.998934 
9.684163 0.999749 0.999793 1.000078 0.999793 1.000834 0.999632 1.000078 0.999632 1.000801 
9.705707 0.999976 0.999965 1.000478 0.999965 0.999088 1.000044 1.000478 1.000044 1.000017 
9.727252 1.000395 0.999921 0.999790 0.999921 0.999631 0.999351 0.999790 0.999351 0.999898 
9.748796 0.999819 1.000256 0.999974 1.000256 1.000715 0.998827 0.999974 0.998827 0.999648 
9.770340 1.000268 0.999569 0.999800 0.999569 0.999743 1.000103 0.999800 1.000103 1.000162 
9.791884 1.000202 0.999812 1.000371 0.999812 0.999806 0.999854 1.000371 0.999854 1.000663 
9.813428 1.000499 1.000562 0.999951 1.000562 1.000169 1.000437 0.999951 1.000437 0.998585 
9.834973 1.000121 1.000217 0.999940 1.000217 1.000229 0.999536 0.999940 0.999536 1.000727 
9.856517 1.000107 1.000262 0.999533 1.000262 1.000948 1.000324 0.999533 1.000324 1.000430 
9.878062 1.000443 1.000061 0.999839 1.000061 1.001361 0.999906 0.999839 0.999906 1.001119 
9.899606 1.000015 0.999873 1.000154 0.999873 0.999208 1.001265 1.000154 1.001265 0.999807 
9.921150 1.000043 0.999888 0.999942 0.999888 1.000074 0.999877 0.999942 0.999877 1.001243 
9.942694 1.000167 1.000078 1.000142 1.000078 1.000555 0.998019 1.000142 0.998019 1.000033 
9.964239 1.000166 0.999757 0.999751 0.999757 1.000696 1.000648 0.999751 1.000648 1.000449 
9.985783 0.999933 0.999611 0.999749 0.999611 0.998869 1.000312 0.999749 1.000312 1.001949 
10.007328 0.999948 0.999925 1.000495 0.999925 1.000985 1.001130 1.000495 1.001130 1.000038 
10.028872 1.000373 1.000264 0.999791 1.000264 0.999969 1.000322 0.999791 1.000322 0.999835 
10.050416 1.000484 1.000108 1.000054 1.000108 1.000172 1.000167 1.000054 1.000167 1.001282 
10.071960 0.999784 1.000044 1.000037 1.000044 1.002060 0.999901 1.000037 0.999901 1.001359 
10.093504 1.000422 1.000422 1.000200 1.000422 1.001010 1.000379 1.000200 1.000379 1.001724 
10.115049 1.000268 1.000260 1.000193 1.000260 1.000488 0.999147 1.000193 0.999147 1.000991 
10.136593 0.999812 0.999916 1.000439 0.999916 1.000021 1.001684 1.000439 1.001684 1.001836 
10.158138 0.999913 0.999382 1.000401 0.999382 1.001023 0.999560 1.000401 0.999560 0.999269 
10.179682 1.000062 0.999950 1.000627 0.999950 1.000259 0.999579 1.000627 0.999579 0.999557 
10.201226 0.999813 0.999657 0.999695 0.999657 0.999422 1.000060 0.999695 1.000060 1.001085 
10.222770 1.000075 0.999968 0.999906 0.999968 1.000619 0.999187 0.999906 0.999187 1.000221 
10.244315 1.000514 1.000066 1.000116 1.000066 0.999576 0.999786 1.000116 0.999786 0.997591 
10.265859 0.999950 1.000384 0.999769 1.000384 0.999524 1.000176 0.999769 1.000176 0.999604 
10.287404 0.999999 0.999905 0.999793 0.999905 0.998850 1.000619 0.999793 1.000619 0.999913 
10.308948 1.000250 0.999915 0.999475 0.999915 1.001493 1.000523 0.999475 1.000523 0.998478 
10.330492 0.999979 0.999503 1.000201 0.999503 1.000380 1.001270 1.000201 1.001270 1.000507 
10.352036 0.999819 0.999875 1.000078 0.999875 0.998709 1.000285 1.000078 1.000285 1.000865 
10.373580 1.000019 1.000540 0.999980 1.000540 1.000190 0.999044 0.999980 0.999044 1.002007 
10.395125 1.000389 1.000275 1.000049 1.000275 0.999914 0.999977 1.000049 0.999977 0.999664 
10.416669 1.000337 0.999977 1.000282 0.999977 1.001480 0.998592 1.000282 0.998592 0.999167 
10.438213 1.000035 1.000110 0.999529 1.000110 0.999589 1.000706 0.999529 1.000706 1.000330 
10.459757 1.000207 1.000157 1.000328 1.000157 0.999963 0.999530 1.000328 0.999530 0.999019 
10.481302 0.999691 0.999795 0.999786 0.999795 0.999203 0.999482 0.999786 0.999482 0.999208 
10.502846 1.000570 0.999652 0.999965 0.999652 0.998948 1.000533 0.999965 1.000533 0.999437 
10.524391 1.000230 0.999854 1.000261 0.999854 0.999577 1.000722 1.000261 1.000722 0.999153 
10.545935 1.000015 1.000297 1.000407 1.000297 0.999613 1.000870 1.000407 1.000870 0.999413 
10.567479 1.000118 1.000500 0.999910 1.000500 1.000837 1.000580 0.999910 1.000580 0.999539 
10.589023 1.000103 1.000171 0.999287 1.000171 0.999858 0.999455 0.999287 0.999455 1.002411 
10.610568 1.000173 1.000150 0.999852 1.000150 0.998970 1.001268 0.999852 1.001268 1.000704 
10.632112 1.000139 1.000584 0.999748 1.000584 0.999312 1.001228 0.999748 1.001228 1.002531 
10.653656 1.000370 1.000159 0.999405 1.000159 0.999317 0.999864 0.999405 0.999864 1.000032 
10.675201 0.999949 0.999794 0.999999 0.999794 0.999918 1.000901 0.999999 1.000901 1.001156 
10.696745 1.000142 1.000307 1.000211 1.000307 1.000332 0.999060 1.000211 0.999060 1.000572 
10.718289 1.000085 1.000277 1.000235 1.000277 1.001044 0.998797 1.000235 0.998797 0.999848 
10.739833 1.000052 1.000445 0.999798 1.000445 0.999709 1.000462 0.999798 1.000462 1.001398 
10.761378 1.000318 0.999526 1.000476 0.999526 1.000615 0.999723 1.000476 0.999723 0.999577 
10.782922 0.996958 0.997022 0.997089 0.997022 0.996713 0.996669 0.997089 0.996669 0.998516 
10.804467 0.991187 0.991147 0.991044 0.991147 0.991050 0.989925 0.991044 0.989925 0.993045 
10.826011 0.985333 0.985533 0.985326 0.985533 0.987234 0.984684 0.985326 0.984684 0.983988 
10.847555 0.979662 0.978680 0.979425 0.978680 0.978988 0.979471 0.979425 0.979471 0.980819 
10.869099 0.972650 0.973314 0.972975 0.973314 0.972638 0.975271 0.972975 0.975271 0.973341 
10.890644 0.967344 0.966976 0.967617 0.966976 0.969376 0.967210 0.967617 0.967210 0.967111 
10.912188 0.961231 0.961169 0.961747 0.961169 0.961092 0.960939 0.961747 0.960939 0.962671 
10.933733 0.956122 0.955590 0.955999 0.955590 0.954313 0.956206 0.955999 0.956206 0.956796 
10.955276 0.949981 0.949667 0.949952 0.949667 0.949715 0.949911 0.949952 0.949911 0.950032 
10.976820 0.943963 0.944288 0.944159 0.944288 0.944437 0.944307 0.944159 0.944307 0.943883 
10.998365 0.938048 0.937815 0.938192 0.937815 0.937924 0.938242 0.938192 0.938242 0.937649 
11.019909 0.932975 0.932463 0.932109 0.932463 0.932007 0.932496 0.932109 0.932496 0.934449 
11.041454 0.926893 0.926901 0.926926 0.926901 0.927412 0.928159 0.926926 0.928159 0.926241 
11.062998 0.921326 0.921012 0.921753 0.921012 0.922672 0.921312 0.921753 0.921312 0.920788 
11.084543 0.915824 0.915384 0.915984 0.915384 0.914303 0.915816 0.915984 0.915816 0.917545 
11.106087 0.909641 0.909683 0.909391 0.909683 0.909616 0.910047 0.909391 0.910047 0.910249 
11.127631 0.904460 0.904128 0.904017 0.904128 0.903424 0.905518 0.904017 0.905518 0.904006 
11.149175 0.898318 0.898254 0.898313 0.898254 0.898656 0.898389 0.898313 0.898389 0.898765 
11.170720 0.892853 0.892504 0.892919 0.892504 0.894394 0.892983 0.892919 0.892983 0.892102 
11.192264 0.887541 0.887885 0.887295 0.887885 0.888657 0.887081 0.887295 0.887081 0.885972 
11.213809 0.881823 0.882223 0.881513 0.882223 0.882238 0.882435 0.881513 0.882435 0.882477 
11.235353 0.876465 0.876782 0.876264 0.876782 0.877595 0.875699 0.876264 0.875699 0.875856 
11.256896 0.871393 0.870870 0.870732 0.870870 0.871376 0.870589 0.870732 0.870589 0.871210 
11.278441 0.865570 0.865538 0.865287 0.865538 0.866060 0.865719 0.865287 0.865719 0.867282 
11.299985 0.860064 0.860399 0.860073 0.860399 0.858992 0.859582 0.860073 0.859582 0.859982 
11.321530 0.854524 0.853845 0.854101 0.853845 0.854080 0.854319 0.854101 0.854319 0.855227 
11.343074 0.849401 0.848927 0.849031 0.848927 0.849172 0.848553 0.849031 0.848553 0.848409 
11.364618 0.843603 0.843735 0.844005 0.843735 0.843883 0.843135 0.844005 0.843135 0.842954 
11.386162 0.838512 0.838058 0.837868 0.838058 0.838682 0.838100 0.837868 0.838100 0.837453 
11.407707 0.833088 0.832230 0.833013 0.832230 0.833036 0.832973 0.833013 0.832973 0.833693 
11.429251 0.827515 0.827101 0.827734 0.827101 0.828022 0.828438 0.827734 0.828438 0.827616 
11.450796 0.822355 0.822372 0.822139 0.822372 0.821510 0.821159 0.822139 0.821159 0.822147 
11.472340 0.816624 0.817021 0.816746 0.817021 0.817004 0.817127 0.816746 0.817127 0.817987 
11.493884 0.811961 0.811786 0.811730 0.811786 0.812760 0.812364 0.811730 0.812364 0.811416 
11.515428 0.806550 0.806611 0.805922 0.806611 0.806833 0.806379 0.805922 0.806379 0.807086 
11.536973 0.801277 0.800959 0.801103 0.800959 0.801009 0.801054 0.801103 0.801054 0.800461 
11.558517 0.796000 0.796262 0.795770 0.796262 0.795956 0.796501 0.795770 0.796501 0.795656 
11.580061 0.790691 0.790684 0.790309 0.790684 0.790589 0.790734 0.790309 0.790734 0.791495 
11.601606 0.785667 0.785332 0.785555 0.785332 0.786406 0.786260 0.785555 0.786260 0.786713 
11.623150 0.780780 0.781080 0.780227 0.781080 0.779304 0.780398 0.780227 0.780398 0.780410 
11.644694 0.775252 0.774874 0.775382 0.774874 0.775244 0.775641 0.775382 0.775641 0.774792 
11.666238 0.770297 0.769931 0.770399 0.769931 0.769548 0.770607 0.770399 0.770607 0.771242 
11.687783 0.764770 0.764785 0.765472 0.764785 0.764349 0.765370 0.765472 0.765370 0.765098 
11.709327 0.759934 0.760268 0.760186 0.760268 0.759670 0.760060 0.760186 0.760060 0.760325 
11.730872 0.754611 0.754514 0.754895 0.754514 0.754064 0.755034 0.754895 0.755034 0.754116 
11.752416 0.750065 0.749486 0.749878 0.749486 0.750258 0.749579 0.749878 0.749579 0.750315 
11.773960 0.744779 0.744668 0.744508 0.744668 0.745551 0.744548 0.744508 0.744548 0.745442 
11.795504 0.739736 0.739537 0.739883 0.739537 0.741421 0.740024 0.739883 0.740024 0.740175 
11.817049 0.734777 0.734876 0.735157 0.734876 0.734964 0.734172 0.735157 0.734172 0.735895 
11.838593 0.730052 0.729738 0.729713 0.729738 0.729593 0.729327 0.729713 0.729327 0.729143 
11.860137 0.724763 0.724860 0.725296 0.724860 0.725262 0.725360 0.725296 0.725360 0.724548 
11.881681 0.719948 0.719518 0.720279 0.719518 0.720207 0.720695 0.720279 0.720695 0.719544 
11.903225 0.714676 0.715067 0.715277 0.715067 0.714538 0.714224 0.715277 0.714224 0.715735 
11.924770 0.710009 0.710139 0.709745 0.710139 0.710651 0.709750 0.709745 0.709750 0.710805 
11.946314 0.705183 0.705406 0.704701 0.705406 0.705063 0.704777 0.704701 0.704777 0.705201 
11.967859 0.700418 0.700791 0.700372 0.700791 0.700984 0.700727 0.700372 0.700727 0.699978 
11.989403 0.695029 0.695299 0.695392 0.695299 0.695215 0.694555 0.695392 0.694555 0.695254 
12.010947 0.690851 0.690162 0.690300 0.690162 0.691699 0.690753 0.690300 0.690753 0.690839 
12.032491 0.685744 0.686083 0.685964 0.686083 0.686693 0.685411 0.685964 0.685411 0.686847 
12.054036 0.681058 0.680792 0.680627 0.680792 0.681616 0.680888 0.680627 0.680888 0.680224 
12.075580 0.676083 0.675854 0.676134 0.675854 0.675818 0.676416 0.676134 0.676416 0.675403 
12.097125 0.671638 0.671049 0.671525 0.671049 0.672972 0.671277 0.671525 0.671277 0.672094 
12.118669 0.666615 0.666734 0.666356 0.666734 0.666468 0.666635 0.666356 0.666635 0.666981 
12.140213 0.661809 0.662105 0.662207 0.662105 0.662218 0.662079 0.662207 0.662079 0.662436 
12.161757 0.657495 0.657242 0.657285 0.657242 0.656653 0.657494 0.657285 0.657494 0.657539 
12.183301 0.652798 0.652867 0.652794 0.652867 0.652682 0.652749 0.652794 0.652749 0.653504 
12.204846 0.647811 0.648009 0.647761 0.648009 0.647895 0.647978 0.647761 0.647978 0.647119 
12.226390 0.643384 0.643157 0.643387 0.643157 0.643758 0.643706 0.643387 0.643706 0.642370 
12.247935 0.638566 0.638867 0.638308 0.638867 0.638081 0.638890 0.638308 0.638890 0.637846 
12.269479 0.634040 0.633791 0.634180 0.633791 0.633590 0.634275 0.634180 0.634275 0.634202 
12.291023 0.629229 0.628881 0.629280 0.628881 0.630151 0.628448 0.629280 0.628448 0.629228 
12.312567 0.624559 0.624822 0.624363 0.624822 0.623842 0.625081 0.624363 0.625081 0.624912 
12.334112 0.620471 0.620133 0.619813 0.620133 0.619676 0.619931 0.619813 0.619931 0.621613 
12.355656 0.615790 0.615947 0.615513 0.615947 0.616128 0.615536 0.615513 0.615536 0.616309 
12.377201 0.610992 0.611272 0.611141 0.611272 0.610457 0.611094 0.611141 0.611094 0.610790 
12.398745 0.606704 0.606475 0.606080 0.606475 0.606623 0.606680 0.606080 0.606680 0.607353 
12.420289 0.601956 0.601810 0.601964 0.601810 0.602367 0.601588 0.601964 0.601588 0.602238 
12.441833 0.597412 0.597184 0.597655 0.597184 0.598200 0.597800 0.597655 0.597800 0.597437 
12.463377 0.592946 0.592998 0.593265 0.592998 0.593354 0.593729 0.593265 0.593729 0.593056 
12.484922 0.588602 0.588698 0.588325 0.588698 0.589010 0.588002 0.588325 0.588002 0.589336 
12.506466 0.584232 0.583594 0.584065 0.583594 0.583557 0.583632 0.584065 0.583632 0.584132 
12.528011 0.579632 0.579492 0.579507 0.579492 0.579238 0.579727 0.579507 0.579727 0.579658 
12.549555 0.575121 0.575002 0.574916 0.575002 0.575964 0.575515 0.574916 0.575515 0.575280 
12.571099 0.571038 0.570277 0.570431 0.570277 0.570481 0.570219 0.570431 0.570219 0.570945 
12.592643 0.566222 0.566182 0.566451 0.566182 0.567142 0.566390 0.566451 0.566390 0.565364 
12.614188 0.561893 0.562254 0.561963 0.562254 0.561567 0.561577 0.561963 0.561577 0.562879 
12.635732 0.557573 0.557290 0.557414 0.557290 0.557520 0.557826 0.557414 0.557826 0.556938 
12.657277 0.553082 0.552769 0.553559 0.552769 0.552912 0.553775 0.553559 0.553775 0.552782 
12.678821 0.549166 0.548878 0.549345 0.548878 0.549904 0.549126 0.549345 0.549126 0.548563 
12.700365 0.544507 0.544868 0.544336 0.544868 0.544738 0.544258 0.544336 0.544258 0.545148 
12.721909 0.540270 0.540247 0.540206 0.540247 0.540912 0.539218 0.540206 0.539218 0.540677 
12.743454 0.535918 0.536136 0.536008 0.536136 0.535753 0.534758 0.536008 0.534758 0.537082 
12.764998 0.531754 0.531478 0.531896 0.531478 0.531362 0.530908 0.531896 0.530908 0.532314 
12.786542 0.527309 0.527609 0.527355 0.527609 0.527865 0.528199 0.527355 0.528199 0.527273 
12.808086 0.523220 0.522988 0.523140 0.522988 0.523340 0.522913 0.523140 0.522913 0.523786 
12.829630 0.518945 0.518585 0.519309 0.518585 0.518700 0.519188 0.519309 0.519188 0.518034 
12.851175 0.514733 0.514870 0.514490 0.514870 0.514434 0.515440 0.514490 0.515440 0.514308 
12.872719 0.510713 0.510414 0.510433 0.510414 0.509670 0.511088 0.510433 0.511088 0.511029 
12.894264 0.506218 0.505960 0.505929 0.505960 0.507316 0.506323 0.505929 0.506323 0.506365 
12.915808 0.502094 0.501967 0.502115 0.501967 0.501662 0.502439 0.502115 0.502439 0.501950 
12.937352 0.497933 0.497804 0.497791 0.497804 0.497821 0.497708 0.497791 0.497708 0.497746 
12.958896 0.493746 0.493925 0.493422 0.493925 0.493300 0.494470 0.493422 0.494470 0.493573 
12.980441 0.489801 0.489634 0.489711 0.489634 0.489458 0.490628 0.489711 0.490628 0.490443 
13.001985 0.485378 0.485138 0.485921 0.485138 0.485871 0.485491 0.485921 0.485491 0.484935 
13.023530 0.481343 0.481292 0.481155 0.481292 0.481904 0.481646 0.481155 0.481646 0.481030 
13.045074 0.477354 0.477483 0.477275 0.477483 0.477749 0.476737 0.477275 0.476737 0.478276 
13.066618 0.473297 0.473365 0.473259 0.473365 0.472712 0.472405 0.473259 0.472405 0.473409 
13.088162 0.469062 0.469339 0.469369 0.469339 0.469363 0.469462 0.469369 0.469462 0.469478 
13.109706 0.465072 0.465254 0.465019 0.465254 0.464963 0.464731 0.465019 0.464731 0.464551 
13.131251 0.461103 0.461331 0.460716 0.461331 0.462245 0.460995 0.460716 0.460995 0.462240 
13.152795 0.457243 0.457161 0.456922 0.457161 0.456935 0.457587 0.456922 0.457587 0.457555 
13.174340 0.453020 0.452773 0.452881 0.452773 0.453033 0.452384 0.452881 0.452384 0.453161 
13.195884 0.449004 0.448749 0.448834 0.448749 0.449556 0.448409 0.448834 0.448409 0.449456 
13.217428 0.445083 0.445019 0.445029 0.445019 0.444328 0.444570 0.445029 0.444570 0.445654 
13.238972 0.440935 0.441206 0.441144 0.441206 0.440560 0.441044 0.441144 0.441044 0.440061 
13.260517 0.436962 0.436997 0.437413 0.436997 0.437054 0.436777 0.437413 0.436777 0.437546 
13.282061 0.433033 0.433126 0.433202 0.433126 0.432326 0.433739 0.433202 0.433739 0.433941 
13.303606 0.429227 0.429660 0.429114 0.429660 0.430641 0.429348 0.429114 0.429348 0.428761 
13.325150 0.425408 0.425485 0.425308 0.425485 0.425358 0.424997 0.425308 0.424997 0.425228 
13.346694 0.421512 0.421449 0.420996 0.421449 0.421117 0.421580 0.420996 0.421580 0.421020 
13.368238 0.417649 0.417331 0.417267 0.417331 0.417252 0.417642 0.417267 0.417642 0.417374 
13.389782 0.413571 0.413608 0.413515 0.413608 0.413366 0.413344 0.413515 0.413344 0.413611 
13.411327 0.409602 0.409755 0.409571 0.409755 0.409676 0.409612 0.409571 0.409612 0.409587 
13.432871 0.405841 0.405493 0.405858 0.405493 0.405752 0.406016 0.405858 0.406016 0.406536 
13.454415 0.402030 0.402108 0.402152 0.402108 0.401302 0.402567 0.402152 0.402567 0.401766 
13.475959 0.398153 0.398059 0.398073 0.398059 0.398733 0.397673 0.398073 0.397673 0.397967 
13.497504 0.394314 0.394154 0.394326 0.394154 0.394229 0.394232 0.394326 0.394232 0.394158 
13.519048 0.390586 0.389970 0.390663 0.389970 0.390465 0.390504 0.390663 0.390504 0.390379 
13.540593 0.386682 0.386601 0.386650 0.386601 0.387565 0.386265 0.386650 0.386265 0.386787 
13.562137 0.382779 0.382830 0.383312 0.382830 0.383092 0.383438 0.383312 0.383438 0.383109 
13.583681 0.379095 0.379238 0.378986 0.379238 0.378952 0.378459 0.378986 0.378459 0.378583 
13.605225 0.375334 0.375364 0.375409 0.375364 0.374997 0.375674 0.375409 0.375674 0.374820 
13.626770 0.371497 0.371700 0.371552 0.371700 0.371987 0.371026 0.371552 0.371026 0.371286 
13.648314 0.367865 0.367690 0.367688 0.367690 0.368299 0.367874 0.367688 0.367874 0.367550 
13.669858 0.363969 0.364284 0.364120 0.364284 0.364210 0.364110 0.364120 0.364110 0.364684 
13.691403 0.360280 0.360231 0.360156 0.360231 0.359639 0.360136 0.360156 0.360136 0.361465 
13.712947 0.356720 0.356535 0.356957 0.356535 0.356987 0.356534 0.356957 0.356534 0.357374 
13.734491 0.352970 0.352549 0.353013 0.352549 0.352443 0.353086 0.353013 0.353086 0.353498 
13.756035 0.349417 0.349157 0.349195 0.349157 0.349091 0.349819 0.349195 0.349819 0.349380 
13.777580 0.345553 0.345587 0.345509 0.345587 0.345816 0.345424 0.345509 0.345424 0.345121 
13.799124 0.341970 0.341682 0.341970 0.341682 0.342050 0.342225 0.341970 0.342225 0.342143 
13.820669 0.338286 0.338143 0.338330 0.338143 0.338546 0.338580 0.338330 0.338580 0.337888 
13.842213 0.334782 0.334633 0.334445 0.334633 0.334496 0.334508 0.334445 0.334508 0.334461 
13.863757 0.331045 0.331083 0.330907 0.331083 0.331162 0.331170 0.330907 0.331170 0.330376 
13.885301 0.327364 0.327210 0.327113 0.327210 0.327835 0.327549 0.327113 0.327549 0.327462 
13.906846 0.323846 0.324052 0.323745 0.324052 0.324039 0.324181 0.323745 0.324181 0.323172 
13.928390 0.320071 0.320095 0.320278 0.320095 0.320571 0.320455 0.320278 0.320455 0.320016 
13.949934 0.316561 0.316707 0.316754 0.316707 0.315934 0.316909 0.316754 0.316909 0.316359 
13.971479 0.312969 0.313131 0.312871 0.313131 0.313286 0.313069 0.312871 0.313069 0.313439 
13.993023 0.309549 0.309595 0.309655 0.309595 0.309392 0.309511 0.309655 0.309511 0.309523 
14.014567 0.305892 0.305624 0.306200 0.305624 0.305904 0.305769 0.306200 0.305769 0.306309 
14.036111 0.302414 0.302449 0.302477 0.302449 0.302350 0.302211 0.302477 0.302211 0.302803 
14.057656 0.298878 0.298828 0.298526 0.298828 0.298796 0.299668 0.298526 0.299668 0.299107 
14.079200 0.295315 0.295323 0.295581 0.295323 0.295376 0.295538 0.295581 0.295538 0.296039 
14.100745 0.291862 0.291996 0.291640 0.291996 0.292122 0.291337 0.291640 0.291337 0.291864 
14.122289 0.288363 0.288460 0.288386 0.288460 0.288560 0.288132 0.288386 0.288132 0.288851 
14.143833 0.284962 0.284817 0.284629 0.284817 0.284567 0.284317 0.284629 0.284317 0.284972 
14.165377 0.281473 0.281364 0.281575 0.281364 0.281154 0.281371 0.281575 0.281371 0.281544 
14.186922 0.277998 0.277916 0.277786 0.277916 0.278034 0.277930 0.277786 0.277930 0.277618 
14.208466 0.274624 0.274424 0.274370 0.274424 0.274154 0.274038 0.274370 0.274038 0.274084 
14.230011 0.270978 0.270902 0.270932 0.270902 0.271732 0.270906 0.270932 0.270906 0.270829 
14.251554 0.267680 0.267782 0.267624 0.267782 0.267380 0.267806 0.267624 0.267806 0.267789 
14.273098 0.264237 0.264112 0.263918 0.264112 0.264236 0.264762 0.263918 0.264762 0.264439 
14.294643 0.260848 0.260919 0.260715 0.260919 0.260508 0.260551 0.260715 0.260551 0.260402 
14.316187 0.257379 0.257316 0.257518 0.257316 0.257133 0.257356 0.257518 0.257356 0.257270 
14.337732 0.253946 0.253901 0.253994 0.253901 0.254291 0.253929 0.253994 0.253929 0.253737 
14.359276 0.250608 0.250704 0.250652 0.250704 0.250874 0.250400 0.250652 0.250400 0.250917 
14.380820 0.247261 0.247212 0.247400 0.247212 0.246802 0.247011 0.247400 0.247011 0.247342 
14.402364 0.243924 0.243925 0.243904 0.243925 0.244064 0.243817 0.243904 0.243817 0.244206 
14.423909 0.240502 0.240428 0.240370 0.240428 0.241045 0.240670 0.240370 0.240670 0.240307 
14.445453 0.237306 0.236935 0.237215 0.236935 0.237584 0.237168 0.237215 0.237168 0.237048 
14.466998 0.233940 0.233710 0.233740 0.233710 0.234315 0.233862 0.233740 0.233862 0.233888 
14.488542 0.230486 0.230510 0.230669 0.230510 0.230159 0.230572 0.230669 0.230572 0.230846 
14.510086 0.227185 0.227173 0.227050 0.227173 0.227636 0.227371 0.227050 0.227371 0.227568 
14.531630 0.223864 0.223828 0.224013 0.223828 0.224154 0.223546 0.224013 0.223546 0.223568 
14.553174 0.220536 0.220723 0.220486 0.220723 0.220723 0.220806 0.220486 0.220806 0.221387 
14.574719 0.217276 0.217251 0.217409 0.217251 0.217261 0.217522 0.217409 0.217522 0.216418 
14.596263 0.213923 0.213983 0.213944 0.213983 0.214070 0.214330 0.213944 0.214330 0.214344 
14.617808 0.210846 0.210729 0.210621 0.210729 0.210646 0.210691 0.210621 0.210691 0.210971 
14.639352 0.207493 0.207447 0.207653 0.207447 0.207680 0.207523 0.207653 0.207523 0.207643 
14.660896 0.204235 0.204309 0.204500 0.204309 0.204360 0.203994 0.204500 0.203994 0.204761 
14.682440 0.201060 0.200860 0.200895 0.200860 0.201235 0.201204 0.200895 0.201204 0.200699 
14.703985 0.197766 0.197841 0.197890 0.197841 0.197716 0.197783 0.197890 0.197783 0.197482 
14.725529 0.194463 0.194476 0.194658 0.194476 0.194806 0.195027 0.194658 0.195027 0.194011 
14.747074 0.191334 0.191468 0.191529 0.191468 0.191516 0.191455 0.191529 0.191455 0.191120 
14.768618 0.188172 0.188110 0.187876 0.188110 0.187954 0.188284 0.187876 0.188284 0.188105 
14.790162 0.185023 0.185059 0.185006 0.185059 0.184875 0.185254 0.185006 0.185254 0.185198 
14.811706 0.181793 0.181848 0.181688 0.181848 0.181511 0.181839 0.181688 0.181839 0.181979 
14.833251 0.178557 0.178488 0.178641 0.178488 0.178197 0.178722 0.178641 0.178722 0.178543 
14.854795 0.175566 0.175386 0.175521 0.175386 0.175516 0.175764 0.175521 0.175764 0.175302 
14.876339 0.172378 0.172333 0.172334 0.172333 0.172621 0.172369 0.172334 0.172369 0.172374 
14.897883 0.169229 0.169130 0.169051 0.169130 0.169074 0.169121 0.169051 0.169121 0.169149 
14.919427 0.165964 0.166114 0.166037 0.166114 0.166391 0.166341 0.166037 0.166341 0.166273 
14.940972 0.163027 0.162942 0.162888 0.162942 0.163345 0.163075 0.162888 0.163075 0.163101 
14.962516 0.159891 0.159821 0.159680 0.159821 0.159761 0.159763 0.159680 0.159763 0.160104 
14.984061 0.156793 0.156727 0.156745 0.156727 0.156501 0.156497 0.156745 0.156497 0.156723 
15.005605 0.153550 0.153727 0.153754 0.153727 0.153766 0.153869 0.153754 0.153869 0.153795 
15.027149 0.150594 0.150762 0.150508 0.150762 0.150060 0.150561 0.150508 0.150561 0.150369 
15.048693 0.147573 0.147408 0.147377 0.147408 0.147383 0.147287 0.147377 0.147287 0.147287 
15.070238 0.144332 0.144306 0.144497 0.144306 0.144545 0.144263 0.144497 0.144263 0.144021 
15.091782 0.141414 0.141391 0.141574 0.141391 0.141139 0.141293 0.141574 0.141293 0.141656 
15.113327 0.138245 0.138186 0.138105 0.138186 0.137981 0.138039 0.138105 0.138039 0.138272 
15.134871 0.135301 0.135276 0.135355 0.135276 0.135520 0.135379 0.135355 0.135379 0.135011 
15.156415 0.132254 0.132297 0.132390 0.132297 0.132530 0.131898 0.132390 0.131898 0.131980 
15.177959 0.129203 0.129193 0.129272 0.129193 0.129527 0.128901 0.129272 0.128901 0.128909 
15.199503 0.126203 0.126156 0.126173 0.126156 0.126421 0.126034 0.126173 0.126034 0.126453 
15.221048 0.123267 0.123286 0.123349 0.123286 0.123198 0.123116 0.123349 0.123116 0.123249 
15.242592 0.120296 0.120161 0.120187 0.120161 0.120400 0.120529 0.120187 0.120529 0.120314 
15.264137 0.117442 0.117482 0.117265 0.117482 0.117830 0.117353 0.117265 0.117353 0.117465 
15.285681 0.114835 0.114825 0.114846 0.114825 0.114870 0.114754 0.114846 0.114754 0.115185 
15.307225 0.112495 0.112413 0.112533 0.112413 0.112896 0.112803 0.112533 0.112803 0.112321 
15.328769 0.109978 0.109973 0.110009 0.109973 0.110234 0.109816 0.110009 0.109816 0.110129 
15.350314 0.107684 0.107505 0.107664 0.107505 0.107410 0.107358 0.107664 0.107358 0.107752 
15.371858 0.105359 0.105383 0.105283 0.105383 0.105321 0.105298 0.105283 0.105298 0.105172 
15.393403 0.103154 0.103133 0.103212 0.103133 0.102953 0.103257 0.103212 0.103257 0.103306 
15.414947 0.100849 0.101058 0.100884 0.101058 0.101034 0.100970 0.100884 0.100970 0.100620 
15.436491 0.098805 0.098812 0.098864 0.098812 0.099110 0.098796 0.098864 0.098796 0.098765 
15.458035 0.096838 0.096719 0.096855 0.096719 0.097323 0.097049 0.096855 0.097049 0.097058 
15.479579 0.094864 0.094847 0.094880 0.094847 0.094974 0.094945 0.094880 0.094945 0.095012 
15.501124 0.092874 0.092892 0.092900 0.092892 0.092729 0.092787 0.092900 0.092787 0.093056 
15.522668 0.090928 0.090919 0.090986 0.090919 0.091186 0.090982 0.090986 0.090982 0.091026 
15.544213 0.089068 0.089145 0.089113 0.089145 0.089189 0.089116 0.089113 0.089116 0.089011 
15.565757 0.087344 0.087212 0.087241 0.087212 0.087380 0.087213 0.087241 0.087213 0.087620 
15.587301 0.085394 0.085393 0.085413 0.085393 0.085460 0.085402 0.085413 0.085402 0.085664 
15.608845 0.083737 0.083675 0.083602 0.083675 0.083846 0.083754 0.083602 0.083754 0.083523 
15.630390 0.081937 0.081951 0.081949 0.081951 0.081945 0.082074 0.081949 0.082074 0.082015 
15.651934 0.080276 0.080259 0.080255 0.080259 0.080323 0.080471 0.080255 0.080471 0.080242 
15.673479 0.078613 0.078555 0.078575 0.078555 0.078252 0.078563 0.078575 0.078563 0.078717 
15.695023 0.076969 0.076934 0.077010 0.076934 0.077044 0.077035 0.077010 0.077035 0.076937 
15.716567 0.075348 0.075418 0.075411 0.075418 0.075370 0.075271 0.075411 0.075271 0.075286 
15.738111 0.073752 0.073761 0.073720 0.073761 0.073821 0.073529 0.073720 0.073529 0.073689 
15.759655 0.072301 0.072385 0.072206 0.072385 0.072228 0.072464 0.072206 0.072464 0.072182 
15.781200 0.070790 0.070745 0.070750 0.070745 0.070547 0.070976 0.070750 0.070976 0.070362 
15.802744 0.069192 0.069250 0.069327 0.069250 0.069324 0.069255 0.069327 0.069255 0.069436 
15.824288 0.067814 0.067968 0.067912 0.067968 0.067938 0.067738 0.067912 0.067738 0.067886 
15.845832 0.066371 0.066412 0.066380 0.066412 0.066489 0.066181 0.066380 0.066181 0.066502 
15.867377 0.065012 0.064973 0.065022 0.064973 0.065130 0.065036 0.065022 0.065036 0.064973 
15.888921 0.063673 0.063564 0.063623 0.063564 0.063654 0.063565 0.063623 0.063565 0.063829 
15.910466 0.062324 0.062389 0.062218 0.062389 0.062236 0.062547 0.062218 0.062547 0.062338 
15.932010 0.060939 0.060865 0.060953 0.060865 0.060760 0.061035 0.060953 0.061035 0.060686 
15.953554 0.059619 0.059681 0.059502 0.059681 0.059616 0.059784 0.059502 0.059784 0.059527 
15.975098 0.058402 0.058254 0.058368 0.058254 0.058627 0.058334 0.058368 0.058334 0.058337 
15.996643 0.057061 0.057069 0.057031 0.057069 0.057019 0.056973 0.057031 0.056973 0.057020 
16.018188 0.055936 0.055896 0.055798 0.055896 0.055727 0.056012 0.055798 0.056012 0.055819 
16.039731 0.054643 0.054719 0.054791 0.054719 0.054534 0.054685 0.054791 0.054685 0.054794 
16.061275 0.053462 0.053354 0.053546 0.053354 0.053209 0.053546 0.053546 0.053546 0.053543 
16.082820 0.052282 0.052218 0.052254 0.052218 0.052227 0.052204 0.052254 0.052204 0.052483 
16.104364 0.051186 0.051078 0.051079 0.051078 0.051308 0.050979 0.051079 0.050979 0.051100 
16.125909 0.049969 0.049994 0.050100 0.049994 0.049813 0.050037 0.050100 0.050037 0.050061 
16.147452 0.048895 0.048882 0.048785 0.048882 0.049018 0.049024 0.048785 0.049024 0.048917 
16.168997 0.047803 0.047778 0.047755 0.047778 0.047818 0.047726 0.047755 0.047726 0.047779 
16.190541 0.046727 0.046694 0.046734 0.046694 0.046387 0.046716 0.046734 0.046716 0.046783 
16.212086 0.045683 0.045647 0.045657 0.045647 0.045811 0.045598 0.045657 0.045598 0.045408 
16.233630 0.044618 0.044543 0.044585 0.044543 0.044638 0.044506 0.044585 0.044506 0.044793 
16.255175 0.043625 0.043656 0.043601 0.043656 0.043793 0.043515 0.043601 0.043515 0.043700 
16.276719 0.042617 0.042607 0.042644 0.042607 0.042590 0.042639 0.042644 0.042639 0.042482 
16.298263 0.041579 0.041662 0.041571 0.041662 0.041467 0.041411 0.041571 0.041411 0.041891 
16.319807 0.040579 0.040659 0.040686 0.040659 0.040784 0.040655 0.040686 0.040655 0.040685 
16.341352 0.039683 0.039751 0.039675 0.039751 0.039809 0.039565 0.039675 0.039565 0.039824 
16.362896 0.038762 0.038821 0.038752 0.038821 0.038706 0.038646 0.038752 0.038646 0.038864 
16.384440 0.037833 0.037873 0.037774 0.037873 0.038004 0.037797 0.037774 0.037797 0.038064 
16.405984 0.036932 0.036950 0.036958 0.036950 0.036984 0.037018 0.036958 0.037018 0.036827 
16.427528 0.036049 0.036027 0.036051 0.036027 0.036169 0.036000 0.036051 0.036000 0.035948 
16.449073 0.035178 0.035212 0.035162 0.035212 0.035234 0.035103 0.035162 0.035103 0.035383 
16.470617 0.034343 0.034326 0.034427 0.034326 0.034375 0.034415 0.034427 0.034415 0.034348 
16.492162 0.033554 0.033564 0.033489 0.033564 0.033444 0.033504 0.033489 0.033504 0.033498 
16.513706 0.032728 0.032661 0.032647 0.032661 0.032532 0.032679 0.032647 0.032679 0.032888 
16.535251 0.031875 0.031893 0.031853 0.031893 0.031865 0.031783 0.031853 0.031783 0.031984 
16.556794 0.031087 0.031063 0.031152 0.031063 0.031112 0.031174 0.031152 0.031174 0.030960 
16.578339 0.030321 0.030341 0.030300 0.030341 0.030345 0.030441 0.030300 0.030441 0.030288 
16.599883 0.029553 0.029537 0.029569 0.029537 0.029548 0.029535 0.029569 0.029535 0.029324 
16.621428 0.028809 0.028781 0.028838 0.028781 0.028836 0.028734 0.028838 0.028734 0.028801 
16.642972 0.028046 0.028009 0.028047 0.028009 0.028011 0.027923 0.028047 0.027923 0.028032 
16.664516 0.027280 0.027251 0.027300 0.027251 0.027089 0.027355 0.027300 0.027355 0.027340 
16.686061 0.026629 0.026602 0.026579 0.026602 0.026509 0.026797 0.026579 0.026797 0.026485 
16.707604 0.025913 0.025891 0.025903 0.025891 0.025880 0.025857 0.025903 0.025857 0.025887 
16.729149 0.025259 0.025197 0.025264 0.025197 0.025213 0.025274 0.025264 0.025274 0.025112 
16.750693 0.024547 0.024539 0.024593 0.024539 0.024486 0.024480 0.024593 0.024480 0.024353 
16.772238 0.023890 0.023936 0.023890 0.023936 0.023976 0.023963 0.023890 0.023963 0.023831 
16.793782 0.023225 0.023232 0.023190 0.023232 0.023383 0.023143 0.023190 0.023143 0.023211 
16.815326 0.022591 0.022566 0.022582 0.022566 0.022673 0.022625 0.022582 0.022625 0.022508 
16.836870 0.021979 0.021978 0.021983 0.021978 0.021892 0.021980 0.021983 0.021980 0.021979 
16.858415 0.021349 0.021332 0.021313 0.021332 0.021336 0.021298 0.021313 0.021298 0.021429 
16.879959 0.020748 0.020798 0.020788 0.020798 0.020800 0.020739 0.020788 0.020739 0.020789 
16.901504 0.020159 0.020159 0.020142 0.020159 0.020026 0.020164 0.020142 0.020164 0.020379 
16.923048 0.019570 0.019590 0.019599 0.019590 0.019669 0.019480 0.019599 0.019480 0.019480 
16.944592 0.019011 0.019037 0.019023 0.019037 0.018965 0.019060 0.019023 0.019060 0.018900 
16.966136 0.018491 0.018401 0.018453 0.018401 0.018545 0.018466 0.018453 0.018466 0.018461 
16.987680 0.017889 0.017915 0.017895 0.017915 0.018097 0.017853 0.017895 0.017853 0.017865 
17.009225 0.017399 0.017393 0.017371 0.017393 0.017259 0.017297 0.017371 0.017297 0.017340 
17.030769 0.016815 0.016859 0.016851 0.016859 0.016853 0.016883 0.016851 0.016883 0.016989 
17.052314 0.016345 0.016362 0.016303 0.016362 0.016336 0.016287 0.016303 0.016287 0.016347 
17.073857 0.015830 0.015848 0.015864 0.015848 0.015808 0.015941 0.015864 0.015941 0.015924 
17.095402 0.015319 0.015353 0.015302 0.015353 0.015333 0.015368 0.015302 0.015368 0.015261 
17.116946 0.014848 0.014813 0.014838 0.014813 0.014889 0.014871 0.014838 0.014871 0.014805 
17.138491 0.014379 0.014387 0.014355 0.014387 0.014272 0.014407 0.014355 0.014407 0.014423 
17.160035 0.013921 0.013911 0.013922 0.013911 0.014054 0.013972 0.013922 0.013972 0.014081 
17.181580 0.013440 0.013504 0.013476 0.013504 0.013491 0.013418 0.013476 0.013418 0.013457 
17.203124 0.013043 0.012994 0.013042 0.012994 0.012986 0.013034 0.013042 0.013034 0.013097 
17.224668 0.012581 0.012554 0.012612 0.012554 0.012593 0.012524 0.012612 0.012524 0.012648 
17.246212 0.012146 0.012159 0.012116 0.012159 0.012201 0.012104 0.012116 0.012104 0.012173 
17.267756 0.011752 0.011711 0.011710 0.011711 0.011634 0.011718 0.011710 0.011718 0.011709 
17.289301 0.011327 0.011312 0.011336 0.011312 0.011269 0.011270 0.011336 0.011270 0.011348 
17.310845 0.010903 0.010919 0.010902 0.010919 0.010821 0.010946 0.010902 0.010946 0.010909 
17.332389 0.010535 0.010564 0.010527 0.010564 0.010601 0.010495 0.010527 0.010495 0.010450 
17.353933 0.010151 0.010147 0.010192 0.010147 0.010185 0.010150 0.010192 0.010150 0.010180 
17.375478 0.009803 0.009751 0.009771 0.009751 0.009691 0.009782 0.009771 0.009782 0.009764 
17.397022 0.009387 0.009417 0.009422 0.009417 0.009483 0.009405 0.009422 0.009405 0.009443 
17.418567 0.009050 0.009066 0.009063 0.009066 0.008973 0.009082 0.009063 0.009082 0.009022 
17.440111 0.008715 0.008730 0.008689 0.008730 0.008789 0.008684 0.008689 0.008684 0.008680 
17.461656 0.008386 0.008353 0.008388 0.008353 0.008391 0.008381 0.008388 0.008381 0.008400 
17.483199 0.008009 0.008030 0.008051 0.008030 0.008006 0.008031 0.008051 0.008031 0.008097 
17.504744 0.007720 0.007706 0.007730 0.007706 0.007833 0.007673 0.007730 0.007673 0.007663 
17.526288 0.007407 0.007391 0.007376 0.007391 0.007382 0.007333 0.007376 0.007333 0.007392 
17.547832 0.007084 0.007089 0.007073 0.007089 0.007129 0.007104 0.007073 0.007104 0.007074 
17.569377 0.006796 0.006791 0.006813 0.006791 0.006749 0.006844 0.006813 0.006844 0.006789 
17.590920 0.006484 0.006500 0.006494 0.006500 0.006434 0.006513 0.006494 0.006513 0.006547 
17.612465 0.006205 0.006201 0.006207 0.006201 0.006240 0.006223 0.006207 0.006223 0.006188 
17.634009 0.005950 0.005950 0.005959 0.005950 0.005997 0.005938 0.005959 0.005938 0.005974 
17.655554 0.005685 0.005677 0.005663 0.005677 0.005693 0.005680 0.005663 0.005680 0.005705 
17.677098 0.005413 0.005396 0.005400 0.005396 0.005461 0.005413 0.005400 0.005413 0.005470 
17.698643 0.005143 0.005165 0.005127 0.005165 0.005113 0.005164 0.005127 0.005164 0.005115 
17.720187 0.004901 0.004920 0.004902 0.004920 0.004909 0.004911 0.004902 0.004911 0.004922 
17.741731 0.004677 0.004675 0.004664 0.004675 0.004686 0.004655 0.004664 0.004655 0.004685 
17.763275 0.004420 0.004419 0.004436 0.004419 0.004438 0.004438 0.004436 0.004438 0.004354 
17.784820 0.004218 0.004212 0.004177 0.004212 0.004194 0.004194 0.004177 0.004194 0.004247 
17.806364 0.003989 0.003981 0.004013 0.003981 0.003998 0.003977 0.004013 0.003977 0.003969 
17.827909 0.003770 0.003775 0.003771 0.003775 0.003801 0.003766 0.003771 0.003766 0.003756 
17.849452 0.003565 0.003561 0.003545 0.003561 0.003540 0.003582 0.003545 0.003582 0.003538 
17.870996 0.003353 0.003379 0.003383 0.003379 0.003327 0.003376 0.003383 0.003376 0.003372 
17.892541 0.003166 0.003162 0.003171 0.003162 0.003127 0.003176 0.003171 0.003176 0.003125 
17.914085 0.002970 0.002950 0.002955 0.002950 0.002972 0.002994 0.002955 0.002994 0.002986 
17.935630 0.002790 0.002785 0.002806 0.002785 0.002811 0.002770 0.002806 0.002770 0.002824 
17.957174 0.002620 0.002640 0.002642 0.002640 0.002668 0.002622 0.002642 0.002622 0.002597 
17.978719 0.002466 0.002460 0.002450 0.002460 0.002485 0.002476 0.002450 0.002476 0.002469 
18.000262 0.002291 0.002290 0.002284 0.002290 0.002297 0.002282 0.002284 0.002282 0.002323 
18.021807 0.002137 0.002132 0.002137 0.002132 0.002120 0.002147 0.002137 0.002147 0.002128 
18.043351 0.001988 0.001979 0.001990 0.001979 0.001975 0.001965 0.001990 0.001965 0.002003 
18.064896 0.001838 0.001842 0.001822 0.001842 0.001866 0.001821 0.001822 0.001821 0.001850 
18.086440 0.001714 0.001706 0.001716 0.001706 0.001709 0.001710 0.001716 0.001710 0.001723 
18.107985 0.001572 0.001580 0.001569 0.001580 0.001597 0.001543 0.001569 0.001543 0.001542 
18.129529 0.001455 0.001448 0.001445 0.001448 0.001425 0.001464 0.001445 0.001464 0.001467 
18.151073 0.001328 0.001330 0.001333 0.001330 0.001295 0.001349 0.001333 0.001349 0.001351 
18.172617 0.001209 0.001212 0.001215 0.001212 0.001204 0.001200 0.001215 0.001200 0.001233 
18.194161 0.001109 0.001107 0.001095 0.001107 0.001119 0.001107 0.001095 0.001107 0.001094 
18.215706 0.001002 0.000995 0.001000 0.000995 0.000986 0.000982 0.001000 0.000982 0.000998 
18.237250 0.000902 0.000897 0.000892 0.000897 0.000896 0.000872 0.000892 0.000872 0.000909 
18.258794 0.000810 0.000806 0.000814 0.000806 0.000825 0.000797 0.000814 0.000797 0.000777 
18.280338 0.000720 0.000727 0.000727 0.000727 0.000710 0.000737 0.000727 0.000737 0.000709 
18.301883 0.000637 0.000638 0.000643 0.000638 0.000651 0.000614 0.000643 0.000614 0.000654 
18.323427 0.000558 0.000563 0.000558 0.000563 0.000561 0.000554 0.000558 0.000554 0.000574 
18.344972 0.000490 0.000494 0.000497 0.000494 0.000481 0.000471 0.000497 0.000471 0.000500 
18.366516 0.000428 0.000426 0.000414 0.000426 0.000395 0.000432 0.000414 0.000432 0.000447 
18.388061 0.000362 0.000363 0.000360 0.000363 0.000350 0.000359 0.000360 0.000359 0.000378 
18.409604 0.000304 0.000308 0.000308 0.000308 0.000311 0.000304 0.000308 0.000304 0.000301 
18.431149 0.000253 0.000256 0.000255 0.000256 0.000253 0.000253 0.000255 0.000253 0.000268 
18.452693 0.000210 0.000206 0.000206 0.000206 0.000217 0.000210 0.000206 0.000210 0.000213 
18.474237 0.000165 0.000163 0.000163 0.000163 0.000172 0.000168 0.000163 0.000168 0.000165 
18.495782 0.000128 0.000127 0.000127 0.000127 0.000133 0.000129 0.000127 0.000129 0.000126 
18.517325 0.000095 0.000095 0.000097 0.000095 0.000097 0.000091 0.000097 0.000091 0.000098 
18.538870 0.000068 0.000069 0.000071 0.000069 0.000070 0.000070 0.000071 0.000070 0.000070 
18.560414 0.000045 0.000050 0.000046 0.000050 0.000051 0.000047 0.000046 0.000047 0.000056 
18.581959 0.000029 0.000027 0.000029 0.000027 0.000032 0.000031 0.000029 0.000031 0.000026 
18.603503 0.000015 0.000015 0.000014 0.000015 0.000013 0.000015 0.000014 0.000015 0.000013 
18.625048 0.000005 0.000005 0.000006 0.000005 0.000005 0.000007 0.000006 0.000007 0.000005 
18.646592 0.000001 0.000001 0.000001 0.000001 0.000001 0.000001 0.000001 0.000001 0.000001 
18.668136 0.000000 0.000000 0.000000 0.000000 0.000000 0.000000 0.000000 0.000000 0.000000 
18.689680 0.000000 0.000000 0.000000 0.000000 0.000000 0.000000 0.000000 0.000000 0.000000 
18.711225 0.000000 0.000000 0.000000 0.000000 0.000000 0.000000 0.000000 0.000000 0.000000 
18.732769 0.000000 0.000000 0.000000 0.000000 0.000000 0.000000 0.000000 0.000000 0.000000 
18.754313 0.000000 0.000000 0.000000 0.000000 0.000000 0.000000 0.000000 0.000000 0.000000 
18.775857 0.000000 0.000000 0.000000 0.000000 0.000000 0.000000 0.000000 0.000000 0.000000 
18.797401 0.000000 0.000000 0.000000 0.000000 0.000000 0.000000 0.000000 0.000000 0.000000 
18.818946 0.000000 0.000000 0.000000 0.000000 0.000000 0.000000 0.000000 0.000000 0.000000 
18.840490 0.000000 0.000000 0.000000 0.000000 0.000000 0.000000 0.000000 0.000000 0.000000 
18.862035 0.000000 0.000000 0.000000 0.000000 0.000000 0.000000 0.000000 0.000000 0.000000 
18.883579 0.000000 0.000000 0.000000 0.000000 0.000000 0.000000 0.000000 0.000000 0.000000 
18.905124 0.000000 0.000000 0.000000 0.000000 0.000000 0.000000 0.000000 0.000000 0.000000 
18.926667 0.000000 0.000000 0.000000 0.000000 0.000000 0.000000 0.000000 0.000000 0.000000 
18.948212 0.000000 0.000000 0.000000 0.000000 0.000000 0.000000 0.000000 0.000000 0.000000 
18.969756 0.000000 0.000000 0.000000 0.000000 0.000000 0.000000 0.000000 0.000000 0.000000 
18.991301 0.000000 0.000000 0.000000 0.000000 0.000000 0.000000 0.000000 0.000000 0.000000 
19.012845 0.000000 0.000000 0.000000 0.000000 0.000000 0.000000 0.000000 0.000000 0.000000 
19.034389 0.000000 0.000000 0.000000 0.000000 0.000000 0.000000 0.000000 0.000000 0.000000 
19.055933 0.000000 0.000000 0.000000 0.000000 0.000000 0.000000 0.000000 0.000000 0.000000 
19.077477 0.000000 0.000000 0.000000 0.000000 0.000000 0.000000 0.000000 0.000000 0.000000 
19.099022 0.000000 0.000000 0.000000 0.000000 0.000000 0.000000 0.000000 0.000000 0.000000 
19.120566 0.000000 0.000000 0.000000 0.000000 0.000000 0.000000 0.000000 0.000000 0.000000 
19.142111 0.000000 0.000000 0.000000 0.000000 0.000000 0.000000 0.000000 0.000000 0.000000 
19.163655 0.000000 0.000000 0.000000 0.000000 0.000000 0.000000 0.000000 0.000000 0.000000 
19.185199 0.000000 0.000000 0.000000 0.000000 0.000000 0.000000 0.000000 0.000000 0.000000 
19.206743 0.000000 0.000000 0.000000 0.000000 0.000000 0.000000 0.000000 0.000000 0.000000 
19.228288 0.000000 0.000000 0.000000 0.000000 0.000000 0.000000 0.000000 0.000000 0.000000 
19.249832 0.000000 0.000000 0.000000 0.000000 0.000000 0.000000 0.000000 0.000000 0.000000 
19.271377 0.000000 0.000000 0.000000 0.000000 0.000000 0.000000 0.000000 0.000000 0.000000 
19.292920 0.000000 0.000000 0.000000 0.000000 0.000000 0.000000 0.000000 0.000000 0.000000 
19.314465 0.000000 0.000000 0.000000 0.000000 0.000000 0.000000 0.000000 0.000000 0.000000 
19.336009 0.000000 0.000000 0.000000 0.000000 0.000000 0.000000 0.000000 0.000000 0.000000 
19.357553 0.000000 0.000000 0.000000 0.000000 0.000000 0.000000 0.000000 0.000000 0.000000 
19.379098 0.000000 0.000000 0.000000 0.000000 0.000000 0.000000 0.000000 0.000000 0.000000 
19.400642 0.000000 0.000000 0.000000 0.000000 0.000000 0.000000 0.000000 0.000000 0.000000 
19.422187 0.000000 0.000000 0.000000 0.000000 0.000000 0.000000 0.000000 0.000000 0.000000 
19.443730 0.000000 0.000000 0.000000 0.000000 0.000000 0.000000 0.000000 0.000000 0.000000 
19.465275 0.000000 0.000000 0.000000 0.000000 0.000000 0.000000 0.000000 0.000000 0.000000 
19.486819 0.000000 0.000000 0.000000 0.000000 0.000000 0.000000 0.000000 0.000000 0.000000 
19.508364 0.000000 0.000000 0.000000 0.000000 0.000000 0.000000 0.000000 0.000000 0.000000 
19.529908 0.000000 0.000000 0.000000 0.000000 0.000000 0.000000 0.000000 0.000000 0.000000 
19.551453 0.000000 0.000000 0.000000 0.000000 0.000000 0.000000 0.000000 0.000000 0.000000 
19.572997 0.000000 0.000000 0.000000 0.000000 0.000000 0.000000 0.000000 0.000000 0.000000 
19.594541 0.000000 0.000000 0.000000 0.000000 0.000000 0.000000 0.000000 0.000000 0.000000 
19.616085 0.000000 0.000000 0.000000 0.000000 0.000000 0.000000 0.000000 0.000000 0.000000 
19.637630 0.000000 0.000000 0.000000 0.000000 0.000000 0.000000 0.000000 0.000000 0.000000 
19.659174 0.000000 0.000000 0.000000 0.000000 0.000000 0.000000 0.000000 0.000000 0.000000 
19.680718 0.000000 0.000000 0.000000 0.000000 0.000000 0.000000 0.000000 0.000000 0.000000 
19.702262 0.000000 0.000000 0.000000 0.000000 0.000000 0.000000 0.000000 0.000000 0.000000 
19.723806 0.000000 0.000000 0.000000 0.000000 0.000000 0.000000 0.000000 0.000000 0.000000 
19.745351 0.000000 0.000000 0.000000 0.000000 0.000000 0.000000 0.000000 0.000000 0.000000 
19.766895 0.000000 0.000000 0.000000 0.000000 0.000000 0.000000 0.000000 0.000000 0.000000 
19.788440 0.000000 0.000000 0.000000 0.000000 0.000000 0.000000 0.000000 0.000000 0.000000 
19.809984 0.000000 0.000000 0.000000 0.000000 0.000000 0.000000 0.000000 0.000000 0.000000 
19.831529 0.000000 0.000000 0.000000 0.000000 0.000000 0.000000 0.000000 0.000000 0.000000 
19.853072 0.000000 0.000000 0.000000 0.000000 0.000000 0.000000 0.000000 0.000000 0.000000 
19.874617 0.000000 0.000000 0.000000 0.000000 0.000000 0.000000 0.000000 0.000000 0.000000 
19.896161 0.000000 0.000000 0.000000 0.000000 0.000000 0.000000 0.000000 0.000000 0.000000 
19.917706 0.000000 0.000000 0.000000 0.000000 0.000000 0.000000 0.000000 0.000000 0.000000 
19.939250 0.000000 0.000000 0.000000 0.000000 0.000000 0.000000 0.000000 0.000000 0.000000 
19.960793 0.000000 0.000000 0.000000 0.000000 0.000000 0.000000 0.000000 0.000000 0.000000 
19.982338 0.000000 0.000000 0.000000 0.000000 0.000000 0.000000 0.000000 0.000000 0.000000 
20.003882 0.000000 0.000000 0.000000 0.000000 0.000000 0.000000 0.000000 0.000000 0.000000 
20.025427 0.000000 0.000000 0.000000 0.000000 0.000000 0.000000 0.000000 0.000000 0.000000 
20.046971 0.000000 0.000000 0.000000 0.000000 0.000000 0.000000 0.000000 0.000000 0.000000 
20.068516 0.000000 0.000000 0.000000 0.000000 0.000000 0.000000 0.000000 0.000000 0.000000 
20.090060 0.000000 0.000000 0.000000 0.000000 0.000000 0.000000 0.000000 0.000000 0.000000 
20.111604 0.000000 0.000000 0.000000 0.000000 0.000000 0.000000 0.000000 0.000000 0.000000 
20.133148 0.000000 0.000000 0.000000 0.000000 0.000000 0.000000 0.000000 0.000000 0.000000 
20.154693 0.000000 0.000000 0.000000 0.000000 0.000000 0.000000 0.000000 0.000000 0.000000 
20.176237 0.000000 0.000000 0.000000 0.000000 0.000000 0.000000 0.000000 0.000000 0.000000 
20.197782 0.000000 0.000000 0.000000 0.000000 0.000000 0.000000 0.000000 0.000000 0.000000 
20.219325 0.000000 0.000000 0.000000 0.000000 0.000000 0.000000 0.000000 0.000000 0.000000 
20.240870 0.000000 0.000000 0.000000 0.000000 0.000000 0.000000 0.000000 0.000000 0.000000 
20.262414 0.000000 0.000000 0.000000 0.000000 0.000000 0.000000 0.000000 0.000000 0.000000 
20.283958 0.000000 0.000000 0.000000 0.000000 0.000000 0.000000 0.000000 0.000000 0.000000 
20.305503 0.000000 0.000000 0.000000 0.000000 0.000000 0.000000 0.000000 0.000000 0.000000 
20.327047 0.000000 0.000000 0.000000 0.000000 0.000000 0.000000 0.000000 0.000000 0.000000 
20.348592 0.000000 0.000000 0.000000 0.000000 0.000000 0.000000 0.000000 0.000000 0.000000 
20.370135 0.000000 0.000000 0.000000 0.000000 0.000000 0.000000 0.000000 0.000000 0.000000 
20.391680 0.000000 0.000000 0.000000 0.000000 0.000000 0.000000 0.000000 0.000000 0.000000 
20.413224 0.000000 0.000000 0.000000 0.000000 0.000000 0.000000 0.000000 0.000000 0.000000 
20.434769 0.000000 0.000000 0.000000 0.000000 0.000000 0.000000 0.000000 0.000000 0.000000 
20.456313 0.000000 0.000000 0.000000 0.000000 0.000000 0.000000 0.000000 0.000000 0.000000 
20.477857 0.000000 0.000000 0.000000 0.000000 0.000000 0.000000 0.000000 0.000000 0.000000 
20.499401 0.000000 0.000000 0.000000 0.000000 0.000000 0.000000 0.000000 0.000000 0.000000 
20.520946 0.000000 0.000000 0.000000 0.000000 0.000000 0.000000 0.000000 0.000000 0.000000 
20.542490 0.000000 0.000000 0.000000 0.000000 0.000000 0.000000 0.000000 0.000000 0.000000 
20.564034 0.000000 0.000000 0.000000 0.000000 0.000000 0.000000 0.000000 0.000000 0.000000 
20.585579 0.000000 0.000000 0.000000 0.000000 0.000000 0.000000 0.000000 0.000000 0.000000 
20.607123 0.000000 0.000000 0.000000 0.000000 0.000000 0.000000 0.000000 0.000000 0.000000 
20.628667 0.000000 0.000000 0.000000 0.000000 0.000000 0.000000 0.000000 0.000000 0.000000 
20.650211 0.000000 0.000000 0.000000 0.000000 0.000000 0.000000 0.000000 0.000000 0.000000 
20.671756 0.000000 0.000000 0.000000 0.000000 0.000000 0.000000 0.000000 0.000000 0.000000 
20.693300 0.000000 0.000000 0.000000 0.000000 0.000000 0.000000 0.000000 0.000000 0.000000 
20.714845 0.000000 0.000000 0.000000 0.000000 0.000000 0.000000 0.000000 0.000000 0.000000 
20.736389 0.000000 0.000000 0.000000 0.000000 0.000000 0.000000 0.000000 0.000000 0.000000 
20.757934 0.000000 0.000000 0.000000 0.000000 0.000000 0.000000 0.000000 0.000000 0.000000 
20.779477 0.000000 0.000000 0.000000 0.000000 0.000000 0.000000 0.000000 0.000000 0.000000 
20.801022 0.000000 0.000000 0.000000 0.000000 0.000000 0.000000 0.000000 0.000000 0.000000 
20.822566 0.000000 0.000000 0.000000 0.000000 0.000000 0.000000 0.000000 0.000000 0.000000 
20.844110 0.000000 0.000000 0.000000 0.000000 0.000000 0.000000 0.000000 0.000000 0.000000 
20.865655 0.000000 0.000000 0.000000 0.000000 0.000000 0.000000 0.000000 0.000000 0.000000 
20.887198 0.000000 0.000000 0.000000 0.000000 0.000000 0.000000 0.000000 0.000000 0.000000 
20.908743 0.000000 0.000000 0.000000 0.000000 0.000000 0.000000 0.000000 0.000000 0.000000 
20.930287 0.000000 0.000000 0.000000 0.000000 0.000000 0.000000 0.000000 0.000000 0.000000 
20.951832 0.000000 0.000000 0.000000 0.000000 0.000000 0.000000 0.000000 0.000000 0.000000 
20.973376 0.000000 0.000000 0.000000 0.000000 0.000000 0.000000 0.000000 0.000000 0.000000 
20.994921 0.000000 0.000000 0.000000 0.000000 0.000000 0.000000 0.000000 0.000000 0.000000 
21.016465 0.000000 0.000000 0.000000 0.000000 0.000000 0.000000 0.000000 0.000000 0.000000 
21.038009 0.000000 0.000000 0.000000 0.000000 0.000000 0.000000 0.000000 0.000000 0.000000 
21.059553 0.000000 0.000000 0.000000 0.000000 0.000000 0.000000 0.000000 0.000000 0.000000 
21.081098 0.000000 0.000000 0.000000 0.000000 0.000000 0.000000 0.000000 0.000000 0.000000 
21.102642 0.000000 0.000000 0.000000 0.000000 0.000000 0.000000 0.000000 0.000000 0.000000 
21.124187 0.000000 0.000000 0.000000 0.000000 0.000000 0.000000 0.000000 0.000000 0.000000 
21.145730 0.000000 0.000000 0.000000 0.000000 0.000000 0.000000 0.000000 0.000000 0.000000 
21.167274 0.000000 0.000000 0.000000 0.000000 0.000000 0.000000 0.000000 0.000000 0.000000 
21.188819 0.000000 0.000000 0.000000 0.000000 0.000000 0.000000 0.000000 0.000000 0.000000 
21.210363 0.000000 0.000000 0.000000 0.000000 0.000000 0.000000 0.000000 0.000000 0.000000 
21.231908 0.000000 0.000000 0.000000 0.000000 0.000000 0.000000 0.000000 0.000000 0.000000 
21.253452 0.000000 0.000000 0.000000 0.000000 0.000000 0.000000 0.000000 0.000000 0.000000 
21.274997 0.000000 0.000000 0.000000 0.000000 0.000000 0.000000 0.000000 0.000000 0.000000 
21.296540 0.000000 0.000000 0.000000 0.000000 0.000000 0.000000 0.000000 0.000000 0.000000 
21.318085 0.000000 0.000000 0.000000 0.000000 0.000000 0.000000 0.000000 0.000000 0.000000 
21.339629 0.000000 0.000000 0.000000 0.000000 0.000000 0.000000 0.000000 0.000000 0.000000 
21.361174 0.000000 0.000000 0.000000 0.000000 0.000000 0.000000 0.000000 0.000000 0.000000 
21.382718 0.000000 0.000000 0.000000 0.000000 0.000000 0.000000 0.000000 0.000000 0.000000 
21.404262 0.000000 0.000000 0.000000 0.000000 0.000000 0.000000 0.000000 0.000000 0.000000 
21.425806 0.000000 0.000000 0.000000 0.000000 0.000000 0.000000 0.000000 0.000000 0.000000 
21.447351 0.000000 0.000000 0.000000 0.000000 0.000000 0.000000 0.000000 0.000000 0.000000 
21.468895 0.000000 0.000000 0.000000 0.000000 0.000000 0.000000 0.000000 0.000000 0.000000 
21.490439 0.000000 0.000000 0.000000 0.000000 0.000000 0.000000 0.000000 0.000000 0.000000 
21.511984 0.000000 0.000000 0.000000 0.000000 0.000000 0.000000 0.000000 0.000000 0.000000 
21.533528 0.000000 0.000000 0.000000 0.000000 0.000000 0.000000 0.000000 0.000000 0.000000 
