0.010357 0.655853 0.663494 0.674242 0.171329 0.163041 0.167185 0.167832 0.161746 0.160451 
0.031072 0.651256 0.668415 0.663559 0.162134 0.167638 0.167444 0.165501 0.172753 0.163947 
0.051787 0.669257 0.672818 0.665436 0.174113 0.167508 0.171005 0.163753 0.160451 0.163882 
0.072502 0.678451 0.669386 0.660904 0.160127 0.170163 0.167638 0.168739 0.168091 0.171523 
0.093217 0.659156 0.674696 0.671523 0.169516 0.166796 0.167185 0.170034 0.165566 0.166926 
0.113932 0.671070 0.677609 0.669580 0.167897 0.169580 0.172818 0.168933 0.162587 0.164206 
0.134647 0.666537 0.670422 0.666731 0.173465 0.170940 0.167703 0.166990 0.164141 0.163494 
0.155362 0.680199 0.666990 0.661487 0.160774 0.165113 0.167314 0.162846 0.164530 0.164530 
0.176077 0.675602 0.668868 0.672106 0.166408 0.160645 0.162976 0.161681 0.163559 0.171329 
0.196792 0.670487 0.673724 0.664918 0.162717 0.170811 0.174178 0.164724 0.169062 0.171199 
0.217506 0.660256 0.661163 0.677221 0.158702 0.162393 0.165631 0.171588 0.164854 0.168285 
0.238221 0.672300 0.675602 0.666861 0.166537 0.167962 0.164659 0.163364 0.164077 0.174242 
0.258936 0.668480 0.666731 0.655530 0.166731 0.169451 0.167897 0.168998 0.164141 0.170228 
0.279651 0.657019 0.670163 0.670357 0.170487 0.164271 0.172883 0.167703 0.168350 0.171847 
0.300366 0.664465 0.668480 0.671199 0.163947 0.164400 0.174696 0.163688 0.161163 0.171005 
0.321081 0.657602 0.674437 0.677156 0.170293 0.163818 0.170357 0.171329 0.165307 0.178192 
0.341796 0.664077 0.670357 0.677739 0.163818 0.166019 0.166926 0.168285 0.167444 0.169580 
0.362511 0.662069 0.670163 0.665501 0.164530 0.167832 0.166667 0.164077 0.162393 0.170163 
0.383226 0.650997 0.671717 0.674307 0.169321 0.167767 0.159285 0.168026 0.162458 0.167314 
0.403941 0.668415 0.672235 0.657666 0.169062 0.171005 0.161810 0.164077 0.159091 0.162846 
0.424655 0.671329 0.654494 0.655076 0.164077 0.168156 0.172753 0.167962 0.164789 0.166667 
0.445370 0.657925 0.655335 0.673919 0.162199 0.172818 0.162976 0.165954 0.162652 0.165372 
0.466085 0.662846 0.669969 0.674890 0.168933 0.163882 0.172170 0.172947 0.162782 0.162264 
0.486800 0.670487 0.674242 0.667379 0.166990 0.169127 0.168285 0.168933 0.165177 0.159803 
0.507515 0.674048 0.669127 0.667379 0.162911 0.169451 0.163623 0.171717 0.163623 0.168285 
0.528230 0.672300 0.649767 0.663300 0.162782 0.168156 0.166213 0.174113 0.163041 0.166343 
0.548945 0.666731 0.662846 0.671393 0.160127 0.161357 0.166084 0.164724 0.165566 0.164077 
0.569660 0.662846 0.662782 0.649508 0.163882 0.171329 0.167120 0.171005 0.165177 0.164336 
0.590375 0.693149 0.662328 0.664206 0.155789 0.166149 0.163170 0.167314 0.160451 0.162069 
0.611090 0.678516 0.672494 0.664595 0.163818 0.168933 0.168544 0.165954 0.167120 0.158120 
0.631804 0.659997 0.663882 0.684020 0.163753 0.173336 0.166408 0.167120 0.166667 0.158897 
0.652519 0.677868 0.670163 0.663947 0.165177 0.169257 0.167767 0.168156 0.166278 0.160515 
0.673234 0.673660 0.659285 0.663559 0.160451 0.167638 0.169969 0.165048 0.158961 0.162911 
0.693949 0.674372 0.668544 0.652745 0.164400 0.173206 0.172818 0.172429 0.167379 0.159156 
0.714664 0.673465 0.669386 0.663688 0.162976 0.172300 0.172300 0.170940 0.164789 0.156566 
0.735379 0.668026 0.673012 0.665890 0.162976 0.166213 0.167055 0.158443 0.169710 0.156566 
0.756094 0.668156 0.670357 0.675084 0.167767 0.174566 0.168221 0.160256 0.167120 0.166990 
0.776809 0.660710 0.665695 0.663818 0.161551 0.169192 0.169839 0.159674 0.168544 0.161551 
0.797524 0.661033 0.654235 0.668221 0.163170 0.164012 0.166537 0.166084 0.166731 0.161616 
0.818239 0.668156 0.669386 0.667573 0.168868 0.168868 0.171199 0.168221 0.164271 0.167962 
0.838953 0.659026 0.676314 0.670357 0.166408 0.172494 0.163882 0.163753 0.167508 0.166667 
0.859668 0.660256 0.674372 0.672494 0.173724 0.166084 0.171329 0.166602 0.164789 0.169969 
0.880383 0.657343 0.669257 0.660515 0.170228 0.163494 0.166990 0.171976 0.161163 0.170034 
0.901098 0.673595 0.659415 0.670616 0.172106 0.169710 0.170293 0.167444 0.171329 0.164854 
0.921813 0.668674 0.660192 0.671134 0.168739 0.167767 0.168350 0.168674 0.167573 0.165113 
0.942528 0.656307 0.673336 0.668933 0.169904 0.167638 0.167379 0.170746 0.173465 0.171264 
0.963243 0.682077 0.667508 0.672106 0.168803 0.171264 0.168091 0.164271 0.171070 0.162199 
0.983958 0.652033 0.669127 0.663623 0.169904 0.169386 0.167314 0.171652 0.160062 0.166861 
1.004673 0.669969 0.669645 0.680523 0.175214 0.162134 0.175602 0.171264 0.168156 0.168998 
1.025388 0.665372 0.655724 0.652810 0.165760 0.164983 0.170034 0.167379 0.166731 0.161810 
1.046102 0.668544 0.674760 0.679487 0.169710 0.171393 0.165890 0.176185 0.169321 0.172300 
1.066817 0.661292 0.672947 0.666084 0.168350 0.167120 0.171911 0.166149 0.161810 0.171393 
1.087532 0.664465 0.665177 0.654364 0.168026 0.166408 0.165566 0.165695 0.163041 0.168480 
1.108247 0.656695 0.667638 0.671458 0.163947 0.168998 0.163494 0.170811 0.170940 0.169192 
1.128962 0.662587 0.664983 0.679940 0.172106 0.163105 0.166278 0.168221 0.167703 0.167185 
1.149677 0.670228 0.670552 0.667314 0.167379 0.167767 0.164077 0.165048 0.162134 0.170616 
1.170392 0.658961 0.669710 0.678127 0.164271 0.161487 0.161098 0.169775 0.170616 0.163818 
1.191107 0.656630 0.657796 0.659933 0.170681 0.166926 0.168739 0.160127 0.159350 0.172753 
1.211822 0.657861 0.671070 0.668868 0.162846 0.162069 0.167249 0.169127 0.162523 0.164983 
1.232536 0.653976 0.673271 0.666408 0.169710 0.163105 0.168156 0.162717 0.169127 0.173919 
1.253251 0.660580 0.668221 0.659091 0.170875 0.164789 0.169969 0.165631 0.163559 0.171199 
1.273966 0.664271 0.654947 0.671264 0.168026 0.167508 0.171199 0.163364 0.172883 0.169257 
1.294681 0.657472 0.658961 0.653263 0.160969 0.166343 0.160774 0.162134 0.166861 0.166084 
1.315396 0.661875 0.665307 0.663623 0.172170 0.165760 0.167185 0.167379 0.166537 0.163105 
1.336111 0.663364 0.664077 0.659156 0.169192 0.166343 0.162134 0.161163 0.165631 0.166019 
1.356826 0.678257 0.668998 0.662782 0.168933 0.165436 0.159544 0.166149 0.163818 0.167897 
1.377541 0.670422 0.671005 0.661422 0.170293 0.164595 0.167703 0.161551 0.162069 0.162523 
1.398256 0.659544 0.658508 0.659997 0.168933 0.170811 0.166537 0.167508 0.165113 0.164465 
1.418971 0.672170 0.679746 0.677868 0.166796 0.164659 0.161810 0.171588 0.161163 0.168933 
1.439686 0.674955 0.672429 0.662328 0.162911 0.169192 0.162976 0.160904 0.166926 0.164789 
1.460400 0.682271 0.672041 0.668739 0.172041 0.167573 0.166731 0.166667 0.167444 0.160969 
1.481115 0.679617 0.674501 0.664400 0.168156 0.163947 0.162069 0.165501 0.173012 0.167638 
1.501830 0.676897 0.651256 0.664336 0.168350 0.164789 0.166019 0.165954 0.162264 0.165760 
1.522545 0.670940 0.660839 0.672170 0.161940 0.168221 0.167120 0.165372 0.166537 0.163882 
1.543260 0.672235 0.670357 0.654170 0.165242 0.172818 0.162005 0.167767 0.166602 0.167638 
1.563975 0.672429 0.660062 0.651062 0.171264 0.164336 0.168415 0.173595 0.173854 0.167832 
1.584690 0.665436 0.658443 0.662846 0.162393 0.162782 0.166278 0.165954 0.164530 0.169775 
1.605405 0.671911 0.658897 0.671911 0.166667 0.175149 0.159933 0.172170 0.165307 0.172106 
1.626120 0.672170 0.684408 0.666796 0.169257 0.169645 0.165760 0.164595 0.169645 0.169321 
1.646835 0.668480 0.669192 0.661616 0.167185 0.169516 0.167185 0.162393 0.165566 0.167249 
1.667549 0.672041 0.658638 0.668868 0.161681 0.170163 0.163818 0.166278 0.164336 0.166408 
1.688264 0.658573 0.658184 0.680135 0.163753 0.170552 0.163494 0.169321 0.169580 0.168026 
1.708979 0.665177 0.676055 0.674501 0.164012 0.166278 0.161810 0.165307 0.166408 0.162134 
1.729694 0.666861 0.674760 0.676897 0.162005 0.159674 0.167703 0.163170 0.168609 0.165954 
1.750409 0.659544 0.673401 0.673854 0.164595 0.161357 0.161292 0.163041 0.167314 0.168156 
1.771124 0.665954 0.677868 0.666149 0.166667 0.164077 0.168026 0.165372 0.164271 0.170228 
1.791839 0.666861 0.665113 0.669775 0.167379 0.168221 0.165695 0.167444 0.169192 0.164206 
1.812554 0.676379 0.674113 0.682077 0.166472 0.165242 0.165372 0.162523 0.168091 0.165631 
1.833269 0.651515 0.672235 0.660969 0.169451 0.170293 0.163882 0.158767 0.165242 0.168674 
1.853983 0.659997 0.669386 0.682336 0.164336 0.164983 0.168933 0.170034 0.163429 0.167573 
1.874698 0.683890 0.672041 0.674955 0.168350 0.171588 0.159091 0.165825 0.169516 0.169710 
1.895413 0.660062 0.661681 0.658055 0.168221 0.163818 0.160969 0.162587 0.172818 0.167185 
1.916128 0.672883 0.661422 0.677091 0.166990 0.168803 0.172883 0.161357 0.160645 0.167249 
1.936843 0.674178 0.657731 0.666731 0.164530 0.164789 0.167638 0.166602 0.162393 0.166602 
1.957558 0.661681 0.663818 0.659220 0.157278 0.167185 0.166343 0.168091 0.166731 0.169192 
1.978273 0.660774 0.665760 0.667444 0.166602 0.160580 0.164659 0.169516 0.159609 0.170487 
1.998988 0.668933 0.660062 0.666796 0.169516 0.168350 0.167573 0.171393 0.161940 0.160645 
2.019703 0.657343 0.670163 0.679876 0.167767 0.160774 0.169969 0.162652 0.172818 0.162911 
2.040418 0.658961 0.665954 0.665695 0.170357 0.165825 0.161292 0.169386 0.160969 0.165954 
2.061133 0.662652 0.651580 0.670422 0.167444 0.162911 0.170357 0.166602 0.169451 0.163170 
2.081847 0.676055 0.678840 0.666537 0.161292 0.162976 0.162587 0.171911 0.162393 0.163688 
2.102562 0.661746 0.683307 0.664789 0.170228 0.171134 0.166213 0.170034 0.165890 0.166861 
2.123277 0.657019 0.655918 0.655335 0.174113 0.168156 0.165760 0.167314 0.168091 0.160062 
2.143992 0.674113 0.667444 0.662782 0.170875 0.168156 0.171005 0.166796 0.173983 0.165436 
2.164707 0.677804 0.658638 0.655012 0.167832 0.167444 0.162587 0.172494 0.162846 0.166990 
2.185422 0.668221 0.652163 0.661292 0.165631 0.166926 0.168998 0.158767 0.165760 0.169386 
2.206137 0.663300 0.661746 0.660515 0.166343 0.169386 0.174372 0.166731 0.170487 0.171005 
2.226852 0.658120 0.668933 0.661228 0.167185 0.169192 0.160062 0.165177 0.157731 0.170552 
2.247567 0.666537 0.674955 0.665242 0.163300 0.166343 0.173465 0.166731 0.164465 0.167962 
2.268281 0.668415 0.673077 0.655530 0.168868 0.168803 0.170357 0.172494 0.165695 0.163818 
2.288996 0.668739 0.677091 0.660710 0.169516 0.166861 0.165307 0.160321 0.165954 0.166990 
2.309711 0.665825 0.673465 0.668350 0.174501 0.168350 0.164983 0.168091 0.164206 0.160839 
2.330426 0.671393 0.663170 0.663235 0.170163 0.169062 0.169645 0.170552 0.165631 0.170098 
2.351141 0.670034 0.669904 0.672106 0.159997 0.166990 0.166667 0.161810 0.164336 0.166084 
2.371856 0.669775 0.668803 0.655076 0.167055 0.164854 0.167185 0.170163 0.164530 0.165566 
2.392571 0.660256 0.664724 0.666990 0.162587 0.168480 0.166731 0.163170 0.168674 0.163882 
2.413286 0.666019 0.678192 0.674437 0.165372 0.169645 0.163882 0.167444 0.165890 0.168156 
2.434001 0.667897 0.673595 0.650738 0.166213 0.163429 0.160710 0.167055 0.166278 0.174372 
2.454716 0.660904 0.674437 0.667703 0.166472 0.163623 0.176185 0.164530 0.166667 0.174178 
2.475430 0.667379 0.656242 0.675602 0.165825 0.168609 0.162523 0.156695 0.169127 0.163753 
2.496145 0.665307 0.669580 0.660386 0.166990 0.159868 0.166472 0.161487 0.164012 0.163559 
2.516860 0.663753 0.673465 0.677480 0.163623 0.164918 0.169257 0.162976 0.164400 0.166278 
2.537575 0.669516 0.662717 0.664659 0.169580 0.159026 0.167767 0.172365 0.165760 0.164918 
2.558290 0.674566 0.668998 0.670228 0.165177 0.171652 0.165695 0.165825 0.168674 0.172106 
2.579005 0.684538 0.657796 0.684084 0.170034 0.164854 0.170293 0.164918 0.166667 0.173336 
2.599720 0.655076 0.665436 0.671911 0.167897 0.166149 0.171976 0.166149 0.164206 0.165307 
2.620435 0.667055 0.666149 0.662328 0.167314 0.169710 0.162523 0.166472 0.171199 0.173660 
2.641150 0.667638 0.674437 0.673854 0.160580 0.167055 0.170034 0.163947 0.168091 0.163753 
2.661865 0.660256 0.655983 0.675796 0.167962 0.166990 0.165631 0.167379 0.166861 0.164595 
2.682580 0.665825 0.665048 0.666084 0.168998 0.160321 0.164659 0.163753 0.167703 0.169904 
2.703294 0.674890 0.660904 0.681883 0.169516 0.167508 0.157407 0.163688 0.165760 0.169062 
2.724009 0.652163 0.671523 0.664012 0.167767 0.158184 0.165890 0.169969 0.167185 0.161292 
2.744724 0.667055 0.673724 0.670940 0.169516 0.171847 0.166213 0.174178 0.166926 0.168803 
2.765439 0.682530 0.671717 0.675473 0.172494 0.164659 0.162264 0.168868 0.168350 0.167055 
2.786154 0.667120 0.665954 0.665372 0.171588 0.166084 0.168868 0.166019 0.162523 0.165566 
2.806869 0.669127 0.671976 0.677415 0.162846 0.166926 0.170422 0.165566 0.167249 0.161292 
2.827584 0.657990 0.667314 0.670422 0.166731 0.168415 0.168609 0.167962 0.165113 0.160904 
2.848299 0.665501 0.674825 0.669451 0.167444 0.166926 0.166213 0.165048 0.167185 0.160645 
2.869014 0.666019 0.661098 0.666084 0.165825 0.164595 0.161940 0.157148 0.163753 0.158184 
2.889728 0.659285 0.665436 0.665954 0.164077 0.170487 0.165825 0.172688 0.167120 0.163429 
2.910443 0.662134 0.662587 0.660580 0.168739 0.168544 0.165890 0.161033 0.163947 0.160645 
2.931158 0.675732 0.649055 0.651774 0.164141 0.161810 0.167379 0.162717 0.162328 0.167767 
2.951873 0.676638 0.671523 0.655530 0.168285 0.164336 0.170940 0.163947 0.163170 0.163947 
2.972588 0.666408 0.658314 0.660645 0.169451 0.169904 0.168803 0.171264 0.168544 0.169710 
2.993303 0.678257 0.677156 0.672624 0.166084 0.163753 0.169321 0.166861 0.166084 0.171847 
3.014018 0.663753 0.672688 0.668544 0.164012 0.175926 0.166861 0.163882 0.163688 0.160580 
3.034733 0.675473 0.665890 0.669257 0.168350 0.168221 0.170228 0.162587 0.168674 0.164012 
3.055448 0.677286 0.659479 0.657278 0.170293 0.165436 0.165566 0.167120 0.163494 0.163559 
3.076163 0.668544 0.666278 0.664789 0.173077 0.173789 0.167703 0.168739 0.168609 0.167573 
3.096877 0.668285 0.669775 0.671329 0.170552 0.172883 0.167185 0.169321 0.165372 0.167703 
3.117592 0.663429 0.682725 0.648537 0.167444 0.168933 0.171264 0.170422 0.173983 0.170098 
3.138307 0.663364 0.658184 0.652810 0.164983 0.165760 0.166213 0.166537 0.162458 0.164271 
3.159022 0.650026 0.658702 0.666667 0.169775 0.162717 0.163882 0.161875 0.161940 0.167703 
3.179737 0.662652 0.674825 0.668674 0.166731 0.168998 0.168091 0.162134 0.158314 0.167185 
3.200452 0.674825 0.675602 0.661033 0.169127 0.171976 0.168480 0.173271 0.175408 0.169386 
3.221167 0.655918 0.670487 0.665113 0.166796 0.162976 0.160192 0.171588 0.161940 0.163235 
3.241882 0.652681 0.663364 0.662005 0.168933 0.169516 0.162005 0.172300 0.167638 0.171329 
3.262597 0.663300 0.665113 0.671911 0.169710 0.175214 0.168868 0.164854 0.165890 0.169192 
3.283312 0.662523 0.668868 0.662717 0.168091 0.169062 0.167249 0.162199 0.164530 0.168544 
3.304026 0.658508 0.660321 0.662328 0.163623 0.166472 0.174890 0.169321 0.164465 0.165501 
3.324741 0.669645 0.664465 0.675602 0.169451 0.168739 0.168156 0.165501 0.164854 0.163753 
3.345456 0.661875 0.657796 0.655465 0.170746 0.165242 0.166537 0.161292 0.166019 0.171911 
3.366171 0.661357 0.669969 0.662587 0.169969 0.168415 0.170422 0.166796 0.164400 0.174696 
3.386886 0.657796 0.671264 0.675861 0.166731 0.166731 0.169451 0.166019 0.163235 0.165760 
3.407601 0.668868 0.659544 0.687581 0.173660 0.172429 0.173012 0.168480 0.167573 0.170940 
3.428316 0.672947 0.670228 0.677609 0.172170 0.162328 0.165954 0.169127 0.171393 0.172235 
3.449031 0.649637 0.669127 0.673660 0.171329 0.163688 0.169645 0.162069 0.163364 0.172883 
3.469746 0.670487 0.666019 0.662069 0.160969 0.168674 0.169645 0.168674 0.165954 0.166926 
3.490461 0.667962 0.672818 0.664400 0.166926 0.163364 0.166472 0.171652 0.165890 0.167314 
3.511176 0.669386 0.664530 0.668803 0.169580 0.165954 0.169904 0.164724 0.163882 0.167638 
3.531890 0.663041 0.661357 0.672624 0.169969 0.166472 0.166796 0.167832 0.166602 0.171329 
3.552605 0.679034 0.663623 0.667703 0.168674 0.168868 0.171005 0.172624 0.166861 0.162199 
3.573320 0.665695 0.665501 0.668415 0.170811 0.163688 0.170875 0.163818 0.169451 0.166472 
3.594035 0.675537 0.671329 0.662005 0.166213 0.169127 0.169257 0.161551 0.170163 0.160192 
3.614750 0.678451 0.662652 0.667508 0.163753 0.169580 0.168091 0.161616 0.169839 0.163623 
3.635465 0.670616 0.676573 0.670552 0.167767 0.167962 0.165501 0.166926 0.165372 0.167897 
3.656180 0.669062 0.664983 0.658314 0.164659 0.169321 0.167120 0.163300 0.168091 0.167055 
3.676895 0.671652 0.677545 0.665501 0.170552 0.169645 0.165048 0.166926 0.164789 0.164724 
3.697610 0.679811 0.673854 0.671199 0.166796 0.168480 0.153134 0.168674 0.167962 0.165566 
3.718324 0.668803 0.664724 0.670487 0.166861 0.166537 0.169321 0.164659 0.165954 0.160904 
3.739039 0.658702 0.661357 0.661163 0.168868 0.166602 0.161357 0.163364 0.166537 0.160969 
3.759754 0.666343 0.663688 0.669516 0.173660 0.166472 0.164336 0.163494 0.166084 0.167767 
3.780469 0.665954 0.671652 0.658702 0.166084 0.164141 0.163623 0.162069 0.162587 0.168674 
3.801184 0.662328 0.670552 0.652810 0.167638 0.168674 0.163559 0.164595 0.168739 0.162458 
3.821899 0.671847 0.657407 0.659933 0.169192 0.165436 0.158961 0.163235 0.167962 0.167962 
3.842614 0.662587 0.658897 0.656436 0.163364 0.169257 0.159220 0.158832 0.163429 0.168091 
3.863329 0.662911 0.658120 0.676055 0.167703 0.167832 0.167832 0.165566 0.162911 0.167767 
3.884044 0.658897 0.665307 0.662717 0.168480 0.174307 0.163105 0.168544 0.167897 0.170487 
3.904759 0.667249 0.659026 0.648148 0.168544 0.168674 0.171199 0.162782 0.169127 0.168803 
3.925473 0.656760 0.659415 0.684084 0.161616 0.168415 0.166149 0.169580 0.162976 0.167055 
3.946188 0.670681 0.666796 0.653263 0.170746 0.170811 0.163364 0.169580 0.163559 0.170228 
3.966903 0.678322 0.663559 0.678581 0.167508 0.172300 0.163753 0.166990 0.169969 0.169386 
3.987618 0.665890 0.672365 0.669451 0.162264 0.169062 0.163559 0.159091 0.160969 0.168091 
4.008333 0.659609 0.667962 0.667573 0.168156 0.174825 0.161487 0.168480 0.164077 0.167314 
4.029048 0.679293 0.674696 0.662199 0.170487 0.166731 0.168803 0.162199 0.171005 0.163364 
4.049763 0.666213 0.667832 0.663559 0.168026 0.171264 0.160580 0.163300 0.160774 0.172106 
4.070478 0.673077 0.663818 0.668739 0.169062 0.165825 0.165501 0.162846 0.164918 0.173206 
4.091193 0.662199 0.674307 0.671134 0.162587 0.171005 0.164983 0.169710 0.165048 0.169839 
4.111907 0.653846 0.664918 0.671588 0.166084 0.168933 0.164012 0.162523 0.165048 0.172365 
4.132622 0.661746 0.669257 0.648213 0.169192 0.169321 0.166408 0.163300 0.163235 0.168803 
4.153337 0.683761 0.670034 0.673854 0.171458 0.165825 0.168221 0.165307 0.165825 0.173854 
4.174052 0.664595 0.666408 0.667897 0.163235 0.169386 0.164077 0.161292 0.154364 0.166861 
4.194767 0.657213 0.670228 0.674825 0.167703 0.165372 0.167055 0.170811 0.167314 0.167185 
4.215482 0.679099 0.661357 0.664336 0.166278 0.165113 0.164724 0.166926 0.157602 0.165242 
4.236197 0.665566 0.671523 0.675732 0.164400 0.165436 0.166149 0.165501 0.172365 0.173142 
4.256912 0.664271 0.666990 0.663235 0.165631 0.165307 0.167314 0.163753 0.168544 0.166472 
4.277627 0.656371 0.668674 0.666343 0.172559 0.165242 0.166278 0.165436 0.165436 0.168285 
4.298342 0.682271 0.660774 0.657407 0.169062 0.167832 0.165825 0.163494 0.162911 0.168868 
4.319057 0.659415 0.668803 0.669516 0.170681 0.168221 0.166602 0.166149 0.162846 0.169645 
4.339772 0.668998 0.672624 0.675537 0.166213 0.174890 0.172106 0.164659 0.159738 0.167120 
4.360487 0.665954 0.683566 0.668933 0.171070 0.162393 0.165890 0.168221 0.165695 0.163494 
4.381201 0.671458 0.678904 0.667055 0.172106 0.168998 0.164271 0.170293 0.168350 0.171070 
4.401916 0.659997 0.678192 0.667703 0.173983 0.159026 0.164659 0.164595 0.159220 0.160451 
4.422631 0.670098 0.660062 0.670163 0.168933 0.162069 0.167703 0.167120 0.167314 0.164595 
4.443346 0.663429 0.664400 0.665825 0.169451 0.166149 0.171134 0.165501 0.161357 0.167314 
4.464061 0.668868 0.664918 0.657925 0.174048 0.168609 0.158443 0.164012 0.160256 0.161163 
4.484776 0.671717 0.655271 0.669192 0.171393 0.170293 0.175214 0.169192 0.166602 0.164789 
4.505491 0.669710 0.650932 0.670552 0.165372 0.163559 0.160839 0.168285 0.165760 0.159933 
4.526206 0.677868 0.669904 0.668739 0.170034 0.171523 0.170034 0.168285 0.168480 0.168544 
4.546920 0.668350 0.678127 0.666667 0.166861 0.166408 0.157084 0.166149 0.163882 0.162846 
4.567635 0.666408 0.674437 0.676379 0.166084 0.170552 0.165695 0.167379 0.166861 0.165307 
4.588350 0.649055 0.677609 0.668998 0.172235 0.168285 0.159933 0.166408 0.168415 0.169580 
4.609065 0.666667 0.682271 0.661616 0.167508 0.171264 0.164465 0.164336 0.167120 0.162264 
4.629780 0.657666 0.666408 0.662069 0.162717 0.169451 0.161228 0.166731 0.160256 0.163105 
4.650495 0.671005 0.664012 0.659479 0.167508 0.170811 0.162717 0.165113 0.164206 0.164789 
4.671210 0.664595 0.664918 0.666861 0.165631 0.162523 0.160710 0.162134 0.167379 0.170940 
4.691925 0.660192 0.673919 0.677221 0.167314 0.172106 0.166343 0.164206 0.171782 0.166149 
4.712640 0.661746 0.669257 0.650026 0.162393 0.173401 0.174631 0.164789 0.164012 0.167379 
4.733355 0.668803 0.655141 0.660451 0.171134 0.167444 0.168868 0.165566 0.163753 0.170034 
4.754069 0.664400 0.665954 0.668803 0.166019 0.177868 0.156307 0.161810 0.162328 0.171717 
4.774784 0.663300 0.665177 0.665113 0.160321 0.170228 0.164789 0.161875 0.166019 0.162069 
4.795499 0.680329 0.660127 0.666796 0.163364 0.179358 0.161551 0.162652 0.168674 0.165307 
4.816214 0.661810 0.658573 0.672947 0.164530 0.169386 0.163753 0.163818 0.167962 0.169710 
4.836929 0.684279 0.655076 0.663105 0.159220 0.169192 0.168544 0.162005 0.166731 0.158702 
4.857644 0.680782 0.668998 0.673336 0.168285 0.168544 0.164271 0.169839 0.167444 0.174437 
4.878359 0.668091 0.658120 0.667055 0.161487 0.164530 0.164659 0.171717 0.166990 0.165825 
4.899074 0.665825 0.655141 0.674566 0.171393 0.166149 0.166472 0.161551 0.166213 0.162782 
4.919789 0.662782 0.662587 0.677027 0.166278 0.173012 0.166602 0.165307 0.158961 0.172494 
4.940504 0.666602 0.676573 0.674890 0.164077 0.170163 0.167120 0.166343 0.166278 0.175343 
4.961218 0.652163 0.668739 0.671588 0.172753 0.165307 0.162652 0.166084 0.160321 0.165890 
4.981933 0.681753 0.669710 0.653328 0.167573 0.161292 0.171717 0.166343 0.161357 0.170422 
5.002648 0.658767 0.667444 0.665566 0.166408 0.170228 0.164983 0.168091 0.166084 0.170228 
5.023363 0.667962 0.664141 0.666667 0.165177 0.163688 0.166731 0.172365 0.166084 0.160969 
5.044078 0.662846 0.668156 0.673983 0.160127 0.169127 0.169192 0.166408 0.162782 0.170616 
5.064793 0.672235 0.660904 0.665372 0.162652 0.173077 0.166408 0.173854 0.164271 0.167444 
5.085508 0.673077 0.669775 0.660710 0.167055 0.174566 0.167379 0.172106 0.164854 0.169127 
5.106223 0.671393 0.660062 0.668221 0.167120 0.167444 0.164918 0.168221 0.167185 0.173465 
5.126938 0.660192 0.662976 0.667379 0.166213 0.169839 0.169386 0.164659 0.168415 0.169127 
5.147653 0.672818 0.673465 0.672559 0.162846 0.165113 0.167444 0.168156 0.168350 0.166667 
5.168367 0.673142 0.665695 0.671652 0.170163 0.170875 0.171652 0.169386 0.162393 0.166602 
5.189082 0.657148 0.667703 0.665501 0.163559 0.166861 0.168415 0.166537 0.166537 0.168998 
5.209797 0.665890 0.668998 0.666149 0.170940 0.170228 0.164465 0.166796 0.168480 0.165695 
5.230512 0.676832 0.659285 0.662199 0.159933 0.166213 0.169451 0.164918 0.171393 0.164206 
5.251227 0.651450 0.666667 0.659026 0.163623 0.169710 0.164918 0.167962 0.169839 0.163235 
5.271942 0.667573 0.667508 0.657213 0.166472 0.159933 0.168933 0.176120 0.164530 0.163947 
5.292657 0.672041 0.670357 0.663105 0.163818 0.165760 0.162587 0.163105 0.170034 0.163753 
5.313372 0.663170 0.667962 0.662328 0.164659 0.171070 0.163818 0.164854 0.164983 0.173142 
5.334087 0.662199 0.668156 0.667249 0.167638 0.169580 0.163170 0.172365 0.167379 0.164077 
5.354802 0.665307 0.666278 0.663235 0.166537 0.166019 0.161163 0.164854 0.159220 0.165566 
5.375516 0.668803 0.664530 0.663041 0.165501 0.177091 0.162199 0.171976 0.171717 0.166861 
5.396231 0.677350 0.674825 0.662911 0.156501 0.167638 0.162069 0.166343 0.162911 0.163623 
5.416946 0.671976 0.669904 0.658379 0.164918 0.163494 0.160645 0.173724 0.163494 0.165307 
5.437661 0.661681 0.667897 0.670357 0.166213 0.167897 0.166602 0.175537 0.165177 0.163041 
5.458376 0.659415 0.676185 0.676250 0.165760 0.168026 0.165631 0.162652 0.166731 0.168739 
5.479091 0.666602 0.683243 0.665436 0.160904 0.164465 0.165177 0.164918 0.168221 0.160192 
5.499806 0.671070 0.673336 0.665501 0.164206 0.170422 0.164530 0.163429 0.164012 0.163623 
5.520521 0.661551 0.666861 0.656177 0.160386 0.167638 0.171911 0.166213 0.158508 0.168544 
5.541236 0.666408 0.647954 0.658508 0.163494 0.170616 0.162134 0.166472 0.163818 0.167314 
5.561951 0.662976 0.684473 0.669645 0.165760 0.165825 0.165631 0.170875 0.161228 0.162976 
5.582665 0.669645 0.676832 0.662458 0.170163 0.165954 0.164724 0.168091 0.165242 0.165566 
5.603380 0.659933 0.672429 0.684343 0.161875 0.168609 0.165695 0.169580 0.164400 0.168868 
5.624095 0.670163 0.673660 0.678516 0.159868 0.164271 0.164336 0.170293 0.162005 0.164530 
5.644810 0.659285 0.669580 0.671393 0.162717 0.169192 0.164724 0.165242 0.166731 0.157148 
5.665525 0.661292 0.668221 0.678192 0.167508 0.168868 0.158832 0.164336 0.169775 0.161940 
5.686240 0.666861 0.660580 0.672494 0.164854 0.169904 0.160386 0.167314 0.161422 0.161033 
5.706955 0.666278 0.672818 0.670940 0.159803 0.164983 0.166408 0.162199 0.167120 0.170293 
5.727670 0.662134 0.660062 0.674372 0.160774 0.168868 0.163882 0.163688 0.162652 0.171523 
5.748384 0.664141 0.657148 0.672041 0.164077 0.170940 0.161098 0.168091 0.160451 0.161163 
5.769099 0.679552 0.658508 0.677415 0.168156 0.165048 0.168544 0.165890 0.168091 0.169839 
5.789814 0.664530 0.653199 0.678581 0.164012 0.164336 0.170681 0.166796 0.164983 0.167185 
5.810529 0.659479 0.661228 0.679811 0.174566 0.168998 0.157925 0.173465 0.164918 0.164206 
5.831244 0.689264 0.653263 0.672106 0.169516 0.162717 0.162717 0.164530 0.166926 0.163170 
5.851959 0.658767 0.665242 0.668415 0.166731 0.163947 0.165048 0.165307 0.163947 0.168221 
5.872674 0.656112 0.656566 0.667897 0.160839 0.167508 0.164400 0.159026 0.167444 0.163235 
5.893389 0.669516 0.658249 0.671652 0.174501 0.163494 0.166408 0.160192 0.166990 0.163364 
5.914104 0.676314 0.680070 0.676703 0.168026 0.172365 0.167832 0.170357 0.170034 0.160256 
5.934819 0.655400 0.666084 0.657602 0.165695 0.167249 0.171393 0.165760 0.163947 0.160451 
5.955534 0.663041 0.679681 0.667638 0.170875 0.164918 0.168221 0.168998 0.165890 0.167832 
5.976249 0.670422 0.659933 0.676573 0.165954 0.165177 0.173206 0.168091 0.172624 0.166084 
5.996964 0.676832 0.651515 0.657407 0.169580 0.170034 0.167962 0.166213 0.163753 0.164206 
6.017678 0.680264 0.668285 0.669257 0.161357 0.164983 0.164271 0.166602 0.171976 0.156630 
6.038393 0.670098 0.663170 0.665825 0.163041 0.175149 0.165372 0.161616 0.173530 0.165307 
6.059108 0.684343 0.663300 0.663364 0.166472 0.161033 0.163170 0.164012 0.172235 0.168544 
6.079823 0.668803 0.672235 0.649184 0.164465 0.167767 0.163300 0.164789 0.169580 0.161292 
6.100538 0.664983 0.663364 0.672753 0.165954 0.170422 0.162782 0.166861 0.163429 0.171523 
6.121253 0.662005 0.674307 0.669451 0.165436 0.160774 0.164724 0.167444 0.165954 0.163753 
6.141968 0.664012 0.669192 0.660386 0.170811 0.168415 0.166213 0.169062 0.166667 0.170293 
6.162683 0.655141 0.665436 0.661487 0.167314 0.173077 0.162199 0.162846 0.170811 0.161487 
6.183398 0.665501 0.671847 0.665566 0.166926 0.166472 0.172170 0.167638 0.165631 0.164789 
6.204113 0.653781 0.661098 0.651191 0.167185 0.170357 0.165825 0.169775 0.172753 0.173983 
6.224827 0.667185 0.678257 0.643486 0.161551 0.160321 0.167508 0.165307 0.164336 0.164336 
6.245542 0.658508 0.671199 0.659868 0.167703 0.169321 0.169451 0.167962 0.168739 0.165113 
6.266257 0.681559 0.668674 0.670681 0.155076 0.174825 0.165048 0.167185 0.165825 0.172106 
6.286972 0.670034 0.671070 0.667573 0.171847 0.167767 0.163235 0.167185 0.166019 0.172947 
6.307687 0.669321 0.669839 0.679552 0.169710 0.166990 0.164465 0.164789 0.165631 0.167832 
6.328402 0.671134 0.679811 0.677480 0.168933 0.165566 0.173401 0.164918 0.168739 0.166472 
6.349117 0.666149 0.662005 0.665242 0.169451 0.166731 0.168674 0.167249 0.166149 0.174242 
6.369832 0.665242 0.680717 0.658055 0.171134 0.170357 0.167767 0.168026 0.160904 0.168998 
6.390547 0.668350 0.658249 0.660839 0.173983 0.172494 0.166537 0.163364 0.161616 0.159803 
6.411262 0.667638 0.652875 0.661746 0.158508 0.165760 0.163818 0.166926 0.164012 0.165695 
6.431976 0.663300 0.669645 0.667897 0.165436 0.164012 0.169904 0.158379 0.168156 0.165048 
6.452691 0.669710 0.674242 0.676897 0.162134 0.165890 0.170746 0.164336 0.167185 0.167962 
6.473406 0.672106 0.664659 0.659479 0.171717 0.165825 0.171199 0.158961 0.174307 0.165113 
6.494121 0.668350 0.657148 0.674113 0.170228 0.164659 0.167249 0.170422 0.161940 0.159674 
6.514836 0.658508 0.665436 0.675667 0.171134 0.162264 0.165760 0.163364 0.160256 0.164983 
6.535551 0.666408 0.663688 0.671458 0.165890 0.165501 0.172883 0.166667 0.161681 0.165048 
6.556266 0.670552 0.666667 0.678581 0.167638 0.164465 0.164724 0.163105 0.169904 0.168609 
6.576981 0.677480 0.662652 0.667444 0.172494 0.169710 0.167249 0.163818 0.160580 0.164983 
6.597695 0.668544 0.666667 0.683307 0.169127 0.157278 0.170228 0.168868 0.163688 0.168739 
6.618410 0.656307 0.670616 0.664077 0.168998 0.163559 0.165566 0.168998 0.166796 0.167185 
6.639125 0.660386 0.669516 0.668285 0.172688 0.166472 0.169904 0.165501 0.169451 0.166861 
6.659840 0.668739 0.661681 0.653004 0.169775 0.162846 0.171652 0.164983 0.168674 0.164789 
6.680555 0.659220 0.674307 0.687387 0.171393 0.160580 0.171070 0.162199 0.168739 0.167703 
6.701270 0.653652 0.673660 0.665890 0.164918 0.162393 0.170940 0.161616 0.164659 0.173401 
6.721985 0.659738 0.674178 0.657019 0.168868 0.171717 0.165566 0.158961 0.172041 0.161357 
6.742700 0.677480 0.669321 0.665113 0.169321 0.171717 0.162005 0.164659 0.164077 0.164595 
6.763415 0.682660 0.680782 0.661292 0.168803 0.165695 0.164206 0.163623 0.166472 0.159868 
6.784130 0.664400 0.662782 0.673206 0.166861 0.163947 0.170163 0.166667 0.166796 0.165436 
6.804844 0.673724 0.663818 0.659091 0.171199 0.169839 0.157472 0.170163 0.167249 0.164918 
6.825559 0.654494 0.664983 0.653069 0.167767 0.170034 0.166019 0.159350 0.165566 0.167832 
6.846274 0.662069 0.646788 0.657796 0.165890 0.168480 0.163041 0.169257 0.168415 0.165113 
6.866989 0.665307 0.651062 0.679940 0.168285 0.161681 0.165436 0.170681 0.165695 0.163882 
6.887704 0.688228 0.674178 0.678840 0.159738 0.168480 0.164400 0.164141 0.163688 0.167444 
6.908419 0.666408 0.662523 0.665890 0.165242 0.174242 0.164918 0.172365 0.162199 0.163818 
6.929134 0.674048 0.666084 0.669710 0.165825 0.163170 0.165242 0.166861 0.166084 0.168415 
6.949849 0.671199 0.661292 0.659803 0.165825 0.166731 0.161616 0.172365 0.170034 0.165954 
6.970564 0.662069 0.665048 0.671329 0.163300 0.170098 0.159933 0.169386 0.163494 0.161551 
6.991279 0.667962 0.673271 0.663105 0.164918 0.173724 0.157925 0.160774 0.164141 0.161616 
7.011993 0.665825 0.679811 0.671329 0.171911 0.164724 0.161098 0.160321 0.170681 0.169257 
7.032708 0.674825 0.666213 0.665242 0.170357 0.168998 0.166149 0.159156 0.167897 0.164271 
7.053423 0.664724 0.667444 0.668221 0.167314 0.163041 0.169969 0.160515 0.167573 0.170875 
7.074138 0.673206 0.665372 0.658184 0.167703 0.170034 0.165566 0.160839 0.163623 0.169904 
7.094853 0.664918 0.669516 0.660839 0.167120 0.170422 0.161940 0.168350 0.169257 0.172235 
7.115568 0.669775 0.673854 0.662782 0.172883 0.171134 0.167767 0.165307 0.164595 0.164789 
7.136283 0.675926 0.668350 0.662458 0.165436 0.163494 0.165890 0.160710 0.170163 0.170163 
7.156998 0.666667 0.667185 0.661033 0.167120 0.172170 0.163947 0.169062 0.168480 0.173142 
7.177713 0.665954 0.674566 0.669580 0.166861 0.170616 0.168739 0.162717 0.166343 0.167767 
7.198428 0.673465 0.655983 0.671652 0.166602 0.168933 0.170357 0.164400 0.174242 0.175278 
7.219142 0.669386 0.669257 0.670357 0.171329 0.166602 0.167055 0.170293 0.166796 0.162199 
7.239857 0.666149 0.665242 0.663753 0.166602 0.164659 0.166602 0.159350 0.165631 0.170875 
7.260572 0.664012 0.662458 0.663494 0.166796 0.155335 0.168868 0.162069 0.169127 0.169062 
7.281287 0.663300 0.649637 0.667379 0.173336 0.161810 0.169904 0.162782 0.171652 0.165631 
7.302002 0.657666 0.663623 0.662393 0.167703 0.165954 0.163235 0.169645 0.169516 0.168480 
7.322717 0.653846 0.662134 0.653199 0.167120 0.158314 0.171070 0.162134 0.171393 0.166602 
7.343432 0.677868 0.666149 0.677027 0.172688 0.170616 0.171393 0.163235 0.166731 0.168221 
7.364147 0.657343 0.658573 0.664918 0.168350 0.165242 0.172170 0.167962 0.162717 0.167185 
7.384862 0.658832 0.671911 0.670487 0.167962 0.159350 0.174437 0.167638 0.170228 0.161422 
7.405577 0.665695 0.668739 0.667573 0.171652 0.161292 0.162717 0.163882 0.166343 0.163429 
7.426291 0.664077 0.652292 0.677674 0.169969 0.164012 0.166990 0.176703 0.171070 0.166343 
7.447006 0.669904 0.671588 0.676962 0.167832 0.164012 0.166213 0.172883 0.168998 0.159803 
7.467721 0.665825 0.666213 0.666667 0.167185 0.168803 0.173336 0.164206 0.163235 0.162005 
7.488436 0.661357 0.666019 0.660645 0.167379 0.167444 0.162199 0.167573 0.162782 0.163105 
7.509151 0.651968 0.675084 0.672753 0.164854 0.168933 0.172106 0.165954 0.163753 0.170616 
7.529866 0.660192 0.659738 0.685315 0.170098 0.162458 0.166537 0.165372 0.166149 0.161098 
7.550581 0.670616 0.667379 0.664854 0.163494 0.161033 0.163300 0.162393 0.166213 0.166213 
7.571296 0.671264 0.667185 0.672947 0.165307 0.168868 0.165048 0.164983 0.161746 0.165825 
7.592011 0.655206 0.674825 0.671847 0.161551 0.165501 0.167444 0.166731 0.164077 0.171005 
7.612726 0.673530 0.677286 0.661098 0.160645 0.165501 0.169257 0.171782 0.169386 0.165307 
7.633440 0.672365 0.661487 0.673854 0.163753 0.165242 0.163364 0.165890 0.164789 0.166537 
7.654155 0.662328 0.680264 0.662652 0.169062 0.168285 0.167120 0.161551 0.163235 0.166537 
7.674870 0.669580 0.661940 0.654623 0.162458 0.159091 0.169645 0.170940 0.163882 0.164724 
7.695585 0.677091 0.674566 0.660904 0.168803 0.160969 0.165954 0.171329 0.172559 0.169839 
7.716300 0.683048 0.673142 0.657796 0.166472 0.164465 0.165242 0.166343 0.166861 0.170098 
7.737015 0.674113 0.667249 0.663818 0.170681 0.165436 0.164271 0.171717 0.173271 0.169192 
7.757730 0.657537 0.673465 0.658832 0.165760 0.161746 0.167120 0.166472 0.165307 0.169710 
7.778445 0.657731 0.656436 0.654947 0.169969 0.168868 0.166731 0.172300 0.170357 0.167897 
7.799160 0.671717 0.670357 0.670293 0.159609 0.161616 0.164983 0.168156 0.162911 0.165825 
7.819875 0.680458 0.667249 0.656760 0.163947 0.162393 0.164595 0.163947 0.166084 0.164659 
7.840590 0.660321 0.643292 0.665760 0.167185 0.168868 0.166990 0.168480 0.167379 0.168868 
7.861304 0.674825 0.671717 0.669904 0.169710 0.165760 0.167573 0.169645 0.165566 0.171911 
7.882019 0.652098 0.676897 0.669969 0.167897 0.167314 0.167055 0.163947 0.164595 0.162005 
7.902734 0.665825 0.677027 0.663235 0.166731 0.167638 0.162717 0.162911 0.168544 0.169580 
7.923449 0.675861 0.678516 0.654170 0.163105 0.167379 0.169127 0.166537 0.161616 0.170552 
7.944164 0.674760 0.670616 0.656825 0.162717 0.164595 0.173401 0.165242 0.169321 0.162911 
7.964879 0.658832 0.673206 0.676444 0.167962 0.169775 0.162134 0.170293 0.169192 0.161357 
7.985594 0.679228 0.671329 0.661810 0.165825 0.168674 0.173206 0.168350 0.171847 0.171523 
8.006309 0.666731 0.660451 0.674955 0.168091 0.165177 0.166796 0.169516 0.170681 0.164854 
8.027024 0.672559 0.650091 0.674048 0.165890 0.165113 0.164336 0.165825 0.163947 0.170422 
8.047739 0.653781 0.673077 0.659415 0.164724 0.162005 0.166861 0.163364 0.166731 0.163494 
8.068453 0.661228 0.660839 0.666667 0.168350 0.165372 0.169904 0.165566 0.166537 0.163429 
8.089168 0.668350 0.670746 0.666796 0.163041 0.160451 0.169775 0.162652 0.165890 0.164983 
8.109883 0.661551 0.669062 0.674696 0.161098 0.169451 0.165760 0.167638 0.171264 0.166278 
8.130598 0.672818 0.660256 0.667055 0.160256 0.173854 0.172688 0.166343 0.173983 0.165890 
8.151313 0.669969 0.666602 0.685962 0.161875 0.159933 0.170746 0.158638 0.170811 0.159350 
8.172028 0.669775 0.649637 0.666667 0.159738 0.165048 0.163494 0.166731 0.170098 0.166084 
8.192743 0.665048 0.658961 0.677933 0.165954 0.162717 0.162134 0.164983 0.170940 0.166408 
8.213458 0.664789 0.654817 0.677286 0.163105 0.163235 0.168091 0.169257 0.166537 0.164012 
8.234172 0.662328 0.650673 0.650414 0.163494 0.172624 0.164983 0.170228 0.170552 0.162717 
8.254887 0.669451 0.665566 0.683307 0.171458 0.168739 0.165307 0.165954 0.163688 0.166278 
8.275602 0.664530 0.675343 0.672883 0.171199 0.168285 0.168480 0.165436 0.169062 0.168480 
8.296318 0.667573 0.658573 0.677739 0.163818 0.171199 0.164983 0.163300 0.168415 0.167962 
8.317032 0.666602 0.668674 0.666796 0.169062 0.161422 0.166602 0.168998 0.167314 0.169192 
8.337747 0.661746 0.651709 0.665177 0.164595 0.165825 0.164983 0.168350 0.171458 0.166796 
8.358462 0.658573 0.660904 0.650414 0.159415 0.163753 0.165436 0.176314 0.166019 0.169775 
8.379177 0.659156 0.673271 0.663753 0.165177 0.169127 0.157796 0.173142 0.170487 0.169904 
8.399891 0.668933 0.661163 0.658897 0.173401 0.163235 0.159997 0.167185 0.168415 0.165760 
8.420607 0.667897 0.677027 0.668156 0.170034 0.167444 0.162976 0.170098 0.169257 0.168091 
8.441322 0.662005 0.666343 0.670681 0.161033 0.167444 0.169062 0.165890 0.162264 0.159220 
8.462037 0.668026 0.671523 0.663105 0.173919 0.156436 0.164271 0.172753 0.167314 0.171393 
8.482751 0.667444 0.665631 0.667573 0.168609 0.169257 0.163559 0.170811 0.174372 0.162782 
8.503466 0.658832 0.665825 0.671976 0.174566 0.168285 0.164336 0.170163 0.172559 0.163947 
8.524181 0.679293 0.660062 0.659674 0.165825 0.167185 0.163623 0.167444 0.154817 0.157861 
8.544896 0.663170 0.673077 0.652033 0.174696 0.165372 0.169904 0.173919 0.165760 0.168674 
8.565611 0.657084 0.675991 0.666408 0.172429 0.160062 0.169062 0.163494 0.161746 0.170552 
8.586326 0.669321 0.662393 0.662587 0.167055 0.162069 0.169904 0.169775 0.167767 0.162587 
8.607041 0.666537 0.670487 0.668674 0.165501 0.160321 0.171329 0.169062 0.161551 0.164077 
8.627756 0.663041 0.666731 0.676444 0.167379 0.167703 0.168091 0.173530 0.166472 0.162069 
8.648470 0.668415 0.685703 0.661875 0.167444 0.165890 0.156436 0.165113 0.166408 0.162328 
8.669185 0.668933 0.673595 0.673142 0.162846 0.159674 0.167703 0.163559 0.172494 0.158379 
8.689900 0.678969 0.676250 0.680264 0.171264 0.169580 0.166213 0.163688 0.171588 0.163364 
8.710616 0.673012 0.672688 0.664206 0.162782 0.158314 0.165631 0.165436 0.166602 0.160904 
8.731330 0.666149 0.671911 0.644846 0.164918 0.166084 0.164271 0.166084 0.161292 0.166796 
8.752045 0.671005 0.673465 0.659220 0.166472 0.160969 0.165501 0.168091 0.167379 0.167508 
8.772760 0.659220 0.665695 0.664141 0.165177 0.164336 0.165566 0.164077 0.174501 0.166861 
8.793475 0.674178 0.664789 0.671134 0.163235 0.167120 0.170616 0.160580 0.168933 0.163818 
8.814189 0.667897 0.660580 0.683437 0.167508 0.161940 0.163623 0.169192 0.164724 0.162134 
8.834905 0.660192 0.672235 0.668091 0.160839 0.160904 0.169321 0.163105 0.162328 0.160321 
8.855620 0.668480 0.659738 0.669257 0.165307 0.164336 0.162264 0.165760 0.165113 0.169127 
8.876335 0.667185 0.672818 0.678322 0.163882 0.167832 0.170875 0.166019 0.169257 0.162393 
8.897049 0.664530 0.678645 0.668933 0.164465 0.167508 0.168674 0.159544 0.160774 0.167249 
8.917764 0.650155 0.666990 0.684797 0.172883 0.166278 0.173789 0.155206 0.168221 0.164530 
8.938479 0.662846 0.673206 0.670422 0.165113 0.172883 0.166926 0.165631 0.169127 0.164465 
8.959194 0.679099 0.665566 0.675019 0.169710 0.168285 0.165501 0.168609 0.160321 0.169386 
8.979909 0.667314 0.664530 0.662782 0.166343 0.162587 0.168739 0.164724 0.164465 0.168285 
9.000624 0.659026 0.665242 0.669969 0.164400 0.165631 0.167897 0.168091 0.160710 0.160386 
9.021339 0.666861 0.664724 0.670875 0.161551 0.169710 0.160904 0.159026 0.164983 0.156242 
9.042054 0.681948 0.660839 0.659479 0.168674 0.161163 0.168415 0.164918 0.163170 0.170487 
9.062768 0.664595 0.673595 0.661357 0.170034 0.162069 0.160774 0.161487 0.163041 0.162911 
9.083483 0.665501 0.661810 0.663818 0.173336 0.160645 0.164400 0.164789 0.164400 0.163235 
9.104198 0.673724 0.673595 0.674048 0.169192 0.171070 0.162976 0.163688 0.165242 0.163364 
9.124913 0.670163 0.659868 0.678386 0.174501 0.170163 0.164789 0.162587 0.167055 0.171070 
9.145628 0.661551 0.660774 0.656112 0.162846 0.158184 0.168026 0.167897 0.168285 0.169257 
9.166343 0.672300 0.661357 0.683048 0.168803 0.168739 0.157537 0.166149 0.166926 0.166667 
9.187058 0.673789 0.662587 0.676897 0.170163 0.164271 0.174178 0.158379 0.165307 0.168803 
9.207773 0.678581 0.659803 0.663170 0.164724 0.172429 0.163300 0.165760 0.165695 0.167573 
9.228487 0.676897 0.658573 0.672494 0.170552 0.165760 0.169580 0.164271 0.171070 0.160710 
9.249202 0.656630 0.666472 0.655271 0.163041 0.166149 0.166990 0.164077 0.170811 0.172494 
9.269917 0.659609 0.662005 0.662264 0.168026 0.168026 0.164918 0.162846 0.168156 0.169386 
9.290633 0.670487 0.671393 0.661422 0.173142 0.169386 0.158314 0.166084 0.167573 0.166602 
9.311347 0.671329 0.657407 0.679358 0.167897 0.167832 0.169904 0.168350 0.167573 0.171070 
9.332062 0.674760 0.660839 0.663300 0.175343 0.165954 0.168933 0.169839 0.159285 0.169839 
9.352777 0.669257 0.661228 0.663235 0.165825 0.170034 0.166084 0.164400 0.171199 0.173401 
9.373492 0.670487 0.674242 0.653781 0.166084 0.173919 0.163429 0.162523 0.173401 0.164595 
9.394207 0.672688 0.674113 0.659738 0.164983 0.168221 0.168091 0.170552 0.167897 0.177998 
9.414922 0.668285 0.675019 0.666472 0.172494 0.173077 0.165890 0.160839 0.170681 0.162199 
9.435637 0.665307 0.657602 0.654688 0.163623 0.168739 0.171911 0.170163 0.163882 0.174307 
9.456352 0.666861 0.671134 0.666213 0.163041 0.169904 0.163688 0.166213 0.167703 0.165113 
9.477067 0.657666 0.656112 0.660256 0.159803 0.174307 0.165631 0.169710 0.164789 0.158055 
9.497781 0.653393 0.673142 0.650414 0.166537 0.172041 0.163041 0.171070 0.163623 0.167055 
9.518496 0.675473 0.671070 0.678969 0.168221 0.169645 0.160515 0.173660 0.163559 0.168544 
9.539211 0.660710 0.648990 0.668803 0.174955 0.174890 0.171847 0.163688 0.166084 0.166796 
9.559927 0.659350 0.665242 0.657990 0.162458 0.166731 0.168480 0.164724 0.169516 0.175537 
9.580641 0.654040 0.672494 0.664465 0.160386 0.165954 0.164595 0.166149 0.164595 0.161422 
9.601356 0.668868 0.684343 0.669580 0.165760 0.163170 0.163105 0.160127 0.168674 0.169386 
9.622071 0.652810 0.673012 0.663623 0.172041 0.167508 0.174307 0.170098 0.159415 0.165760 
9.642786 0.670552 0.672688 0.658314 0.164530 0.171523 0.161940 0.168609 0.161357 0.159544 
9.663500 0.669321 0.670811 0.672041 0.174307 0.160645 0.166408 0.166149 0.164983 0.158379 
9.684216 0.676120 0.660321 0.668739 0.174307 0.167185 0.164983 0.160969 0.165177 0.164724 
9.704931 0.666990 0.682530 0.671264 0.164530 0.170552 0.160386 0.167444 0.161940 0.164854 
9.725646 0.665825 0.663300 0.675019 0.168674 0.163494 0.166926 0.168609 0.162005 0.164918 
9.746360 0.656501 0.665113 0.666537 0.162523 0.166861 0.163041 0.168933 0.170422 0.166149 
9.767075 0.658638 0.669969 0.663623 0.167767 0.164918 0.167832 0.169839 0.162069 0.166990 
9.787790 0.670293 0.669257 0.675343 0.167638 0.166926 0.160839 0.165631 0.164789 0.160580 
9.808505 0.668091 0.658314 0.675278 0.165825 0.163041 0.168933 0.163364 0.164918 0.169904 
9.829220 0.665048 0.665372 0.677545 0.161681 0.162199 0.171264 0.167897 0.164465 0.157084 
9.849935 0.659285 0.673206 0.667249 0.164724 0.166343 0.164854 0.171005 0.173012 0.167249 
9.870650 0.673789 0.657084 0.666343 0.169127 0.165177 0.171911 0.166343 0.169386 0.165436 
9.891365 0.675732 0.677156 0.674631 0.175537 0.162846 0.169321 0.165372 0.163947 0.166149 
9.912079 0.677998 0.666213 0.676768 0.167897 0.170357 0.166472 0.165695 0.163688 0.165890 
9.932794 0.658832 0.667249 0.669969 0.168544 0.163753 0.168868 0.168480 0.169321 0.167055 
9.953509 0.670487 0.665372 0.665307 0.166084 0.160580 0.166408 0.167703 0.173724 0.168609 
9.974224 0.659803 0.669062 0.666408 0.170422 0.165825 0.161487 0.174890 0.168998 0.167832 
9.994939 0.660774 0.657472 0.672947 0.166667 0.165436 0.168480 0.162652 0.164400 0.165890 
10.015654 0.671652 0.670228 0.672688 0.164918 0.166408 0.161033 0.171523 0.168156 0.163559 
10.036369 0.666667 0.663364 0.649055 0.162652 0.161551 0.167444 0.170616 0.163623 0.161422 
10.057084 0.665242 0.657537 0.663947 0.163300 0.170293 0.163170 0.166990 0.165566 0.168026 
10.077798 0.663235 0.677156 0.668739 0.167767 0.166537 0.161163 0.166472 0.168739 0.173142 
10.098513 0.671458 0.661551 0.672106 0.161940 0.165177 0.160062 0.169062 0.165501 0.161422 
10.119228 0.658638 0.657666 0.664465 0.165177 0.164918 0.160710 0.165048 0.167767 0.163623 
10.139944 0.667120 0.670746 0.673012 0.165890 0.162652 0.166990 0.167314 0.167703 0.168868 
10.160658 0.661357 0.665760 0.659868 0.163235 0.168480 0.163688 0.168609 0.161940 0.166537 
10.181373 0.676250 0.658443 0.668674 0.165695 0.169710 0.167379 0.171329 0.164983 0.161163 
10.202088 0.657861 0.660127 0.677998 0.165372 0.165954 0.163623 0.165436 0.169062 0.162717 
10.222803 0.668285 0.680264 0.675732 0.167249 0.167573 0.162976 0.164400 0.171264 0.174437 
10.243518 0.674437 0.676832 0.668674 0.162328 0.165242 0.168739 0.170940 0.167055 0.171329 
10.264233 0.659868 0.657666 0.661163 0.175926 0.169127 0.158508 0.166667 0.163559 0.165825 
10.284948 0.670034 0.664012 0.661681 0.165825 0.159285 0.164141 0.172429 0.176509 0.167962 
10.305663 0.672300 0.670293 0.674178 0.157407 0.170940 0.165436 0.166408 0.170228 0.168933 
10.326377 0.673595 0.665113 0.662328 0.158443 0.164271 0.167962 0.162264 0.165631 0.167120 
10.347092 0.672365 0.668480 0.660451 0.164271 0.162328 0.168285 0.162458 0.165954 0.170616 
10.367807 0.675214 0.672494 0.658379 0.164918 0.164659 0.162652 0.165825 0.159544 0.166084 
10.388522 0.662846 0.667444 0.666084 0.162328 0.164400 0.160321 0.159674 0.166861 0.165436 
10.409237 0.665760 0.660386 0.661551 0.168221 0.159220 0.168026 0.167767 0.168221 0.169904 
10.429952 0.668544 0.667120 0.668480 0.163364 0.171652 0.166990 0.161681 0.166926 0.165695 
10.450667 0.671393 0.674501 0.661292 0.159803 0.159350 0.170034 0.166537 0.168544 0.170293 
10.471382 0.665631 0.662911 0.666861 0.162717 0.168739 0.169516 0.162587 0.167638 0.160774 
10.492096 0.677091 0.671782 0.675084 0.168674 0.168674 0.166213 0.166472 0.177804 0.167379 
10.512811 0.664336 0.662199 0.670098 0.161033 0.163235 0.163882 0.160386 0.162652 0.157666 
10.533526 0.663753 0.661357 0.664077 0.168544 0.169257 0.172429 0.168544 0.170357 0.168350 
10.554242 0.669516 0.667508 0.661746 0.164141 0.159609 0.165695 0.164077 0.165501 0.165113 
10.574956 0.660192 0.665177 0.662976 0.166861 0.168026 0.164077 0.161163 0.167962 0.169127 
10.595671 0.658638 0.663300 0.653004 0.160386 0.165501 0.172170 0.165177 0.169321 0.171264 
10.616386 0.672300 0.672235 0.668480 0.167962 0.161033 0.165177 0.162393 0.166602 0.172300 
10.637101 0.670616 0.673789 0.671393 0.169257 0.161616 0.169645 0.164724 0.171070 0.174890 
10.657815 0.659479 0.658184 0.650673 0.169386 0.167767 0.166861 0.167120 0.168091 0.169775 
10.678531 0.675796 0.659674 0.671199 0.168415 0.169257 0.166019 0.160192 0.170487 0.170228 
10.699246 0.657796 0.656954 0.656630 0.169192 0.171458 0.171329 0.166731 0.170487 0.166213 
10.719961 0.665631 0.670940 0.656825 0.168091 0.168415 0.167573 0.167508 0.168674 0.169386 
10.740675 0.681365 0.663429 0.659674 0.168544 0.167314 0.173142 0.166861 0.172429 0.173465 
10.761390 0.666990 0.669192 0.667444 0.167508 0.161681 0.175149 0.163235 0.173012 0.165436 
10.782105 0.686480 0.662846 0.668609 0.175343 0.166667 0.169386 0.161422 0.166602 0.166408 
10.802820 0.663364 0.662069 0.662393 0.163882 0.166084 0.169645 0.161940 0.161487 0.167055 
10.823535 0.666149 0.671717 0.669710 0.170228 0.165048 0.169904 0.170940 0.166084 0.164983 
10.844250 0.679617 0.674631 0.665372 0.157407 0.171070 0.172753 0.166278 0.165954 0.163364 
10.864965 0.656048 0.681753 0.671976 0.168026 0.167767 0.170487 0.171329 0.170811 0.165631 
10.885680 0.667185 0.658379 0.666926 0.160774 0.169645 0.166926 0.169451 0.164659 0.162199 
10.906394 0.676055 0.667249 0.672559 0.174242 0.167120 0.166796 0.169775 0.166926 0.160580 
10.927109 0.667703 0.659609 0.670616 0.174955 0.166602 0.164983 0.167314 0.166472 0.163170 
10.947824 0.655271 0.661033 0.656048 0.158638 0.164141 0.167379 0.173919 0.162911 0.161616 
10.968539 0.658249 0.666343 0.664336 0.167703 0.166278 0.171264 0.166926 0.164465 0.161681 
10.989254 0.672624 0.668933 0.662069 0.164530 0.162523 0.162523 0.164400 0.163688 0.169710 
11.009969 0.652486 0.657019 0.670811 0.167185 0.169062 0.169192 0.167185 0.170875 0.169062 
11.030684 0.664141 0.670034 0.677415 0.162782 0.165954 0.168221 0.170875 0.162005 0.169645 
11.051399 0.666926 0.670228 0.668933 0.167573 0.167703 0.171070 0.166149 0.164206 0.167249 
11.072114 0.664336 0.675408 0.671005 0.165177 0.164789 0.164724 0.165695 0.173660 0.173271 
11.092829 0.666278 0.664141 0.665825 0.166796 0.161746 0.169969 0.161292 0.170811 0.167055 
11.113544 0.666796 0.670811 0.661228 0.162976 0.166278 0.168933 0.166278 0.170422 0.163753 
11.134259 0.656436 0.667185 0.680394 0.168480 0.160839 0.167120 0.166019 0.177350 0.161940 
11.154974 0.668674 0.660127 0.675149 0.164595 0.161487 0.171717 0.166019 0.166926 0.168026 
11.175688 0.674890 0.666084 0.663818 0.170098 0.168285 0.167962 0.168026 0.166019 0.167379 
11.196403 0.679358 0.653134 0.678063 0.172429 0.163235 0.162523 0.172106 0.167379 0.160386 
11.217118 0.665954 0.666472 0.667055 0.165631 0.167832 0.166602 0.166278 0.167055 0.161616 
11.237833 0.666990 0.673142 0.664012 0.166278 0.165760 0.163753 0.163235 0.164530 0.161875 
11.258548 0.669839 0.645493 0.672235 0.163105 0.161940 0.169969 0.167120 0.166926 0.166537 
11.279263 0.660710 0.671070 0.674955 0.162652 0.164854 0.159091 0.159156 0.164336 0.163753 
11.299978 0.667314 0.657537 0.667703 0.171782 0.166019 0.166990 0.172041 0.161292 0.159544 
11.320693 0.666731 0.681624 0.669710 0.166472 0.173983 0.165501 0.169062 0.172818 0.162652 
11.341407 0.654817 0.666084 0.653652 0.172624 0.162134 0.165695 0.170746 0.175732 0.170616 
11.362122 0.657666 0.662393 0.662717 0.173724 0.163494 0.166213 0.166926 0.167573 0.163429 
11.382837 0.672494 0.672429 0.672559 0.170422 0.168739 0.173854 0.169127 0.158961 0.164724 
11.403553 0.674048 0.669904 0.649055 0.156177 0.161033 0.170487 0.165760 0.168026 0.170293 
11.424267 0.669321 0.670293 0.664789 0.162458 0.162976 0.168998 0.163688 0.173854 0.175278 
11.444982 0.655271 0.671134 0.657148 0.171134 0.168415 0.159156 0.167703 0.163818 0.166537 
11.465697 0.658767 0.683761 0.679099 0.172624 0.166537 0.159285 0.165113 0.173660 0.169257 
11.486412 0.671588 0.666537 0.659738 0.170811 0.164077 0.166990 0.160451 0.169710 0.168156 
11.507126 0.670487 0.656760 0.679552 0.162846 0.168674 0.161163 0.170034 0.161292 0.164077 
11.527842 0.675278 0.669710 0.679746 0.163364 0.163105 0.164659 0.165048 0.167055 0.163559 
11.548557 0.662652 0.668803 0.668221 0.165307 0.168415 0.167508 0.166408 0.165631 0.168415 
11.569272 0.651127 0.666667 0.652875 0.162199 0.166343 0.165695 0.168285 0.169645 0.170487 
11.589986 0.663429 0.679811 0.667185 0.161163 0.169904 0.161810 0.167249 0.161357 0.173206 
11.610701 0.672818 0.668415 0.667508 0.164983 0.167962 0.158573 0.169580 0.166343 0.164789 
11.631416 0.662587 0.660386 0.669969 0.167249 0.160839 0.163818 0.167185 0.172365 0.171458 
11.652131 0.668674 0.664271 0.668609 0.172753 0.158767 0.168415 0.162976 0.167120 0.169516 
11.672846 0.672041 0.672300 0.659674 0.176185 0.172365 0.166731 0.166667 0.169062 0.161940 
11.693561 0.659803 0.667703 0.677286 0.172365 0.161292 0.169775 0.165436 0.166926 0.171523 
11.714276 0.673465 0.665113 0.666472 0.165501 0.155918 0.163559 0.162328 0.165890 0.160256 
11.734991 0.669969 0.655659 0.676638 0.172883 0.164012 0.167638 0.168480 0.169904 0.163818 
11.755705 0.671782 0.650673 0.670552 0.165954 0.166602 0.164271 0.166084 0.172429 0.160645 
11.776420 0.671264 0.671264 0.664983 0.169969 0.167314 0.161033 0.172300 0.168285 0.166926 
11.797135 0.670487 0.670357 0.665631 0.169321 0.164530 0.162199 0.171199 0.169386 0.169451 
11.817850 0.657990 0.656760 0.669710 0.164271 0.158638 0.168868 0.164271 0.166019 0.162005 
11.838565 0.664077 0.664659 0.662846 0.166084 0.164789 0.171976 0.158184 0.165760 0.167832 
11.859280 0.673660 0.666084 0.656501 0.170811 0.167379 0.164012 0.165631 0.169775 0.168350 
11.879995 0.658702 0.654947 0.662717 0.164659 0.172883 0.161616 0.160710 0.170487 0.170163 
11.900710 0.664659 0.669580 0.648213 0.169710 0.163364 0.162976 0.166667 0.171264 0.165307 
11.921424 0.655012 0.670357 0.667120 0.173077 0.168933 0.160321 0.163623 0.171458 0.170357 
11.942140 0.670552 0.660386 0.683307 0.167120 0.167185 0.163041 0.171523 0.172106 0.167638 
11.962855 0.666796 0.656566 0.674307 0.160839 0.167573 0.170098 0.165501 0.168609 0.171264 
11.983570 0.668803 0.663170 0.668026 0.160127 0.160127 0.161551 0.169062 0.166213 0.175019 
12.004284 0.667055 0.682012 0.658443 0.167379 0.167703 0.165307 0.164077 0.165825 0.167703 
12.024999 0.664077 0.663494 0.678127 0.171329 0.163364 0.169451 0.168674 0.163688 0.167249 
12.045714 0.674242 0.664918 0.668544 0.169580 0.162911 0.166213 0.169710 0.167832 0.167120 
12.066429 0.660515 0.674242 0.665631 0.166537 0.168415 0.166731 0.169257 0.164789 0.171588 
12.087144 0.672106 0.662264 0.656695 0.165048 0.160321 0.162458 0.164595 0.165760 0.172235 
12.107859 0.674113 0.659285 0.667638 0.158573 0.167508 0.171847 0.168609 0.171134 0.174696 
12.128574 0.659479 0.671393 0.659479 0.161163 0.162652 0.166019 0.169321 0.164012 0.171070 
12.149289 0.664530 0.658832 0.660515 0.166602 0.166861 0.163364 0.168285 0.166602 0.168803 
12.170003 0.673854 0.674372 0.662134 0.168156 0.173077 0.171329 0.162976 0.170098 0.168480 
12.190718 0.655918 0.668221 0.658184 0.170487 0.161810 0.166602 0.162458 0.165631 0.168221 
12.211433 0.664465 0.657084 0.662393 0.162069 0.167767 0.164918 0.163105 0.162652 0.169516 
12.232148 0.664918 0.676897 0.663041 0.169969 0.174242 0.162458 0.160839 0.165890 0.170616 
12.252863 0.672688 0.684214 0.664659 0.170746 0.172300 0.172429 0.163882 0.164336 0.167897 
12.273578 0.670681 0.671652 0.674242 0.169451 0.167120 0.170422 0.162393 0.167832 0.172494 
12.294293 0.658767 0.666408 0.666149 0.161228 0.164271 0.175278 0.169710 0.170487 0.166213 
12.315008 0.661163 0.679617 0.661810 0.173919 0.161098 0.163494 0.172753 0.171782 0.159997 
12.335722 0.667120 0.669386 0.668156 0.171005 0.157213 0.167962 0.171005 0.165242 0.170940 
12.356437 0.671523 0.656307 0.665307 0.168221 0.164336 0.168221 0.165760 0.167379 0.168609 
12.377152 0.662134 0.661422 0.665113 0.169775 0.165372 0.163429 0.170875 0.167962 0.163753 
12.397868 0.668674 0.658961 0.674178 0.166019 0.164206 0.167120 0.164336 0.166667 0.160256 
12.418582 0.664983 0.656501 0.670681 0.165566 0.162846 0.169386 0.157990 0.170098 0.164206 
12.439297 0.674178 0.669969 0.668739 0.173206 0.168998 0.163559 0.166343 0.174178 0.165113 
12.460012 0.661875 0.673919 0.659479 0.165695 0.162393 0.167055 0.163947 0.170163 0.164918 
12.480727 0.664012 0.659933 0.663300 0.169645 0.164659 0.170034 0.169192 0.173336 0.166408 
12.501441 0.668285 0.667249 0.671911 0.168156 0.166990 0.165760 0.167185 0.164271 0.170487 
12.522157 0.673271 0.661616 0.659285 0.166926 0.163170 0.160774 0.166343 0.166926 0.163559 
12.542872 0.664854 0.671523 0.671393 0.163105 0.161357 0.171847 0.169839 0.171588 0.162328 
12.563587 0.668285 0.660515 0.675149 0.167444 0.167185 0.166602 0.164530 0.174631 0.164530 
12.584301 0.671847 0.673012 0.659026 0.170098 0.168998 0.167249 0.168480 0.169321 0.165501 
12.605016 0.667703 0.672818 0.669451 0.166343 0.164530 0.168609 0.169321 0.166408 0.167573 
12.625731 0.676897 0.662717 0.670098 0.158767 0.163041 0.163300 0.160774 0.167897 0.164206 
12.646446 0.670487 0.665631 0.663429 0.162393 0.167962 0.160321 0.164789 0.168868 0.169062 
12.667161 0.669839 0.656112 0.672624 0.167249 0.169062 0.159544 0.161875 0.168739 0.161551 
12.687876 0.675796 0.651968 0.674242 0.167120 0.169257 0.165307 0.167962 0.165631 0.168350 
12.708591 0.660386 0.657602 0.660062 0.164077 0.161746 0.170422 0.169710 0.163041 0.165048 
12.729306 0.670034 0.670228 0.664854 0.165307 0.168609 0.168609 0.166472 0.169062 0.171976 
12.750021 0.665695 0.665631 0.663235 0.167573 0.169969 0.165501 0.163105 0.162005 0.169775 
12.770735 0.668415 0.667314 0.665048 0.156501 0.163494 0.174631 0.164012 0.166084 0.166084 
12.791451 0.671329 0.671264 0.672300 0.165760 0.168480 0.169257 0.164336 0.172429 0.167573 
12.812166 0.653846 0.660969 0.675343 0.167379 0.165048 0.161228 0.161681 0.170293 0.167832 
12.832880 0.658767 0.673465 0.672688 0.167573 0.165501 0.164918 0.159738 0.170034 0.166731 
12.853595 0.678322 0.668868 0.660969 0.170422 0.162264 0.171782 0.163688 0.169321 0.165954 
12.874310 0.666796 0.661875 0.668091 0.161875 0.167444 0.165436 0.157990 0.166019 0.173595 
12.895025 0.660839 0.666213 0.671847 0.165048 0.166667 0.169645 0.166602 0.171199 0.166472 
12.915740 0.671523 0.654558 0.645752 0.166731 0.166213 0.168221 0.168803 0.161163 0.166667 
12.936455 0.661292 0.671976 0.672106 0.162911 0.177221 0.165825 0.168350 0.163688 0.164012 
12.957170 0.664595 0.663818 0.679228 0.158897 0.164530 0.167314 0.169386 0.167444 0.169451 
12.977885 0.680458 0.667379 0.665048 0.170746 0.168868 0.168350 0.168026 0.168480 0.162717 
12.998600 0.674307 0.669580 0.668285 0.163688 0.174760 0.169257 0.165695 0.166408 0.172170 
13.019314 0.669516 0.670228 0.656889 0.170875 0.168350 0.168350 0.164465 0.166408 0.167379 
13.040029 0.659026 0.671911 0.657213 0.170940 0.166926 0.171070 0.171393 0.165242 0.165695 
13.060744 0.671134 0.671005 0.665177 0.170422 0.170422 0.162069 0.163882 0.169257 0.168609 
13.081459 0.672235 0.670034 0.662911 0.164595 0.163882 0.166537 0.163041 0.164141 0.173142 
13.102174 0.651839 0.672818 0.674825 0.161357 0.167379 0.155206 0.169775 0.165436 0.172559 
13.122889 0.662523 0.673660 0.658249 0.164206 0.166731 0.170228 0.167120 0.162005 0.165436 
13.143604 0.674955 0.662134 0.665307 0.165890 0.164918 0.171393 0.167314 0.166472 0.168026 
13.164319 0.670487 0.668739 0.662393 0.164659 0.164077 0.167897 0.164789 0.168739 0.167185 
13.185033 0.669062 0.663105 0.666990 0.171717 0.166149 0.168739 0.167962 0.167249 0.173854 
13.205748 0.656307 0.654623 0.665307 0.170940 0.170163 0.168933 0.170940 0.167508 0.161551 
13.226463 0.673919 0.658767 0.658314 0.168480 0.163623 0.164789 0.167379 0.169904 0.167897 
13.247179 0.671847 0.665372 0.670552 0.166861 0.162005 0.165307 0.166926 0.166213 0.169775 
13.267893 0.671652 0.677480 0.668026 0.166278 0.165372 0.164595 0.164530 0.168415 0.171264 
13.288608 0.669775 0.664918 0.661033 0.163688 0.168285 0.163818 0.168868 0.167249 0.172883 
13.309323 0.675149 0.667508 0.652163 0.168285 0.163300 0.167962 0.162782 0.168480 0.170875 
13.330038 0.667508 0.669580 0.669192 0.164336 0.164465 0.171134 0.164530 0.162976 0.166213 
13.350752 0.667573 0.654882 0.670163 0.166926 0.163753 0.166990 0.169386 0.169451 0.168221 
13.371468 0.651645 0.681171 0.662458 0.164789 0.172170 0.161163 0.161228 0.161357 0.166149 
13.392183 0.660062 0.666213 0.672688 0.164854 0.166472 0.175278 0.167508 0.171264 0.164659 
13.412898 0.663041 0.671393 0.674372 0.165372 0.169192 0.161098 0.167120 0.165954 0.172170 
13.433612 0.669257 0.661810 0.654817 0.167444 0.165890 0.169775 0.169062 0.166408 0.169710 
13.454327 0.667120 0.659738 0.660839 0.159803 0.159674 0.169062 0.161616 0.171782 0.168415 
13.475042 0.669386 0.651839 0.676962 0.164659 0.163429 0.168350 0.168998 0.167120 0.165825 
13.495757 0.659933 0.659091 0.659997 0.161810 0.165048 0.166537 0.161357 0.168868 0.164789 
13.516472 0.668544 0.664336 0.667185 0.166278 0.169710 0.169969 0.168415 0.163559 0.160062 
13.537187 0.662976 0.656436 0.670163 0.166213 0.166861 0.168868 0.172429 0.167185 0.165113 
13.557902 0.666278 0.671523 0.675214 0.171523 0.166537 0.167573 0.168221 0.171070 0.169451 
13.578617 0.660321 0.664724 0.675214 0.166861 0.169257 0.164400 0.162782 0.163818 0.165890 
13.599331 0.664724 0.662911 0.659997 0.168221 0.165695 0.167055 0.165307 0.170616 0.166278 
13.620046 0.667508 0.677998 0.656048 0.167638 0.162069 0.162523 0.164530 0.170552 0.170940 
13.640761 0.675861 0.658573 0.668739 0.166278 0.174048 0.168933 0.168350 0.169257 0.161940 
13.661477 0.662652 0.673271 0.655918 0.164918 0.174437 0.167767 0.161098 0.165113 0.167379 
13.682191 0.668868 0.667249 0.667055 0.168544 0.164724 0.159026 0.166278 0.168674 0.161940 
13.702906 0.677350 0.677609 0.660645 0.168480 0.170293 0.168609 0.164595 0.168285 0.169321 
13.723621 0.669580 0.663041 0.666149 0.172494 0.167767 0.166149 0.161875 0.169580 0.171782 
13.744336 0.677674 0.658961 0.681041 0.172947 0.167055 0.169969 0.163170 0.169580 0.167897 
13.765050 0.665695 0.672494 0.664983 0.161940 0.165242 0.170098 0.167767 0.162911 0.169645 
13.785766 0.683631 0.680458 0.675343 0.165631 0.166019 0.168998 0.162587 0.166472 0.162523 
13.806481 0.659285 0.657861 0.660127 0.173142 0.166472 0.173724 0.166990 0.170034 0.172494 
13.827196 0.666084 0.663300 0.677933 0.171717 0.170098 0.171976 0.164141 0.168739 0.168480 
13.847910 0.675861 0.667055 0.661875 0.167508 0.164012 0.177674 0.167314 0.164012 0.158832 
13.868625 0.656566 0.659220 0.660710 0.170422 0.160969 0.168091 0.160256 0.168415 0.164077 
13.889340 0.667120 0.667962 0.664141 0.167314 0.165566 0.170163 0.163623 0.174242 0.163623 
13.910055 0.676055 0.656371 0.667962 0.168544 0.161487 0.174048 0.155530 0.169645 0.166408 
13.930770 0.669645 0.660515 0.660451 0.172883 0.166926 0.173336 0.163429 0.170163 0.164659 
13.951485 0.666084 0.670163 0.659609 0.171199 0.170552 0.166408 0.165631 0.167508 0.160256 
13.972200 0.673983 0.666019 0.672559 0.168544 0.164724 0.171652 0.162846 0.172559 0.168998 
13.992915 0.657148 0.664983 0.661551 0.169516 0.166537 0.165631 0.168739 0.161163 0.165242 
14.013629 0.651191 0.663559 0.670098 0.169839 0.169192 0.165436 0.158314 0.169580 0.159609 
14.034344 0.673271 0.666861 0.673919 0.172106 0.166213 0.168544 0.168868 0.173401 0.156695 
14.055059 0.661292 0.665372 0.666213 0.164336 0.162523 0.171652 0.166213 0.171652 0.167832 
14.075774 0.659350 0.666537 0.656048 0.167962 0.162005 0.165113 0.166213 0.165177 0.163041 
14.096489 0.669645 0.653199 0.667508 0.166408 0.166278 0.172106 0.161163 0.162846 0.160904 
14.117204 0.661357 0.672688 0.669192 0.165307 0.158638 0.171264 0.173660 0.168933 0.168609 
14.137919 0.672559 0.670357 0.673530 0.162717 0.166278 0.166278 0.165113 0.168415 0.163753 
14.158634 0.672559 0.678710 0.668415 0.169257 0.161746 0.170552 0.165048 0.167314 0.169710 
14.179348 0.660515 0.678969 0.666861 0.162846 0.165566 0.162134 0.164336 0.164854 0.165242 
14.200063 0.664530 0.662458 0.667314 0.172494 0.161487 0.168933 0.165436 0.170422 0.168480 
14.220778 0.675602 0.660256 0.665695 0.165566 0.166472 0.168998 0.162652 0.167185 0.163300 
14.241494 0.676703 0.673077 0.675019 0.170098 0.169516 0.168674 0.163882 0.169257 0.170940 
14.262208 0.651774 0.664595 0.658897 0.169127 0.161098 0.178257 0.162976 0.169451 0.158702 
14.282923 0.672235 0.658508 0.666213 0.172494 0.169904 0.173401 0.163688 0.168739 0.169127 
14.303638 0.672041 0.660904 0.675214 0.169321 0.162134 0.167120 0.171976 0.169321 0.166019 
14.324353 0.667120 0.653393 0.666408 0.164918 0.161487 0.169192 0.161940 0.168350 0.165954 
14.345068 0.670552 0.659933 0.661810 0.161940 0.159415 0.167314 0.167767 0.166408 0.169127 
14.365783 0.655530 0.660062 0.655271 0.166731 0.168480 0.164854 0.166019 0.164724 0.161681 
14.386498 0.678257 0.671329 0.670875 0.165436 0.165631 0.171005 0.167314 0.173983 0.168415 
14.407213 0.660256 0.671911 0.662005 0.172559 0.172235 0.167962 0.162393 0.165242 0.163429 
14.427927 0.665695 0.663364 0.666602 0.165307 0.164012 0.171393 0.166472 0.169645 0.168221 
14.448642 0.657731 0.672818 0.662264 0.169969 0.161487 0.167508 0.169257 0.166278 0.168803 
14.469357 0.670616 0.663105 0.669645 0.167832 0.161875 0.170616 0.167379 0.159415 0.169127 
14.490072 0.660904 0.677868 0.665501 0.168868 0.164465 0.170487 0.168091 0.168221 0.164724 
14.510787 0.669192 0.668998 0.662976 0.162652 0.163494 0.168544 0.172688 0.162005 0.161422 
14.531502 0.659091 0.680523 0.676638 0.172041 0.162782 0.170098 0.172429 0.169257 0.169516 
14.552217 0.659350 0.665048 0.669127 0.165436 0.165113 0.168544 0.164336 0.164141 0.170616 
14.572932 0.658120 0.663882 0.658443 0.166343 0.174631 0.166472 0.162199 0.162328 0.162393 
14.593647 0.680458 0.660192 0.661746 0.168285 0.164659 0.170098 0.170552 0.168350 0.167703 
14.614361 0.665501 0.667703 0.675926 0.169775 0.165890 0.167055 0.171005 0.163494 0.166149 
14.635077 0.674178 0.658055 0.658120 0.169904 0.165307 0.172688 0.170098 0.162587 0.167573 
14.655792 0.665048 0.680394 0.668609 0.163688 0.164530 0.165372 0.172365 0.168739 0.168415 
14.676507 0.674696 0.673271 0.670357 0.173854 0.158573 0.165825 0.175991 0.168156 0.165566 
14.697221 0.663235 0.670552 0.665825 0.163559 0.163818 0.169645 0.168091 0.166602 0.171393 
14.717936 0.656307 0.661033 0.666667 0.166602 0.161551 0.169127 0.163300 0.165113 0.165307 
14.738651 0.664465 0.651774 0.665242 0.162069 0.161940 0.169062 0.173206 0.164206 0.168480 
14.759366 0.654947 0.663494 0.659609 0.165307 0.165436 0.172041 0.167249 0.168803 0.166796 
14.780081 0.659091 0.679940 0.674825 0.166019 0.164465 0.167444 0.166343 0.168091 0.169516 
14.800796 0.680264 0.667897 0.673724 0.172235 0.167767 0.164465 0.173142 0.163559 0.167703 
14.821511 0.659803 0.663105 0.663882 0.167703 0.169775 0.165307 0.170098 0.166990 0.166537 
14.842226 0.664983 0.681041 0.667703 0.166602 0.170875 0.171911 0.170034 0.167832 0.162846 
14.862940 0.666731 0.683696 0.657407 0.170098 0.163235 0.169516 0.168998 0.166408 0.160127 
14.883655 0.676185 0.674825 0.660386 0.166990 0.156695 0.170552 0.176379 0.163688 0.159091 
14.904370 0.673336 0.659415 0.668350 0.169127 0.161746 0.169710 0.166343 0.161681 0.162846 
14.925085 0.653652 0.664012 0.659415 0.166667 0.162717 0.175408 0.168868 0.170422 0.164206 
14.945800 0.657343 0.672300 0.676444 0.164595 0.165372 0.168285 0.173012 0.171070 0.164659 
14.966515 0.671717 0.663041 0.667249 0.167120 0.164724 0.163429 0.168091 0.168609 0.160774 
14.987230 0.657796 0.667444 0.668803 0.164724 0.169839 0.173919 0.166796 0.167379 0.162523 
15.007945 0.664789 0.665890 0.657861 0.166343 0.161810 0.168350 0.158120 0.166537 0.166537 
15.028659 0.667703 0.663818 0.673983 0.168221 0.162782 0.164465 0.170098 0.169775 0.167897 
15.049374 0.660774 0.664595 0.658961 0.160645 0.167249 0.168221 0.173789 0.163753 0.164789 
15.070089 0.655983 0.661875 0.678063 0.163947 0.163235 0.175732 0.164530 0.173724 0.162393 
15.090805 0.665501 0.668156 0.664918 0.159026 0.156501 0.168933 0.165954 0.161551 0.165890 
15.111519 0.664206 0.662199 0.655659 0.164012 0.161681 0.171782 0.168221 0.170746 0.168868 
15.132234 0.664789 0.662328 0.660904 0.168739 0.168091 0.167573 0.163364 0.169062 0.161940 
15.152949 0.667379 0.658055 0.670681 0.173206 0.168609 0.169451 0.170357 0.171458 0.164854 
15.173664 0.671458 0.657731 0.669516 0.165048 0.162782 0.165177 0.158573 0.166990 0.170098 
15.194379 0.669969 0.672365 0.662652 0.167767 0.169969 0.168998 0.158832 0.165307 0.166602 
15.215094 0.664789 0.677804 0.669645 0.175473 0.160515 0.166343 0.165695 0.166926 0.166019 
15.235809 0.671847 0.672688 0.660839 0.162911 0.166084 0.167314 0.162911 0.168415 0.168285 
15.256524 0.680199 0.666667 0.665436 0.166926 0.168544 0.169580 0.154558 0.171458 0.166278 
15.277238 0.675214 0.665113 0.664271 0.169904 0.163753 0.170940 0.161746 0.168350 0.166602 
15.297953 0.660839 0.665954 0.664336 0.163882 0.169839 0.170098 0.165242 0.166472 0.167767 
15.318668 0.672300 0.653911 0.660192 0.166408 0.164724 0.168091 0.169062 0.167767 0.164789 
15.339383 0.688617 0.678063 0.669192 0.163559 0.163947 0.163041 0.163753 0.171393 0.168285 
15.360098 0.670746 0.670552 0.673919 0.174178 0.169580 0.172494 0.163235 0.171523 0.166472 
15.380813 0.663818 0.665631 0.674113 0.160451 0.171588 0.164530 0.172300 0.165566 0.172365 
15.401528 0.662134 0.669580 0.659285 0.164789 0.168480 0.169386 0.169386 0.166084 0.170940 
15.422243 0.663364 0.667832 0.675343 0.161422 0.167638 0.171588 0.166731 0.171005 0.166084 
15.442957 0.666343 0.675926 0.650350 0.171134 0.165566 0.174890 0.171588 0.165436 0.168091 
15.463672 0.668156 0.656371 0.671070 0.167832 0.163105 0.168415 0.170681 0.165372 0.168609 
15.484387 0.682595 0.642256 0.672170 0.166990 0.166408 0.173271 0.172106 0.167185 0.171717 
15.505103 0.681106 0.665566 0.658638 0.165695 0.165113 0.170746 0.164983 0.166343 0.173401 
15.525817 0.672235 0.657666 0.666667 0.165307 0.163170 0.170940 0.170552 0.157278 0.165695 
15.546532 0.658184 0.653263 0.662134 0.164789 0.162976 0.174307 0.161746 0.171588 0.165501 
15.567247 0.672688 0.681235 0.653458 0.170228 0.171717 0.166019 0.164012 0.172106 0.167832 
15.587962 0.661681 0.670163 0.661033 0.168156 0.170746 0.163818 0.166602 0.168221 0.163688 
15.608676 0.653976 0.659674 0.666019 0.166213 0.164983 0.171134 0.162976 0.167767 0.164400 
15.629392 0.660580 0.660127 0.668091 0.165307 0.170228 0.173271 0.163429 0.160969 0.160904 
15.650107 0.675149 0.666213 0.672300 0.168998 0.165825 0.170681 0.167767 0.167703 0.171976 
15.670822 0.655789 0.661940 0.662976 0.163105 0.161228 0.174825 0.174955 0.171005 0.170616 
15.691536 0.660774 0.670746 0.674242 0.168285 0.162587 0.167314 0.159544 0.177350 0.159479 
15.712251 0.674242 0.661487 0.668674 0.164400 0.165177 0.163818 0.165890 0.171847 0.169062 
15.732966 0.655724 0.662199 0.656307 0.165436 0.167638 0.165631 0.166537 0.169257 0.160192 
15.753681 0.661810 0.661228 0.678840 0.162264 0.170811 0.169710 0.163235 0.170875 0.163753 
15.774396 0.672235 0.672300 0.670293 0.156112 0.169580 0.168739 0.159544 0.164659 0.160515 
15.795111 0.653846 0.683566 0.671652 0.169516 0.164465 0.167185 0.171911 0.166213 0.165501 
15.815826 0.661875 0.669969 0.670552 0.165501 0.166667 0.169969 0.175796 0.164854 0.163559 
15.836541 0.668156 0.666602 0.661357 0.164400 0.164465 0.174825 0.172365 0.164918 0.159350 
15.857255 0.665890 0.664206 0.668026 0.165501 0.163041 0.166278 0.167444 0.165760 0.167185 
15.877970 0.668739 0.677091 0.668544 0.165890 0.164077 0.167120 0.168350 0.165825 0.158443 
15.898685 0.665372 0.656695 0.672753 0.167832 0.165436 0.167638 0.166731 0.160839 0.160127 
15.919400 0.670940 0.676897 0.664789 0.167573 0.165631 0.166667 0.161098 0.167703 0.170487 
15.940115 0.669516 0.680588 0.662069 0.164789 0.166926 0.168221 0.166731 0.165890 0.169127 
15.960830 0.670875 0.659415 0.658249 0.159220 0.160515 0.172947 0.164724 0.164336 0.167249 
15.981545 0.662393 0.679487 0.665242 0.165372 0.167573 0.167314 0.167508 0.162199 0.158832 
16.002260 0.677609 0.671911 0.648407 0.168221 0.165501 0.171782 0.165436 0.165436 0.167767 
16.022975 0.654947 0.667444 0.663494 0.170875 0.160321 0.158702 0.175019 0.166602 0.158897 
16.043690 0.676055 0.667055 0.681559 0.167638 0.166537 0.168026 0.165242 0.161228 0.163235 
16.064404 0.654688 0.681818 0.675926 0.165954 0.169645 0.165890 0.165631 0.167573 0.164400 
16.085119 0.673983 0.659803 0.671329 0.162976 0.166861 0.176120 0.164595 0.167508 0.166926 
16.105834 0.669969 0.658702 0.660969 0.171652 0.158120 0.166278 0.169321 0.169451 0.159997 
16.126550 0.660451 0.658767 0.662782 0.165436 0.168026 0.170552 0.169904 0.171523 0.169580 
16.147264 0.672883 0.664077 0.667055 0.166472 0.166861 0.172429 0.170098 0.174890 0.166213 
16.167979 0.664595 0.668350 0.678063 0.168415 0.168221 0.168221 0.168739 0.159609 0.169451 
16.188694 0.662328 0.683372 0.674566 0.166990 0.166731 0.164400 0.168221 0.169645 0.176120 
16.209409 0.661810 0.661228 0.668868 0.164530 0.171393 0.167055 0.167444 0.170098 0.164141 
16.230124 0.662393 0.674113 0.667767 0.166731 0.167249 0.170228 0.167508 0.169839 0.171264 
16.250838 0.668739 0.670875 0.660710 0.159997 0.170228 0.160192 0.171911 0.165307 0.161810 
16.271554 0.679099 0.664789 0.672624 0.167897 0.166472 0.168285 0.170228 0.167962 0.163818 
16.292269 0.669192 0.654947 0.674242 0.166731 0.158120 0.168998 0.172170 0.162458 0.163300 
16.312984 0.658249 0.645364 0.680199 0.162717 0.169321 0.163105 0.166149 0.172235 0.170293 
16.333698 0.674048 0.672559 0.669775 0.167379 0.171264 0.163494 0.161940 0.170422 0.167379 
16.354413 0.689847 0.661033 0.657019 0.168674 0.174242 0.162134 0.169127 0.161616 0.163041 
16.375128 0.678904 0.662976 0.655594 0.163753 0.166796 0.171070 0.166796 0.164659 0.166343 
16.395843 0.667638 0.657666 0.668933 0.163753 0.175537 0.174178 0.167897 0.168221 0.160645 
16.416558 0.664918 0.661746 0.667314 0.164530 0.170098 0.165566 0.163753 0.170163 0.166019 
16.437273 0.665372 0.665307 0.677739 0.163753 0.174178 0.162005 0.169645 0.163818 0.166408 
16.457988 0.657990 0.677609 0.670811 0.162134 0.175537 0.166796 0.166861 0.161875 0.163170 
16.478703 0.669257 0.664271 0.665177 0.163041 0.173012 0.173271 0.174501 0.165825 0.167249 
16.499417 0.656825 0.661098 0.663364 0.164206 0.163105 0.169645 0.163947 0.166861 0.162911 
16.520132 0.661487 0.669127 0.662005 0.162717 0.169192 0.168350 0.165177 0.160580 0.162846 
16.540847 0.659156 0.674501 0.664789 0.162134 0.168609 0.170940 0.165695 0.165890 0.163688 
16.561563 0.662523 0.660321 0.659285 0.168609 0.164724 0.174178 0.164465 0.169710 0.165695 
16.582277 0.658249 0.660839 0.667508 0.169904 0.166537 0.165631 0.162069 0.167508 0.167314 
16.602992 0.654235 0.656760 0.665501 0.161875 0.168803 0.168156 0.158184 0.169192 0.164854 
16.623707 0.674307 0.666537 0.658055 0.165954 0.161163 0.172300 0.162264 0.171199 0.166472 
16.644422 0.653781 0.660839 0.666602 0.168739 0.170098 0.165760 0.167638 0.164141 0.174566 
16.665136 0.656048 0.651968 0.665307 0.174825 0.161875 0.164400 0.165825 0.170552 0.168674 
16.685851 0.664271 0.667379 0.665307 0.173271 0.166731 0.162134 0.169321 0.166926 0.169127 
16.706567 0.675473 0.676768 0.666213 0.158832 0.170422 0.163105 0.168609 0.162393 0.167249 
16.727282 0.669516 0.664206 0.662652 0.168998 0.167185 0.167314 0.165825 0.168868 0.172235 
16.747996 0.678969 0.659091 0.674955 0.168803 0.159415 0.171199 0.170357 0.169257 0.165890 
16.768711 0.661810 0.660904 0.673206 0.170875 0.165695 0.161875 0.162782 0.164854 0.165113 
16.789426 0.678516 0.666796 0.650738 0.163105 0.173983 0.155983 0.171588 0.168285 0.163105 
16.810141 0.660062 0.666926 0.662782 0.173530 0.171782 0.161551 0.172041 0.168480 0.161875 
16.830855 0.667444 0.669516 0.671199 0.163947 0.164595 0.167444 0.171070 0.162134 0.168285 
16.851571 0.660256 0.688293 0.664983 0.161810 0.167314 0.163559 0.169192 0.162652 0.168350 
16.872286 0.677739 0.669904 0.660904 0.173206 0.163300 0.163364 0.167767 0.165177 0.168803 
16.893001 0.680653 0.675667 0.673271 0.166796 0.159609 0.160774 0.167573 0.170487 0.167055 
16.913715 0.662264 0.677998 0.665242 0.159156 0.167185 0.169580 0.166084 0.162717 0.166343 
16.934430 0.668350 0.672300 0.673401 0.171976 0.164659 0.169451 0.169645 0.168609 0.170487 
16.955145 0.661228 0.675149 0.666213 0.167767 0.171782 0.170552 0.166602 0.168026 0.169062 
16.975860 0.664465 0.673271 0.666861 0.168285 0.172429 0.165372 0.163559 0.164271 0.163494 
16.996575 0.655335 0.655724 0.664465 0.166472 0.172688 0.167379 0.168480 0.162069 0.168156 
17.017290 0.667897 0.673660 0.663105 0.169192 0.165566 0.166343 0.169839 0.166084 0.171329 
17.038005 0.679876 0.677804 0.672753 0.163364 0.168544 0.165631 0.164983 0.158379 0.178645 
17.058720 0.667379 0.675084 0.670163 0.165631 0.171847 0.166602 0.168091 0.163041 0.168933 
17.079434 0.666861 0.655530 0.669192 0.164400 0.172365 0.169516 0.163170 0.161098 0.166213 
17.100149 0.659738 0.676055 0.672170 0.171005 0.172041 0.159674 0.165890 0.162846 0.166149 
17.120864 0.661875 0.673595 0.662846 0.165695 0.165760 0.160062 0.168674 0.166213 0.164465 
17.141580 0.667185 0.665501 0.668350 0.170940 0.167767 0.159479 0.165825 0.166796 0.167703 
17.162294 0.682012 0.667767 0.665242 0.163105 0.165566 0.170034 0.165825 0.166343 0.169580 
17.183009 0.671329 0.661033 0.660192 0.170811 0.167379 0.162782 0.169062 0.161940 0.166990 
17.203724 0.661551 0.660451 0.685120 0.167767 0.165372 0.165695 0.170940 0.164983 0.162976 
17.224439 0.658897 0.663105 0.656048 0.167962 0.167185 0.171458 0.168868 0.166213 0.164400 
17.245154 0.665048 0.665890 0.669516 0.162782 0.165760 0.172041 0.170228 0.172624 0.164206 
17.265869 0.664595 0.660192 0.664983 0.163170 0.163105 0.163623 0.174372 0.167703 0.170811 
17.286584 0.662782 0.657407 0.664854 0.163235 0.163300 0.166343 0.164854 0.160192 0.162069 
17.307299 0.669516 0.662328 0.661422 0.165890 0.172041 0.168998 0.169839 0.163105 0.171199 
17.328013 0.666861 0.658897 0.676185 0.167249 0.165048 0.168285 0.164659 0.167638 0.164724 
17.348728 0.662264 0.658897 0.672753 0.164400 0.167185 0.173012 0.168803 0.167703 0.167703 
17.369443 0.663235 0.664012 0.659868 0.166472 0.168739 0.163364 0.165825 0.165048 0.166149 
17.390159 0.654558 0.661357 0.662846 0.164141 0.169710 0.166149 0.164271 0.167185 0.162652 
17.410873 0.666602 0.665372 0.661292 0.164918 0.172883 0.161551 0.166602 0.167185 0.166343 
17.431588 0.651968 0.666731 0.672947 0.162069 0.163105 0.166926 0.167767 0.169516 0.167055 
17.452303 0.667573 0.658120 0.661357 0.170811 0.168350 0.168415 0.165048 0.163688 0.169645 
17.473018 0.666149 0.680912 0.662652 0.168026 0.166861 0.162458 0.165890 0.165307 0.164595 
17.493732 0.664854 0.673724 0.661098 0.169451 0.166861 0.167508 0.165825 0.165372 0.168544 
17.514447 0.659415 0.658443 0.654753 0.162458 0.169904 0.167767 0.164724 0.166990 0.164983 
17.535163 0.661616 0.666472 0.674242 0.163429 0.171911 0.173142 0.164465 0.162393 0.163300 
17.555878 0.662782 0.668415 0.663559 0.163170 0.162264 0.164465 0.167767 0.162458 0.163559 
17.576592 0.672818 0.665436 0.679293 0.168933 0.164206 0.175602 0.172041 0.172235 0.176314 
17.597307 0.671847 0.661616 0.664595 0.161422 0.162069 0.167444 0.168350 0.167703 0.168674 
17.618022 0.654235 0.668350 0.664271 0.164400 0.160710 0.166408 0.163364 0.169645 0.168415 
17.638737 0.674372 0.672106 0.669386 0.165501 0.162911 0.165890 0.166796 0.165048 0.167573 
17.659451 0.679293 0.675796 0.651450 0.165242 0.171588 0.167767 0.168739 0.166537 0.175991 
17.680167 0.667897 0.666602 0.647760 0.166667 0.162328 0.164465 0.164077 0.168415 0.168026 
17.700882 0.672753 0.669257 0.665372 0.166537 0.174242 0.161228 0.162976 0.170552 0.163623 
17.721597 0.667638 0.662976 0.670681 0.163494 0.170746 0.165954 0.167185 0.170487 0.167249 
17.742311 0.666990 0.667379 0.665825 0.159803 0.168480 0.164983 0.173336 0.166278 0.170746 
17.763026 0.678322 0.665890 0.667249 0.169451 0.161292 0.162846 0.170616 0.165372 0.165954 
17.783741 0.674955 0.668868 0.657731 0.166408 0.164336 0.162458 0.171070 0.170034 0.177480 
17.804456 0.673012 0.674178 0.669386 0.164465 0.166731 0.166019 0.167508 0.170616 0.171134 
17.825171 0.676962 0.660839 0.669645 0.165242 0.172365 0.161681 0.168544 0.163818 0.164659 
17.845886 0.673595 0.686869 0.666602 0.167508 0.162782 0.165954 0.169062 0.168480 0.177286 
17.866601 0.675732 0.670228 0.676250 0.169321 0.163882 0.167962 0.170163 0.164854 0.170811 
17.887316 0.668609 0.676573 0.679487 0.169645 0.163882 0.160580 0.165436 0.170357 0.170552 
17.908031 0.666731 0.669451 0.666990 0.169904 0.161098 0.164141 0.166861 0.167703 0.164659 
17.928745 0.668091 0.668674 0.667120 0.163364 0.168480 0.161228 0.166990 0.164983 0.165631 
17.949460 0.657472 0.662911 0.676897 0.162264 0.163105 0.164530 0.170552 0.169904 0.167379 
17.970176 0.656954 0.653263 0.664918 0.169451 0.165890 0.160451 0.165695 0.164789 0.161422 
17.990891 0.677998 0.660321 0.658443 0.163753 0.169839 0.165307 0.162717 0.170811 0.176250 
18.011605 0.658961 0.659415 0.671652 0.170357 0.163818 0.168221 0.165242 0.178322 0.164983 
18.032320 0.660321 0.671264 0.672041 0.162846 0.168415 0.160710 0.167508 0.161228 0.170357 
18.053035 0.654170 0.656242 0.663688 0.164789 0.168156 0.167444 0.169257 0.162846 0.161422 
18.073750 0.649896 0.667832 0.662134 0.165307 0.163688 0.159091 0.163947 0.167185 0.175019 
18.094464 0.663041 0.660515 0.657990 0.160451 0.164206 0.163235 0.168156 0.167055 0.172753 
18.115180 0.668415 0.667962 0.664271 0.166796 0.159868 0.159415 0.172300 0.167638 0.172170 
18.135895 0.660580 0.661098 0.671264 0.163105 0.171070 0.164077 0.166731 0.167573 0.164012 
18.156610 0.662717 0.669645 0.678710 0.164141 0.167508 0.167055 0.175537 0.167444 0.160969 
18.177324 0.675667 0.668544 0.671393 0.165242 0.162846 0.163429 0.169710 0.168026 0.164854 
18.198039 0.660904 0.666602 0.676250 0.165372 0.169580 0.165566 0.162134 0.164465 0.167832 
18.218754 0.658249 0.655012 0.665307 0.172365 0.165307 0.161033 0.168998 0.168480 0.163559 
18.239469 0.658961 0.654947 0.653587 0.168221 0.172559 0.163623 0.167638 0.163947 0.167638 
18.260184 0.665566 0.665307 0.662458 0.168739 0.166602 0.162911 0.169257 0.169386 0.166019 
18.280899 0.673465 0.670681 0.673854 0.169321 0.167055 0.160839 0.171911 0.162587 0.170811 
18.301614 0.661616 0.663688 0.664918 0.158379 0.163300 0.168674 0.176379 0.170293 0.164206 
18.322329 0.665242 0.650155 0.659997 0.168350 0.170616 0.162587 0.168221 0.164659 0.165113 
18.343043 0.659674 0.665501 0.648278 0.163429 0.171393 0.171911 0.173271 0.172235 0.173206 
18.363758 0.651580 0.666602 0.652616 0.162782 0.167962 0.167444 0.171264 0.173789 0.163170 
18.384473 0.661098 0.670746 0.668156 0.166990 0.169386 0.166667 0.165631 0.163300 0.163170 
18.405189 0.664141 0.660710 0.667120 0.157343 0.169127 0.165436 0.171523 0.168221 0.161422 
18.425903 0.668221 0.671652 0.673465 0.164854 0.167444 0.171976 0.161163 0.171976 0.168609 
18.446618 0.673983 0.664336 0.668285 0.162328 0.170875 0.167120 0.176573 0.169710 0.166149 
18.467333 0.676638 0.665566 0.668609 0.169839 0.172429 0.169775 0.168933 0.157990 0.168415 
18.488048 0.654623 0.663041 0.672883 0.163235 0.173724 0.164077 0.168285 0.168156 0.159933 
18.508762 0.665566 0.662846 0.675278 0.160256 0.169839 0.168221 0.163494 0.161033 0.172818 
18.529477 0.680329 0.662069 0.665760 0.162005 0.172300 0.165177 0.167314 0.169321 0.176509 
18.550193 0.665825 0.680588 0.668350 0.168674 0.165307 0.167444 0.173724 0.166861 0.167573 
18.570908 0.654040 0.672235 0.683307 0.170293 0.164271 0.172106 0.171717 0.166926 0.167120 
18.591622 0.674048 0.673983 0.677545 0.165825 0.164789 0.163818 0.168091 0.163947 0.168868 
18.612337 0.677350 0.661228 0.669321 0.160710 0.171070 0.166278 0.165501 0.169192 0.167703 
18.633052 0.677545 0.666990 0.662846 0.162652 0.158961 0.164465 0.169516 0.174566 0.161810 
18.653767 0.672300 0.667055 0.658443 0.165631 0.169192 0.164400 0.163947 0.165501 0.165436 
18.674481 0.673465 0.667379 0.667055 0.168933 0.165631 0.164400 0.161033 0.171652 0.162264 
18.695197 0.675991 0.678840 0.669451 0.162911 0.167638 0.163105 0.163364 0.169839 0.163041 
18.715912 0.668026 0.680135 0.671393 0.168739 0.170034 0.161422 0.168739 0.164789 0.164983 
18.736627 0.662264 0.674242 0.670034 0.165307 0.168285 0.161810 0.166667 0.166537 0.162587 
18.757341 0.679163 0.671264 0.662976 0.167055 0.174696 0.164077 0.167055 0.167703 0.160192 
18.778056 0.665631 0.657990 0.655789 0.160451 0.176120 0.169969 0.165631 0.168026 0.170940 
18.798772 0.674437 0.662458 0.666213 0.162652 0.169127 0.168285 0.170681 0.164854 0.170811 
18.819487 0.652875 0.663300 0.680782 0.161487 0.164077 0.168480 0.160192 0.165566 0.170098 
18.840201 0.680588 0.655465 0.663041 0.164530 0.164854 0.162458 0.166149 0.168285 0.169451 
18.860916 0.656954 0.660710 0.670875 0.166278 0.166149 0.158897 0.162328 0.161940 0.170357 
18.881631 0.672559 0.668221 0.671070 0.164789 0.172235 0.164724 0.162458 0.163364 0.167703 
18.902346 0.665760 0.652357 0.665307 0.173789 0.170616 0.161033 0.170746 0.165695 0.174048 
18.923060 0.655012 0.673919 0.659285 0.168026 0.162264 0.168803 0.162199 0.169127 0.170293 
18.943776 0.661746 0.658638 0.660580 0.168933 0.165177 0.158573 0.158961 0.166084 0.169192 
18.964491 0.668221 0.671458 0.656112 0.164336 0.157666 0.164854 0.163429 0.168026 0.163818 
18.985206 0.667120 0.669580 0.670034 0.173271 0.168091 0.171264 0.169062 0.166796 0.174113 
19.005920 0.666019 0.665631 0.667767 0.165501 0.169710 0.168350 0.172170 0.163300 0.170811 
19.026635 0.671070 0.665954 0.657407 0.161163 0.168739 0.166861 0.166278 0.167379 0.166602 
19.047350 0.656242 0.675278 0.664271 0.164789 0.165566 0.158314 0.164271 0.167573 0.160645 
19.068065 0.663235 0.658443 0.664918 0.168868 0.164854 0.166019 0.162523 0.175732 0.171070 
19.088780 0.677998 0.663429 0.663818 0.162523 0.168480 0.167314 0.157407 0.164206 0.167314 
19.109495 0.660645 0.675926 0.663947 0.169451 0.165501 0.163882 0.166213 0.159091 0.168674 
19.130210 0.654105 0.659415 0.658702 0.166861 0.165825 0.161163 0.163235 0.169839 0.162976 
19.150925 0.656307 0.663170 0.666990 0.164789 0.161033 0.172753 0.169192 0.166084 0.170034 
19.171639 0.674048 0.660580 0.669969 0.160386 0.164659 0.163494 0.169127 0.171199 0.166019 
19.192354 0.671782 0.660321 0.671652 0.162134 0.161681 0.168026 0.163882 0.171070 0.162523 
19.213069 0.652098 0.664400 0.661422 0.166990 0.169321 0.155789 0.167055 0.165242 0.171458 
19.233785 0.669321 0.667120 0.668415 0.168415 0.170034 0.161098 0.167314 0.168998 0.162652 
19.254499 0.670357 0.667379 0.673271 0.164336 0.168480 0.171717 0.168739 0.169062 0.168480 
19.275214 0.667249 0.660580 0.662782 0.161357 0.172818 0.169580 0.161940 0.170875 0.166861 
19.295929 0.674372 0.672494 0.674178 0.173401 0.157472 0.165501 0.170034 0.167962 0.164983 
19.316644 0.657472 0.656501 0.667379 0.167897 0.170811 0.166278 0.175084 0.173595 0.169516 
19.337358 0.679228 0.674631 0.668285 0.166084 0.172106 0.164012 0.167314 0.167314 0.161940 
19.358073 0.676703 0.663041 0.669451 0.167897 0.167379 0.166149 0.171911 0.167444 0.171523 
19.378789 0.663818 0.667314 0.668933 0.169192 0.161033 0.165631 0.166602 0.164271 0.173789 
19.399504 0.670034 0.674048 0.663623 0.167703 0.165113 0.173271 0.168415 0.171329 0.169710 
19.420218 0.667444 0.667055 0.653781 0.162005 0.171717 0.171588 0.166343 0.168674 0.165760 
19.440933 0.671911 0.681430 0.666149 0.167962 0.165954 0.171070 0.171523 0.169451 0.170681 
19.461648 0.666602 0.677091 0.672559 0.166278 0.170811 0.164530 0.163364 0.167962 0.164789 
19.482363 0.676832 0.656436 0.672494 0.171070 0.168739 0.164918 0.169645 0.165695 0.165307 
19.503078 0.659868 0.662199 0.662587 0.166408 0.161163 0.165695 0.166990 0.167120 0.168674 
19.523793 0.659738 0.670681 0.671588 0.162134 0.172170 0.173919 0.169386 0.165307 0.168091 
19.544508 0.662652 0.664206 0.663818 0.173206 0.169969 0.166084 0.173465 0.168803 0.172170 
19.565223 0.667508 0.670098 0.666602 0.166408 0.166861 0.165760 0.170811 0.162134 0.162911 
19.585938 0.660192 0.664400 0.677286 0.166861 0.167444 0.166861 0.167444 0.163753 0.170875 
19.606652 0.668739 0.674955 0.659868 0.162523 0.166408 0.164141 0.169775 0.170422 0.168480 
19.627367 0.673983 0.662846 0.674501 0.164854 0.166796 0.167508 0.163623 0.168609 0.171005 
19.648082 0.666149 0.657019 0.656566 0.161487 0.169386 0.157861 0.167703 0.164206 0.166149 
19.668797 0.677027 0.660774 0.678645 0.162199 0.167703 0.167962 0.173206 0.159803 0.168221 
19.689512 0.679746 0.666084 0.664659 0.162199 0.162328 0.162652 0.169904 0.164854 0.166408 
19.710227 0.665501 0.663494 0.669321 0.163235 0.159738 0.167249 0.165631 0.162069 0.159674 
19.730942 0.662523 0.666213 0.657278 0.161033 0.165566 0.166213 0.170293 0.167703 0.164724 
19.751657 0.663559 0.664336 0.658897 0.164012 0.164854 0.166990 0.165113 0.159544 0.168609 
19.772371 0.659026 0.657278 0.660645 0.168609 0.160969 0.164012 0.166213 0.165631 0.163364 
19.793086 0.666926 0.664465 0.662782 0.166149 0.165113 0.164336 0.162005 0.161746 0.169451 
19.813802 0.662264 0.675861 0.655530 0.165307 0.167832 0.166019 0.172753 0.162523 0.171717 
19.834517 0.657148 0.663559 0.669257 0.165760 0.162523 0.167185 0.166213 0.163105 0.166213 
19.855231 0.660451 0.679422 0.656307 0.167314 0.162717 0.167897 0.166861 0.171329 0.170357 
19.875946 0.658897 0.680976 0.679099 0.163688 0.165177 0.166472 0.162782 0.174113 0.168609 
19.896661 0.668285 0.668415 0.665890 0.161422 0.165372 0.167120 0.170616 0.168998 0.173595 
19.917376 0.658055 0.660321 0.669127 0.164336 0.171005 0.166213 0.169062 0.163494 0.161875 
19.938090 0.657537 0.674566 0.666408 0.166278 0.167703 0.164336 0.167314 0.165113 0.171005 
19.958806 0.679422 0.662328 0.664400 0.166731 0.165113 0.163235 0.165890 0.163753 0.167508 
19.979521 0.672559 0.675084 0.665307 0.165695 0.166926 0.161487 0.171005 0.162717 0.168803 
20.000236 0.662458 0.657602 0.654947 0.170163 0.167832 0.164789 0.170357 0.161163 0.164206 
20.020950 0.656825 0.678063 0.675149 0.165631 0.165631 0.167444 0.164530 0.164789 0.166861 
20.041665 0.678710 0.680329 0.660515 0.159997 0.168609 0.162523 0.178322 0.159544 0.175796 
20.062380 0.655400 0.671911 0.666861 0.168480 0.164336 0.168026 0.171523 0.169775 0.167249 
20.083095 0.666019 0.673271 0.660127 0.166408 0.167832 0.169580 0.169969 0.161422 0.171458 
20.103810 0.651839 0.663753 0.671717 0.173530 0.172235 0.168803 0.168803 0.171199 0.164983 
20.124525 0.667444 0.678192 0.661875 0.163753 0.175667 0.165501 0.170163 0.164271 0.168285 
20.145240 0.655141 0.667962 0.663623 0.165566 0.168156 0.167832 0.173530 0.170940 0.173142 
20.165955 0.665113 0.664077 0.665954 0.171976 0.166084 0.171911 0.165631 0.172170 0.171911 
20.186669 0.652681 0.653587 0.669062 0.170357 0.163041 0.167897 0.165631 0.163235 0.167379 
20.207384 0.663947 0.664336 0.677739 0.170228 0.173206 0.168674 0.167832 0.162523 0.171782 
20.228099 0.674372 0.669839 0.681171 0.170163 0.173271 0.169127 0.163559 0.169969 0.165113 
20.248815 0.673983 0.661228 0.666990 0.166990 0.171005 0.162717 0.168544 0.174890 0.166019 
20.269529 0.665566 0.654105 0.665825 0.166861 0.174890 0.167573 0.166990 0.168415 0.168609 
20.290244 0.666990 0.674501 0.662523 0.167444 0.170746 0.168609 0.172106 0.166796 0.159544 
20.310959 0.669969 0.654558 0.668739 0.169386 0.175019 0.169645 0.169451 0.157537 0.169257 
20.331674 0.665113 0.666926 0.674242 0.169127 0.167314 0.158573 0.166472 0.166084 0.172947 
20.352388 0.663623 0.671329 0.674307 0.158573 0.167832 0.169127 0.171005 0.167444 0.173854 
20.373103 0.676250 0.659803 0.657796 0.171717 0.166149 0.170875 0.172235 0.166537 0.172365 
20.393819 0.686156 0.670552 0.675732 0.169839 0.163494 0.165501 0.174825 0.165048 0.168739 
20.414534 0.673854 0.654105 0.661098 0.166861 0.165825 0.166472 0.169580 0.173401 0.161228 
20.435248 0.667444 0.656954 0.660969 0.166278 0.165242 0.166084 0.166990 0.171458 0.168998 
20.455963 0.660580 0.675602 0.645493 0.170811 0.169386 0.169775 0.172041 0.163105 0.174242 
20.476678 0.651191 0.651774 0.661487 0.166472 0.161616 0.166602 0.168156 0.164077 0.165242 
20.497394 0.668091 0.662264 0.661681 0.166408 0.173271 0.166731 0.175602 0.167638 0.164206 
20.518108 0.658573 0.664918 0.667638 0.166213 0.163947 0.174501 0.170681 0.164465 0.166278 
20.538823 0.653846 0.661292 0.660451 0.166602 0.166667 0.164724 0.172429 0.169257 0.161487 
20.559538 0.659868 0.661487 0.657537 0.163041 0.168544 0.160062 0.166731 0.163559 0.166084 
20.580253 0.657019 0.670163 0.665695 0.166667 0.169127 0.171329 0.165760 0.161163 0.163882 
20.600967 0.677480 0.672818 0.666213 0.170098 0.167055 0.168674 0.169580 0.164400 0.164465 
20.621682 0.664595 0.660451 0.654882 0.166537 0.159544 0.163105 0.170034 0.165307 0.162264 
20.642398 0.659415 0.677545 0.674696 0.172235 0.168933 0.170875 0.170228 0.173012 0.166796 
20.663113 0.657472 0.657925 0.661746 0.166926 0.160515 0.165631 0.166408 0.164400 0.162458 
20.683827 0.666926 0.674048 0.668091 0.165566 0.167638 0.166408 0.169257 0.168415 0.166343 
20.704542 0.657278 0.666537 0.678581 0.168285 0.162393 0.166343 0.172624 0.170293 0.163882 
