# concentrations: 0.666667 0.166667 0.166667
0.010357 0.000000 0.000000 0.000000 0.000000 0.000000 0.000000 0.000000 0.000000 0.000000 
0.031072 0.000000 0.000000 0.000000 0.000000 0.000000 0.000000 0.000000 0.000000 0.000000 
0.051787 0.000000 0.000000 0.000000 0.000000 0.000000 0.000000 0.000000 0.000000 0.000000 
0.072502 0.000000 0.000000 0.000000 0.000000 0.000000 0.000000 0.000000 0.000000 0.000000 
0.093217 0.000000 0.000000 0.000000 0.000000 0.000000 0.000000 0.000000 0.000000 0.000000 
0.113932 0.000000 0.000000 0.000000 0.000000 0.000000 0.000000 0.000000 0.000000 0.000000 
0.134647 0.000000 0.000000 0.000000 0.000000 0.000000 0.000000 0.000000 0.000000 0.000000 
0.155362 0.000000 0.000000 0.000000 0.000000 0.000000 0.000000 0.000000 0.000000 0.000000 
0.176077 0.000000 0.000000 0.000000 0.000000 0.000000 0.000000 0.000000 0.000000 0.000000 
0.196792 0.000000 0.000000 0.000000 0.000000 0.000000 0.000000 0.000000 0.000000 0.000000 
0.217506 0.000000 0.000000 0.000000 0.000000 0.000000 0.000000 0.000000 0.000000 0.000000 
0.238221 0.000000 0.000000 0.000000 0.000000 0.000000 0.000000 0.000000 0.000000 0.000000 
0.258936 0.000000 0.000000 0.000000 0.000000 0.000000 0.000000 0.000000 0.000000 0.000000 
0.279651 0.000000 0.000000 0.000000 0.000000 0.000000 0.000000 0.000000 0.000000 0.000000 
0.300366 0.000000 0.000000 0.000000 0.000000 0.000000 0.000000 0.000000 0.000000 0.000000 
0.321081 0.000000 0.000000 0.000000 0.000000 0.000000 0.000000 0.000000 0.000000 0.000000 
0.341796 0.000000 0.000000 0.000000 0.000000 0.000000 0.000000 0.000000 0.000000 0.000000 
0.362511 0.000000 0.000000 0.000000 0.000000 0.000000 0.000000 0.000000 0.000000 0.000000 
0.383226 0.000000 0.000000 0.000000 0.000000 0.000000 0.000000 0.000000 0.000000 0.000000 
0.403941 0.000000 0.000000 0.000000 0.000000 0.000000 0.000000 0.000000 0.000000 0.000000 
0.424655 0.000000 0.000000 0.000000 0.000000 0.000000 0.000000 0.000000 0.000000 0.000000 
0.445370 0.000000 0.000000 0.000000 0.000000 0.000000 0.000000 0.000000 0.000000 0.000000 
0.466085 0.000000 0.000000 0.000000 0.000000 0.000000 0.000000 0.000000 0.000000 0.000000 
0.486800 0.000000 0.000000 0.000000 0.000000 0.000000 0.000000 0.000000 0.000000 0.000000 
0.507515 0.000000 0.000000 0.000000 0.000000 0.000000 0.000000 0.000000 0.000000 0.000000 
0.528230 0.000000 0.000000 0.000000 0.000000 0.000000 0.000000 0.000000 0.000000 0.000000 
0.548945 0.000000 0.000000 0.000000 0.000000 0.000000 0.000000 0.000000 0.000000 0.000000 
0.569660 0.000000 0.000000 0.000000 0.000000 0.000000 0.000000 0.000000 0.000000 0.000000 
0.590375 0.000000 0.000000 0.000000 0.000000 0.000000 0.000000 0.000000 0.000000 0.000000 
0.611090 0.000000 0.000000 0.000000 0.000000 0.000000 0.000000 0.000000 0.000000 0.000000 
0.631804 0.000000 0.000000 0.000000 0.000000 0.000000 0.000000 0.000000 0.000000 0.000000 
0.652519 0.000000 0.000000 0.000000 0.000000 0.000000 0.000000 0.000000 0.000000 0.000000 
0.673234 0.000000 0.000000 0.000000 0.000000 0.000000 0.000000 0.000000 0.000000 0.000000 
0.693949 0.000000 0.000000 0.000000 0.000000 0.000000 0.000000 0.000000 0.000000 0.000000 
0.714664 0.000000 0.000018 0.000000 0.000018 0.000000 0.000000 0.000000 0.000000 0.000000 
0.735379 0.000000 0.002677 0.000000 0.002677 0.000000 0.000040 0.000000 0.000040 0.000000 
0.756094 0.000000 0.065497 0.000000 0.065497 0.000201 0.001257 0.000000 0.001257 0.000000 
0.776809 0.000000 0.501234 0.000000 0.501234 0.003145 0.019814 0.000000 0.019814 0.000000 
0.797524 0.000000 1.739374 0.000071 1.739374 0.024889 0.137961 0.000071 0.137961 0.000000 
0.818239 0.000000 3.463761 0.003893 3.463761 0.084914 0.467416 0.003893 0.467416 0.000129 
0.838953 0.000000 4.775525 0.067129 4.775525 0.206386 0.979020 0.067129 0.979020 0.003514 
0.859668 0.000005 5.158449 0.442855 5.158449 0.357341 1.494773 0.442855 1.494773 0.034650 
0.880383 0.000248 4.783349 1.454440 4.783349 0.510184 1.819700 1.454440 1.819700 0.154101 
0.901098 0.007267 4.028840 2.947069 4.028840 0.627598 1.922464 2.947069 1.922464 0.413157 
0.921813 0.077528 3.209265 4.242769 3.209265 0.697343 1.861652 4.242769 1.861652 0.761626 
0.942528 0.389134 2.498797 4.836392 2.498797 0.739650 1.707703 4.836392 1.707703 1.101278 
0.963243 1.118443 1.923036 4.709545 1.923036 0.754022 1.513214 4.709545 1.513214 1.332652 
0.983958 2.145261 1.487169 4.142397 1.487169 0.752668 1.334185 4.142397 1.334185 1.417966 
1.004673 3.083364 1.163818 3.423304 1.163818 0.745555 1.165918 3.423304 1.165918 1.397207 
1.025388 3.607219 0.928804 2.731555 0.928804 0.734946 1.036909 2.731555 1.036909 1.322077 
1.046102 3.664854 0.756801 2.138066 0.756801 0.727089 0.925342 2.138066 0.925342 1.209096 
1.066817 3.382444 0.628847 1.676608 0.628847 0.729070 0.837213 1.676608 0.837213 1.084231 
1.087532 2.930705 0.538867 1.319625 0.538867 0.744707 0.774852 1.319625 0.774852 0.970500 
1.108247 2.447179 0.467902 1.051748 0.467902 0.767456 0.722468 1.051748 0.722468 0.875499 
1.128962 2.005398 0.418987 0.852672 0.418987 0.799331 0.692479 0.852672 0.692479 0.784519 
1.149677 1.630974 0.384668 0.703109 0.384668 0.839141 0.670687 0.703109 0.670687 0.732164 
1.170392 1.330310 0.359562 0.593364 0.359562 0.892147 0.659115 0.593364 0.659115 0.680239 
1.191107 1.096080 0.341976 0.514342 0.341976 0.950146 0.659455 0.514342 0.659455 0.647299 
1.211822 0.913043 0.334217 0.451272 0.334217 1.002949 0.671130 0.451272 0.671130 0.616488 
1.232536 0.774257 0.329754 0.407354 0.329754 1.075528 0.690831 0.407354 0.690831 0.598638 
1.253251 0.669878 0.335058 0.374062 0.335058 1.140740 0.725535 0.374062 0.725535 0.590428 
1.273966 0.589016 0.342140 0.353331 0.342140 1.207309 0.768026 0.353331 0.768026 0.590622 
1.294681 0.530999 0.355529 0.340529 0.355529 1.257449 0.822230 0.340529 0.822230 0.596694 
1.315396 0.487728 0.376032 0.332563 0.376032 1.311828 0.875888 0.332563 0.875888 0.609893 
1.336111 0.456305 0.400006 0.333844 0.400006 1.347195 0.944945 0.333844 0.944945 0.631223 
1.356826 0.435999 0.432919 0.337516 0.432919 1.369138 1.004669 0.337516 1.004669 0.660591 
1.377541 0.428129 0.474051 0.348303 0.474051 1.379508 1.074387 0.348303 1.074387 0.705708 
1.398256 0.429514 0.521047 0.363555 0.521047 1.374224 1.140744 0.363555 1.140744 0.757368 
1.418971 0.437228 0.578678 0.385068 0.578678 1.345356 1.198037 0.385068 1.198037 0.818927 
1.439686 0.455579 0.644106 0.412838 0.644106 1.314821 1.243312 0.412838 1.243312 0.883258 
1.460400 0.480507 0.716666 0.446551 0.716666 1.273654 1.281956 0.446551 1.281956 0.956729 
1.481115 0.514150 0.795106 0.492611 0.795106 1.242511 1.304956 0.492611 1.304956 1.034686 
1.501830 0.557219 0.877221 0.545450 0.877221 1.203830 1.311545 0.545450 1.311545 1.114498 
1.522545 0.611240 0.961078 0.610164 0.961078 1.181469 1.308736 0.610164 1.308736 1.185458 
1.543260 0.672907 1.039358 0.687470 1.039358 1.176614 1.293435 0.687470 1.293435 1.263509 
1.563975 0.744537 1.110402 0.773318 1.110402 1.183674 1.262619 0.773318 1.262619 1.317990 
1.584690 0.823211 1.170533 0.869974 1.170533 1.210372 1.242041 0.869974 1.242041 1.368723 
1.605405 0.906913 1.217986 0.964247 1.217986 1.250314 1.214938 0.964247 1.214938 1.394574 
1.626120 0.987510 1.249167 1.059554 1.249167 1.299731 1.202969 1.059554 1.202969 1.394602 
1.646835 1.064888 1.269334 1.143318 1.269334 1.336148 1.199518 1.143318 1.199518 1.393948 
1.667549 1.132939 1.277700 1.217399 1.277700 1.354604 1.215742 1.217399 1.215742 1.365038 
1.688264 1.189554 1.279162 1.270536 1.279162 1.345746 1.245083 1.270536 1.245083 1.342088 
1.708979 1.231005 1.282881 1.307334 1.282881 1.307461 1.283872 1.307334 1.283872 1.314083 
1.729694 1.262226 1.290347 1.323700 1.290347 1.241898 1.321415 1.323700 1.321415 1.288742 
1.750409 1.278949 1.305871 1.327279 1.305871 1.160706 1.342234 1.327279 1.342234 1.284125 
1.771124 1.285698 1.328329 1.320883 1.328329 1.076685 1.341300 1.320883 1.341300 1.296299 
1.791839 1.282338 1.351152 1.308809 1.351152 0.987858 1.315454 1.308809 1.315454 1.309103 
1.812554 1.269127 1.372033 1.296365 1.372033 0.908213 1.265281 1.296365 1.265281 1.330935 
1.833269 1.248167 1.376229 1.292133 1.376229 0.837287 1.193940 1.292133 1.193940 1.348461 
1.853983 1.223128 1.365708 1.296079 1.365708 0.769449 1.112086 1.296079 1.112086 1.353845 
1.874698 1.195116 1.332661 1.306294 1.332661 0.719714 1.029521 1.306294 1.029521 1.330589 
1.895413 1.168862 1.281698 1.317469 1.281698 0.678934 0.945068 1.317469 0.945068 1.286455 
1.916128 1.148175 1.216649 1.325481 1.216649 0.649010 0.870576 1.325481 0.870576 1.224906 
1.936843 1.137481 1.144113 1.319516 1.144113 0.631959 0.804913 1.319516 0.804913 1.146802 
1.957558 1.133678 1.068466 1.297091 1.068466 0.622775 0.747833 1.297091 0.747833 1.067786 
1.978273 1.136897 0.996832 1.259431 0.996832 0.620603 0.703759 1.259431 0.703759 0.980826 
1.998988 1.140207 0.932220 1.205620 0.932220 0.625975 0.667333 1.205620 0.667333 0.900232 
2.019703 1.139978 0.874863 1.141378 0.874863 0.642842 0.645073 1.141378 0.645073 0.830160 
2.040418 1.129745 0.825966 1.071943 0.825966 0.668820 0.629502 1.071943 0.629502 0.772510 
2.061133 1.107313 0.787496 1.001133 0.787496 0.693981 0.624939 1.001133 0.624939 0.723187 
2.081847 1.073259 0.759810 0.936470 0.759810 0.725327 0.629357 0.936470 0.629357 0.683658 
2.102562 1.030696 0.741428 0.879008 0.741428 0.767409 0.639789 0.879008 0.639789 0.649975 
2.123277 0.983789 0.732100 0.826725 0.732100 0.810000 0.658997 0.826725 0.658997 0.634071 
2.143992 0.933897 0.730349 0.784936 0.730349 0.855496 0.683794 0.784936 0.683794 0.624708 
2.164707 0.887428 0.736426 0.753956 0.736426 0.900727 0.714400 0.753956 0.714400 0.622674 
2.185422 0.843308 0.749618 0.732831 0.749618 0.947884 0.751038 0.732831 0.751038 0.632754 
2.206137 0.806481 0.768446 0.719407 0.768446 0.995754 0.792522 0.719407 0.792522 0.645059 
2.226852 0.777008 0.791311 0.716135 0.791311 1.037850 0.837168 0.716135 0.837168 0.669434 
2.247567 0.757111 0.818745 0.721369 0.818745 1.081337 0.881521 0.721369 0.881521 0.699099 
2.268281 0.745656 0.851033 0.733946 0.851033 1.113743 0.929073 0.733946 0.929073 0.731592 
2.288996 0.743819 0.882799 0.753641 0.882799 1.144564 0.978579 0.753641 0.978579 0.771850 
2.309711 0.748798 0.917410 0.776902 0.917410 1.168944 1.023589 0.776902 1.023589 0.819461 
2.330426 0.763400 0.952163 0.807874 0.952163 1.186211 1.066152 0.807874 1.066152 0.862330 
2.351141 0.785456 0.986065 0.841746 0.986065 1.200459 1.105698 0.841746 1.105698 0.914723 
2.371856 0.813589 1.018296 0.877769 1.018296 1.208171 1.140548 0.877769 1.140548 0.961855 
2.392571 0.846705 1.048530 0.917206 1.048530 1.206822 1.167504 0.917206 1.167504 1.009675 
2.413286 0.883232 1.075138 0.956405 1.075138 1.204309 1.186710 0.956405 1.186710 1.054434 
2.434001 0.922441 1.097521 0.994857 1.097521 1.193312 1.204193 0.994857 1.204193 1.095558 
2.454716 0.963081 1.115351 1.030029 1.115351 1.184375 1.212332 1.030029 1.212332 1.135724 
2.475430 1.002810 1.128960 1.061865 1.128960 1.171093 1.214836 1.061865 1.214836 1.165269 
2.496145 1.039865 1.135368 1.093517 1.135368 1.152692 1.211378 1.093517 1.211378 1.189881 
2.516860 1.074067 1.140792 1.117065 1.140792 1.135972 1.202998 1.117065 1.202998 1.206108 
2.537575 1.104653 1.138988 1.136565 1.138988 1.120180 1.189031 1.136565 1.189031 1.219299 
2.558290 1.129916 1.135404 1.150940 1.135404 1.104395 1.174588 1.150940 1.174588 1.221643 
2.579005 1.149141 1.126492 1.159098 1.126492 1.093517 1.155991 1.159098 1.155991 1.218711 
2.599720 1.162735 1.115427 1.161429 1.115427 1.075863 1.138980 1.161429 1.138980 1.209595 
2.620435 1.169435 1.103215 1.159968 1.103215 1.061806 1.118097 1.159968 1.118097 1.198361 
2.641150 1.171055 1.087468 1.153141 1.087468 1.039380 1.101500 1.153141 1.101500 1.180017 
2.661865 1.168767 1.072920 1.143046 1.072920 1.024938 1.084984 1.143046 1.084984 1.161339 
2.682580 1.160828 1.057081 1.129284 1.057081 1.006256 1.066304 1.129284 1.066304 1.137713 
2.703294 1.148818 1.043748 1.113414 1.043748 0.985033 1.047037 1.113414 1.047037 1.119778 
2.724009 1.133501 1.029340 1.094397 1.029340 0.964027 1.031298 1.094397 1.031298 1.096854 
2.744724 1.115488 1.017050 1.076135 1.017050 0.946344 1.014963 1.076135 1.014963 1.077042 
2.765439 1.096461 1.006029 1.058468 1.006029 0.926656 0.999401 1.058468 0.999401 1.055742 
2.786154 1.076466 0.994530 1.041348 0.994530 0.909062 0.979493 1.041348 0.979493 1.040812 
2.806869 1.055507 0.984335 1.023619 0.984335 0.894431 0.962968 1.023619 0.962968 1.021817 
2.827584 1.035521 0.975486 1.007361 0.975486 0.884960 0.943005 1.007361 0.943005 1.005763 
2.848299 1.017045 0.964989 0.994595 0.964989 0.875924 0.926069 0.994595 0.926069 0.986812 
2.869014 0.998916 0.954886 0.981993 0.954886 0.873872 0.907760 0.981993 0.907760 0.973641 
2.889728 0.983132 0.944433 0.971866 0.944433 0.870620 0.895516 0.971866 0.895516 0.955377 
2.910443 0.969564 0.934255 0.961549 0.934255 0.875050 0.884895 0.961549 0.884895 0.938271 
2.931158 0.956414 0.925055 0.951471 0.925055 0.884208 0.876664 0.951471 0.876664 0.923050 
2.951873 0.947289 0.917831 0.943762 0.917831 0.894487 0.870828 0.943762 0.870828 0.907209 
2.972588 0.939186 0.911100 0.934037 0.911100 0.905900 0.873595 0.934037 0.873595 0.891271 
2.993303 0.932744 0.907860 0.926061 0.907860 0.924980 0.875695 0.926061 0.875695 0.881063 
3.014018 0.927937 0.907336 0.917892 0.907336 0.941513 0.883122 0.917892 0.883122 0.874355 
3.034733 0.923590 0.909569 0.912255 0.909569 0.957620 0.895013 0.912255 0.895013 0.874365 
3.055448 0.920246 0.914415 0.906446 0.914415 0.972550 0.909203 0.906446 0.909203 0.869495 
3.076163 0.917542 0.921761 0.901771 0.921761 0.993390 0.924301 0.901771 0.924301 0.873935 
3.096877 0.915265 0.932195 0.902317 0.932195 1.006664 0.940613 0.902317 0.940613 0.880653 
3.117592 0.915460 0.945490 0.904166 0.945490 1.020336 0.957822 0.904166 0.957822 0.891550 
3.138307 0.915506 0.959860 0.909870 0.959860 1.036590 0.977867 0.909870 0.977867 0.904638 
3.159022 0.918362 0.976174 0.917809 0.976174 1.046783 0.995906 0.917809 0.995906 0.923036 
3.179737 0.922058 0.991622 0.928916 0.991622 1.055501 1.011446 0.928916 1.011446 0.942163 
3.200452 0.928685 1.006609 0.942547 1.006609 1.062507 1.028650 0.942547 1.028650 0.962791 
3.221167 0.936292 1.022486 0.956741 1.022486 1.068493 1.042499 0.956741 1.042499 0.982724 
3.241882 0.947021 1.036128 0.974823 1.036128 1.071182 1.053608 0.974823 1.053608 1.001168 
3.262597 0.958908 1.048476 0.991392 1.048476 1.069753 1.062335 0.991392 1.062335 1.019407 
3.283312 0.972264 1.057705 1.008598 1.057705 1.066281 1.070304 1.008598 1.070304 1.039427 
3.304026 0.986164 1.066326 1.025209 1.066326 1.066152 1.074760 1.025209 1.074760 1.052575 
3.324741 1.001208 1.071482 1.039821 1.071482 1.058742 1.077160 1.039821 1.077160 1.064933 
3.345456 1.015765 1.074045 1.053137 1.074045 1.056729 1.077360 1.053137 1.077360 1.073095 
3.366171 1.029643 1.075710 1.064054 1.075710 1.048989 1.074577 1.064054 1.074577 1.081983 
3.386886 1.042127 1.074468 1.073736 1.074468 1.041623 1.070870 1.073736 1.070870 1.084142 
3.407601 1.053936 1.070692 1.079816 1.070692 1.033477 1.064992 1.079816 1.064992 1.085439 
3.428316 1.062837 1.066704 1.082135 1.066704 1.026348 1.059685 1.082135 1.059685 1.087784 
3.449031 1.070092 1.059642 1.083674 1.059642 1.014961 1.049628 1.083674 1.049628 1.083626 
3.469746 1.074239 1.051934 1.081357 1.051934 1.006498 1.040339 1.081357 1.040339 1.073216 
3.490461 1.076420 1.044074 1.077580 1.044074 0.999843 1.031705 1.077580 1.031705 1.067058 
3.511176 1.076085 1.034177 1.071736 1.034177 0.989853 1.022192 1.071736 1.022192 1.060837 
3.531890 1.073847 1.025745 1.065790 1.025745 0.986080 1.013409 1.065790 1.013409 1.053641 
3.552605 1.069795 1.014805 1.057489 1.014805 0.980331 1.005221 1.057489 1.005221 1.042532 
3.573320 1.063790 1.005384 1.048042 1.005384 0.973983 0.996454 1.048042 0.996454 1.031293 
3.594035 1.056384 0.996287 1.037487 0.996287 0.969465 0.986860 1.037487 0.986860 1.021406 
3.614750 1.048405 0.987999 1.026829 0.987999 0.967192 0.979587 1.026829 0.979587 1.012503 
3.635465 1.039052 0.979459 1.015689 0.979459 0.963925 0.973985 1.015689 0.973985 1.000324 
3.656180 1.029174 0.972796 1.004928 0.972796 0.962742 0.968071 1.004928 0.968071 0.988511 
3.676895 1.019454 0.966247 0.995243 0.966247 0.959216 0.962910 0.995243 0.962910 0.979388 
3.697610 1.009359 0.961432 0.985208 0.961432 0.961267 0.960585 0.985208 0.960585 0.972715 
3.718324 1.000028 0.957982 0.976835 0.957982 0.961744 0.958228 0.976835 0.958228 0.966307 
3.739039 0.990519 0.955128 0.968610 0.955128 0.963564 0.956257 0.968610 0.956257 0.960002 
3.759754 0.981533 0.953409 0.961862 0.953409 0.965574 0.956262 0.961862 0.956262 0.956969 
3.780469 0.973666 0.952138 0.956939 0.952138 0.970213 0.956548 0.956939 0.956548 0.953778 
3.801184 0.966538 0.953034 0.953044 0.953034 0.971521 0.958441 0.953044 0.958441 0.950894 
3.821899 0.960798 0.954566 0.949875 0.954566 0.977794 0.959881 0.949875 0.959881 0.948444 
3.842614 0.956806 0.956415 0.948006 0.956415 0.981243 0.962330 0.948006 0.962330 0.949356 
3.863329 0.953519 0.959400 0.947456 0.959400 0.989751 0.968383 0.947456 0.968383 0.950006 
3.884044 0.951209 0.963612 0.947457 0.963612 0.995691 0.970988 0.947457 0.970988 0.952065 
3.904759 0.951018 0.968255 0.950560 0.968255 1.000317 0.978355 0.950560 0.978355 0.955611 
3.925473 0.951503 0.973898 0.953238 0.973898 1.006039 0.982950 0.953238 0.982950 0.959900 
3.946188 0.953418 0.979995 0.956745 0.979995 1.013624 0.988282 0.956745 0.988282 0.965817 
3.966903 0.956386 0.984732 0.961936 0.984732 1.016706 0.996084 0.961936 0.996084 0.968325 
3.987618 0.960120 0.991063 0.966442 0.991063 1.023353 1.003457 0.966442 1.003457 0.979566 
4.008333 0.964785 0.997106 0.972273 0.997106 1.025897 1.008706 0.972273 1.008706 0.981850 
4.029048 0.969860 1.003918 0.978678 1.003918 1.032121 1.016276 0.978678 1.016276 0.989823 
4.049763 0.975374 1.009580 0.985441 1.009580 1.032461 1.020882 0.985441 1.020882 0.997032 
4.070478 0.981266 1.015064 0.992283 1.015064 1.032735 1.025487 0.992283 1.025487 1.003712 
4.091193 0.987623 1.020982 0.998890 1.020982 1.036232 1.030546 0.998890 1.030546 1.013262 
4.111907 0.993696 1.025178 1.005461 1.025178 1.036401 1.032888 1.005461 1.032888 1.019933 
4.132622 0.999882 1.027919 1.011855 1.027919 1.030863 1.035366 1.011855 1.035366 1.025503 
4.153337 1.006186 1.031270 1.017902 1.031270 1.030124 1.037249 1.017902 1.037249 1.031281 
4.174052 1.011618 1.033608 1.023607 1.033608 1.027059 1.038117 1.023607 1.038117 1.033802 
4.194767 1.016450 1.035461 1.028351 1.035461 1.021357 1.036315 1.028351 1.036315 1.035471 
4.215482 1.021141 1.035681 1.032199 1.035681 1.017620 1.035037 1.032199 1.035037 1.039802 
4.236197 1.025188 1.034802 1.035247 1.034802 1.014238 1.032953 1.035247 1.032953 1.040227 
4.256912 1.028587 1.033746 1.037569 1.033746 1.007831 1.028746 1.037569 1.028746 1.042569 
4.277627 1.030741 1.031617 1.038972 1.031617 1.003852 1.024133 1.038972 1.024133 1.040081 
4.298342 1.032655 1.028995 1.038908 1.028995 1.000032 1.019979 1.038908 1.019979 1.039184 
4.319057 1.033643 1.024352 1.038099 1.024352 0.996951 1.014497 1.038099 1.014497 1.034211 
4.339772 1.033518 1.021072 1.036189 1.021072 0.991001 1.010027 1.036189 1.010027 1.029118 
4.360487 1.032837 1.015828 1.033589 1.015828 0.986583 1.004500 1.033589 1.004500 1.025873 
4.381201 1.031424 1.011012 1.029901 1.011012 0.984951 0.999078 1.029901 0.999078 1.020551 
4.401916 1.029066 1.006748 1.025514 1.006748 0.981238 0.993511 1.025514 0.993511 1.016134 
4.422631 1.025697 1.001891 1.021174 1.001891 0.978996 0.989722 1.021174 0.989722 1.010312 
4.443346 1.022805 0.996617 1.016710 0.996617 0.977379 0.985528 1.016710 0.985528 1.004561 
4.464061 1.018853 0.993029 1.011467 0.993029 0.975957 0.981636 1.011467 0.981636 1.000161 
4.484776 1.014161 0.988405 1.006142 0.988405 0.975631 0.979018 1.006142 0.979018 0.992841 
4.505491 1.009998 0.984920 1.001174 0.984920 0.978157 0.976766 1.001174 0.976766 0.988505 
4.526206 1.005568 0.981204 0.995696 0.981204 0.976795 0.973799 0.995696 0.973799 0.983794 
4.546920 1.001622 0.978660 0.991012 0.978660 0.976488 0.973536 0.991012 0.973536 0.979146 
4.567635 0.996565 0.976686 0.986332 0.976686 0.979277 0.972956 0.986332 0.972956 0.976954 
4.588350 0.992053 0.975356 0.982335 0.975356 0.980368 0.972733 0.982335 0.972733 0.973626 
4.609065 0.988124 0.974268 0.979237 0.974268 0.983307 0.974118 0.979237 0.974118 0.972764 
4.629780 0.985051 0.974393 0.976333 0.974393 0.986213 0.974360 0.976333 0.974360 0.971496 
4.650495 0.981951 0.975664 0.974559 0.975664 0.990267 0.977617 0.974559 0.977617 0.970179 
4.671210 0.979273 0.976704 0.973527 0.976704 0.992401 0.980870 0.973527 0.980870 0.969548 
4.691925 0.977131 0.978117 0.972227 0.978117 0.997695 0.982810 0.972227 0.982810 0.969525 
4.712640 0.975441 0.980261 0.972661 0.980261 1.000770 0.985654 0.972661 0.985654 0.973302 
4.733355 0.975355 0.982591 0.972667 0.982591 1.004596 0.989763 0.972667 0.989763 0.975801 
4.754069 0.975418 0.985868 0.974189 0.985868 1.007886 0.992696 0.974189 0.992696 0.977652 
4.774784 0.975595 0.989420 0.976157 0.989420 1.009722 0.996171 0.976157 0.996171 0.981361 
4.795499 0.977460 0.992689 0.978896 0.992689 1.010795 1.000001 0.978896 1.000001 0.985108 
4.816214 0.978830 0.995777 0.981807 0.995777 1.014622 1.003540 0.981807 1.003540 0.988695 
4.836929 0.980894 0.999280 0.985376 0.999280 1.015942 1.007132 0.985376 1.007132 0.993473 
4.857644 0.983404 1.002846 0.988351 1.002846 1.016542 1.009480 0.988351 1.009480 0.996802 
4.878359 0.986863 1.005863 0.992483 1.005863 1.017637 1.013310 0.992483 1.013310 1.000456 
4.899074 0.990050 1.008256 0.996336 1.008256 1.018658 1.015346 0.996336 1.015346 1.004116 
4.919789 0.993188 1.011496 1.000019 1.011496 1.019337 1.018076 1.000019 1.018076 1.008876 
4.940504 0.996603 1.012874 1.003419 1.012874 1.016852 1.018950 1.003419 1.018950 1.012216 
4.961218 1.000392 1.014849 1.007004 1.014849 1.017737 1.020605 1.007004 1.020605 1.015152 
4.981933 1.003529 1.016100 1.010451 1.016100 1.015812 1.020191 1.010451 1.020191 1.017562 
5.002648 1.006909 1.016570 1.012842 1.016570 1.015513 1.020320 1.012842 1.020320 1.018798 
5.023363 1.009353 1.017435 1.014926 1.017435 1.012466 1.019156 1.014926 1.019156 1.022635 
5.044078 1.012323 1.017509 1.016800 1.017509 1.010878 1.017908 1.016800 1.017908 1.021794 
5.064793 1.014185 1.016739 1.018213 1.016739 1.009901 1.017429 1.018213 1.017429 1.022955 
5.085508 1.016118 1.016145 1.019418 1.016145 1.006064 1.015446 1.019418 1.015446 1.021797 
5.106223 1.017051 1.014623 1.019766 1.014623 1.003212 1.012986 1.019766 1.012986 1.021075 
5.126938 1.018367 1.013561 1.019413 1.013561 1.000669 1.010930 1.019413 1.010930 1.020921 
5.147653 1.018329 1.011725 1.018334 1.011725 0.998054 1.009243 1.018334 1.009243 1.018591 
5.168367 1.018135 1.009972 1.018046 1.009972 0.995752 1.006669 1.018046 1.006669 1.015987 
5.189082 1.016817 1.007259 1.016113 1.007259 0.994414 1.003300 1.016113 1.003300 1.013881 
5.209797 1.016435 1.004973 1.014112 1.004973 0.993874 1.000614 1.014112 1.000614 1.011890 
5.230512 1.014937 1.002984 1.012747 1.002984 0.992101 0.998706 1.012747 0.998706 1.009120 
5.251227 1.013382 1.000772 1.010051 1.000772 0.990454 0.995930 1.010051 0.995930 1.006596 
5.271942 1.011231 0.998392 1.007673 0.998392 0.989342 0.993073 1.007673 0.993073 1.002409 
5.292657 1.009179 0.996243 1.005202 0.996243 0.987449 0.991083 1.005202 0.991083 0.999589 
5.313372 1.006569 0.994033 1.002729 0.994033 0.985690 0.989904 1.002729 0.989904 0.996604 
5.334087 1.004299 0.992242 1.000029 0.992242 0.987326 0.988760 1.000029 0.988760 0.994465 
5.354802 1.002045 0.990590 0.997924 0.990590 0.986872 0.986210 0.997924 0.986210 0.992780 
5.375516 0.999774 0.989342 0.995524 0.989342 0.986662 0.986152 0.995524 0.986152 0.989646 
5.396231 0.997491 0.988690 0.993581 0.988690 0.988848 0.985872 0.993581 0.985872 0.988285 
5.416946 0.995242 0.987810 0.991369 0.987810 0.988801 0.985571 0.991369 0.985571 0.986210 
5.437661 0.993364 0.987457 0.989630 0.987457 0.990550 0.986117 0.989630 0.986117 0.985185 
5.458376 0.991842 0.987794 0.988139 0.987794 0.992185 0.986707 0.988139 0.986707 0.984577 
5.479091 0.990453 0.986992 0.987033 0.986992 0.995577 0.987114 0.987033 0.987114 0.984234 
5.499806 0.989311 0.987832 0.986407 0.987832 0.995822 0.988754 0.986407 0.988754 0.983878 
5.520521 0.988451 0.989017 0.985896 0.989017 0.997635 0.990967 0.985896 0.990967 0.983498 
5.541236 0.987760 0.989989 0.985875 0.989989 1.000916 0.992230 0.985875 0.992230 0.985264 
5.561951 0.987267 0.991510 0.986293 0.991510 1.000978 0.994095 0.986293 0.994095 0.986416 
5.582665 0.987434 0.992514 0.986724 0.992514 1.003130 0.996056 0.986724 0.996056 0.987790 
5.603380 0.987871 0.994681 0.987700 0.994681 1.004798 0.997801 0.987700 0.997801 0.989856 
5.624095 0.988127 0.996389 0.989590 0.996389 1.006179 0.999523 0.989590 0.999523 0.991071 
5.644810 0.988906 0.997827 0.990680 0.997827 1.007727 1.002371 0.990680 1.002371 0.993040 
5.665525 0.990193 1.000150 0.992453 1.000150 1.007864 1.003428 0.992453 1.003428 0.996161 
5.686240 0.991753 1.001540 0.994166 1.001540 1.010070 1.004787 0.994166 1.004787 0.998109 
5.706955 0.992917 1.002833 0.995756 1.002833 1.009894 1.005401 0.995756 1.005401 0.999703 
5.727670 0.994663 1.004454 0.998134 1.004454 1.009202 1.008282 0.998134 1.008282 1.002223 
5.748384 0.996621 1.005924 1.000588 1.005924 1.009716 1.008772 1.000588 1.008772 1.004450 
5.769099 0.998448 1.006754 1.002075 1.006754 1.010934 1.009329 1.002075 1.009329 1.005321 
5.789814 1.000380 1.008376 1.003495 1.008376 1.009799 1.010703 1.003495 1.010703 1.005556 
5.810529 1.002035 1.008634 1.005103 1.008634 1.008506 1.010843 1.005103 1.010843 1.008986 
5.831244 1.003370 1.009390 1.007050 1.009390 1.008537 1.009364 1.007050 1.009364 1.010223 
5.851959 1.005153 1.009287 1.008358 1.009287 1.007412 1.009855 1.008358 1.009855 1.010236 
5.872674 1.006249 1.009302 1.009496 1.009302 1.004828 1.009800 1.009496 1.009800 1.010170 
5.893389 1.007382 1.008532 1.010094 1.008532 1.005955 1.008885 1.010094 1.008885 1.012147 
5.914104 1.008362 1.008395 1.010504 1.008395 1.003134 1.007475 1.010504 1.007475 1.011494 
5.934819 1.009373 1.007737 1.010722 1.007737 1.002036 1.006016 1.010722 1.006016 1.011539 
5.955534 1.009676 1.006756 1.010773 1.006756 1.000422 1.005591 1.010773 1.005591 1.010234 
5.976249 1.009585 1.005874 1.010439 1.005874 1.000388 1.004323 1.010439 1.004323 1.009638 
5.996964 1.009577 1.005164 1.009421 1.005164 0.999219 1.002986 1.009421 1.002986 1.009458 
6.017678 1.009329 1.004043 1.009013 1.004043 0.998049 1.002271 1.009013 1.002271 1.007983 
6.038393 1.008919 1.002308 1.008309 1.002308 0.997029 1.000194 1.008309 1.000194 1.005993 
6.059108 1.008163 1.001194 1.006590 1.001194 0.995168 0.998549 1.006590 0.998549 1.004579 
6.079823 1.007199 1.000123 1.005113 1.000123 0.994216 0.998143 1.005113 0.998143 1.003915 
6.100538 1.006047 0.998975 1.004252 0.998975 0.993846 0.996527 1.004252 0.996527 1.001601 
6.121253 1.005325 0.997682 1.002388 0.997682 0.993352 0.995705 1.002388 0.995705 0.999721 
6.141968 1.003869 0.996276 1.001389 0.996276 0.992841 0.995027 1.001389 0.995027 0.998124 
6.162683 1.002415 0.995696 0.999622 0.995696 0.993031 0.993613 0.999622 0.993613 0.997261 
6.183398 1.001440 0.994939 0.998394 0.994939 0.992680 0.993457 0.998394 0.993457 0.997178 
6.204113 0.999862 0.994918 0.996974 0.994918 0.994911 0.993021 0.996974 0.993021 0.995162 
6.224827 0.998394 0.993941 0.995832 0.993941 0.994182 0.992757 0.995832 0.992757 0.994875 
6.245542 0.997424 0.993650 0.994429 0.993650 0.995280 0.992232 0.994429 0.992232 0.993500 
6.266257 0.996297 0.992812 0.994077 0.992812 0.996164 0.992889 0.994077 0.992889 0.993567 
6.286972 0.995621 0.993050 0.993461 0.993050 0.996314 0.993933 0.993461 0.993933 0.992493 
6.307687 0.994475 0.993413 0.992986 0.993413 0.997890 0.993232 0.992986 0.993232 0.992135 
6.328402 0.993928 0.993447 0.992353 0.993447 0.997632 0.995251 0.992353 0.995251 0.991651 
6.349117 0.993457 0.994337 0.992268 0.994337 0.999902 0.994755 0.992268 0.994755 0.991172 
6.369832 0.993145 0.994821 0.992570 0.994821 1.000018 0.996378 0.992570 0.996378 0.991870 
6.390547 0.993150 0.995283 0.992722 0.995283 1.000613 0.996967 0.992722 0.996967 0.993229 
6.411262 0.993278 0.996102 0.993237 0.996102 1.001460 0.998268 0.993237 0.998268 0.993283 
6.431976 0.993395 0.996902 0.993548 0.996902 1.002121 0.999410 0.993548 0.999410 0.994469 
6.452691 0.993778 0.998060 0.994388 0.998060 1.003057 1.000318 0.994388 1.000318 0.995612 
6.473406 0.994414 0.998933 0.994933 0.998933 1.003663 1.001444 0.994933 1.001444 0.996308 
6.494121 0.995098 1.000069 0.995956 1.000069 1.004424 1.002517 0.995956 1.002517 0.997730 
6.514836 0.995869 1.001132 0.996969 1.001132 1.003724 1.002977 0.996969 1.002977 0.999255 
6.535551 0.996679 1.001788 0.998040 1.001788 1.004608 1.003656 0.998040 1.003656 1.000672 
6.556266 0.997672 1.002731 0.999280 1.002731 1.004841 1.004250 0.999280 1.004250 1.000678 
6.576981 0.998695 1.003355 0.999936 1.003355 1.005942 1.004646 0.999936 1.004646 1.002209 
6.597695 0.999321 1.003656 1.001375 1.003656 1.006049 1.005104 1.001375 1.005104 1.002101 
6.618410 1.000304 1.004468 1.001844 1.004468 1.004129 1.005270 1.001844 1.005270 1.005071 
6.639125 1.001003 1.004582 1.002900 1.004582 1.004158 1.006103 1.002900 1.006103 1.005901 
6.659840 1.002110 1.005067 1.003603 1.005067 1.003618 1.006378 1.003603 1.006378 1.005439 
6.680555 1.002723 1.004874 1.004290 1.004874 1.003543 1.005256 1.004290 1.005256 1.005434 
6.701270 1.003454 1.005299 1.004886 1.005299 1.002568 1.005573 1.004886 1.005573 1.006250 
6.721985 1.004033 1.004786 1.005273 1.004786 1.001947 1.004345 1.005273 1.004345 1.005650 
6.742700 1.004715 1.004346 1.005794 1.004346 1.002378 1.004373 1.005794 1.004373 1.005730 
6.763415 1.004749 1.004207 1.006053 1.004207 1.000564 1.003450 1.006053 1.003450 1.005796 
6.784130 1.004943 1.003667 1.006141 1.003667 1.000411 1.002738 1.006141 1.002738 1.005890 
6.804844 1.005171 1.003484 1.006209 1.003484 1.000668 1.002363 1.006209 1.002363 1.004839 
6.825559 1.005147 1.002707 1.005204 1.002707 0.999920 1.001369 1.005204 1.001369 1.004771 
6.846274 1.005329 1.002185 1.004890 1.002185 0.998479 1.000673 1.004890 1.000673 1.004737 
6.866989 1.004552 1.001209 1.003951 1.001209 0.998429 0.999981 1.003951 0.999981 1.004312 
6.887704 1.004510 1.000590 1.003852 1.000590 0.998897 0.998779 1.003852 0.998779 1.003800 
6.908419 1.003891 0.999871 1.003271 0.999871 0.997241 0.998492 1.003271 0.998492 1.001624 
6.929134 1.003436 0.999528 1.002120 0.999528 0.998577 0.997942 1.002120 0.997942 1.000907 
6.949849 1.002860 0.998533 1.001438 0.998533 0.996906 0.997542 1.001438 0.997542 1.000598 
6.970564 1.002104 0.998214 1.000830 0.998214 0.998173 0.996634 1.000830 0.996634 0.998326 
6.991279 1.001360 0.997564 0.999576 0.997564 0.997938 0.996532 0.999576 0.996532 0.998414 
7.011993 1.000785 0.996864 0.999304 0.996864 0.997738 0.996522 0.999304 0.996522 0.997288 
7.032708 0.999992 0.996814 0.998627 0.996814 0.997878 0.995335 0.998627 0.995335 0.998147 
7.053423 0.999494 0.996548 0.997469 0.996548 0.996673 0.995778 0.997469 0.995778 0.996960 
7.074138 0.998718 0.996323 0.997278 0.996323 0.997332 0.995546 0.997278 0.995546 0.996049 
7.094853 0.998080 0.996610 0.996538 0.996610 0.997983 0.996345 0.996538 0.996345 0.996366 
7.115568 0.997564 0.996221 0.996376 0.996221 0.997543 0.996335 0.996376 0.996335 0.995716 
7.136283 0.996926 0.996306 0.996186 0.996306 0.998009 0.996309 0.996186 0.996309 0.996231 
7.156998 0.996624 0.996429 0.995769 0.996429 0.998017 0.996593 0.995769 0.996593 0.995953 
7.177713 0.996512 0.996745 0.995625 0.996745 0.999097 0.997349 0.995625 0.997349 0.996004 
7.198428 0.996154 0.997207 0.995783 0.997207 1.000164 0.997248 0.995783 0.997248 0.995366 
7.219142 0.996402 0.998083 0.995946 0.998083 1.001518 0.998509 0.995946 0.998509 0.996350 
7.239857 0.996248 0.998114 0.996112 0.998114 1.001971 0.998708 0.996112 0.998708 0.997245 
7.260572 0.996305 0.998409 0.996452 0.998409 1.001172 0.999629 0.996452 0.999629 0.998480 
7.281287 0.996727 0.999050 0.996947 0.999050 1.001776 1.000056 0.996947 1.000056 0.998751 
7.302002 0.996960 0.999906 0.997512 0.999906 1.002173 1.000866 0.997512 1.000866 0.997807 
7.322717 0.997170 1.000049 0.997488 1.000049 1.002554 1.000729 0.997488 1.000729 0.999190 
7.343432 0.997652 1.000400 0.998258 1.000400 1.003157 1.001872 0.998258 1.001872 1.000312 
7.364147 0.998139 1.000758 0.999395 1.000758 1.003118 1.002413 0.999395 1.002413 1.000610 
7.384862 0.998882 1.001073 0.999974 1.001073 1.003682 1.001975 0.999974 1.001975 1.000848 
7.405577 0.999219 1.001936 1.000158 1.001936 1.001655 1.002593 1.000158 1.002593 1.000941 
7.426291 0.999865 1.002342 1.000711 1.002342 1.004116 1.002653 1.000711 1.002653 1.002896 
7.447006 1.000497 1.002498 1.000824 1.002498 1.002470 1.002462 1.000824 1.002462 1.002004 
7.467721 1.000768 1.002579 1.001840 1.002579 1.002679 1.002444 1.001840 1.002444 1.003920 
7.488436 1.001319 1.002589 1.001832 1.002589 1.002744 1.003066 1.001832 1.003066 1.003184 
7.509151 1.001593 1.002656 1.002384 1.002656 1.003039 1.003133 1.002384 1.003133 1.003340 
7.529866 1.002030 1.002581 1.002959 1.002581 1.000983 1.003590 1.002959 1.003590 1.003118 
7.550581 1.002424 1.002947 1.002843 1.002947 1.000950 1.002933 1.002843 1.002933 1.004038 
7.571296 1.002735 1.002470 1.002904 1.002470 1.001557 1.003128 1.002904 1.003128 1.001993 
7.592011 1.002719 1.002474 1.002991 1.002474 1.000736 1.002124 1.002991 1.002124 1.003766 
7.612726 1.003016 1.001991 1.003230 1.001991 0.999292 1.002011 1.003230 1.002011 1.003529 
7.633440 1.003019 1.001641 1.003519 1.001641 1.000215 1.000810 1.003519 1.000810 1.003671 
7.654155 1.002482 1.001626 1.002992 1.001626 0.998924 1.000521 1.002992 1.000521 1.002853 
7.674870 1.002986 1.001105 1.002565 1.001105 0.999130 1.000336 1.002565 1.000336 1.002315 
7.695585 1.002991 1.001025 1.002315 1.001025 0.999817 1.000099 1.002315 1.000099 1.002344 
7.716300 1.002240 1.000307 1.002272 1.000307 0.999001 0.999250 1.002272 0.999250 1.001445 
7.737015 1.002076 1.000110 1.001487 1.000110 0.998283 0.999845 1.001487 0.999845 1.001755 
7.757730 1.001956 0.999666 1.001582 0.999666 0.998771 0.999069 1.001582 0.999069 1.000414 
7.778445 1.001584 0.999236 1.000551 0.999236 0.998602 0.998956 1.000551 0.998956 0.999440 
7.799160 1.001057 0.999028 1.000283 0.999028 0.997254 0.998679 1.000283 0.998679 0.999563 
7.819875 1.000732 0.998655 0.999993 0.998655 0.998947 0.998198 0.999993 0.998198 0.999939 
7.840590 1.000527 0.998095 0.999563 0.998095 0.998506 0.997876 0.999563 0.997876 0.998167 
7.861304 1.000023 0.997713 0.998930 0.997713 0.998527 0.998005 0.998930 0.998005 0.998707 
7.882019 0.999452 0.998352 0.998739 0.998352 0.998113 0.998527 0.998739 0.998527 0.998593 
7.902734 0.999449 0.998063 0.998499 0.998063 0.998249 0.997375 0.998499 0.997375 0.997646 
7.923449 0.998860 0.997893 0.998016 0.997893 0.999527 0.997179 0.998016 0.997179 0.997509 
7.944164 0.998566 0.997874 0.997964 0.997874 0.999755 0.997837 0.997964 0.997837 0.997996 
7.964879 0.998135 0.997759 0.998255 0.997759 0.999987 0.997770 0.998255 0.997770 0.997757 
7.985594 0.998495 0.998143 0.997559 0.998143 0.998752 0.998674 0.997559 0.998674 0.998019 
8.006309 0.998067 0.998359 0.997927 0.998359 1.000373 0.998885 0.997927 0.998885 0.998643 
8.027024 0.997951 0.998487 0.997312 0.998487 1.001014 0.998648 0.997312 0.998648 0.997423 
8.047739 0.997895 0.998348 0.998033 0.998348 0.999993 0.999260 0.998033 0.999260 0.998143 
8.068453 0.997979 0.998798 0.997630 0.998798 1.001024 0.999315 0.997630 0.999315 0.998161 
8.089168 0.998031 0.999267 0.998208 0.999267 1.001394 0.999161 0.998208 0.999161 0.999266 
8.109883 0.998309 0.999647 0.998340 0.999647 1.002471 0.999931 0.998340 0.999931 0.998835 
8.130598 0.998645 0.999610 0.998461 0.999610 1.001299 1.000615 0.998461 1.000615 0.999259 
8.151313 0.998622 0.999879 0.998983 0.999879 1.000602 1.001105 0.998983 1.001105 0.999444 
8.172028 0.999063 1.000189 0.999077 1.000189 1.002256 1.001275 0.999077 1.001275 1.000036 
8.192743 0.999054 1.000886 0.999386 1.000886 1.001602 1.001062 0.999386 1.001062 0.999622 
8.213458 0.999461 1.000448 0.999732 1.000448 1.001568 1.001871 0.999732 1.001871 1.000853 
8.234172 0.999714 1.001095 1.000102 1.001095 1.002585 1.001821 1.000102 1.001821 1.001025 
8.254887 0.999668 1.001389 1.000467 1.001389 1.002274 1.002089 1.000467 1.002089 1.001417 
8.275602 1.000107 1.001566 1.000557 1.001566 1.001417 1.001673 1.000557 1.001673 1.001167 
8.296318 1.000550 1.001580 1.000669 1.001580 1.002087 1.002124 1.000669 1.002124 1.001935 
8.317032 1.000894 1.001694 1.001277 1.001694 1.001034 1.001776 1.001277 1.001776 1.001832 
8.337747 1.000889 1.001546 1.001319 1.001546 1.000984 1.001595 1.001319 1.001595 1.001581 
8.358462 1.001297 1.001321 1.001559 1.001321 1.001049 1.002225 1.001559 1.002225 1.001723 
8.379177 1.001528 1.001628 1.001989 1.001628 0.999839 1.001688 1.001989 1.001688 1.001865 
8.399891 1.001486 1.001317 1.001950 1.001317 1.000988 1.001292 1.001950 1.001292 1.002220 
8.420607 1.001575 1.001254 1.001674 1.001254 0.999457 1.000958 1.001674 1.000958 1.002582 
8.441322 1.001638 1.000972 1.001592 1.000972 0.999020 1.001046 1.001592 1.001046 1.002457 
8.462037 1.001599 1.001164 1.001931 1.001164 0.999610 1.000454 1.001931 1.000454 1.001322 
8.482751 1.001892 1.000864 1.001716 1.000864 0.999845 1.000702 1.001716 1.000702 1.002294 
8.503466 1.001552 1.000566 1.001418 1.000566 0.999590 1.000817 1.001418 1.000817 1.003361 
8.524181 1.001489 1.000337 1.001296 1.000337 0.999445 1.000273 1.001296 1.000273 1.001322 
8.544896 1.001519 0.999888 1.001155 0.999888 0.999226 0.999931 1.001155 0.999931 1.001195 
8.565611 1.001073 0.999774 1.001039 0.999774 0.999197 0.999407 1.001039 0.999407 1.001659 
8.586326 1.001151 0.999770 1.000799 0.999770 0.998816 0.999263 1.000799 0.999263 1.000476 
8.607041 1.000760 0.999560 1.000225 0.999560 0.998479 0.999276 1.000225 0.999276 1.000079 
8.627756 1.000501 0.999291 0.999958 0.999291 0.998746 0.998671 0.999958 0.998671 1.000260 
8.648470 1.000668 0.999448 0.999634 0.999448 0.998965 0.999116 0.999634 0.999116 1.000240 
8.669185 1.000206 0.999388 0.999648 0.999388 0.998840 0.999645 0.999648 0.999645 0.999215 
8.689900 1.000034 0.998721 0.999319 0.998721 0.998587 0.999306 0.999319 0.999306 0.999010 
8.710616 1.000024 0.998709 0.999408 0.998709 0.998942 0.999181 0.999408 0.999181 0.998614 
8.731330 0.999566 0.999180 0.999366 0.999180 1.000168 0.998897 0.999366 0.998897 0.999242 
8.752045 0.999446 0.998709 0.998995 0.998709 0.999234 0.998853 0.998995 0.998853 0.998982 
8.772760 0.999167 0.998937 0.999033 0.998937 0.999657 0.999157 0.999033 0.999157 0.999315 
8.793475 0.999354 0.998922 0.998915 0.998922 0.999037 0.998948 0.998915 0.998948 0.998748 
8.814189 0.999014 0.998952 0.998566 0.998952 0.999516 0.999750 0.998566 0.999750 0.999670 
8.834905 0.999110 0.999152 0.998704 0.999152 1.000006 0.999148 0.998704 0.999148 0.998670 
8.855620 0.998687 0.999091 0.998803 0.999091 1.000324 0.999484 0.998803 0.999484 0.999189 
8.876335 0.999041 0.999187 0.998727 0.999187 1.000148 0.999886 0.998727 0.999886 0.998999 
8.897049 0.999062 0.999460 0.998767 0.999460 1.001120 0.999344 0.998767 0.999344 0.998672 
8.917764 0.998962 0.999544 0.998885 0.999544 1.000499 1.000688 0.998885 1.000688 0.999748 
8.938479 0.999238 0.999917 0.998937 0.999917 1.000987 1.000248 0.998937 1.000248 0.999530 
8.959194 0.999001 0.999747 0.999367 0.999747 1.001645 0.999557 0.999367 0.999557 0.999702 
8.979909 0.999308 0.999843 0.999231 0.999843 1.001309 1.000484 0.999231 1.000484 0.999571 
9.000624 0.999394 1.000439 0.999598 1.000439 1.001328 1.000295 0.999598 1.000295 0.999562 
9.021339 0.999637 1.000526 0.999349 1.000526 1.000803 1.000983 0.999349 1.000983 1.000339 
9.042054 0.999539 1.000599 0.999832 1.000599 1.000820 1.001299 0.999832 1.001299 1.000888 
9.062768 0.999890 1.000377 1.000113 1.000377 1.000786 1.001533 1.000113 1.001533 1.000878 
9.083483 1.000147 1.000678 1.000269 1.000678 1.001042 1.000676 1.000269 1.000676 1.000366 
9.104198 1.000186 1.000993 1.000586 1.000993 1.001216 1.000951 1.000586 1.000951 1.001053 
9.124913 1.000235 1.001213 1.000472 1.001213 1.000235 1.001062 1.000472 1.001062 1.001040 
9.145628 1.000445 1.001003 1.000845 1.001003 1.001459 1.001019 1.000845 1.001019 1.001373 
9.166343 1.000530 1.000658 1.000562 1.000658 1.000981 1.001334 1.000562 1.001334 1.001084 
9.187058 1.000755 1.000688 1.001020 1.000688 1.000511 1.001105 1.001020 1.001105 1.001747 
9.207773 1.000687 1.000686 1.000916 1.000686 1.000535 1.000832 1.000916 1.000832 1.000883 
9.228487 1.001001 1.000306 1.001169 1.000306 1.000991 1.000857 1.001169 1.000857 1.001532 
9.249202 1.000907 1.000586 1.000856 1.000586 1.001092 1.000662 1.000856 1.000662 1.001821 
9.269917 1.000922 1.000610 1.000925 1.000610 1.000060 1.000334 1.000925 1.000334 1.001460 
9.290633 1.001182 1.000590 1.000797 1.000590 0.999923 1.000398 1.000797 1.000398 1.001706 
9.311347 1.001133 1.000450 1.000716 1.000450 1.000176 1.000376 1.000716 1.000376 1.001625 
9.332062 1.000917 1.000399 1.000702 1.000399 1.000433 0.999597 1.000702 0.999597 1.000538 
9.352777 1.000871 1.000212 1.001066 1.000212 1.000058 1.000326 1.001066 1.000326 1.000701 
9.373492 1.000851 0.999880 1.000443 0.999880 0.999992 1.000336 1.000443 1.000336 1.001499 
9.394207 1.000740 0.999878 1.000818 0.999878 0.999403 0.999740 1.000818 0.999740 1.000944 
9.414922 1.000815 1.000017 1.000553 1.000017 0.998555 0.999875 1.000553 0.999875 1.000094 
9.435637 1.000572 0.999704 1.000255 0.999704 0.999749 0.999462 1.000255 0.999462 1.000304 
9.456352 1.000520 0.999813 1.000265 0.999813 0.999706 0.999272 1.000265 0.999272 1.000528 
9.477067 1.000269 0.999288 0.999862 0.999288 1.000085 0.999725 0.999862 0.999725 1.000348 
9.497781 1.000175 0.999427 1.000108 0.999427 0.999871 0.999400 1.000108 0.999400 1.000180 
9.518496 1.000219 0.998959 0.999646 0.998959 0.999847 0.999517 0.999646 0.999517 0.999688 
9.539211 0.999767 0.999157 0.999660 0.999157 0.999767 0.999606 0.999660 0.999606 0.999606 
9.559927 0.999930 0.999593 0.999273 0.999593 0.999188 0.999657 0.999273 0.999657 0.999716 
9.580641 0.999811 0.999500 0.999275 0.999500 0.999216 0.999248 0.999275 0.999248 0.999578 
9.601356 0.999846 0.999611 0.999384 0.999611 0.999966 0.999285 0.999384 0.999285 0.999195 
9.622071 0.999498 0.999448 0.999288 0.999448 1.000542 0.999533 0.999288 0.999533 0.999614 
9.642786 0.999615 0.999306 0.999080 0.999306 1.000226 0.998989 0.999080 0.998989 1.000170 
9.663500 0.999358 0.999665 0.999150 0.999665 1.000205 0.999537 0.999150 0.999537 1.000296 
9.684216 0.999302 0.999465 0.999261 0.999465 1.000293 0.999774 0.999261 0.999774 0.999289 
9.704931 0.999438 0.999723 0.999452 0.999723 1.000279 0.999593 0.999452 0.999593 1.000096 
9.725646 0.999498 0.999700 0.999158 0.999700 1.000630 0.999896 0.999158 0.999896 0.999766 
9.746360 0.999520 1.000023 0.999216 1.000023 0.999001 1.000216 0.999216 1.000216 1.000575 
9.767075 0.999416 0.999887 0.999535 0.999887 0.999791 1.000188 0.999535 1.000188 0.999104 
9.787790 0.999682 1.000020 0.999589 1.000020 0.999668 1.000344 0.999589 1.000344 1.000379 
9.808505 0.999658 1.000006 0.999906 1.000006 1.000916 1.000132 0.999906 1.000132 1.000325 
9.829220 0.999722 0.999952 0.999764 0.999952 1.000697 1.000132 0.999764 1.000132 1.000075 
9.849935 0.999835 1.000187 0.999766 1.000187 0.999956 1.000895 0.999766 1.000895 1.000522 
9.870650 0.999776 1.000073 1.000124 1.000073 1.000479 1.000815 1.000124 1.000815 0.999903 
9.891365 1.000176 1.000311 0.999904 1.000311 1.000929 1.000956 0.999904 1.000956 1.000933 
9.912079 1.000006 1.000577 1.000006 1.000577 1.000077 1.000786 1.000006 1.000786 1.000787 
9.932794 1.000234 1.000607 1.000143 1.000607 1.000383 1.001453 1.000143 1.001453 1.000978 
9.953509 1.000105 1.000523 1.000362 1.000523 0.999940 1.001312 1.000362 1.001312 1.000846 
9.974224 1.000200 1.000418 1.000203 1.000418 0.999607 1.000281 1.000203 1.000281 1.001265 
9.994939 1.000535 1.000562 1.000386 1.000562 1.000097 1.000853 1.000386 1.000853 1.000716 
10.015654 1.000566 1.000655 1.000352 1.000655 1.000156 1.000695 1.000352 1.000695 1.000403 
10.036369 1.000437 1.000575 1.000501 1.000575 0.999712 1.000684 1.000501 1.000684 1.001627 
10.057084 1.000676 1.000347 1.000560 1.000347 0.999969 1.000272 1.000560 1.000272 1.000199 
10.077798 1.000406 1.000458 1.000834 1.000458 1.000054 1.000796 1.000834 1.000796 1.000856 
10.098513 1.000607 1.000243 1.000452 1.000243 0.999249 1.000895 1.000452 1.000895 1.001166 
10.119228 1.000465 1.000343 1.000550 1.000343 0.999696 1.000249 1.000550 1.000249 1.000454 
10.139944 1.000592 1.000214 1.000245 1.000214 1.000309 0.999897 1.000245 0.999897 1.000857 
10.160658 1.000691 0.999909 1.000684 0.999909 1.000549 1.000638 1.000684 1.000638 1.000762 
10.181373 1.000430 1.000355 1.000124 1.000355 1.000501 0.999906 1.000124 0.999906 1.000961 
10.202088 1.000504 1.000111 1.000571 1.000111 0.999866 1.000241 1.000571 1.000241 1.000615 
10.222803 1.000497 0.999882 1.000473 0.999882 1.000249 1.000184 1.000473 1.000184 0.999770 
10.243518 1.000509 0.999798 1.000216 0.999798 1.000260 0.999902 1.000216 0.999902 1.000329 
10.264233 1.000353 0.999871 1.000457 0.999871 0.999583 0.999898 1.000457 0.999898 1.000128 
10.284948 1.000278 1.000044 1.000017 1.000044 1.000189 0.999950 1.000017 0.999950 0.999232 
10.305663 1.000337 0.999639 1.000104 0.999639 0.999614 1.000032 1.000104 1.000032 0.999512 
10.326377 1.000010 0.999447 1.000212 0.999447 0.999631 0.999876 1.000212 0.999876 0.999967 
10.347092 1.000052 0.999664 0.999875 0.999664 0.999592 1.000273 0.999875 1.000273 0.999089 
10.367807 0.997199 0.996694 0.996723 0.996694 0.997096 0.996659 0.996723 0.996659 0.997349 
10.388522 0.990936 0.990970 0.990680 0.990970 0.991460 0.990137 0.990680 0.990137 0.991271 
10.409237 0.984876 0.984491 0.984996 0.984491 0.984593 0.984825 0.984996 0.984825 0.985208 
10.429952 0.979097 0.978993 0.978930 0.978993 0.978786 0.978812 0.978930 0.978812 0.978250 
10.450667 0.973120 0.972859 0.972832 0.972859 0.973466 0.972894 0.972832 0.972894 0.973261 
10.471382 0.967108 0.966669 0.967092 0.966669 0.968004 0.967363 0.967092 0.967363 0.966955 
10.492096 0.961318 0.961051 0.960970 0.961051 0.962113 0.961363 0.960970 0.961363 0.961230 
10.512811 0.955372 0.955291 0.955619 0.955291 0.956200 0.955615 0.955619 0.955615 0.955434 
10.533526 0.949676 0.949584 0.949457 0.949584 0.950143 0.950094 0.949457 0.950094 0.949746 
10.554242 0.943893 0.943725 0.943314 0.943725 0.944580 0.943901 0.943314 0.943901 0.944015 
10.574956 0.938062 0.938221 0.937955 0.938221 0.938458 0.938291 0.937955 0.938291 0.938232 
10.595671 0.932590 0.932615 0.932346 0.932615 0.933697 0.932535 0.932346 0.932535 0.933228 
10.616386 0.926691 0.926694 0.926613 0.926694 0.926879 0.926282 0.926613 0.926282 0.926955 
10.637101 0.920981 0.921251 0.920753 0.921251 0.921336 0.921174 0.920753 0.921174 0.921583 
10.657815 0.915390 0.915493 0.915090 0.915493 0.915991 0.915743 0.915090 0.915743 0.915737 
10.678531 0.909687 0.909823 0.909698 0.909823 0.909595 0.910036 0.909698 0.910036 0.910288 
10.699246 0.904308 0.904464 0.904269 0.904464 0.904168 0.904378 0.904269 0.904378 0.904900 
10.719961 0.898602 0.898681 0.898504 0.898681 0.898996 0.899039 0.898504 0.899039 0.898663 
10.740675 0.892930 0.893264 0.893237 0.893264 0.893476 0.893289 0.893237 0.893289 0.894234 
10.761390 0.887449 0.887899 0.887643 0.887899 0.887501 0.887551 0.887643 0.887551 0.887929 
10.782105 0.882013 0.882247 0.882349 0.882247 0.881793 0.882010 0.882349 0.882010 0.882553 
10.802820 0.876456 0.876585 0.876444 0.876585 0.877026 0.876637 0.876444 0.876637 0.876964 
10.823535 0.870994 0.871128 0.870878 0.871128 0.871630 0.871212 0.870878 0.871212 0.871694 
10.844250 0.865512 0.865981 0.865439 0.865981 0.865741 0.865255 0.865439 0.865255 0.866032 
10.864965 0.860172 0.859867 0.860086 0.859867 0.859702 0.860517 0.860086 0.860517 0.860195 
10.885680 0.854739 0.854672 0.854800 0.854672 0.854496 0.854660 0.854800 0.854660 0.854740 
10.906394 0.849286 0.849062 0.849206 0.849062 0.849535 0.848980 0.849206 0.848980 0.849492 
10.927109 0.843854 0.843804 0.843760 0.843804 0.844026 0.843469 0.843760 0.843469 0.844238 
10.947824 0.838639 0.838377 0.838438 0.838377 0.838502 0.838419 0.838438 0.838419 0.838843 
10.968539 0.833166 0.832899 0.833006 0.832899 0.833291 0.832729 0.833006 0.832729 0.833878 
10.989254 0.827921 0.827888 0.827776 0.827888 0.827251 0.827646 0.827776 0.827646 0.827671 
11.009969 0.822498 0.822209 0.822170 0.822209 0.821855 0.822684 0.822170 0.822684 0.822389 
11.030684 0.817017 0.816645 0.817005 0.816645 0.816885 0.817211 0.817005 0.817211 0.817558 
11.051399 0.811953 0.811563 0.811789 0.811563 0.811869 0.812090 0.811789 0.812090 0.811248 
11.072114 0.806652 0.806491 0.806493 0.806491 0.806750 0.806516 0.806493 0.806516 0.806420 
11.092829 0.801153 0.801087 0.801171 0.801087 0.801349 0.801225 0.801171 0.801225 0.801360 
11.113544 0.796096 0.795870 0.796131 0.795870 0.795899 0.796074 0.796131 0.796074 0.796913 
11.134259 0.790846 0.790506 0.790690 0.790506 0.790138 0.790659 0.790690 0.790659 0.790711 
11.154974 0.785639 0.785561 0.785586 0.785561 0.784806 0.785304 0.785586 0.785304 0.785924 
11.175688 0.780305 0.780166 0.780234 0.780166 0.780133 0.780158 0.780234 0.780158 0.780440 
11.196403 0.775356 0.775091 0.775313 0.775091 0.774886 0.775007 0.775313 0.775007 0.775048 
11.217118 0.770098 0.769922 0.770046 0.769922 0.770548 0.769913 0.770046 0.769913 0.770150 
11.237833 0.765076 0.764808 0.764863 0.764808 0.765539 0.765063 0.764863 0.765063 0.765035 
11.258548 0.759924 0.759532 0.759972 0.759532 0.760040 0.760251 0.759972 0.760251 0.759783 
11.279263 0.754750 0.754666 0.754787 0.754666 0.754634 0.754832 0.754787 0.754832 0.754764 
11.299978 0.749863 0.749615 0.749615 0.749615 0.749797 0.749922 0.749615 0.749922 0.750150 
11.320693 0.744737 0.744613 0.744380 0.744613 0.745279 0.744477 0.744380 0.744477 0.745031 
11.341407 0.739726 0.739696 0.739312 0.739696 0.739898 0.739840 0.739312 0.739840 0.739723 
11.362122 0.734701 0.734640 0.734718 0.734640 0.735340 0.734898 0.734718 0.734898 0.735150 
11.382837 0.729673 0.729530 0.729646 0.729530 0.730249 0.729712 0.729646 0.729712 0.729662 
11.403553 0.724633 0.724671 0.724636 0.724671 0.725482 0.724895 0.724636 0.724895 0.724909 
11.424267 0.719772 0.719879 0.719437 0.719879 0.719828 0.719847 0.719437 0.719847 0.720196 
11.444982 0.714917 0.714772 0.714781 0.714772 0.714600 0.714928 0.714781 0.714928 0.715329 
11.465697 0.709994 0.710024 0.709747 0.710024 0.710272 0.710101 0.709747 0.710101 0.710656 
11.486412 0.705089 0.705184 0.705114 0.705184 0.705616 0.705394 0.705114 0.705394 0.705473 
11.507126 0.700205 0.700361 0.700273 0.700361 0.700451 0.700324 0.700273 0.700324 0.700980 
11.527842 0.695525 0.695459 0.695223 0.695459 0.695722 0.695678 0.695223 0.695678 0.695536 
11.548557 0.690591 0.690629 0.690563 0.690629 0.690396 0.690750 0.690563 0.690750 0.691369 
11.569272 0.685819 0.685836 0.685865 0.685836 0.685912 0.685818 0.685865 0.685818 0.685911 
11.589986 0.681051 0.680975 0.680944 0.680975 0.681202 0.681145 0.680944 0.681145 0.681312 
11.610701 0.676407 0.676311 0.676269 0.676311 0.676630 0.676586 0.676269 0.676586 0.676215 
11.631416 0.671624 0.671759 0.671546 0.671759 0.671436 0.671880 0.671546 0.671880 0.671769 
11.652131 0.666892 0.666724 0.666809 0.666724 0.666498 0.666794 0.666809 0.666794 0.666716 
11.672846 0.662095 0.661894 0.662198 0.661894 0.662205 0.661863 0.662198 0.661863 0.662519 
11.693561 0.657373 0.657384 0.657239 0.657384 0.657618 0.657133 0.657239 0.657133 0.657553 
11.714276 0.652697 0.652534 0.652644 0.652534 0.653308 0.652492 0.652644 0.652492 0.652556 
11.734991 0.647923 0.647886 0.647938 0.647886 0.647892 0.648001 0.647938 0.648001 0.648093 
11.755705 0.643405 0.643335 0.643249 0.643335 0.643425 0.643100 0.643249 0.643100 0.642850 
11.776420 0.638594 0.638787 0.638762 0.638787 0.638987 0.638171 0.638762 0.638171 0.638337 
11.797135 0.633991 0.633604 0.634073 0.633604 0.634271 0.633895 0.634073 0.633895 0.634357 
11.817850 0.629427 0.629602 0.629290 0.629602 0.629636 0.629327 0.629290 0.629327 0.630023 
11.838565 0.624786 0.624532 0.624925 0.624532 0.624679 0.624354 0.624925 0.624354 0.624912 
11.859280 0.620247 0.620091 0.620208 0.620091 0.620814 0.620025 0.620208 0.620025 0.620419 
11.879995 0.615779 0.615605 0.615608 0.615605 0.615583 0.615310 0.615608 0.615310 0.615808 
11.900710 0.611031 0.610927 0.610931 0.610927 0.610690 0.611286 0.610931 0.611286 0.611211 
11.921424 0.606579 0.606453 0.606510 0.606453 0.606384 0.606216 0.606510 0.606216 0.606327 
11.942140 0.601995 0.601826 0.601859 0.601826 0.601791 0.601893 0.601859 0.601893 0.602060 
11.962855 0.597590 0.597473 0.597552 0.597473 0.597856 0.597327 0.597552 0.597327 0.597145 
11.983570 0.592955 0.592950 0.592967 0.592950 0.592879 0.593162 0.592967 0.593162 0.592874 
12.004284 0.588543 0.588498 0.588431 0.588498 0.588671 0.588340 0.588431 0.588340 0.588550 
12.024999 0.583893 0.584077 0.583983 0.584077 0.584296 0.584166 0.583983 0.584166 0.583935 
12.045714 0.579620 0.579321 0.579439 0.579321 0.579434 0.579413 0.579439 0.579413 0.579577 
12.066429 0.575082 0.574912 0.575111 0.574912 0.575240 0.575304 0.575111 0.575304 0.575710 
12.087144 0.570762 0.570705 0.570622 0.570705 0.570786 0.570570 0.570622 0.570570 0.570875 
12.107859 0.566303 0.566193 0.566405 0.566193 0.566288 0.566413 0.566405 0.566413 0.566904 
12.128574 0.561904 0.561854 0.561921 0.561854 0.561678 0.562288 0.561921 0.562288 0.562056 
12.149289 0.557441 0.557588 0.557613 0.557588 0.557904 0.557524 0.557613 0.557524 0.557806 
12.170003 0.553226 0.553118 0.553029 0.553118 0.553108 0.553033 0.553029 0.553033 0.553487 
12.190718 0.548828 0.548852 0.548750 0.548852 0.549128 0.548804 0.548750 0.548804 0.548831 
12.211433 0.544569 0.544530 0.544452 0.544530 0.544677 0.544381 0.544452 0.544381 0.544910 
12.232148 0.540312 0.540181 0.540105 0.540181 0.540407 0.540210 0.540105 0.540210 0.539796 
12.252863 0.535853 0.535798 0.535973 0.535798 0.535727 0.536218 0.535973 0.536218 0.535899 
12.273578 0.531710 0.531339 0.531723 0.531339 0.532108 0.531845 0.531723 0.531845 0.531665 
12.294293 0.527369 0.527312 0.527223 0.527312 0.527751 0.527608 0.527223 0.527608 0.527291 
12.315008 0.523075 0.523002 0.523126 0.523002 0.523618 0.523343 0.523126 0.523343 0.523326 
12.335722 0.518971 0.518799 0.518898 0.518799 0.518934 0.519168 0.518898 0.519168 0.519384 
12.356437 0.514749 0.514734 0.514643 0.514734 0.515242 0.514723 0.514643 0.514723 0.514930 
12.377152 0.510389 0.510424 0.510470 0.510424 0.510555 0.510211 0.510470 0.510211 0.510581 
12.397868 0.506299 0.506351 0.506148 0.506351 0.506359 0.506144 0.506148 0.506144 0.506952 
12.418582 0.502022 0.502144 0.502129 0.502144 0.502148 0.502096 0.502129 0.502096 0.502027 
12.439297 0.497994 0.498033 0.497805 0.498033 0.498182 0.497837 0.497805 0.497837 0.498269 
12.460012 0.493968 0.493839 0.493836 0.493839 0.493919 0.494063 0.493836 0.494063 0.494513 
12.480727 0.489805 0.489877 0.489643 0.489877 0.489772 0.490005 0.489643 0.490005 0.489728 
12.501441 0.485585 0.485584 0.485495 0.485584 0.485674 0.485726 0.485495 0.485726 0.485740 
12.522157 0.481517 0.481451 0.481348 0.481451 0.481379 0.481445 0.481348 0.481445 0.481967 
12.542872 0.477396 0.477349 0.477326 0.477349 0.477232 0.477257 0.477326 0.477257 0.477850 
12.563587 0.473476 0.473416 0.473145 0.473416 0.473315 0.473162 0.473145 0.473162 0.473184 
12.584301 0.469168 0.469150 0.469152 0.469150 0.469369 0.469140 0.469152 0.469140 0.469402 
12.605016 0.465223 0.465095 0.465050 0.465095 0.465250 0.465184 0.465050 0.465184 0.465242 
12.625731 0.461176 0.460949 0.461047 0.460949 0.460831 0.460941 0.461047 0.460941 0.461228 
12.646446 0.457007 0.456941 0.456912 0.456941 0.457070 0.457343 0.456912 0.457343 0.457068 
12.667161 0.453157 0.453006 0.452969 0.453006 0.452680 0.452936 0.452969 0.452936 0.453178 
12.687876 0.449120 0.448835 0.449026 0.448835 0.449008 0.449014 0.449026 0.449014 0.449149 
12.708591 0.445055 0.445001 0.444948 0.445001 0.445131 0.445051 0.444948 0.445051 0.445393 
12.729306 0.441080 0.440883 0.441066 0.440883 0.440577 0.441293 0.441066 0.441293 0.440962 
12.750021 0.437143 0.437157 0.437069 0.437157 0.437167 0.437002 0.437069 0.437002 0.437547 
12.770735 0.433135 0.433230 0.433114 0.433230 0.432952 0.432931 0.433114 0.432931 0.433103 
12.791451 0.429162 0.429174 0.429133 0.429174 0.429488 0.429359 0.429133 0.429359 0.429270 
12.812166 0.425271 0.425355 0.425328 0.425355 0.425497 0.424983 0.425328 0.424983 0.425216 
12.832880 0.421389 0.421276 0.421383 0.421276 0.420976 0.421382 0.421383 0.421382 0.421247 
12.853595 0.417490 0.417397 0.417421 0.417397 0.417547 0.417452 0.417421 0.417452 0.417624 
12.874310 0.413448 0.413354 0.413520 0.413354 0.413452 0.413498 0.413520 0.413498 0.413517 
12.895025 0.409572 0.409636 0.409715 0.409636 0.410099 0.409482 0.409715 0.409482 0.409625 
12.915740 0.405757 0.405766 0.405960 0.405766 0.405770 0.405924 0.405960 0.405924 0.405625 
12.936455 0.401887 0.401946 0.402027 0.401946 0.401895 0.402236 0.402027 0.402236 0.402202 
12.957170 0.398187 0.398007 0.398044 0.398007 0.397752 0.397916 0.398044 0.397916 0.398168 
12.977885 0.394303 0.394302 0.394399 0.394302 0.394239 0.394082 0.394399 0.394082 0.394546 
12.998600 0.390475 0.390373 0.390447 0.390373 0.390878 0.390311 0.390447 0.390311 0.390596 
13.019314 0.386625 0.386583 0.386704 0.386583 0.386764 0.386602 0.386704 0.386602 0.386906 
13.040029 0.382880 0.382817 0.382896 0.382817 0.383063 0.382802 0.382896 0.382802 0.383141 
13.060744 0.379026 0.379075 0.379092 0.379075 0.378972 0.379425 0.379092 0.379425 0.379108 
13.081459 0.375258 0.375471 0.375172 0.375471 0.375819 0.375096 0.375172 0.375096 0.375555 
13.102174 0.371553 0.371520 0.371522 0.371520 0.371698 0.371335 0.371522 0.371335 0.371650 
13.122889 0.367805 0.367742 0.367772 0.367742 0.367987 0.367803 0.367772 0.367803 0.367446 
13.143604 0.364050 0.364128 0.363994 0.364128 0.364367 0.364075 0.363994 0.364075 0.364177 
13.164319 0.360375 0.360341 0.360397 0.360341 0.360609 0.360269 0.360397 0.360269 0.360545 
13.185033 0.356621 0.356597 0.356579 0.356597 0.356829 0.356639 0.356579 0.356639 0.356776 
13.205748 0.352990 0.352922 0.352866 0.352922 0.352848 0.352934 0.352866 0.352934 0.353013 
13.226463 0.349309 0.349345 0.349225 0.349345 0.349452 0.349327 0.349225 0.349327 0.349310 
13.247179 0.345571 0.345612 0.345618 0.345612 0.346099 0.345521 0.345618 0.345521 0.345893 
13.267893 0.341956 0.341892 0.341904 0.341892 0.341774 0.341860 0.341904 0.341860 0.342068 
13.288608 0.338465 0.338260 0.338257 0.338260 0.338334 0.338487 0.338257 0.338487 0.338647 
13.309323 0.334723 0.334637 0.334606 0.334637 0.334725 0.334636 0.334606 0.334636 0.334551 
13.330038 0.331077 0.331027 0.330944 0.331027 0.330508 0.331246 0.330944 0.331246 0.330961 
13.350752 0.327534 0.327480 0.327336 0.327480 0.327677 0.327320 0.327336 0.327320 0.327375 
13.371468 0.323926 0.323775 0.323736 0.323775 0.324145 0.323937 0.323736 0.323937 0.323892 
13.392183 0.320133 0.320199 0.320128 0.320199 0.320402 0.320185 0.320128 0.320185 0.320247 
13.412898 0.316646 0.316505 0.316587 0.316505 0.316487 0.316786 0.316587 0.316786 0.316619 
13.433612 0.313144 0.313002 0.313015 0.313002 0.312959 0.313171 0.313015 0.313171 0.313465 
13.454327 0.309522 0.309347 0.309449 0.309347 0.309550 0.309665 0.309449 0.309665 0.309647 
13.475042 0.305961 0.305878 0.305954 0.305878 0.305747 0.306223 0.305954 0.306223 0.305859 
13.495757 0.302352 0.302523 0.302438 0.302523 0.302490 0.302502 0.302438 0.302502 0.302365 
13.516472 0.298863 0.298866 0.298952 0.298866 0.299255 0.298862 0.298952 0.298862 0.299174 
13.537187 0.295386 0.295398 0.295357 0.295398 0.295605 0.295361 0.295357 0.295361 0.295443 
13.557902 0.291878 0.291783 0.291826 0.291783 0.291882 0.291791 0.291826 0.291791 0.292049 
13.578617 0.288378 0.288238 0.288373 0.288238 0.288198 0.288426 0.288373 0.288426 0.288300 
13.599331 0.284935 0.284849 0.284847 0.284849 0.284836 0.284708 0.284847 0.284708 0.284899 
13.620046 0.281418 0.281328 0.281359 0.281328 0.281457 0.281456 0.281359 0.281456 0.281331 
13.640761 0.277953 0.277926 0.277848 0.277926 0.278064 0.277808 0.277848 0.277808 0.278102 
13.661477 0.274508 0.274458 0.274541 0.274458 0.274442 0.274450 0.274541 0.274450 0.274616 
13.682191 0.271095 0.270988 0.271031 0.270988 0.270964 0.271041 0.271031 0.271041 0.271265 
13.702906 0.267610 0.267582 0.267577 0.267582 0.267936 0.267626 0.267577 0.267626 0.267482 
13.723621 0.264167 0.264159 0.264181 0.264159 0.263999 0.264175 0.264181 0.264175 0.264505 
13.744336 0.260723 0.260725 0.260688 0.260725 0.260921 0.260858 0.260688 0.260858 0.260726 
13.765050 0.257319 0.257313 0.257403 0.257313 0.257283 0.257441 0.257403 0.257441 0.257402 
13.785766 0.253879 0.254029 0.253954 0.254029 0.254122 0.253998 0.253954 0.253998 0.254054 
13.806481 0.250606 0.250572 0.250643 0.250572 0.250623 0.250597 0.250643 0.250597 0.250494 
13.827196 0.247226 0.247157 0.247249 0.247157 0.247105 0.247249 0.247249 0.247249 0.247101 
13.847910 0.243875 0.243775 0.243862 0.243775 0.244004 0.243999 0.243862 0.243999 0.243700 
13.868625 0.240460 0.240415 0.240441 0.240415 0.240338 0.240628 0.240441 0.240628 0.240432 
13.889340 0.237136 0.237146 0.237215 0.237146 0.237002 0.237254 0.237215 0.237254 0.237123 
13.910055 0.233816 0.233814 0.233840 0.233814 0.233887 0.233793 0.233840 0.233793 0.233854 
13.930770 0.230521 0.230508 0.230502 0.230508 0.230606 0.230650 0.230502 0.230650 0.230417 
13.951485 0.227161 0.227215 0.227111 0.227215 0.227017 0.227158 0.227111 0.227158 0.227174 
13.972200 0.223889 0.223840 0.223911 0.223840 0.223990 0.223992 0.223911 0.223992 0.223704 
13.992915 0.220555 0.220603 0.220547 0.220603 0.220536 0.220549 0.220547 0.220549 0.220532 
14.013629 0.217320 0.217302 0.217312 0.217302 0.217289 0.217281 0.217312 0.217281 0.217054 
14.034344 0.214077 0.214072 0.214044 0.214072 0.214020 0.214052 0.214044 0.214052 0.213967 
14.055059 0.210833 0.210733 0.210756 0.210733 0.210717 0.210781 0.210756 0.210781 0.210847 
14.075774 0.207525 0.207442 0.207491 0.207442 0.207512 0.207478 0.207491 0.207478 0.207632 
14.096489 0.204309 0.204215 0.204231 0.204215 0.204254 0.204215 0.204231 0.204215 0.204370 
14.117204 0.201032 0.201039 0.201078 0.201039 0.201003 0.201020 0.201078 0.201020 0.201105 
14.137919 0.197799 0.197789 0.197762 0.197789 0.197876 0.197818 0.197762 0.197818 0.197972 
14.158634 0.194623 0.194563 0.194565 0.194563 0.194775 0.194502 0.194565 0.194502 0.194740 
14.179348 0.191408 0.191329 0.191294 0.191329 0.191513 0.191403 0.191294 0.191403 0.191526 
14.200063 0.188236 0.188194 0.188253 0.188194 0.188287 0.188155 0.188253 0.188155 0.188258 
14.220778 0.185036 0.184960 0.184978 0.184960 0.185165 0.185087 0.184978 0.185087 0.185123 
14.241494 0.181797 0.181950 0.181824 0.181950 0.181853 0.181913 0.181824 0.181913 0.181897 
14.262208 0.178658 0.178676 0.178646 0.178676 0.178512 0.178763 0.178646 0.178763 0.178687 
14.282923 0.175492 0.175550 0.175486 0.175550 0.175510 0.175461 0.175486 0.175461 0.175567 
14.303638 0.172383 0.172322 0.172326 0.172322 0.172418 0.172426 0.172326 0.172426 0.172456 
14.324353 0.169247 0.169244 0.169192 0.169244 0.169159 0.169223 0.169192 0.169223 0.169395 
14.345068 0.166109 0.166058 0.166020 0.166058 0.165965 0.166180 0.166020 0.166180 0.166255 
14.365783 0.162953 0.162919 0.162929 0.162919 0.162877 0.163094 0.162929 0.163094 0.163073 
14.386498 0.159878 0.159875 0.159770 0.159875 0.159901 0.159801 0.159770 0.159801 0.159709 
14.407213 0.156781 0.156811 0.156698 0.156811 0.156737 0.156853 0.156698 0.156853 0.156722 
14.427927 0.153646 0.153646 0.153607 0.153646 0.153649 0.153724 0.153607 0.153724 0.153595 
14.448642 0.150566 0.150539 0.150517 0.150539 0.150378 0.150544 0.150517 0.150544 0.150523 
14.469357 0.147415 0.147431 0.147457 0.147431 0.147682 0.147421 0.147457 0.147421 0.147426 
14.490072 0.144386 0.144350 0.144486 0.144350 0.144355 0.144390 0.144486 0.144390 0.144347 
14.510787 0.141376 0.141254 0.141313 0.141254 0.141268 0.141411 0.141313 0.141411 0.141448 
14.531502 0.138355 0.138276 0.138297 0.138276 0.138433 0.138286 0.138297 0.138286 0.138412 
14.552217 0.135230 0.135211 0.135244 0.135211 0.135447 0.135440 0.135244 0.135440 0.135176 
14.572932 0.132208 0.132157 0.132189 0.132157 0.132140 0.132343 0.132189 0.132343 0.132330 
14.593647 0.129159 0.129076 0.129208 0.129076 0.129141 0.129111 0.129208 0.129111 0.129049 
14.614361 0.126168 0.126147 0.126193 0.126147 0.126344 0.126015 0.126193 0.126015 0.126338 
14.635077 0.123177 0.123158 0.123206 0.123158 0.123204 0.123269 0.123206 0.123269 0.123060 
14.655792 0.120242 0.120223 0.120152 0.120223 0.120017 0.120244 0.120152 0.120244 0.120335 
14.676507 0.117526 0.117475 0.117493 0.117475 0.117287 0.117467 0.117493 0.117467 0.117512 
14.697221 0.114854 0.114796 0.114914 0.114796 0.114884 0.114880 0.114914 0.114880 0.114988 
14.717936 0.112352 0.112471 0.112453 0.112471 0.112462 0.112390 0.112453 0.112390 0.112397 
14.738651 0.109967 0.109985 0.109963 0.109985 0.109908 0.109918 0.109963 0.109918 0.110105 
14.759366 0.107640 0.107600 0.107547 0.107600 0.107740 0.107529 0.107547 0.107529 0.107653 
14.780081 0.105332 0.105306 0.105391 0.105306 0.105466 0.105365 0.105391 0.105365 0.105303 
14.800796 0.103173 0.103150 0.103155 0.103150 0.103109 0.103171 0.103155 0.103171 0.103242 
14.821511 0.100969 0.100998 0.101013 0.100998 0.100992 0.100876 0.101013 0.100876 0.100918 
14.842226 0.098896 0.098903 0.098925 0.098903 0.099034 0.098873 0.098925 0.098873 0.098977 
14.862940 0.096831 0.096845 0.096807 0.096845 0.096825 0.096848 0.096807 0.096848 0.096830 
14.883655 0.094868 0.094850 0.094816 0.094850 0.094830 0.094831 0.094816 0.094831 0.094926 
14.904370 0.092889 0.092857 0.092898 0.092857 0.092736 0.092886 0.092898 0.092886 0.092847 
14.925085 0.090966 0.090992 0.090934 0.090992 0.091063 0.090917 0.090934 0.090917 0.091022 
14.945800 0.089067 0.089107 0.089072 0.089107 0.089031 0.089162 0.089072 0.089162 0.089068 
14.966515 0.087276 0.087258 0.087235 0.087258 0.087194 0.087356 0.087235 0.087356 0.087238 
14.987230 0.085477 0.085425 0.085430 0.085425 0.085520 0.085469 0.085430 0.085469 0.085451 
15.007945 0.083724 0.083696 0.083679 0.083696 0.083640 0.083710 0.083679 0.083710 0.083808 
15.028659 0.081971 0.081926 0.081956 0.081926 0.081891 0.081975 0.081956 0.081975 0.081841 
15.049374 0.080252 0.080289 0.080242 0.080289 0.080309 0.080224 0.080242 0.080224 0.080226 
15.070089 0.078614 0.078539 0.078592 0.078539 0.078572 0.078591 0.078592 0.078591 0.078640 
15.090805 0.076979 0.076966 0.076962 0.076966 0.076968 0.077098 0.076962 0.077098 0.077049 
15.111519 0.075395 0.075415 0.075396 0.075415 0.075329 0.075494 0.075396 0.075494 0.075437 
15.132234 0.073820 0.073795 0.073806 0.073795 0.073781 0.073869 0.073806 0.073869 0.073798 
15.152949 0.072300 0.072278 0.072251 0.072278 0.072249 0.072232 0.072251 0.072232 0.072205 
15.173664 0.070776 0.070799 0.070776 0.070799 0.070730 0.070710 0.070776 0.070710 0.070775 
15.194379 0.069275 0.069243 0.069292 0.069243 0.069258 0.069322 0.069292 0.069322 0.069392 
15.215094 0.067834 0.067824 0.067825 0.067824 0.067910 0.067931 0.067825 0.067931 0.067810 
15.235809 0.066407 0.066394 0.066410 0.066394 0.066372 0.066414 0.066410 0.066414 0.066449 
15.256524 0.065008 0.065021 0.064957 0.065021 0.064930 0.064932 0.064957 0.064932 0.065055 
15.277238 0.063602 0.063632 0.063596 0.063632 0.063611 0.063590 0.063596 0.063590 0.063539 
15.297953 0.062250 0.062286 0.062262 0.062286 0.062314 0.062212 0.062262 0.062212 0.062276 
15.318668 0.060905 0.060923 0.060954 0.060923 0.060909 0.060925 0.060954 0.060925 0.060856 
15.339383 0.059594 0.059638 0.059663 0.059638 0.059642 0.059650 0.059663 0.059650 0.059629 
15.360098 0.058356 0.058376 0.058360 0.058376 0.058195 0.058357 0.058360 0.058357 0.058273 
15.380813 0.057055 0.057055 0.057108 0.057055 0.057036 0.057042 0.057108 0.057042 0.057037 
15.401528 0.055865 0.055849 0.055808 0.055849 0.055796 0.055866 0.055808 0.055866 0.055965 
15.422243 0.054625 0.054585 0.054687 0.054585 0.054667 0.054649 0.054687 0.054649 0.054700 
15.442957 0.053468 0.053474 0.053426 0.053474 0.053353 0.053484 0.053426 0.053484 0.053408 
15.463672 0.052275 0.052251 0.052264 0.052251 0.052275 0.052237 0.052264 0.052237 0.052231 
15.484387 0.051120 0.051120 0.051086 0.051120 0.051021 0.051044 0.051086 0.051044 0.051098 
15.505103 0.050012 0.049984 0.049998 0.049984 0.049970 0.050057 0.049998 0.050057 0.050003 
15.525817 0.048873 0.048909 0.048877 0.048909 0.048902 0.048873 0.048877 0.048873 0.048887 
15.546532 0.047775 0.047748 0.047792 0.047748 0.047784 0.047858 0.047792 0.047858 0.047704 
15.567247 0.046733 0.046707 0.046732 0.046707 0.046784 0.046669 0.046732 0.046669 0.046657 
15.587962 0.045667 0.045643 0.045640 0.045643 0.045687 0.045641 0.045640 0.045641 0.045731 
15.608676 0.044625 0.044628 0.044628 0.044628 0.044558 0.044680 0.044628 0.044680 0.044668 
15.629392 0.043615 0.043600 0.043583 0.043600 0.043567 0.043632 0.043583 0.043632 0.043663 
15.650107 0.042619 0.042597 0.042570 0.042597 0.042700 0.042629 0.042570 0.042629 0.042635 
15.670822 0.041622 0.041602 0.041622 0.041602 0.041652 0.041549 0.041622 0.041549 0.041645 
15.691536 0.040676 0.040681 0.040637 0.040681 0.040666 0.040587 0.040637 0.040587 0.040590 
15.712251 0.039696 0.039669 0.039683 0.039669 0.039727 0.039718 0.039683 0.039718 0.039661 
15.732966 0.038770 0.038794 0.038802 0.038794 0.038877 0.038695 0.038802 0.038695 0.038854 
15.753681 0.037848 0.037829 0.037842 0.037829 0.037916 0.037877 0.037842 0.037877 0.037846 
15.774396 0.036953 0.036948 0.036966 0.036948 0.036972 0.036955 0.036966 0.036955 0.037002 
15.795111 0.036085 0.036070 0.036082 0.036070 0.036144 0.036115 0.036082 0.036115 0.036120 
15.815826 0.035185 0.035224 0.035203 0.035224 0.035214 0.035268 0.035203 0.035268 0.035285 
15.836541 0.034369 0.034332 0.034360 0.034332 0.034307 0.034398 0.034360 0.034398 0.034384 
15.857255 0.033507 0.033490 0.033530 0.033490 0.033592 0.033555 0.033530 0.033555 0.033475 
15.877970 0.032689 0.032690 0.032654 0.032690 0.032807 0.032738 0.032654 0.032738 0.032751 
15.898685 0.031881 0.031891 0.031885 0.031891 0.031855 0.031889 0.031885 0.031889 0.031918 
15.919400 0.031095 0.031091 0.031080 0.031091 0.031078 0.031051 0.031080 0.031051 0.031004 
15.940115 0.030298 0.030310 0.030302 0.030310 0.030402 0.030338 0.030302 0.030338 0.030297 
15.960830 0.029553 0.029548 0.029536 0.029548 0.029498 0.029510 0.029536 0.029510 0.029613 
15.981545 0.028778 0.028788 0.028783 0.028788 0.028788 0.028753 0.028783 0.028753 0.028776 
16.002260 0.028035 0.028028 0.028051 0.028028 0.028019 0.028056 0.028051 0.028056 0.028082 
16.022975 0.027313 0.027312 0.027323 0.027312 0.027416 0.027359 0.027323 0.027359 0.027307 
16.043690 0.026613 0.026597 0.026630 0.026597 0.026664 0.026623 0.026630 0.026623 0.026596 
16.064404 0.025928 0.025899 0.025902 0.025899 0.026009 0.025902 0.025902 0.025902 0.025945 
16.085119 0.025228 0.025214 0.025212 0.025214 0.025213 0.025238 0.025212 0.025238 0.025311 
16.105834 0.024560 0.024542 0.024564 0.024542 0.024526 0.024569 0.024564 0.024569 0.024526 
16.126550 0.023891 0.023904 0.023873 0.023904 0.023863 0.023888 0.023873 0.023888 0.023891 
16.147264 0.023244 0.023229 0.023214 0.023229 0.023191 0.023276 0.023214 0.023276 0.023275 
16.167979 0.022585 0.022595 0.022589 0.022595 0.022632 0.022564 0.022589 0.022564 0.022569 
16.188694 0.021975 0.021961 0.021953 0.021961 0.021913 0.021964 0.021953 0.021964 0.022045 
16.209409 0.021356 0.021374 0.021364 0.021374 0.021338 0.021353 0.021364 0.021353 0.021340 
16.230124 0.020747 0.020736 0.020748 0.020736 0.020806 0.020694 0.020748 0.020694 0.020743 
16.250838 0.020164 0.020145 0.020154 0.020145 0.020136 0.020126 0.020154 0.020126 0.020184 
16.271554 0.019582 0.019579 0.019570 0.019579 0.019591 0.019566 0.019570 0.019566 0.019541 
16.292269 0.019012 0.019015 0.019018 0.019015 0.019040 0.019047 0.019018 0.019047 0.019024 
16.312984 0.018454 0.018433 0.018464 0.018433 0.018418 0.018426 0.018464 0.018426 0.018459 
16.333698 0.017908 0.017903 0.017898 0.017903 0.017935 0.017937 0.017898 0.017937 0.017923 
16.354413 0.017361 0.017369 0.017366 0.017369 0.017379 0.017339 0.017366 0.017339 0.017368 
16.375128 0.016847 0.016854 0.016831 0.016854 0.016874 0.016847 0.016831 0.016847 0.016878 
16.395843 0.016331 0.016331 0.016326 0.016331 0.016300 0.016297 0.016326 0.016297 0.016335 
16.416558 0.015824 0.015833 0.015826 0.015833 0.015810 0.015824 0.015826 0.015824 0.015763 
16.437273 0.015343 0.015337 0.015328 0.015337 0.015335 0.015309 0.015328 0.015309 0.015355 
16.457988 0.014856 0.014844 0.014836 0.014844 0.014835 0.014833 0.014836 0.014833 0.014855 
16.478703 0.014368 0.014371 0.014393 0.014371 0.014357 0.014366 0.014393 0.014366 0.014383 
16.499417 0.013916 0.013896 0.013903 0.013896 0.013961 0.013887 0.013903 0.013887 0.013875 
16.520132 0.013463 0.013451 0.013467 0.013451 0.013480 0.013436 0.013467 0.013436 0.013468 
16.540847 0.013014 0.013007 0.013021 0.013007 0.013027 0.012995 0.013021 0.012995 0.013044 
16.561563 0.012578 0.012574 0.012569 0.012574 0.012585 0.012577 0.012569 0.012577 0.012558 
16.582277 0.012142 0.012161 0.012156 0.012161 0.012207 0.012134 0.012156 0.012134 0.012198 
16.602992 0.011739 0.011744 0.011744 0.011744 0.011681 0.011685 0.011744 0.011685 0.011710 
16.623707 0.011322 0.011330 0.011341 0.011330 0.011309 0.011320 0.011341 0.011320 0.011315 
16.644422 0.010922 0.010943 0.010917 0.010943 0.010883 0.010966 0.010917 0.010966 0.010952 
16.665136 0.010543 0.010543 0.010556 0.010543 0.010519 0.010540 0.010556 0.010540 0.010553 
16.685851 0.010151 0.010156 0.010156 0.010156 0.010165 0.010146 0.010156 0.010146 0.010127 
16.706567 0.009778 0.009790 0.009775 0.009790 0.009791 0.009759 0.009775 0.009759 0.009801 
16.727282 0.009414 0.009409 0.009425 0.009409 0.009399 0.009424 0.009425 0.009424 0.009423 
16.747996 0.009061 0.009076 0.009051 0.009076 0.009101 0.009033 0.009051 0.009033 0.009061 
16.768711 0.008720 0.008718 0.008717 0.008718 0.008717 0.008689 0.008717 0.008689 0.008729 
16.789426 0.008371 0.008379 0.008380 0.008379 0.008401 0.008372 0.008380 0.008372 0.008371 
16.810141 0.008049 0.008050 0.008050 0.008050 0.008055 0.008028 0.008050 0.008028 0.008061 
16.830855 0.007717 0.007725 0.007717 0.007725 0.007744 0.007714 0.007717 0.007714 0.007726 
16.851571 0.007407 0.007400 0.007390 0.007400 0.007395 0.007419 0.007390 0.007419 0.007416 
16.872286 0.007087 0.007081 0.007089 0.007081 0.007114 0.007083 0.007089 0.007083 0.007110 
16.893001 0.006790 0.006788 0.006776 0.006788 0.006773 0.006817 0.006776 0.006817 0.006790 
16.913715 0.006497 0.006501 0.006497 0.006501 0.006511 0.006507 0.006497 0.006507 0.006461 
16.934430 0.006220 0.006214 0.006210 0.006214 0.006223 0.006232 0.006210 0.006232 0.006214 
16.955145 0.005939 0.005937 0.005940 0.005937 0.005961 0.005950 0.005940 0.005950 0.005952 
16.975860 0.005668 0.005665 0.005671 0.005665 0.005675 0.005684 0.005671 0.005684 0.005658 
16.996575 0.005411 0.005400 0.005413 0.005400 0.005414 0.005405 0.005413 0.005405 0.005397 
17.017290 0.005159 0.005157 0.005153 0.005157 0.005152 0.005147 0.005153 0.005147 0.005177 
17.038005 0.004904 0.004893 0.004906 0.004893 0.004895 0.004908 0.004906 0.004908 0.004911 
17.058720 0.004663 0.004653 0.004663 0.004653 0.004695 0.004657 0.004663 0.004657 0.004652 
17.079434 0.004424 0.004421 0.004427 0.004421 0.004414 0.004444 0.004427 0.004444 0.004430 
17.100149 0.004203 0.004208 0.004201 0.004208 0.004200 0.004188 0.004201 0.004188 0.004210 
17.120864 0.003976 0.003981 0.003978 0.003981 0.003980 0.003985 0.003978 0.003985 0.003978 
17.141580 0.003765 0.003765 0.003772 0.003765 0.003763 0.003770 0.003772 0.003770 0.003761 
17.162294 0.003560 0.003561 0.003563 0.003561 0.003588 0.003563 0.003563 0.003563 0.003586 
17.183009 0.003354 0.003351 0.003349 0.003351 0.003342 0.003346 0.003349 0.003346 0.003357 
17.203724 0.003171 0.003164 0.003160 0.003164 0.003174 0.003163 0.003160 0.003163 0.003155 
17.224439 0.002978 0.002979 0.002983 0.002979 0.002986 0.002969 0.002983 0.002969 0.002999 
17.245154 0.002798 0.002797 0.002800 0.002797 0.002799 0.002773 0.002800 0.002773 0.002795 
17.265869 0.002621 0.002629 0.002619 0.002629 0.002647 0.002623 0.002619 0.002623 0.002629 
17.286584 0.002456 0.002459 0.002456 0.002459 0.002458 0.002454 0.002456 0.002454 0.002448 
17.307299 0.002292 0.002296 0.002290 0.002296 0.002289 0.002280 0.002290 0.002280 0.002289 
17.328013 0.002136 0.002141 0.002132 0.002141 0.002136 0.002140 0.002132 0.002140 0.002128 
17.348728 0.001985 0.001985 0.001999 0.001985 0.001993 0.001997 0.001999 0.001997 0.002002 
17.369443 0.001849 0.001841 0.001840 0.001841 0.001839 0.001843 0.001840 0.001843 0.001859 
17.390159 0.001709 0.001708 0.001708 0.001708 0.001710 0.001722 0.001708 0.001722 0.001699 
17.410873 0.001575 0.001575 0.001568 0.001575 0.001588 0.001574 0.001568 0.001574 0.001580 
17.431588 0.001451 0.001453 0.001449 0.001453 0.001452 0.001445 0.001449 0.001445 0.001442 
17.452303 0.001330 0.001329 0.001329 0.001329 0.001318 0.001338 0.001329 0.001338 0.001321 
17.473018 0.001215 0.001215 0.001210 0.001215 0.001214 0.001208 0.001210 0.001208 0.001217 
17.493732 0.001102 0.001107 0.001108 0.001107 0.001108 0.001098 0.001108 0.001098 0.001104 
17.514447 0.001001 0.001001 0.001003 0.001001 0.000997 0.000986 0.001003 0.000986 0.001008 
17.535163 0.000899 0.000897 0.000902 0.000897 0.000912 0.000896 0.000902 0.000896 0.000910 
17.555878 0.000813 0.000813 0.000813 0.000813 0.000816 0.000810 0.000813 0.000810 0.000798 
17.576592 0.000721 0.000726 0.000722 0.000726 0.000719 0.000720 0.000722 0.000720 0.000720 
17.597307 0.000639 0.000641 0.000639 0.000641 0.000627 0.000634 0.000639 0.000634 0.000644 
17.618022 0.000561 0.000560 0.000561 0.000560 0.000566 0.000565 0.000561 0.000565 0.000562 
17.638737 0.000491 0.000489 0.000490 0.000489 0.000485 0.000487 0.000490 0.000487 0.000484 
17.659451 0.000421 0.000422 0.000424 0.000422 0.000421 0.000421 0.000424 0.000421 0.000420 
17.680167 0.000362 0.000363 0.000362 0.000363 0.000359 0.000358 0.000362 0.000358 0.000364 
17.700882 0.000304 0.000305 0.000307 0.000305 0.000309 0.000301 0.000307 0.000301 0.000308 
17.721597 0.000254 0.000253 0.000254 0.000253 0.000259 0.000249 0.000254 0.000249 0.000257 
17.742311 0.000206 0.000207 0.000207 0.000207 0.000208 0.000210 0.000207 0.000210 0.000204 
17.763026 0.000166 0.000164 0.000166 0.000164 0.000161 0.000164 0.000166 0.000164 0.000168 
17.783741 0.000128 0.000127 0.000127 0.000127 0.000123 0.000131 0.000127 0.000131 0.000127 
17.804456 0.000096 0.000098 0.000096 0.000098 0.000093 0.000095 0.000096 0.000095 0.000092 
17.825171 0.000069 0.000069 0.000069 0.000069 0.000068 0.000070 0.000069 0.000070 0.000070 
17.845886 0.000046 0.000046 0.000046 0.000046 0.000047 0.000047 0.000046 0.000047 0.000047 
17.866601 0.000028 0.000028 0.000028 0.000028 0.000028 0.000028 0.000028 0.000028 0.000028 
17.887316 0.000014 0.000014 0.000015 0.000014 0.000014 0.000014 0.000015 0.000014 0.000014 
17.908031 0.000005 0.000005 0.000005 0.000005 0.000005 0.000005 0.000005 0.000005 0.000006 
17.928745 0.000001 0.000001 0.000001 0.000001 0.000000 0.000001 0.000001 0.000001 0.000001 
17.949460 0.000000 0.000000 0.000000 0.000000 0.000000 0.000000 0.000000 0.000000 0.000000 
17.970176 0.000000 0.000000 0.000000 0.000000 0.000000 0.000000 0.000000 0.000000 0.000000 
17.990891 0.000000 0.000000 0.000000 0.000000 0.000000 0.000000 0.000000 0.000000 0.000000 
18.011605 0.000000 0.000000 0.000000 0.000000 0.000000 0.000000 0.000000 0.000000 0.000000 
18.032320 0.000000 0.000000 0.000000 0.000000 0.000000 0.000000 0.000000 0.000000 0.000000 
18.053035 0.000000 0.000000 0.000000 0.000000 0.000000 0.000000 0.000000 0.000000 0.000000 
18.073750 0.000000 0.000000 0.000000 0.000000 0.000000 0.000000 0.000000 0.000000 0.000000 
18.094464 0.000000 0.000000 0.000000 0.000000 0.000000 0.000000 0.000000 0.000000 0.000000 
18.115180 0.000000 0.000000 0.000000 0.000000 0.000000 0.000000 0.000000 0.000000 0.000000 
18.135895 0.000000 0.000000 0.000000 0.000000 0.000000 0.000000 0.000000 0.000000 0.000000 
18.156610 0.000000 0.000000 0.000000 0.000000 0.000000 0.000000 0.000000 0.000000 0.000000 
18.177324 0.000000 0.000000 0.000000 0.000000 0.000000 0.000000 0.000000 0.000000 0.000000 
18.198039 0.000000 0.000000 0.000000 0.000000 0.000000 0.000000 0.000000 0.000000 0.000000 
18.218754 0.000000 0.000000 0.000000 0.000000 0.000000 0.000000 0.000000 0.000000 0.000000 
18.239469 0.000000 0.000000 0.000000 0.000000 0.000000 0.000000 0.000000 0.000000 0.000000 
18.260184 0.000000 0.000000 0.000000 0.000000 0.000000 0.000000 0.000000 0.000000 0.000000 
18.280899 0.000000 0.000000 0.000000 0.000000 0.000000 0.000000 0.000000 0.000000 0.000000 
18.301614 0.000000 0.000000 0.000000 0.000000 0.000000 0.000000 0.000000 0.000000 0.000000 
18.322329 0.000000 0.000000 0.000000 0.000000 0.000000 0.000000 0.000000 0.000000 0.000000 
18.343043 0.000000 0.000000 0.000000 0.000000 0.000000 0.000000 0.000000 0.000000 0.000000 
18.363758 0.000000 0.000000 0.000000 0.000000 0.000000 0.000000 0.000000 0.000000 0.000000 
18.384473 0.000000 0.000000 0.000000 0.000000 0.000000 0.000000 0.000000 0.000000 0.000000 
18.405189 0.000000 0.000000 0.000000 0.000000 0.000000 0.000000 0.000000 0.000000 0.000000 
18.425903 0.000000 0.000000 0.000000 0.000000 0.000000 0.000000 0.000000 0.000000 0.000000 
18.446618 0.000000 0.000000 0.000000 0.000000 0.000000 0.000000 0.000000 0.000000 0.000000 
18.467333 0.000000 0.000000 0.000000 0.000000 0.000000 0.000000 0.000000 0.000000 0.000000 
18.488048 0.000000 0.000000 0.000000 0.000000 0.000000 0.000000 0.000000 0.000000 0.000000 
18.508762 0.000000 0.000000 0.000000 0.000000 0.000000 0.000000 0.000000 0.000000 0.000000 
18.529477 0.000000 0.000000 0.000000 0.000000 0.000000 0.000000 0.000000 0.000000 0.000000 
18.550193 0.000000 0.000000 0.000000 0.000000 0.000000 0.000000 0.000000 0.000000 0.000000 
18.570908 0.000000 0.000000 0.000000 0.000000 0.000000 0.000000 0.000000 0.000000 0.000000 
18.591622 0.000000 0.000000 0.000000 0.000000 0.000000 0.000000 0.000000 0.000000 0.000000 
18.612337 0.000000 0.000000 0.000000 0.000000 0.000000 0.000000 0.000000 0.000000 0.000000 
18.633052 0.000000 0.000000 0.000000 0.000000 0.000000 0.000000 0.000000 0.000000 0.000000 
18.653767 0.000000 0.000000 0.000000 0.000000 0.000000 0.000000 0.000000 0.000000 0.000000 
18.674481 0.000000 0.000000 0.000000 0.000000 0.000000 0.000000 0.000000 0.000000 0.000000 
18.695197 0.000000 0.000000 0.000000 0.000000 0.000000 0.000000 0.000000 0.000000 0.000000 
18.715912 0.000000 0.000000 0.000000 0.000000 0.000000 0.000000 0.000000 0.000000 0.000000 
18.736627 0.000000 0.000000 0.000000 0.000000 0.000000 0.000000 0.000000 0.000000 0.000000 
18.757341 0.000000 0.000000 0.000000 0.000000 0.000000 0.000000 0.000000 0.000000 0.000000 
18.778056 0.000000 0.000000 0.000000 0.000000 0.000000 0.000000 0.000000 0.000000 0.000000 
18.798772 0.000000 0.000000 0.000000 0.000000 0.000000 0.000000 0.000000 0.000000 0.000000 
18.819487 0.000000 0.000000 0.000000 0.000000 0.000000 0.000000 0.000000 0.000000 0.000000 
18.840201 0.000000 0.000000 0.000000 0.000000 0.000000 0.000000 0.000000 0.000000 0.000000 
18.860916 0.000000 0.000000 0.000000 0.000000 0.000000 0.000000 0.000000 0.000000 0.000000 
18.881631 0.000000 0.000000 0.000000 0.000000 0.000000 0.000000 0.000000 0.000000 0.000000 
18.902346 0.000000 0.000000 0.000000 0.000000 0.000000 0.000000 0.000000 0.000000 0.000000 
18.923060 0.000000 0.000000 0.000000 0.000000 0.000000 0.000000 0.000000 0.000000 0.000000 
18.943776 0.000000 0.000000 0.000000 0.000000 0.000000 0.000000 0.000000 0.000000 0.000000 
18.964491 0.000000 0.000000 0.000000 0.000000 0.000000 0.000000 0.000000 0.000000 0.000000 
18.985206 0.000000 0.000000 0.000000 0.000000 0.000000 0.000000 0.000000 0.000000 0.000000 
19.005920 0.000000 0.000000 0.000000 0.000000 0.000000 0.000000 0.000000 0.000000 0.000000 
19.026635 0.000000 0.000000 0.000000 0.000000 0.000000 0.000000 0.000000 0.000000 0.000000 
19.047350 0.000000 0.000000 0.000000 0.000000 0.000000 0.000000 0.000000 0.000000 0.000000 
19.068065 0.000000 0.000000 0.000000 0.000000 0.000000 0.000000 0.000000 0.000000 0.000000 
19.088780 0.000000 0.000000 0.000000 0.000000 0.000000 0.000000 0.000000 0.000000 0.000000 
19.109495 0.000000 0.000000 0.000000 0.000000 0.000000 0.000000 0.000000 0.000000 0.000000 
19.130210 0.000000 0.000000 0.000000 0.000000 0.000000 0.000000 0.000000 0.000000 0.000000 
19.150925 0.000000 0.000000 0.000000 0.000000 0.000000 0.000000 0.000000 0.000000 0.000000 
19.171639 0.000000 0.000000 0.000000 0.000000 0.000000 0.000000 0.000000 0.000000 0.000000 
19.192354 0.000000 0.000000 0.000000 0.000000 0.000000 0.000000 0.000000 0.000000 0.000000 
19.213069 0.000000 0.000000 0.000000 0.000000 0.000000 0.000000 0.000000 0.000000 0.000000 
19.233785 0.000000 0.000000 0.000000 0.000000 0.000000 0.000000 0.000000 0.000000 0.000000 
19.254499 0.000000 0.000000 0.000000 0.000000 0.000000 0.000000 0.000000 0.000000 0.000000 
19.275214 0.000000 0.000000 0.000000 0.000000 0.000000 0.000000 0.000000 0.000000 0.000000 
19.295929 0.000000 0.000000 0.000000 0.000000 0.000000 0.000000 0.000000 0.000000 0.000000 
19.316644 0.000000 0.000000 0.000000 0.000000 0.000000 0.000000 0.000000 0.000000 0.000000 
19.337358 0.000000 0.000000 0.000000 0.000000 0.000000 0.000000 0.000000 0.000000 0.000000 
19.358073 0.000000 0.000000 0.000000 0.000000 0.000000 0.000000 0.000000 0.000000 0.000000 
19.378789 0.000000 0.000000 0.000000 0.000000 0.000000 0.000000 0.000000 0.000000 0.000000 
19.399504 0.000000 0.000000 0.000000 0.000000 0.000000 0.000000 0.000000 0.000000 0.000000 
19.420218 0.000000 0.000000 0.000000 0.000000 0.000000 0.000000 0.000000 0.000000 0.000000 
19.440933 0.000000 0.000000 0.000000 0.000000 0.000000 0.000000 0.000000 0.000000 0.000000 
19.461648 0.000000 0.000000 0.000000 0.000000 0.000000 0.000000 0.000000 0.000000 0.000000 
19.482363 0.000000 0.000000 0.000000 0.000000 0.000000 0.000000 0.000000 0.000000 0.000000 
19.503078 0.000000 0.000000 0.000000 0.000000 0.000000 0.000000 0.000000 0.000000 0.000000 
19.523793 0.000000 0.000000 0.000000 0.000000 0.000000 0.000000 0.000000 0.000000 0.000000 
19.544508 0.000000 0.000000 0.000000 0.000000 0.000000 0.000000 0.000000 0.000000 0.000000 
19.565223 0.000000 0.000000 0.000000 0.000000 0.000000 0.000000 0.000000 0.000000 0.000000 
19.585938 0.000000 0.000000 0.000000 0.000000 0.000000 0.000000 0.000000 0.000000 0.000000 
19.606652 0.000000 0.000000 0.000000 0.000000 0.000000 0.000000 0.000000 0.000000 0.000000 
19.627367 0.000000 0.000000 0.000000 0.000000 0.000000 0.000000 0.000000 0.000000 0.000000 
19.648082 0.000000 0.000000 0.000000 0.000000 0.000000 0.000000 0.000000 0.000000 0.000000 
19.668797 0.000000 0.000000 0.000000 0.000000 0.000000 0.000000 0.000000 0.000000 0.000000 
19.689512 0.000000 0.000000 0.000000 0.000000 0.000000 0.000000 0.000000 0.000000 0.000000 
19.710227 0.000000 0.000000 0.000000 0.000000 0.000000 0.000000 0.000000 0.000000 0.000000 
19.730942 0.000000 0.000000 0.000000 0.000000 0.000000 0.000000 0.000000 0.000000 0.000000 
19.751657 0.000000 0.000000 0.000000 0.000000 0.000000 0.000000 0.000000 0.000000 0.000000 
19.772371 0.000000 0.000000 0.000000 0.000000 0.000000 0.000000 0.000000 0.000000 0.000000 
19.793086 0.000000 0.000000 0.000000 0.000000 0.000000 0.000000 0.000000 0.000000 0.000000 
19.813802 0.000000 0.000000 0.000000 0.000000 0.000000 0.000000 0.000000 0.000000 0.000000 
19.834517 0.000000 0.000000 0.000000 0.000000 0.000000 0.000000 0.000000 0.000000 0.000000 
19.855231 0.000000 0.000000 0.000000 0.000000 0.000000 0.000000 0.000000 0.000000 0.000000 
19.875946 0.000000 0.000000 0.000000 0.000000 0.000000 0.000000 0.000000 0.000000 0.000000 
19.896661 0.000000 0.000000 0.000000 0.000000 0.000000 0.000000 0.000000 0.000000 0.000000 
19.917376 0.000000 0.000000 0.000000 0.000000 0.000000 0.000000 0.000000 0.000000 0.000000 
19.938090 0.000000 0.000000 0.000000 0.000000 0.000000 0.000000 0.000000 0.000000 0.000000 
19.958806 0.000000 0.000000 0.000000 0.000000 0.000000 0.000000 0.000000 0.000000 0.000000 
19.979521 0.000000 0.000000 0.000000 0.000000 0.000000 0.000000 0.000000 0.000000 0.000000 
20.000236 0.000000 0.000000 0.000000 0.000000 0.000000 0.000000 0.000000 0.000000 0.000000 
20.020950 0.000000 0.000000 0.000000 0.000000 0.000000 0.000000 0.000000 0.000000 0.000000 
20.041665 0.000000 0.000000 0.000000 0.000000 0.000000 0.000000 0.000000 0.000000 0.000000 
20.062380 0.000000 0.000000 0.000000 0.000000 0.000000 0.000000 0.000000 0.000000 0.000000 
20.083095 0.000000 0.000000 0.000000 0.000000 0.000000 0.000000 0.000000 0.000000 0.000000 
20.103810 0.000000 0.000000 0.000000 0.000000 0.000000 0.000000 0.000000 0.000000 0.000000 
20.124525 0.000000 0.000000 0.000000 0.000000 0.000000 0.000000 0.000000 0.000000 0.000000 
20.145240 0.000000 0.000000 0.000000 0.000000 0.000000 0.000000 0.000000 0.000000 0.000000 
20.165955 0.000000 0.000000 0.000000 0.000000 0.000000 0.000000 0.000000 0.000000 0.000000 
20.186669 0.000000 0.000000 0.000000 0.000000 0.000000 0.000000 0.000000 0.000000 0.000000 
20.207384 0.000000 0.000000 0.000000 0.000000 0.000000 0.000000 0.000000 0.000000 0.000000 
20.228099 0.000000 0.000000 0.000000 0.000000 0.000000 0.000000 0.000000 0.000000 0.000000 
20.248815 0.000000 0.000000 0.000000 0.000000 0.000000 0.000000 0.000000 0.000000 0.000000 
20.269529 0.000000 0.000000 0.000000 0.000000 0.000000 0.000000 0.000000 0.000000 0.000000 
20.290244 0.000000 0.000000 0.000000 0.000000 0.000000 0.000000 0.000000 0.000000 0.000000 
20.310959 0.000000 0.000000 0.000000 0.000000 0.000000 0.000000 0.000000 0.000000 0.000000 
20.331674 0.000000 0.000000 0.000000 0.000000 0.000000 0.000000 0.000000 0.000000 0.000000 
20.352388 0.000000 0.000000 0.000000 0.000000 0.000000 0.000000 0.000000 0.000000 0.000000 
20.373103 0.000000 0.000000 0.000000 0.000000 0.000000 0.000000 0.000000 0.000000 0.000000 
20.393819 0.000000 0.000000 0.000000 0.000000 0.000000 0.000000 0.000000 0.000000 0.000000 
20.414534 0.000000 0.000000 0.000000 0.000000 0.000000 0.000000 0.000000 0.000000 0.000000 
20.435248 0.000000 0.000000 0.000000 0.000000 0.000000 0.000000 0.000000 0.000000 0.000000 
20.455963 0.000000 0.000000 0.000000 0.000000 0.000000 0.000000 0.000000 0.000000 0.000000 
20.476678 0.000000 0.000000 0.000000 0.000000 0.000000 0.000000 0.000000 0.000000 0.000000 
20.497394 0.000000 0.000000 0.000000 0.000000 0.000000 0.000000 0.000000 0.000000 0.000000 
20.518108 0.000000 0.000000 0.000000 0.000000 0.000000 0.000000 0.000000 0.000000 0.000000 
20.538823 0.000000 0.000000 0.000000 0.000000 0.000000 0.000000 0.000000 0.000000 0.000000 
20.559538 0.000000 0.000000 0.000000 0.000000 0.000000 0.000000 0.000000 0.000000 0.000000 
20.580253 0.000000 0.000000 0.000000 0.000000 0.000000 0.000000 0.000000 0.000000 0.000000 
20.600967 0.000000 0.000000 0.000000 0.000000 0.000000 0.000000 0.000000 0.000000 0.000000 
20.621682 0.000000 0.000000 0.000000 0.000000 0.000000 0.000000 0.000000 0.000000 0.000000 
20.642398 0.000000 0.000000 0.000000 0.000000 0.000000 0.000000 0.000000 0.000000 0.000000 
20.663113 0.000000 0.000000 0.000000 0.000000 0.000000 0.000000 0.000000 0.000000 0.000000 
20.683827 0.000000 0.000000 0.000000 0.000000 0.000000 0.000000 0.000000 0.000000 0.000000 
20.704542 0.000000 0.000000 0.000000 0.000000 0.000000 0.000000 0.000000 0.000000 0.000000 
