0.010357 0.657758 0.671437 0.660774 0.174733 0.159863 0.164001 0.165194 0.170595 0.167999 
0.031072 0.657828 0.667368 0.672910 0.169192 0.167719 0.161827 0.166386 0.162949 0.164562 
0.051787 0.662528 0.659301 0.664562 0.171226 0.172208 0.160143 0.170314 0.161897 0.163300 
0.072502 0.658530 0.666947 0.668490 0.168771 0.169052 0.166526 0.161686 0.170104 0.164282 
0.093217 0.669473 0.663861 0.667438 0.163510 0.169122 0.166667 0.167789 0.169052 0.170455 
0.113932 0.650954 0.657337 0.671717 0.165825 0.157828 0.164212 0.165474 0.166386 0.162458 
0.134647 0.665755 0.661827 0.664212 0.172489 0.164983 0.157267 0.165825 0.163510 0.165194 
0.155362 0.661827 0.659442 0.680696 0.175996 0.160143 0.166386 0.162668 0.167368 0.169192 
0.176077 0.674663 0.673892 0.674593 0.166947 0.163089 0.165404 0.163019 0.167368 0.170525 
0.196792 0.682239 0.658951 0.668982 0.170244 0.163300 0.168841 0.164492 0.160845 0.168981 
0.217506 0.683432 0.662248 0.669122 0.168070 0.162809 0.169192 0.165965 0.164212 0.167228 
0.238221 0.669332 0.661897 0.671717 0.167228 0.164001 0.175295 0.161616 0.156987 0.167789 
0.258936 0.672559 0.652076 0.659372 0.170384 0.162949 0.170244 0.160424 0.161195 0.167579 
0.279651 0.671787 0.666947 0.672559 0.171507 0.159582 0.165053 0.169964 0.163650 0.171016 
0.300366 0.686658 0.658881 0.671296 0.172699 0.160704 0.156355 0.154391 0.165544 0.157618 
0.321081 0.670525 0.658249 0.661265 0.165965 0.159301 0.164492 0.161616 0.173471 0.166386 
0.341796 0.684554 0.678521 0.670104 0.171156 0.169753 0.166597 0.162739 0.168140 0.168490 
0.362511 0.667438 0.666316 0.675154 0.166737 0.160073 0.171296 0.160985 0.163931 0.165825 
0.383226 0.681888 0.660634 0.662739 0.165965 0.164492 0.168701 0.163931 0.167508 0.166246 
0.403941 0.682029 0.657828 0.659301 0.162388 0.161686 0.169543 0.159863 0.162107 0.161686 
0.424655 0.665194 0.673190 0.665825 0.168350 0.166526 0.164632 0.167438 0.167508 0.172208 
0.445370 0.667508 0.673681 0.666807 0.161616 0.168911 0.168701 0.169823 0.159512 0.165334 
0.466085 0.666386 0.660494 0.648288 0.167999 0.165404 0.162458 0.159512 0.165965 0.166877 
0.486800 0.659722 0.676768 0.658389 0.172489 0.166246 0.165264 0.166526 0.165123 0.171717 
0.507515 0.667719 0.672559 0.676698 0.162458 0.173120 0.173471 0.163510 0.163440 0.169893 
0.528230 0.654672 0.684133 0.658460 0.172559 0.166667 0.160003 0.165755 0.164562 0.165404 
0.548945 0.675926 0.673260 0.671647 0.169823 0.163370 0.171577 0.160424 0.147797 0.163440 
0.569660 0.663300 0.690025 0.664001 0.172769 0.169753 0.164422 0.165194 0.166316 0.164983 
0.590375 0.666456 0.676768 0.668280 0.171016 0.170034 0.163159 0.162247 0.163019 0.164071 
0.611090 0.660634 0.675716 0.669893 0.175014 0.169262 0.166316 0.165965 0.158389 0.167579 
0.631804 0.681608 0.684624 0.675435 0.169192 0.172629 0.166035 0.168561 0.169192 0.166456 
0.652519 0.665615 0.661967 0.662318 0.165334 0.160845 0.166176 0.165614 0.162318 0.166807 
0.673234 0.653409 0.681888 0.672419 0.171437 0.162668 0.168561 0.168210 0.170805 0.165755 
0.693949 0.643238 0.669893 0.669964 0.168420 0.166246 0.159933 0.163089 0.164843 0.172980 
0.714664 0.660985 0.678872 0.666106 0.166526 0.169893 0.167719 0.168701 0.172559 0.167789 
0.735379 0.661336 0.661406 0.659792 0.171577 0.168911 0.168631 0.168350 0.168280 0.172980 
0.756094 0.661546 0.675716 0.664492 0.172769 0.171507 0.159091 0.167017 0.168210 0.174383 
0.776809 0.658810 0.665194 0.663300 0.166035 0.170174 0.164843 0.168210 0.171226 0.160845 
0.797524 0.671296 0.662879 0.671507 0.166947 0.166526 0.167228 0.163931 0.165895 0.164422 
0.818239 0.663230 0.660283 0.657057 0.172489 0.169964 0.171787 0.168631 0.163370 0.169402 
0.838953 0.658179 0.648920 0.657828 0.166386 0.166246 0.166877 0.164562 0.165194 0.167649 
0.859668 0.669473 0.663019 0.659512 0.168210 0.167719 0.163159 0.166667 0.170455 0.169613 
0.880383 0.672699 0.661265 0.666947 0.173541 0.171226 0.166035 0.167719 0.176136 0.162318 
0.901098 0.669192 0.666176 0.668350 0.174102 0.168981 0.170174 0.165053 0.161686 0.166035 
0.921813 0.658810 0.648709 0.662598 0.169192 0.172348 0.158880 0.162668 0.163931 0.166035 
0.942528 0.669052 0.661756 0.665053 0.170384 0.170384 0.163440 0.172559 0.170314 0.170805 
0.963243 0.656496 0.661125 0.669262 0.172980 0.169823 0.174523 0.166386 0.163721 0.167789 
0.983958 0.659161 0.664843 0.675786 0.165264 0.168841 0.164562 0.169753 0.163580 0.167088 
1.004673 0.666316 0.659863 0.657407 0.173401 0.167088 0.159512 0.167929 0.164282 0.169613 
1.025388 0.660073 0.662107 0.674804 0.171507 0.164562 0.160073 0.170244 0.160143 0.164562 
1.046102 0.667859 0.667999 0.660424 0.167929 0.175084 0.168420 0.176908 0.160704 0.169332 
1.066817 0.673401 0.655303 0.662037 0.172489 0.169543 0.165194 0.173681 0.167298 0.168911 
1.087532 0.669473 0.674102 0.671507 0.172769 0.168981 0.160985 0.165544 0.171366 0.170104 
1.108247 0.667158 0.653690 0.662879 0.169613 0.172489 0.163791 0.166106 0.163650 0.163861 
1.128962 0.669613 0.655022 0.671507 0.164983 0.165123 0.172348 0.167017 0.160564 0.170946 
1.149677 0.649832 0.670174 0.670384 0.162809 0.171717 0.164422 0.162949 0.166246 0.165544 
1.170392 0.670875 0.662248 0.666947 0.170174 0.174804 0.160354 0.158319 0.160213 0.170735 
1.191107 0.665264 0.668771 0.671787 0.168070 0.163931 0.162809 0.162739 0.157688 0.176557 
1.211822 0.672840 0.668070 0.675365 0.168771 0.178100 0.159582 0.166526 0.159933 0.172980 
1.232536 0.666246 0.657969 0.669052 0.162388 0.169823 0.162528 0.163791 0.157758 0.164141 
1.253251 0.676066 0.672910 0.656636 0.166316 0.172138 0.160213 0.165755 0.158179 0.165755 
1.273966 0.655724 0.654672 0.664282 0.167999 0.168771 0.158670 0.163791 0.161336 0.163230 
1.294681 0.658740 0.662388 0.677469 0.168070 0.165194 0.161897 0.166176 0.155513 0.170104 
1.315396 0.682450 0.673120 0.689464 0.166877 0.163791 0.169823 0.160494 0.165053 0.164212 
1.336111 0.671647 0.665755 0.673331 0.170244 0.161265 0.164492 0.163861 0.158951 0.162107 
1.356826 0.673260 0.667298 0.663931 0.171507 0.162318 0.155934 0.167438 0.159231 0.174733 
1.377541 0.677329 0.681959 0.664562 0.171857 0.167789 0.162949 0.164632 0.161967 0.163650 
1.398256 0.677189 0.675224 0.663791 0.170244 0.166526 0.170525 0.164282 0.157618 0.163370 
1.418971 0.665615 0.684764 0.671296 0.165264 0.169122 0.165614 0.168070 0.162809 0.169052 
1.439686 0.665474 0.678732 0.654391 0.158740 0.168420 0.164773 0.165334 0.152567 0.164071 
1.460400 0.663650 0.680205 0.672559 0.168140 0.160143 0.166947 0.157127 0.168070 0.166667 
1.481115 0.690657 0.674874 0.661546 0.167368 0.164001 0.164703 0.166316 0.166176 0.165053 
1.501830 0.662879 0.683432 0.660985 0.167719 0.159442 0.166667 0.169473 0.161125 0.161476 
1.522545 0.671296 0.684484 0.663510 0.171507 0.170875 0.162528 0.158670 0.165825 0.165685 
1.543260 0.672769 0.688482 0.655654 0.169402 0.167789 0.168490 0.160354 0.154181 0.164492 
1.563975 0.671366 0.674733 0.653129 0.165194 0.166807 0.171507 0.161125 0.167859 0.161967 
1.584690 0.663791 0.664212 0.683712 0.168140 0.171366 0.167298 0.163300 0.161897 0.164843 
1.605405 0.671507 0.669052 0.671156 0.166526 0.174242 0.168070 0.171647 0.167999 0.162318 
1.626120 0.659021 0.691779 0.666597 0.171296 0.163230 0.163089 0.166526 0.161756 0.167999 
1.646835 0.654531 0.677680 0.674032 0.161406 0.176417 0.164562 0.163861 0.164843 0.166807 
1.667549 0.646114 0.670034 0.680906 0.169262 0.167789 0.166316 0.163861 0.161616 0.164492 
1.688264 0.660424 0.671787 0.675084 0.167929 0.165404 0.162107 0.161055 0.161546 0.159863 
1.708979 0.669964 0.662248 0.669964 0.170875 0.170735 0.164212 0.165825 0.162318 0.163791 
1.729694 0.675575 0.665965 0.670946 0.163440 0.168911 0.167859 0.162388 0.165685 0.160915 
1.750409 0.651866 0.663861 0.664773 0.168841 0.164001 0.166316 0.172769 0.153970 0.162528 
1.771124 0.660774 0.660704 0.657127 0.167929 0.166526 0.154251 0.168420 0.165544 0.158039 
1.791839 0.660915 0.666035 0.656846 0.169753 0.169753 0.165264 0.169122 0.162177 0.170665 
1.812554 0.679784 0.658600 0.684203 0.166386 0.166456 0.165825 0.170665 0.156776 0.164843 
1.833269 0.673120 0.676347 0.662248 0.172629 0.168771 0.167508 0.170034 0.161897 0.164913 
1.853983 0.661476 0.668911 0.673260 0.166246 0.173962 0.162809 0.167228 0.167368 0.160845 
1.874698 0.674102 0.668350 0.677820 0.169893 0.169683 0.167719 0.168911 0.164212 0.166526 
1.895413 0.660283 0.665194 0.661265 0.168771 0.170525 0.164913 0.168350 0.160073 0.163721 
1.916128 0.663440 0.666386 0.654952 0.173190 0.164352 0.166807 0.168771 0.156706 0.157758 
1.936843 0.673541 0.656075 0.672208 0.166456 0.170595 0.170805 0.165123 0.162739 0.161265 
1.957558 0.670244 0.650533 0.683081 0.166667 0.168701 0.163300 0.164773 0.164632 0.165474 
1.978273 0.668140 0.672208 0.686939 0.157828 0.169402 0.171717 0.166106 0.162177 0.167228 
1.998988 0.655163 0.648288 0.667017 0.168841 0.173331 0.174032 0.168631 0.165544 0.158810 
2.019703 0.669753 0.653339 0.680205 0.174102 0.172419 0.175365 0.161756 0.164983 0.165404 
2.040418 0.662949 0.659021 0.668701 0.166667 0.177048 0.172348 0.159371 0.155724 0.162739 
2.061133 0.669052 0.650673 0.662107 0.166456 0.165474 0.167228 0.165474 0.157267 0.167929 
2.081847 0.670595 0.650814 0.659231 0.168911 0.172138 0.171226 0.166737 0.170525 0.169613 
2.102562 0.656425 0.659231 0.676136 0.168070 0.161125 0.171366 0.170314 0.164141 0.171507 
2.123277 0.661476 0.671296 0.674242 0.168140 0.166526 0.169192 0.158530 0.160494 0.171366 
2.143992 0.682379 0.668420 0.660774 0.168140 0.163300 0.160424 0.162739 0.160845 0.169473 
2.164707 0.680275 0.666035 0.664983 0.173120 0.168561 0.169052 0.158249 0.161616 0.162318 
2.185422 0.668350 0.661125 0.648148 0.171156 0.169613 0.164492 0.165614 0.168420 0.157478 
2.206137 0.670104 0.670384 0.659231 0.167508 0.167158 0.164913 0.162388 0.172840 0.165264 
2.226852 0.675295 0.672278 0.672138 0.169893 0.169402 0.166035 0.162809 0.168350 0.162247 
2.247567 0.662668 0.671086 0.671647 0.164843 0.172068 0.164001 0.161897 0.166737 0.172629 
2.268281 0.660564 0.671016 0.655022 0.171507 0.165474 0.167929 0.162739 0.171226 0.167368 
2.288996 0.675926 0.689815 0.677259 0.167929 0.175435 0.166597 0.156004 0.167088 0.170875 
2.309711 0.667368 0.672910 0.654531 0.169543 0.165895 0.164773 0.165614 0.163931 0.165123 
2.330426 0.671787 0.686378 0.658600 0.168631 0.172980 0.164562 0.161967 0.162949 0.167228 
2.351141 0.668841 0.669052 0.666597 0.171787 0.171296 0.163510 0.164562 0.158951 0.167368 
2.371856 0.676136 0.675926 0.675224 0.169192 0.163019 0.162949 0.163370 0.168420 0.165755 
2.392571 0.679644 0.657688 0.669332 0.169332 0.168561 0.159792 0.166597 0.159231 0.171366 
2.413286 0.668490 0.673751 0.671016 0.175084 0.166737 0.163861 0.166316 0.160704 0.169964 
2.434001 0.670384 0.676136 0.673331 0.175365 0.163019 0.167017 0.164282 0.171296 0.157337 
2.454716 0.663721 0.684484 0.660354 0.173751 0.165123 0.162668 0.164071 0.166246 0.165264 
2.475430 0.665755 0.663791 0.654672 0.171787 0.166807 0.177118 0.166316 0.168070 0.165685 
2.496145 0.662809 0.668911 0.662107 0.169893 0.162107 0.160424 0.164141 0.159301 0.156916 
2.516860 0.667228 0.685746 0.656145 0.167508 0.168140 0.165264 0.165895 0.165053 0.163159 
2.537575 0.661195 0.681888 0.668490 0.168490 0.168280 0.171717 0.163019 0.166667 0.168280 
2.558290 0.668911 0.672349 0.669192 0.168771 0.163931 0.165895 0.156145 0.167508 0.168350 
2.579005 0.654111 0.677118 0.666316 0.174102 0.171717 0.165474 0.164843 0.166667 0.168981 
2.599720 0.655584 0.668561 0.665264 0.172559 0.165194 0.164492 0.170805 0.164071 0.167298 
2.620435 0.668350 0.663300 0.667088 0.169543 0.166035 0.160073 0.165404 0.166035 0.160283 
2.641150 0.661055 0.673471 0.669473 0.165755 0.161756 0.167719 0.160845 0.160073 0.165334 
2.661865 0.655794 0.666737 0.672910 0.166035 0.159933 0.161195 0.158740 0.155022 0.169823 
2.682580 0.656496 0.669402 0.675295 0.170525 0.159722 0.166947 0.162949 0.156636 0.170525 
2.703294 0.671437 0.674102 0.664562 0.168210 0.161616 0.171086 0.161265 0.161967 0.163721 
2.724009 0.662598 0.664141 0.667298 0.167088 0.166667 0.163230 0.164983 0.161125 0.166667 
2.744724 0.661616 0.664983 0.667789 0.167298 0.165825 0.168420 0.171928 0.157197 0.162318 
2.765439 0.679924 0.667088 0.657828 0.171086 0.168140 0.165614 0.165194 0.165123 0.165474 
2.786154 0.664141 0.660354 0.675786 0.171156 0.163230 0.165895 0.164913 0.156145 0.161546 
2.806869 0.664913 0.655513 0.655022 0.171437 0.161827 0.162879 0.168841 0.164492 0.164422 
2.827584 0.676698 0.653760 0.685255 0.170244 0.163931 0.167228 0.164422 0.160424 0.174102 
2.848299 0.674874 0.654251 0.678872 0.171787 0.165264 0.165194 0.168561 0.167859 0.162458 
2.869014 0.658881 0.655864 0.665755 0.168561 0.164352 0.166526 0.160143 0.163861 0.165544 
2.889728 0.669262 0.657478 0.673471 0.173260 0.163510 0.166106 0.168140 0.164492 0.166877 
2.910443 0.671998 0.657969 0.667368 0.163230 0.170034 0.166737 0.160494 0.163440 0.172489 
2.931158 0.655093 0.671507 0.681187 0.168070 0.168631 0.169052 0.167789 0.166947 0.163370 
2.951873 0.674733 0.679574 0.668420 0.157828 0.164843 0.171647 0.165474 0.165194 0.163370 
2.972588 0.666807 0.655443 0.681187 0.167228 0.165755 0.161897 0.170665 0.164282 0.164913 
2.993303 0.672840 0.658740 0.675505 0.169964 0.172348 0.170104 0.165404 0.159863 0.169052 
3.014018 0.667298 0.663510 0.669964 0.168070 0.171437 0.162668 0.167228 0.165053 0.167368 
3.034733 0.666667 0.675786 0.672629 0.169402 0.173751 0.164632 0.165614 0.163370 0.168561 
3.055448 0.651866 0.681748 0.656706 0.173120 0.170384 0.174733 0.166106 0.164001 0.153620 
3.076163 0.665474 0.667649 0.663791 0.166246 0.179433 0.176207 0.164913 0.168140 0.159863 
3.096877 0.665615 0.664071 0.657548 0.168981 0.170525 0.166176 0.158670 0.166316 0.165053 
3.117592 0.677048 0.678592 0.668631 0.171647 0.171226 0.166597 0.168350 0.170034 0.161336 
3.138307 0.668420 0.667088 0.665825 0.170174 0.169332 0.165825 0.164913 0.171437 0.161125 
3.159022 0.664282 0.671156 0.667579 0.168981 0.174242 0.160354 0.159582 0.166877 0.163440 
3.179737 0.677680 0.668420 0.650042 0.164141 0.174593 0.164492 0.172419 0.171577 0.163861 
3.200452 0.665544 0.671928 0.664773 0.165474 0.172910 0.172489 0.166877 0.159301 0.164141 
3.221167 0.681818 0.677680 0.661406 0.162879 0.172910 0.167088 0.170384 0.162107 0.166106 
3.241882 0.683011 0.677189 0.656987 0.167438 0.174593 0.168841 0.156776 0.161336 0.164562 
3.262597 0.681608 0.675154 0.682309 0.171156 0.180836 0.166526 0.165544 0.166737 0.169052 
3.283312 0.663931 0.667719 0.663510 0.163440 0.172138 0.161897 0.164212 0.164843 0.162949 
3.304026 0.665825 0.673541 0.671437 0.169753 0.165965 0.168981 0.168911 0.165895 0.170104 
3.324741 0.664843 0.660634 0.654391 0.169823 0.174102 0.163510 0.164562 0.163510 0.166597 
3.345456 0.656215 0.664212 0.658810 0.166526 0.174172 0.163370 0.166526 0.159512 0.159582 
3.366171 0.657407 0.660704 0.667789 0.167719 0.163650 0.171577 0.167088 0.163370 0.167017 
3.386886 0.662879 0.672769 0.670034 0.167859 0.168210 0.168701 0.163580 0.159301 0.167789 
3.407601 0.674523 0.679433 0.656215 0.168841 0.164001 0.171437 0.162318 0.164632 0.163300 
3.428316 0.668140 0.664071 0.664422 0.166106 0.163440 0.166526 0.160634 0.161897 0.166597 
3.449031 0.667298 0.670384 0.660283 0.169332 0.166877 0.161756 0.165123 0.162388 0.165685 
3.469746 0.657548 0.660283 0.666386 0.173892 0.168420 0.165194 0.170314 0.161827 0.171086 
3.490461 0.657407 0.669964 0.670665 0.168280 0.161967 0.173892 0.164422 0.165825 0.165334 
3.511176 0.652778 0.671156 0.671016 0.168490 0.166667 0.169964 0.160283 0.162177 0.167999 
3.531890 0.664983 0.649972 0.670034 0.170525 0.165755 0.163370 0.166316 0.162247 0.170174 
3.552605 0.657057 0.660494 0.670735 0.165544 0.161827 0.162949 0.172629 0.163510 0.167508 
3.573320 0.659372 0.665685 0.658109 0.171437 0.164843 0.163019 0.165334 0.166877 0.163440 
3.594035 0.671998 0.663019 0.667859 0.161195 0.158319 0.163650 0.157618 0.158179 0.169402 
3.614750 0.682730 0.663580 0.684273 0.170034 0.160845 0.163300 0.167719 0.163300 0.163510 
3.635465 0.669823 0.676908 0.662879 0.169543 0.161967 0.163089 0.172419 0.169613 0.172208 
3.656180 0.667088 0.661827 0.676908 0.172138 0.162598 0.164703 0.168350 0.167999 0.158319 
3.676895 0.679223 0.667929 0.673401 0.168981 0.159512 0.167579 0.163931 0.167368 0.166737 
3.697610 0.656987 0.667158 0.679153 0.167999 0.167298 0.167649 0.167017 0.161055 0.165755 
3.718324 0.668631 0.669332 0.672419 0.170104 0.166316 0.165404 0.166106 0.158740 0.161616 
3.739039 0.680135 0.667649 0.670104 0.167719 0.169402 0.156706 0.162037 0.161125 0.170805 
3.759754 0.671226 0.666386 0.670735 0.164773 0.171998 0.161546 0.161265 0.165264 0.169473 
3.780469 0.670665 0.667017 0.668911 0.168420 0.165544 0.170595 0.164352 0.158670 0.169262 
3.801184 0.667017 0.667298 0.666597 0.167298 0.172559 0.165825 0.164773 0.166386 0.165194 
3.821899 0.671437 0.667158 0.669753 0.174313 0.172840 0.167859 0.155794 0.164562 0.164983 
3.842614 0.672559 0.676908 0.667017 0.166667 0.168490 0.166386 0.159301 0.166877 0.172068 
3.863329 0.672489 0.678171 0.671296 0.169543 0.167999 0.168070 0.161125 0.166807 0.168631 
3.884044 0.676136 0.665685 0.659512 0.166246 0.171016 0.167508 0.162528 0.169402 0.164843 
3.904759 0.667298 0.674804 0.660354 0.164843 0.171437 0.164001 0.165895 0.157758 0.163650 
3.925473 0.657828 0.656566 0.661265 0.165474 0.172840 0.155163 0.159301 0.169473 0.162247 
3.946188 0.656285 0.671787 0.666176 0.170174 0.173681 0.162318 0.160845 0.164632 0.167158 
3.966903 0.660424 0.664632 0.663440 0.171928 0.170174 0.166597 0.157337 0.163791 0.170174 
3.987618 0.662739 0.674523 0.677329 0.163300 0.168701 0.164913 0.162528 0.166807 0.164562 
4.008333 0.675996 0.690937 0.669262 0.168701 0.168280 0.168350 0.166597 0.164632 0.162809 
4.029048 0.660985 0.675856 0.658039 0.165825 0.169052 0.169332 0.163300 0.164632 0.169402 
4.049763 0.668982 0.685326 0.673331 0.171366 0.164913 0.165194 0.166106 0.171086 0.161265 
4.070478 0.655303 0.667929 0.665615 0.159021 0.176207 0.167017 0.162037 0.162177 0.166176 
4.091193 0.680976 0.666737 0.658951 0.167228 0.170174 0.162247 0.161125 0.162668 0.168981 
4.111907 0.658389 0.659021 0.671437 0.161406 0.173751 0.168140 0.157548 0.166176 0.161265 
4.132622 0.681888 0.660143 0.672559 0.170735 0.171226 0.164212 0.173892 0.166316 0.159442 
4.153337 0.690586 0.667579 0.661827 0.165614 0.171647 0.162668 0.166246 0.166737 0.161546 
4.174052 0.668140 0.652708 0.668210 0.170946 0.166667 0.170174 0.168981 0.156075 0.163370 
4.194767 0.672068 0.669262 0.673050 0.167228 0.172208 0.159512 0.164843 0.159371 0.168561 
4.215482 0.685185 0.671086 0.656987 0.161827 0.170384 0.167017 0.168070 0.164913 0.159863 
4.236197 0.680485 0.650463 0.665755 0.165264 0.161827 0.161476 0.169402 0.170665 0.161265 
4.256912 0.664001 0.661686 0.670104 0.169893 0.166807 0.167438 0.164492 0.161125 0.166106 
4.277627 0.658109 0.660704 0.675575 0.173892 0.169683 0.162458 0.166246 0.160985 0.161616 
4.298342 0.648148 0.666246 0.667579 0.172138 0.167789 0.167719 0.159371 0.164703 0.167649 
4.319057 0.667017 0.659301 0.669543 0.169262 0.164422 0.164212 0.164562 0.167719 0.161476 
4.339772 0.666877 0.664492 0.658670 0.158530 0.174313 0.160494 0.165474 0.161125 0.160003 
4.360487 0.651024 0.669052 0.678802 0.168561 0.163791 0.165194 0.167298 0.163650 0.169192 
4.381201 0.658109 0.660634 0.671787 0.169893 0.166246 0.166526 0.167999 0.164913 0.167438 
4.401916 0.671857 0.669753 0.672349 0.169262 0.165614 0.167298 0.164001 0.162528 0.166456 
4.422631 0.670805 0.662458 0.662668 0.171296 0.159231 0.166035 0.165544 0.165404 0.163791 
4.443346 0.662949 0.656075 0.681327 0.166035 0.168070 0.167999 0.169052 0.157407 0.165334 
4.464061 0.676417 0.663650 0.682660 0.164282 0.170525 0.166386 0.163300 0.165965 0.168140 
4.484776 0.667649 0.666807 0.671086 0.162879 0.163089 0.167088 0.166667 0.164492 0.159652 
4.505491 0.660564 0.673050 0.671647 0.159792 0.168841 0.171366 0.169753 0.163159 0.161406 
4.526206 0.671226 0.679433 0.673401 0.159512 0.166246 0.169753 0.162949 0.163440 0.167719 
4.546920 0.668701 0.665264 0.664422 0.169683 0.168771 0.163510 0.167017 0.162177 0.162388 
4.567635 0.653129 0.674102 0.660564 0.159512 0.166597 0.165614 0.164913 0.161055 0.164352 
4.588350 0.682379 0.670875 0.666106 0.170244 0.166386 0.161756 0.167719 0.162247 0.163861 
4.609065 0.670384 0.666667 0.668841 0.170244 0.168631 0.170805 0.162809 0.167929 0.156075 
4.629780 0.669332 0.674383 0.667789 0.167228 0.168981 0.168490 0.160494 0.158109 0.162247 
4.650495 0.660143 0.666667 0.686518 0.169262 0.167088 0.166176 0.163931 0.165965 0.166035 
4.671210 0.674313 0.674663 0.664001 0.163230 0.168280 0.165264 0.159933 0.160985 0.171086 
4.691925 0.657407 0.669332 0.668420 0.160704 0.167508 0.159792 0.163019 0.166035 0.167017 
4.712640 0.658179 0.675716 0.663019 0.168210 0.167298 0.160915 0.163089 0.164983 0.165614 
4.733355 0.676557 0.670665 0.676277 0.166035 0.168070 0.166106 0.163650 0.166597 0.163370 
4.754069 0.670455 0.671437 0.676487 0.161195 0.162598 0.172629 0.161265 0.165895 0.161125 
4.774784 0.664773 0.674172 0.665685 0.169613 0.166035 0.167859 0.168070 0.162739 0.163650 
4.795499 0.670314 0.676627 0.655794 0.169122 0.174313 0.172348 0.167579 0.169122 0.171366 
4.816214 0.660213 0.666456 0.658249 0.160845 0.163861 0.160915 0.160424 0.171717 0.161265 
4.836929 0.660143 0.672559 0.654251 0.163580 0.163650 0.159442 0.171857 0.161967 0.165194 
4.857644 0.655864 0.665965 0.656285 0.175996 0.167508 0.172980 0.168701 0.163721 0.165965 
4.878359 0.658810 0.675505 0.672489 0.166807 0.172769 0.168771 0.163931 0.168911 0.159021 
4.899074 0.667228 0.667228 0.676487 0.164703 0.172769 0.159863 0.173611 0.166877 0.160003 
4.919789 0.664141 0.659091 0.674383 0.164141 0.173471 0.166386 0.169402 0.170314 0.162037 
4.940504 0.671366 0.664562 0.672980 0.162949 0.169893 0.168841 0.167859 0.174944 0.167999 
4.961218 0.664843 0.662668 0.664422 0.167929 0.179644 0.168631 0.170034 0.171577 0.168070 
4.981933 0.671928 0.660073 0.672769 0.170244 0.168490 0.172910 0.171086 0.167789 0.167999 
5.002648 0.667649 0.666316 0.674242 0.174172 0.172138 0.167508 0.168631 0.162107 0.164352 
5.023363 0.673471 0.656566 0.653760 0.166597 0.167789 0.170665 0.161195 0.168631 0.164632 
5.044078 0.654672 0.663440 0.647727 0.170174 0.171507 0.168490 0.168911 0.165404 0.165965 
5.064793 0.678872 0.674663 0.672278 0.174102 0.174032 0.168981 0.166947 0.169823 0.165264 
5.085508 0.673471 0.673260 0.675996 0.176627 0.167859 0.172629 0.165965 0.162037 0.166526 
5.106223 0.678732 0.658039 0.664352 0.165685 0.171437 0.165755 0.166316 0.164212 0.168210 
5.126938 0.671998 0.656706 0.675645 0.169613 0.169402 0.159161 0.171647 0.158530 0.166737 
5.147653 0.687079 0.667298 0.656215 0.171156 0.172419 0.169473 0.165614 0.162037 0.161476 
5.168367 0.674172 0.664001 0.653199 0.162949 0.166807 0.171296 0.163019 0.165685 0.174242 
5.189082 0.671366 0.660003 0.675435 0.168420 0.163440 0.171857 0.167228 0.157828 0.168350 
5.209797 0.648569 0.668841 0.681397 0.174383 0.167368 0.161897 0.169823 0.160774 0.162318 
5.230512 0.652778 0.658319 0.664773 0.172419 0.167228 0.166386 0.168981 0.158319 0.161967 
5.251227 0.667579 0.670174 0.656425 0.163159 0.167298 0.165825 0.160845 0.165123 0.159652 
5.271942 0.664983 0.658319 0.661897 0.168280 0.170384 0.172489 0.162739 0.164492 0.161406 
5.292657 0.653269 0.663300 0.655233 0.170104 0.169262 0.168701 0.168490 0.163861 0.164212 
5.313372 0.664282 0.675435 0.676768 0.169964 0.163510 0.157969 0.168140 0.164141 0.167789 
5.334087 0.662248 0.673962 0.680065 0.165053 0.161756 0.167088 0.173962 0.161897 0.169823 
5.354802 0.659933 0.687570 0.670104 0.181678 0.164913 0.161967 0.170314 0.168490 0.164001 
5.375516 0.660985 0.669402 0.665544 0.168140 0.169192 0.166526 0.159021 0.160985 0.170174 
5.396231 0.667508 0.657758 0.670805 0.166597 0.169122 0.172489 0.165194 0.167228 0.169893 
5.416946 0.665474 0.658039 0.658810 0.170384 0.160845 0.166737 0.167649 0.156496 0.168140 
5.437661 0.661336 0.670174 0.663721 0.166106 0.166456 0.169823 0.161265 0.159371 0.166877 
5.458376 0.658951 0.676557 0.667228 0.169753 0.166526 0.166667 0.162247 0.161055 0.171366 
5.479091 0.665123 0.664422 0.653129 0.171717 0.171366 0.175575 0.172348 0.164773 0.165334 
5.499806 0.661476 0.667859 0.683782 0.166667 0.165755 0.164352 0.171857 0.169543 0.172278 
5.520521 0.666386 0.677189 0.677539 0.166667 0.167508 0.170735 0.166877 0.167508 0.166246 
5.541236 0.649972 0.667789 0.671226 0.168420 0.169683 0.167158 0.158740 0.169823 0.169473 
5.561951 0.665053 0.671296 0.670174 0.169473 0.165404 0.164282 0.162739 0.167438 0.167719 
5.582665 0.660073 0.676908 0.673401 0.162247 0.167719 0.163791 0.164843 0.169683 0.168490 
5.603380 0.672980 0.664773 0.665685 0.164071 0.173751 0.162318 0.163580 0.165685 0.170244 
5.624095 0.679293 0.657969 0.668280 0.167579 0.178100 0.168140 0.167929 0.164773 0.165194 
5.644810 0.673541 0.675856 0.669402 0.165614 0.164843 0.161265 0.160774 0.166456 0.169753 
5.665525 0.666386 0.669543 0.668420 0.172348 0.178241 0.163721 0.168561 0.164773 0.161546 
5.686240 0.682800 0.664703 0.663580 0.176417 0.171086 0.166246 0.161055 0.167999 0.159442 
5.706955 0.666526 0.669122 0.663089 0.164422 0.172980 0.171507 0.159582 0.164422 0.166035 
5.727670 0.671086 0.664632 0.668140 0.162107 0.170946 0.170174 0.174102 0.161897 0.168070 
5.748384 0.677189 0.672208 0.654882 0.169964 0.170946 0.169753 0.161195 0.161195 0.168631 
5.769099 0.681608 0.678451 0.657127 0.169753 0.173401 0.166526 0.162177 0.161476 0.163159 
5.789814 0.669052 0.665755 0.679293 0.169823 0.167228 0.172980 0.171366 0.162668 0.166807 
5.810529 0.681117 0.679503 0.668280 0.165755 0.173962 0.162388 0.166947 0.165264 0.163019 
5.831244 0.666316 0.661967 0.667017 0.164001 0.168561 0.170455 0.158249 0.160985 0.168280 
5.851959 0.669613 0.670665 0.655163 0.167088 0.168070 0.162879 0.165334 0.164352 0.165895 
5.872674 0.672699 0.670525 0.661336 0.172138 0.174523 0.162949 0.163370 0.161265 0.168841 
5.893389 0.669122 0.663721 0.661897 0.159301 0.172840 0.164492 0.165685 0.164703 0.166035 
5.914104 0.665825 0.676487 0.662949 0.170946 0.169052 0.173962 0.171086 0.161967 0.163650 
5.934819 0.670595 0.663370 0.650603 0.170525 0.171507 0.162037 0.172348 0.153760 0.167298 
5.955534 0.669402 0.660143 0.667017 0.169402 0.169052 0.159161 0.175645 0.166807 0.168070 
5.976249 0.657688 0.654672 0.668982 0.165194 0.172559 0.171086 0.171226 0.160564 0.163019 
5.996964 0.667298 0.674874 0.662107 0.166035 0.173892 0.162879 0.166246 0.165895 0.165264 
6.017678 0.661265 0.661616 0.665334 0.162879 0.166947 0.168350 0.164843 0.164141 0.159021 
6.038393 0.663089 0.655373 0.666176 0.170735 0.175786 0.166176 0.170525 0.168280 0.167438 
6.059108 0.664703 0.659722 0.663019 0.163370 0.171016 0.165334 0.170735 0.163861 0.167929 
6.079823 0.666526 0.670805 0.673681 0.163861 0.172419 0.169192 0.165965 0.164212 0.163089 
6.100538 0.662739 0.654321 0.669893 0.163721 0.168280 0.170244 0.173611 0.166877 0.160494 
6.121253 0.671647 0.666667 0.665334 0.171507 0.180345 0.163861 0.167508 0.163300 0.167158 
6.141968 0.662949 0.661546 0.684694 0.169052 0.161195 0.165755 0.171928 0.167368 0.166807 
6.162683 0.662388 0.651515 0.669262 0.172489 0.168280 0.170455 0.163650 0.158951 0.165123 
6.183398 0.656215 0.671787 0.667438 0.174944 0.175505 0.168140 0.164843 0.166526 0.169052 
6.204113 0.656987 0.666106 0.684554 0.164983 0.172769 0.165825 0.166106 0.168210 0.170384 
6.224827 0.655934 0.663650 0.674383 0.166526 0.167719 0.167789 0.169753 0.165965 0.165334 
6.245542 0.648078 0.662318 0.673541 0.168210 0.173120 0.166246 0.173331 0.170805 0.156496 
6.266257 0.666456 0.663300 0.664071 0.172138 0.179433 0.157828 0.163791 0.160073 0.168911 
6.286972 0.637556 0.675154 0.663791 0.172980 0.171016 0.164001 0.160283 0.167508 0.166456 
6.307687 0.665334 0.665965 0.666106 0.170104 0.171086 0.165614 0.163650 0.161055 0.169262 
6.328402 0.679924 0.677048 0.667508 0.169823 0.171787 0.164703 0.168981 0.159371 0.174804 
6.349117 0.659161 0.655934 0.657197 0.170946 0.173260 0.171366 0.154391 0.171437 0.163019 
6.369832 0.664773 0.667929 0.655022 0.172489 0.167999 0.168210 0.168490 0.169683 0.165123 
6.390547 0.674523 0.680065 0.677259 0.168911 0.164352 0.165685 0.166176 0.167649 0.167438 
6.411262 0.655513 0.655303 0.669964 0.166737 0.170314 0.165825 0.167228 0.163300 0.163721 
6.431976 0.665334 0.672489 0.655443 0.172629 0.172769 0.171998 0.167859 0.159933 0.160494 
6.452691 0.667017 0.664422 0.653129 0.162879 0.166035 0.164632 0.164212 0.157407 0.167088 
6.473406 0.670384 0.685606 0.674593 0.174242 0.169052 0.169052 0.165965 0.162107 0.171717 
6.494121 0.671857 0.674032 0.668210 0.168490 0.167158 0.163650 0.164983 0.164212 0.171437 
6.514836 0.669543 0.678100 0.667228 0.165825 0.163370 0.166526 0.169473 0.160354 0.175856 
6.535551 0.670174 0.680065 0.668210 0.165264 0.169332 0.168841 0.164562 0.160634 0.170875 
6.556266 0.674242 0.679012 0.661756 0.168771 0.167999 0.167789 0.170244 0.162107 0.173751 
6.576981 0.659933 0.673260 0.677539 0.163370 0.158740 0.164632 0.165334 0.166807 0.168210 
6.597695 0.666316 0.666667 0.676487 0.168911 0.163650 0.163159 0.167508 0.166106 0.170244 
6.618410 0.668140 0.672489 0.656215 0.168350 0.171577 0.172699 0.165755 0.171647 0.167298 
6.639125 0.670805 0.670525 0.667508 0.173681 0.165614 0.159582 0.165334 0.164001 0.161476 
6.659840 0.677399 0.656075 0.662388 0.165053 0.169402 0.164282 0.167859 0.161967 0.165825 
6.680555 0.669052 0.662388 0.644641 0.165614 0.170875 0.154602 0.167088 0.165404 0.171226 
6.701270 0.677609 0.654251 0.680065 0.162528 0.174383 0.157758 0.167649 0.160845 0.169964 
6.721985 0.661546 0.670665 0.664352 0.163861 0.169753 0.162879 0.165895 0.159863 0.166316 
6.742700 0.675014 0.669122 0.657267 0.165755 0.170735 0.169964 0.164632 0.171226 0.167298 
6.763415 0.669473 0.680626 0.652497 0.158670 0.169683 0.167719 0.164282 0.164001 0.161476 
6.784130 0.674032 0.656566 0.668140 0.163861 0.171787 0.161686 0.158880 0.174313 0.171016 
6.804844 0.670875 0.658951 0.673401 0.166807 0.167088 0.165334 0.168420 0.169964 0.170665 
6.825559 0.677329 0.663721 0.668982 0.164562 0.166877 0.167298 0.168561 0.163230 0.163440 
6.846274 0.670244 0.654742 0.659021 0.168911 0.170174 0.171156 0.165053 0.172980 0.172840 
6.866989 0.668771 0.663370 0.663861 0.164352 0.165264 0.162318 0.169753 0.172699 0.171928 
6.887704 0.671226 0.671998 0.666035 0.164212 0.166947 0.168490 0.166386 0.169683 0.172348 
6.908419 0.666667 0.658039 0.669122 0.167789 0.170104 0.167789 0.162739 0.175014 0.164422 
6.929134 0.669543 0.674242 0.668350 0.165404 0.164983 0.165194 0.166526 0.167859 0.165404 
6.949849 0.666176 0.660143 0.658319 0.162458 0.164352 0.170174 0.158109 0.171717 0.172489 
6.970564 0.667649 0.667298 0.676277 0.166035 0.162177 0.173822 0.155163 0.162037 0.173611 
6.991279 0.666106 0.660985 0.684414 0.171156 0.171226 0.166667 0.164071 0.166035 0.168350 
7.011993 0.671928 0.667228 0.669473 0.170455 0.172980 0.174383 0.161827 0.166176 0.166737 
7.032708 0.666737 0.658881 0.667088 0.158179 0.164001 0.167438 0.164983 0.166667 0.163510 
7.053423 0.669052 0.656706 0.680556 0.164703 0.166386 0.168210 0.156846 0.171366 0.165053 
7.074138 0.665194 0.666386 0.666386 0.170314 0.175926 0.167438 0.164422 0.174663 0.170735 
7.094853 0.667088 0.651796 0.658319 0.167508 0.170384 0.164141 0.161686 0.159512 0.164141 
7.115568 0.666386 0.657969 0.665474 0.165334 0.169402 0.163370 0.166106 0.160634 0.162598 
7.136283 0.659301 0.671928 0.673120 0.166597 0.169122 0.167158 0.164703 0.162107 0.167719 
7.156998 0.655022 0.664352 0.665264 0.166526 0.172489 0.171226 0.165053 0.170735 0.165965 
7.177713 0.679223 0.673260 0.670174 0.170384 0.172980 0.164352 0.163931 0.170525 0.165264 
7.198428 0.658319 0.660354 0.661336 0.165264 0.166737 0.167088 0.163721 0.168911 0.166737 
7.219142 0.663019 0.663721 0.669543 0.171717 0.177048 0.162177 0.162528 0.167298 0.169262 
7.239857 0.660283 0.656987 0.660704 0.166877 0.165264 0.165755 0.170946 0.167508 0.172489 
7.260572 0.660003 0.679363 0.663510 0.171296 0.171437 0.164843 0.169964 0.171857 0.169052 
7.281287 0.665685 0.659372 0.672980 0.170455 0.170384 0.166386 0.167999 0.169192 0.170174 
7.302002 0.668210 0.659091 0.671086 0.172068 0.169964 0.166947 0.168841 0.162037 0.163931 
7.322717 0.674102 0.663791 0.657267 0.171156 0.166737 0.160845 0.170525 0.162177 0.171016 
7.343432 0.661897 0.670034 0.651936 0.168561 0.173401 0.160704 0.164141 0.167158 0.168350 
7.364147 0.660494 0.676978 0.648709 0.173751 0.172629 0.168771 0.170174 0.166176 0.167649 
7.384862 0.670946 0.673892 0.660424 0.173962 0.167859 0.170034 0.163019 0.161265 0.165755 
7.405577 0.662668 0.670384 0.671717 0.167719 0.174313 0.168420 0.165614 0.165334 0.164001 
7.426291 0.672559 0.674804 0.648920 0.172489 0.166526 0.161195 0.165614 0.166947 0.164632 
7.447006 0.672489 0.667438 0.676347 0.165334 0.165825 0.165825 0.168490 0.171366 0.164843 
7.467721 0.672629 0.693673 0.671787 0.169192 0.165194 0.162598 0.167158 0.162739 0.169543 
7.488436 0.662248 0.660143 0.662598 0.169122 0.161616 0.165544 0.156776 0.161967 0.162598 
7.509151 0.665404 0.676978 0.677189 0.167158 0.170595 0.160915 0.156916 0.161125 0.160564 
7.529866 0.686588 0.662248 0.674944 0.168841 0.161897 0.168981 0.160354 0.166737 0.159512 
7.550581 0.674032 0.653900 0.673681 0.163861 0.160143 0.166246 0.154391 0.170384 0.165755 
7.571296 0.671437 0.685676 0.675365 0.170314 0.163510 0.169473 0.163370 0.161686 0.164282 
7.592011 0.660494 0.664141 0.667508 0.159933 0.172278 0.163300 0.166106 0.168911 0.166386 
7.612726 0.676347 0.666526 0.669893 0.165614 0.165685 0.163230 0.158389 0.163861 0.171296 
7.633440 0.672910 0.666246 0.669332 0.168140 0.168350 0.164492 0.158249 0.160985 0.169683 
7.654155 0.660354 0.663721 0.681467 0.165544 0.159512 0.169543 0.164282 0.161686 0.167228 
7.674870 0.672208 0.659512 0.671437 0.162598 0.167158 0.167859 0.163791 0.163580 0.161055 
7.695585 0.661686 0.669122 0.660283 0.159021 0.166316 0.170104 0.163370 0.169262 0.167088 
7.716300 0.679503 0.672559 0.668070 0.166737 0.163019 0.169192 0.165194 0.163721 0.169262 
7.737015 0.687500 0.668631 0.660354 0.159933 0.166947 0.169332 0.159371 0.166316 0.170104 
7.757730 0.666316 0.679644 0.657197 0.171787 0.167298 0.171717 0.161967 0.165334 0.174383 
7.778445 0.679083 0.656355 0.666035 0.161546 0.159652 0.167999 0.159371 0.162107 0.170384 
7.799160 0.671086 0.653549 0.648008 0.168070 0.169543 0.165614 0.159652 0.165053 0.174313 
7.819875 0.674593 0.677469 0.650182 0.166246 0.169192 0.166877 0.164422 0.169262 0.169473 
7.840590 0.680275 0.668701 0.672769 0.166176 0.155864 0.168701 0.163230 0.167298 0.176908 
7.861304 0.671928 0.671787 0.676698 0.166386 0.175505 0.169613 0.159021 0.171857 0.169262 
7.882019 0.671296 0.653970 0.661406 0.162528 0.162668 0.169683 0.163089 0.169613 0.180696 
7.902734 0.652708 0.665053 0.670104 0.166667 0.165614 0.171086 0.164773 0.165264 0.168631 
7.923449 0.655584 0.664773 0.671647 0.170034 0.163861 0.169753 0.162247 0.166106 0.168490 
7.944164 0.665334 0.673120 0.661827 0.171647 0.171647 0.167789 0.159863 0.162107 0.165264 
7.964879 0.650463 0.659512 0.658881 0.166667 0.162949 0.163580 0.165404 0.171437 0.160985 
7.985594 0.667649 0.671226 0.680275 0.167298 0.167719 0.171016 0.175435 0.169332 0.174453 
8.006309 0.663440 0.658039 0.670595 0.162247 0.165194 0.164422 0.163440 0.165755 0.171717 
8.027024 0.674804 0.681959 0.652006 0.165685 0.170244 0.164422 0.164703 0.168701 0.164703 
8.047739 0.671226 0.671437 0.646886 0.164913 0.158389 0.167508 0.160845 0.167719 0.166316 
8.068453 0.675996 0.663650 0.662949 0.162247 0.165264 0.164983 0.166176 0.167158 0.164141 
8.089168 0.673541 0.662037 0.671156 0.159792 0.177329 0.163440 0.170314 0.173190 0.164141 
8.109883 0.662879 0.667859 0.675435 0.168280 0.169823 0.171437 0.171998 0.166176 0.158951 
8.130598 0.669192 0.672769 0.668490 0.160564 0.172840 0.168841 0.166386 0.167789 0.166526 
8.151313 0.662668 0.659301 0.658319 0.161756 0.171647 0.161967 0.165194 0.171928 0.161125 
8.172028 0.675926 0.659442 0.669473 0.165544 0.170174 0.163370 0.167228 0.163300 0.158951 
8.192743 0.667088 0.660634 0.664422 0.163931 0.168210 0.160704 0.175154 0.172489 0.164913 
8.213458 0.662107 0.646886 0.660424 0.173190 0.165404 0.167508 0.166386 0.170805 0.156846 
8.234172 0.667088 0.661686 0.663650 0.163440 0.169402 0.167438 0.170034 0.165965 0.164562 
8.254887 0.671156 0.665965 0.665334 0.164773 0.167649 0.169753 0.163931 0.165614 0.167228 
8.275602 0.670595 0.663861 0.663580 0.165404 0.170946 0.164703 0.164913 0.167859 0.172629 
8.296318 0.678662 0.675856 0.675365 0.164562 0.166807 0.165895 0.164773 0.168701 0.163370 
8.317032 0.670525 0.662949 0.670946 0.171998 0.165825 0.171787 0.165825 0.165404 0.173120 
8.337747 0.667298 0.669052 0.660494 0.166316 0.166597 0.166106 0.173331 0.170595 0.164001 
8.358462 0.672489 0.667929 0.670104 0.171787 0.172769 0.166106 0.163019 0.166316 0.176277 
8.379177 0.654882 0.671928 0.677680 0.170525 0.170174 0.159582 0.168561 0.169683 0.164843 
8.399891 0.668982 0.660985 0.648288 0.169964 0.171086 0.166667 0.170314 0.171928 0.176698 
8.420607 0.658319 0.679503 0.663019 0.165123 0.172629 0.176207 0.173050 0.168841 0.168070 
8.441322 0.653690 0.652427 0.660634 0.171928 0.174523 0.164983 0.161265 0.166386 0.164983 
8.462037 0.663650 0.665053 0.673050 0.170104 0.160845 0.168070 0.162458 0.166667 0.166667 
8.482751 0.665685 0.661827 0.654040 0.166877 0.167017 0.164913 0.167579 0.166947 0.156636 
8.503466 0.660073 0.681397 0.684554 0.168490 0.158810 0.169052 0.161897 0.161756 0.159301 
8.524181 0.661195 0.658039 0.675014 0.157548 0.164492 0.164632 0.164352 0.164212 0.166737 
8.544896 0.656355 0.670384 0.682379 0.169893 0.162107 0.165895 0.161476 0.168280 0.169543 
8.565611 0.660985 0.658389 0.667228 0.168420 0.165123 0.165544 0.165895 0.164632 0.168701 
8.586326 0.660283 0.657267 0.674453 0.158740 0.161897 0.166316 0.167298 0.162458 0.163440 
8.607041 0.661476 0.651445 0.669893 0.162458 0.163300 0.167088 0.168070 0.159512 0.171156 
8.627756 0.673822 0.665474 0.673120 0.166877 0.159442 0.160564 0.170104 0.161055 0.164632 
8.648470 0.653830 0.666877 0.670875 0.165965 0.170525 0.167719 0.170525 0.172068 0.166246 
8.669185 0.669473 0.675856 0.660213 0.166947 0.164212 0.171717 0.167859 0.164001 0.167158 
8.689900 0.671296 0.678451 0.681187 0.161195 0.171647 0.162949 0.170034 0.171998 0.168631 
8.710616 0.652848 0.673822 0.680135 0.165123 0.167859 0.164632 0.172559 0.173190 0.160424 
8.731330 0.674804 0.671437 0.661195 0.165404 0.161616 0.170875 0.162598 0.167228 0.168631 
8.752045 0.663861 0.674663 0.656075 0.168631 0.167579 0.166456 0.169122 0.163510 0.165825 
8.772760 0.666316 0.660845 0.658600 0.165965 0.168420 0.162949 0.160634 0.166877 0.162107 
8.793475 0.681397 0.658881 0.668561 0.170805 0.163089 0.168070 0.160354 0.172208 0.163230 
8.814189 0.687781 0.665404 0.664562 0.168911 0.161406 0.160494 0.166106 0.173822 0.164282 
8.834905 0.665404 0.669964 0.660915 0.169402 0.167579 0.171226 0.165404 0.173751 0.166526 
8.855620 0.664773 0.672980 0.679644 0.165685 0.168841 0.172208 0.171787 0.171437 0.164141 
8.876335 0.670455 0.661897 0.663721 0.160704 0.162177 0.168911 0.163510 0.177609 0.170104 
8.897049 0.681397 0.665404 0.664352 0.167789 0.158880 0.165755 0.161265 0.171577 0.166737 
8.917764 0.667719 0.675856 0.649832 0.169683 0.164282 0.168771 0.161476 0.171717 0.160774 
8.938479 0.673120 0.665755 0.657758 0.165614 0.156916 0.169262 0.157197 0.167789 0.168280 
8.959194 0.662809 0.668701 0.664632 0.162458 0.162528 0.167929 0.169613 0.172559 0.168841 
8.979909 0.674102 0.673331 0.662809 0.164913 0.165755 0.171787 0.163931 0.165194 0.161125 
9.000624 0.673962 0.667438 0.667649 0.167508 0.164983 0.169543 0.169332 0.173822 0.161616 
9.021339 0.666456 0.665474 0.656145 0.169332 0.167789 0.169402 0.160774 0.160283 0.167017 
9.042054 0.660424 0.665123 0.673050 0.165965 0.160143 0.167228 0.157548 0.163370 0.170735 
9.062768 0.672769 0.660003 0.686167 0.167999 0.156916 0.165404 0.166246 0.165614 0.165334 
9.083483 0.671857 0.668070 0.670244 0.169683 0.164141 0.165685 0.172208 0.167929 0.171226 
9.104198 0.680485 0.663580 0.669473 0.163440 0.163089 0.174383 0.163300 0.169402 0.173050 
9.124913 0.678241 0.667929 0.665474 0.168771 0.166667 0.168490 0.170735 0.171787 0.164492 
9.145628 0.662598 0.668070 0.667508 0.164703 0.161265 0.164141 0.165544 0.169893 0.165685 
9.166343 0.669122 0.664843 0.658039 0.170314 0.167579 0.168140 0.165544 0.172489 0.165053 
9.187058 0.663089 0.651515 0.663440 0.170595 0.157197 0.169753 0.163159 0.167579 0.168490 
9.207773 0.671366 0.665264 0.659231 0.167999 0.166807 0.175786 0.161406 0.170455 0.167158 
9.228487 0.667508 0.662037 0.661616 0.166667 0.163300 0.169402 0.174453 0.165825 0.171998 
9.249202 0.672699 0.670665 0.658951 0.174032 0.174593 0.168140 0.163580 0.168070 0.170525 
9.269917 0.668420 0.668911 0.667088 0.168771 0.166947 0.175435 0.167719 0.167859 0.167719 
9.290633 0.653269 0.650673 0.666667 0.165895 0.166316 0.163510 0.161336 0.168350 0.167438 
9.311347 0.662879 0.660915 0.666807 0.169122 0.169543 0.168280 0.160564 0.171086 0.166737 
9.332062 0.666456 0.663650 0.652988 0.167789 0.172348 0.171507 0.167789 0.163440 0.162247 
9.352777 0.667368 0.673822 0.682099 0.160915 0.159582 0.167017 0.163650 0.164983 0.165614 
9.373492 0.670455 0.665825 0.658810 0.169262 0.165474 0.162107 0.166877 0.164632 0.170104 
9.394207 0.657407 0.665334 0.665755 0.171928 0.170104 0.170314 0.163861 0.162809 0.167579 
9.414922 0.650042 0.674383 0.659582 0.166176 0.167298 0.165123 0.167789 0.165685 0.165614 
9.435637 0.652146 0.665194 0.665404 0.159933 0.163370 0.162739 0.166246 0.170244 0.174523 
9.456352 0.651305 0.659933 0.663089 0.171086 0.163510 0.164492 0.168350 0.165053 0.167999 
9.477067 0.671577 0.654040 0.656285 0.167298 0.167859 0.172278 0.169262 0.170244 0.170034 
9.497781 0.653058 0.682450 0.670314 0.168350 0.168350 0.163019 0.169613 0.162809 0.166807 
9.518496 0.666035 0.668631 0.671507 0.169402 0.167017 0.161897 0.162739 0.167368 0.168350 
9.539211 0.668701 0.674242 0.677820 0.162247 0.173260 0.165895 0.166456 0.167438 0.172278 
9.559927 0.672278 0.661616 0.666877 0.159933 0.168490 0.164001 0.163089 0.171016 0.161476 
9.580641 0.665264 0.669402 0.674453 0.166877 0.168841 0.172348 0.165264 0.162177 0.166035 
9.601356 0.659301 0.662949 0.671296 0.162318 0.164141 0.169052 0.170805 0.163791 0.170875 
9.622071 0.672769 0.664071 0.668982 0.160424 0.164282 0.163019 0.170244 0.170805 0.169262 
9.642786 0.653690 0.671577 0.664071 0.165544 0.169613 0.166316 0.167368 0.166737 0.167228 
9.663500 0.677189 0.663650 0.676908 0.167579 0.164492 0.166106 0.173751 0.170735 0.171787 
9.684216 0.663931 0.676066 0.660564 0.165614 0.165614 0.167298 0.168210 0.174453 0.172348 
9.704931 0.673190 0.668841 0.660213 0.161616 0.168350 0.162879 0.169893 0.171086 0.170525 
9.725646 0.670875 0.664212 0.672769 0.166106 0.167228 0.170455 0.160774 0.169893 0.167579 
9.746360 0.663089 0.671086 0.654952 0.166807 0.174523 0.168911 0.171998 0.171366 0.168420 
9.767075 0.673611 0.674383 0.655022 0.164703 0.163510 0.163931 0.156846 0.169052 0.165544 
9.787790 0.686658 0.665615 0.671928 0.163580 0.169332 0.165053 0.169402 0.166597 0.163580 
9.808505 0.673681 0.661406 0.662107 0.165825 0.172419 0.179012 0.170034 0.174102 0.166947 
9.829220 0.670384 0.655022 0.658670 0.163580 0.165614 0.172068 0.168070 0.169823 0.168841 
9.849935 0.668490 0.672910 0.679854 0.162318 0.160003 0.170875 0.167719 0.167298 0.162598 
9.870650 0.679644 0.664282 0.668070 0.167789 0.165474 0.167999 0.160845 0.167228 0.166947 
9.891365 0.677820 0.668350 0.651936 0.160424 0.171296 0.165404 0.167298 0.163861 0.166386 
9.912079 0.676838 0.654812 0.664071 0.164001 0.165194 0.175154 0.167579 0.164071 0.160774 
9.932794 0.673962 0.654952 0.667649 0.163370 0.168841 0.162037 0.168631 0.169613 0.166035 
9.953509 0.669192 0.670525 0.655654 0.156846 0.167999 0.170174 0.162949 0.166667 0.166386 
9.974224 0.664352 0.662248 0.671016 0.169332 0.161476 0.168490 0.164212 0.166386 0.164632 
9.994939 0.668701 0.665123 0.660915 0.162949 0.168070 0.174032 0.159021 0.162247 0.163791 
10.015654 0.672278 0.662879 0.659091 0.164703 0.168210 0.167719 0.165965 0.172699 0.164422 
10.036369 0.670805 0.680345 0.669964 0.158389 0.173751 0.174032 0.165825 0.173190 0.160774 
10.057084 0.667298 0.673050 0.668701 0.163861 0.165825 0.169473 0.166877 0.164282 0.168701 
10.077798 0.668911 0.674383 0.669823 0.164071 0.173471 0.168701 0.169613 0.167017 0.166667 
10.098513 0.669402 0.653058 0.656776 0.165334 0.167158 0.171507 0.167228 0.170034 0.162879 
10.119228 0.664282 0.661897 0.667929 0.163440 0.173751 0.161967 0.166526 0.173260 0.165334 
10.139944 0.662949 0.656916 0.668490 0.161406 0.164071 0.166597 0.162528 0.164562 0.167579 
10.160658 0.655654 0.655724 0.665755 0.163510 0.164422 0.168420 0.171647 0.163931 0.168771 
10.181373 0.657688 0.676487 0.671226 0.163721 0.168490 0.169964 0.167859 0.173260 0.172348 
10.202088 0.657197 0.640152 0.665825 0.168070 0.169402 0.170034 0.166035 0.170104 0.167438 
10.222803 0.666035 0.661055 0.673471 0.166947 0.171016 0.161055 0.164773 0.166526 0.170104 
10.243518 0.664001 0.656005 0.668561 0.170946 0.165404 0.170735 0.161336 0.168981 0.167088 
10.264233 0.652988 0.673050 0.662879 0.166667 0.162037 0.172138 0.162879 0.173681 0.171647 
10.284948 0.671366 0.665685 0.666246 0.165685 0.159863 0.165685 0.163510 0.172068 0.168911 
10.305663 0.672208 0.661265 0.668350 0.163791 0.162739 0.178451 0.168210 0.167508 0.163300 
10.326377 0.661476 0.666035 0.675575 0.170805 0.170384 0.166176 0.170384 0.167438 0.168350 
10.347092 0.682450 0.661125 0.661336 0.162037 0.172629 0.171086 0.173471 0.165685 0.166807 
10.367807 0.666807 0.671857 0.651655 0.176838 0.157688 0.166035 0.169473 0.162528 0.166035 
10.388522 0.662177 0.661616 0.671226 0.172419 0.160774 0.165965 0.169753 0.168701 0.164913 
10.409237 0.656496 0.674733 0.670875 0.169964 0.170595 0.169613 0.170875 0.171296 0.171647 
10.429952 0.658039 0.684554 0.663300 0.170665 0.166877 0.165404 0.168561 0.165965 0.160774 
10.450667 0.672349 0.672419 0.653058 0.165685 0.169402 0.166176 0.173541 0.158179 0.168701 
10.471382 0.653690 0.665685 0.669122 0.160845 0.160704 0.168981 0.169192 0.162318 0.165334 
10.492096 0.665053 0.670104 0.675645 0.163019 0.167017 0.166877 0.169402 0.157898 0.166877 
10.512811 0.662388 0.672068 0.675365 0.170244 0.161616 0.167719 0.165264 0.164632 0.164913 
10.533526 0.678030 0.674874 0.685606 0.168701 0.162879 0.168701 0.170665 0.168911 0.169543 
10.554242 0.669753 0.658810 0.672208 0.169964 0.167368 0.170946 0.169683 0.165123 0.164913 
10.574956 0.650042 0.675786 0.668982 0.166386 0.158039 0.170946 0.160354 0.167088 0.166667 
10.595671 0.666737 0.678311 0.672419 0.163370 0.163791 0.166947 0.170805 0.171296 0.166737 
10.616386 0.671086 0.678381 0.656496 0.166526 0.156706 0.164562 0.171787 0.167508 0.163089 
10.637101 0.682800 0.689394 0.677048 0.164492 0.162949 0.172980 0.171647 0.166316 0.166526 
10.657815 0.655934 0.670525 0.672840 0.167719 0.167298 0.176838 0.164703 0.169473 0.170455 
10.678531 0.675014 0.658460 0.648078 0.166737 0.168841 0.168420 0.165334 0.163019 0.167017 
10.699246 0.657618 0.665053 0.659933 0.160564 0.168561 0.165264 0.170455 0.165404 0.160003 
10.719961 0.653620 0.673541 0.659231 0.163440 0.167859 0.168210 0.171787 0.167508 0.165614 
10.740675 0.664843 0.656566 0.668561 0.158880 0.168631 0.168771 0.162949 0.173751 0.161195 
10.761390 0.665825 0.669262 0.657478 0.164001 0.165685 0.170595 0.171226 0.166526 0.168841 
10.782105 0.677259 0.656145 0.670174 0.164703 0.168210 0.162318 0.170244 0.160634 0.162528 
10.802820 0.652988 0.655584 0.665965 0.164352 0.166877 0.171296 0.166877 0.173401 0.166667 
10.823535 0.668280 0.656776 0.648288 0.157688 0.163440 0.170525 0.169052 0.173331 0.167929 
10.844250 0.673962 0.666386 0.660213 0.158951 0.161546 0.169402 0.170384 0.168490 0.169613 
10.864965 0.663580 0.657898 0.655303 0.165194 0.166737 0.166176 0.168070 0.171156 0.166597 
10.885680 0.681047 0.654882 0.659091 0.164422 0.173471 0.170455 0.166737 0.170805 0.161336 
10.906394 0.673751 0.667649 0.672629 0.168350 0.165544 0.169052 0.166597 0.171928 0.169823 
10.927109 0.668841 0.663230 0.663089 0.160354 0.170735 0.170595 0.162458 0.170244 0.161897 
10.947824 0.652006 0.665194 0.673260 0.167719 0.168420 0.176838 0.168771 0.165053 0.166316 
10.968539 0.650393 0.669964 0.661967 0.166877 0.173681 0.169473 0.163300 0.173401 0.168911 
10.989254 0.681538 0.652988 0.656706 0.163159 0.170034 0.168070 0.163931 0.165474 0.170735 
11.009969 0.687079 0.665474 0.666246 0.164352 0.169613 0.177329 0.169262 0.176136 0.167649 
11.030684 0.664282 0.658530 0.660424 0.165544 0.174453 0.171928 0.167508 0.170384 0.169332 
11.051399 0.664983 0.669052 0.665825 0.166597 0.178732 0.168210 0.168490 0.163791 0.163300 
11.072114 0.669473 0.671296 0.668070 0.167088 0.170174 0.167228 0.168420 0.167649 0.166877 
11.092829 0.675084 0.655093 0.670244 0.168070 0.169402 0.174733 0.167228 0.162809 0.159091 
11.113544 0.661827 0.669262 0.658951 0.166456 0.167859 0.167649 0.164843 0.167438 0.168140 
11.134259 0.666386 0.672629 0.674032 0.162107 0.162037 0.167579 0.162809 0.168210 0.168350 
11.154974 0.654391 0.656496 0.672208 0.175435 0.167017 0.170875 0.163370 0.161686 0.172138 
11.175688 0.656846 0.661125 0.678241 0.169823 0.167999 0.173751 0.163230 0.167929 0.163721 
11.196403 0.674874 0.661406 0.663230 0.166597 0.159582 0.169192 0.166737 0.171296 0.169262 
11.217118 0.656215 0.657267 0.680415 0.170946 0.161616 0.165544 0.162668 0.172840 0.154321 
11.237833 0.671156 0.661967 0.661336 0.164913 0.163089 0.166246 0.164001 0.176417 0.171016 
11.258548 0.671016 0.671998 0.662037 0.162458 0.165544 0.167298 0.164983 0.169893 0.171857 
11.279263 0.665825 0.663650 0.662739 0.167649 0.158951 0.167508 0.166877 0.177960 0.167508 
11.299978 0.677469 0.660424 0.665895 0.164983 0.160003 0.169683 0.164492 0.171647 0.172208 
11.320693 0.662668 0.660774 0.664983 0.164141 0.163019 0.171156 0.169823 0.174032 0.167859 
11.341407 0.665755 0.658249 0.659231 0.168701 0.173892 0.169332 0.166456 0.177399 0.166316 
11.362122 0.673190 0.670104 0.669753 0.160424 0.155093 0.161476 0.167789 0.166597 0.172980 
11.382837 0.676487 0.678171 0.670174 0.165544 0.161967 0.163159 0.166176 0.169964 0.162528 
11.403553 0.665264 0.660915 0.684975 0.158740 0.165685 0.169262 0.170665 0.171507 0.166667 
11.424267 0.670104 0.676557 0.671016 0.165825 0.162037 0.170244 0.166176 0.171647 0.167298 
11.444982 0.664703 0.665685 0.669964 0.163861 0.165123 0.162107 0.167298 0.163300 0.167719 
11.465697 0.678592 0.682239 0.659792 0.171577 0.167228 0.165053 0.164141 0.162037 0.171437 
11.486412 0.664703 0.678662 0.664703 0.169823 0.171787 0.169402 0.172419 0.169964 0.164773 
11.507126 0.659161 0.672489 0.669964 0.168561 0.156776 0.166316 0.170735 0.164001 0.162598 
11.527842 0.660845 0.669683 0.655303 0.167789 0.162879 0.170455 0.164212 0.170104 0.166737 
11.548557 0.664071 0.662177 0.680135 0.169613 0.167649 0.172559 0.167859 0.161265 0.172629 
11.569272 0.649902 0.659582 0.666456 0.168210 0.171787 0.165895 0.162739 0.162528 0.160424 
11.589986 0.660915 0.668701 0.662037 0.165264 0.162388 0.166877 0.169823 0.163510 0.169332 
11.610701 0.653199 0.671928 0.665755 0.177118 0.163440 0.164001 0.170595 0.166316 0.158810 
11.631416 0.667368 0.664492 0.667158 0.160915 0.159652 0.170455 0.164703 0.164632 0.165685 
11.652131 0.660073 0.681187 0.668350 0.168701 0.166106 0.168561 0.167438 0.163300 0.161756 
11.672846 0.662458 0.663721 0.664562 0.162879 0.165264 0.172840 0.169823 0.168280 0.163650 
11.693561 0.664492 0.657758 0.655303 0.173190 0.173892 0.172699 0.165755 0.164703 0.160073 
11.714276 0.668631 0.656566 0.666386 0.167438 0.165053 0.171928 0.164913 0.170665 0.165825 
11.734991 0.664773 0.659091 0.664282 0.167368 0.165123 0.166386 0.161265 0.163861 0.160283 
11.755705 0.666807 0.666877 0.670244 0.174032 0.168701 0.174453 0.166456 0.164071 0.160704 
11.776420 0.683852 0.670384 0.655584 0.169823 0.168210 0.172980 0.166316 0.163861 0.164352 
11.797135 0.672068 0.663861 0.666667 0.162598 0.165825 0.173541 0.165334 0.165474 0.170034 
11.817850 0.672208 0.655794 0.664352 0.171857 0.170665 0.171437 0.167228 0.171156 0.166667 
11.838565 0.669753 0.664492 0.670875 0.166386 0.169332 0.169893 0.157828 0.164562 0.166246 
11.859280 0.662528 0.675084 0.656706 0.162739 0.167017 0.172419 0.165334 0.171507 0.168561 
11.879995 0.678171 0.664983 0.681187 0.173471 0.167508 0.168350 0.163791 0.168140 0.166316 
11.900710 0.658039 0.672208 0.676978 0.165123 0.170665 0.174242 0.158670 0.167859 0.166106 
11.921424 0.667789 0.664352 0.657478 0.161476 0.170104 0.165685 0.163089 0.171717 0.167438 
11.942140 0.661265 0.665895 0.663580 0.170104 0.168841 0.164843 0.171857 0.168841 0.167158 
11.962855 0.683432 0.665474 0.660283 0.167859 0.164001 0.169823 0.160774 0.165825 0.169893 
11.983570 0.677469 0.675575 0.668771 0.167929 0.172138 0.171647 0.166246 0.170174 0.167508 
12.004284 0.660213 0.648990 0.670455 0.170665 0.169192 0.168981 0.165404 0.165685 0.170665 
12.024999 0.666176 0.664983 0.669823 0.164703 0.175435 0.171998 0.166246 0.175084 0.165334 
12.045714 0.667088 0.653129 0.680766 0.169052 0.173401 0.164492 0.168140 0.169473 0.161756 
12.066429 0.669753 0.666035 0.652076 0.169893 0.168140 0.168841 0.161897 0.165053 0.170875 
12.087144 0.675575 0.674944 0.690446 0.165614 0.161265 0.169262 0.163370 0.176557 0.157267 
12.107859 0.655513 0.666526 0.652918 0.170665 0.175295 0.163370 0.168420 0.172840 0.166386 
12.128574 0.672699 0.660494 0.657478 0.167158 0.173681 0.170805 0.168420 0.167999 0.163370 
12.149289 0.667999 0.662528 0.654672 0.164492 0.168420 0.166456 0.167789 0.167719 0.163440 
12.170003 0.672559 0.682941 0.673611 0.166807 0.165544 0.163159 0.169543 0.169122 0.171647 
12.190718 0.670805 0.659231 0.679153 0.163580 0.164913 0.169192 0.164001 0.162247 0.163159 
12.211433 0.661897 0.651936 0.670805 0.172068 0.165965 0.166176 0.164282 0.168561 0.174102 
12.232148 0.655864 0.670384 0.661195 0.170455 0.169192 0.173331 0.164773 0.162318 0.167228 
12.252863 0.665755 0.658109 0.656776 0.163791 0.165123 0.166246 0.163230 0.164212 0.167789 
12.273578 0.661406 0.654882 0.664422 0.160564 0.165194 0.163089 0.163089 0.162247 0.160354 
12.294293 0.658600 0.664141 0.660424 0.168420 0.170875 0.168701 0.162809 0.163931 0.170665 
12.315008 0.676838 0.673190 0.659933 0.163650 0.170525 0.168140 0.162458 0.159091 0.174172 
12.335722 0.668140 0.666246 0.657127 0.167158 0.160283 0.163230 0.170384 0.161967 0.165053 
12.356437 0.658460 0.667929 0.660985 0.172278 0.162739 0.175154 0.163931 0.162388 0.167929 
12.377152 0.675224 0.663159 0.656636 0.160354 0.165825 0.168280 0.155373 0.169473 0.165194 
12.397868 0.669613 0.667649 0.663019 0.164703 0.165685 0.169753 0.166807 0.161756 0.169613 
12.418582 0.661756 0.668070 0.662037 0.167859 0.162107 0.162247 0.161125 0.159792 0.162528 
12.439297 0.674523 0.681818 0.674523 0.166035 0.165755 0.170384 0.160634 0.161686 0.167368 
12.460012 0.673190 0.660845 0.664492 0.170875 0.167508 0.165123 0.167298 0.166597 0.164282 
12.480727 0.666597 0.672699 0.679012 0.171577 0.162879 0.163089 0.164141 0.161265 0.169332 
12.501441 0.674804 0.671787 0.672208 0.169122 0.165544 0.170946 0.165474 0.171998 0.169332 
12.522157 0.669473 0.666667 0.674733 0.172699 0.168701 0.170805 0.160424 0.168140 0.164983 
12.542872 0.669613 0.662809 0.668911 0.164282 0.167298 0.168701 0.160073 0.161265 0.175224 
12.563587 0.676347 0.679644 0.666246 0.160564 0.156004 0.169753 0.164773 0.164703 0.169823 
12.584301 0.670314 0.678802 0.673260 0.170314 0.166386 0.167017 0.170455 0.169052 0.169823 
12.605016 0.668070 0.681538 0.662809 0.173331 0.161686 0.168070 0.158951 0.165685 0.168070 
12.625731 0.668911 0.675505 0.662107 0.171437 0.165544 0.170595 0.164632 0.166106 0.164562 
12.646446 0.651726 0.671156 0.661967 0.160073 0.162949 0.167158 0.166667 0.168841 0.170525 
12.667161 0.661546 0.660213 0.662458 0.170104 0.169192 0.169192 0.159863 0.163650 0.171857 
12.687876 0.652848 0.659652 0.669964 0.168070 0.164983 0.167438 0.160634 0.166035 0.174102 
12.708591 0.685326 0.667789 0.664773 0.165895 0.160073 0.162528 0.173962 0.172699 0.170455 
12.729306 0.675154 0.676066 0.667298 0.166737 0.162739 0.177539 0.169473 0.169402 0.170104 
12.750021 0.664983 0.671437 0.664773 0.167789 0.160985 0.170665 0.164282 0.166737 0.170665 
12.770735 0.670946 0.679012 0.671016 0.167929 0.158880 0.164352 0.170104 0.167298 0.167789 
12.791451 0.654602 0.674593 0.664352 0.162949 0.157197 0.165755 0.166737 0.169613 0.160143 
12.812166 0.660915 0.660774 0.659161 0.159933 0.167228 0.167999 0.170805 0.168841 0.166877 
12.832880 0.664562 0.651796 0.661336 0.167438 0.155373 0.164632 0.172840 0.169753 0.163861 
12.853595 0.659442 0.657969 0.668561 0.167929 0.172769 0.169122 0.169823 0.164843 0.167579 
12.874310 0.667719 0.664422 0.650673 0.162949 0.173892 0.168561 0.176066 0.170946 0.164212 
12.895025 0.665053 0.673751 0.667579 0.163791 0.162949 0.164492 0.172138 0.163510 0.161055 
12.915740 0.678872 0.659582 0.662248 0.165123 0.169473 0.169122 0.175715 0.164071 0.164282 
12.936455 0.666526 0.671787 0.672769 0.165474 0.168070 0.161967 0.167929 0.164141 0.167088 
12.957170 0.674874 0.662037 0.663580 0.159091 0.160354 0.165194 0.170595 0.167158 0.168631 
12.977885 0.661265 0.665895 0.662177 0.165685 0.160283 0.163650 0.168981 0.168140 0.167438 
12.998600 0.671928 0.668982 0.664212 0.164492 0.167999 0.163300 0.169964 0.173260 0.169543 
13.019314 0.667999 0.663300 0.664422 0.156776 0.173260 0.164352 0.165895 0.165474 0.170875 
13.040029 0.672699 0.659582 0.677750 0.160845 0.164352 0.164843 0.174663 0.171717 0.175996 
13.060744 0.665053 0.662809 0.660283 0.162598 0.163580 0.168280 0.166176 0.164562 0.166526 
13.081459 0.655303 0.667789 0.668280 0.170244 0.166176 0.161336 0.167298 0.166597 0.173260 
13.102174 0.663230 0.666947 0.650744 0.159512 0.166667 0.166386 0.163440 0.164913 0.161827 
13.122889 0.656075 0.658740 0.681467 0.162879 0.170384 0.160354 0.170805 0.168841 0.170314 
13.143604 0.667999 0.664492 0.679994 0.167999 0.164282 0.167017 0.168561 0.174102 0.164773 
13.164319 0.659372 0.654952 0.670244 0.165755 0.166947 0.168210 0.168631 0.166386 0.164352 
13.185033 0.655022 0.665615 0.676207 0.158249 0.162247 0.165965 0.177118 0.171226 0.167158 
13.205748 0.670104 0.668841 0.672629 0.170525 0.170525 0.162598 0.172769 0.164843 0.161125 
13.226463 0.656846 0.666807 0.660915 0.160213 0.167859 0.164632 0.166246 0.162037 0.164843 
13.247179 0.667719 0.666877 0.673611 0.168631 0.155163 0.164492 0.169683 0.168070 0.160213 
13.267893 0.666737 0.670875 0.674593 0.162809 0.171998 0.174242 0.171507 0.172278 0.169473 
13.288608 0.660915 0.671296 0.666456 0.166106 0.165755 0.170595 0.176347 0.165474 0.167649 
13.309323 0.670595 0.662037 0.656496 0.163159 0.159722 0.169262 0.167508 0.166316 0.161406 
13.330038 0.659161 0.659722 0.662248 0.161265 0.166035 0.174172 0.168561 0.168140 0.165755 
13.350752 0.659512 0.663650 0.656355 0.164352 0.163510 0.174102 0.171787 0.164913 0.163230 
13.371468 0.655303 0.649621 0.663370 0.164282 0.169122 0.171928 0.173260 0.167438 0.162107 
13.392183 0.666106 0.671928 0.665685 0.166035 0.175505 0.168701 0.167508 0.168490 0.168490 
13.412898 0.679574 0.669613 0.672699 0.170595 0.169262 0.172699 0.164562 0.169543 0.168140 
13.433612 0.660845 0.672419 0.668140 0.166035 0.160424 0.167929 0.171437 0.161686 0.161756 
13.454327 0.670244 0.669332 0.667017 0.165404 0.166106 0.169543 0.167088 0.165474 0.167228 
13.475042 0.679924 0.672910 0.656846 0.160494 0.169402 0.163861 0.162247 0.172138 0.166947 
13.495757 0.687710 0.672208 0.667649 0.163089 0.171998 0.169823 0.161476 0.168911 0.166807 
13.516472 0.667017 0.675014 0.681467 0.164282 0.164492 0.164282 0.167508 0.163300 0.167579 
13.537187 0.667789 0.673190 0.662248 0.165053 0.169543 0.167789 0.169122 0.163650 0.169613 
13.557902 0.661125 0.674593 0.673190 0.163089 0.164282 0.172138 0.169052 0.167228 0.165895 
13.578617 0.667368 0.670034 0.666176 0.166176 0.168350 0.165053 0.170384 0.167929 0.163230 
13.599331 0.670314 0.661897 0.673822 0.167368 0.164071 0.164141 0.167789 0.162388 0.163791 
13.620046 0.665123 0.660424 0.659021 0.161125 0.158039 0.169052 0.165755 0.167649 0.168210 
13.640761 0.669613 0.677118 0.650393 0.165544 0.162037 0.162247 0.168210 0.167228 0.169543 
13.661477 0.662107 0.655513 0.664983 0.162879 0.168631 0.165334 0.169753 0.162949 0.157688 
13.682191 0.662458 0.667929 0.663861 0.167789 0.164492 0.167859 0.174663 0.169473 0.164492 
13.702906 0.676768 0.668771 0.657688 0.159021 0.165895 0.165825 0.170455 0.170174 0.164983 
13.723621 0.664983 0.669192 0.678802 0.161336 0.163019 0.169543 0.172840 0.170735 0.167579 
13.744336 0.665615 0.665053 0.670314 0.160424 0.164001 0.163300 0.171647 0.163440 0.165194 
13.765050 0.661336 0.657407 0.667789 0.157127 0.165123 0.169122 0.164632 0.166737 0.165404 
13.785766 0.659722 0.674242 0.657337 0.162177 0.169332 0.159863 0.166947 0.168981 0.165334 
13.806481 0.670384 0.674663 0.656355 0.167859 0.161897 0.159652 0.169262 0.162879 0.168561 
13.827196 0.666176 0.671226 0.667649 0.164141 0.164212 0.166597 0.169823 0.168280 0.165194 
13.847910 0.657197 0.670314 0.677609 0.165825 0.167298 0.167438 0.168841 0.171928 0.159161 
13.868625 0.668350 0.675224 0.671577 0.166526 0.166526 0.169683 0.162318 0.162388 0.163721 
13.889340 0.682800 0.668631 0.660494 0.171226 0.177118 0.162458 0.161827 0.160845 0.164001 
13.910055 0.658460 0.656005 0.666456 0.161546 0.168981 0.172910 0.167508 0.168490 0.160424 
13.930770 0.672489 0.654321 0.675084 0.171857 0.166526 0.174663 0.163931 0.169823 0.164632 
13.951485 0.667859 0.652778 0.678171 0.166667 0.167017 0.171016 0.170244 0.165965 0.171016 
13.972200 0.663019 0.666877 0.670384 0.166597 0.171016 0.165053 0.164773 0.166737 0.169613 
13.992915 0.661055 0.673050 0.672138 0.164071 0.166176 0.164703 0.164001 0.169122 0.165755 
14.013629 0.661195 0.665755 0.664071 0.177820 0.169753 0.172629 0.166316 0.172138 0.162528 
14.034344 0.659161 0.669613 0.676487 0.160424 0.176417 0.164983 0.167719 0.166807 0.173681 
14.055059 0.660143 0.668350 0.671787 0.167789 0.167368 0.164071 0.169683 0.166877 0.168561 
14.075774 0.667649 0.662598 0.677189 0.171577 0.162598 0.165334 0.174172 0.164913 0.167017 
14.096489 0.658249 0.660704 0.662037 0.162739 0.162598 0.163931 0.168280 0.164492 0.165404 
14.117204 0.660704 0.681117 0.672349 0.169332 0.161616 0.165825 0.173190 0.170525 0.167859 
14.137919 0.663230 0.658039 0.669192 0.172419 0.164071 0.161616 0.162388 0.163440 0.169964 
14.158634 0.659863 0.653970 0.671647 0.165474 0.164071 0.166597 0.165895 0.162107 0.164352 
14.179348 0.679784 0.671577 0.668070 0.169964 0.164773 0.160564 0.165685 0.161195 0.167719 
14.200063 0.662388 0.671226 0.666947 0.161686 0.163440 0.166737 0.157969 0.164141 0.170174 
14.220778 0.657898 0.660424 0.660704 0.166807 0.165685 0.156145 0.165123 0.165123 0.160424 
14.241494 0.675084 0.665685 0.674804 0.158600 0.166597 0.169683 0.175575 0.166386 0.165544 
14.262208 0.665474 0.678662 0.650323 0.166737 0.165965 0.171156 0.174453 0.157478 0.167228 
14.282923 0.671016 0.654181 0.666947 0.164422 0.166106 0.156566 0.168490 0.160213 0.167719 
14.303638 0.670875 0.666877 0.662458 0.159091 0.168561 0.169332 0.167579 0.168490 0.165614 
14.324353 0.659582 0.670384 0.655934 0.165544 0.159301 0.170525 0.174663 0.168210 0.170805 
14.345068 0.651375 0.671016 0.663721 0.167158 0.170735 0.164843 0.165053 0.163931 0.172138 
14.365783 0.678381 0.662949 0.662177 0.165685 0.166597 0.164843 0.173751 0.167719 0.167789 
14.386498 0.667719 0.676908 0.678802 0.164001 0.166035 0.159512 0.168420 0.164492 0.169332 
14.407213 0.664703 0.673681 0.654111 0.165053 0.164071 0.167929 0.162598 0.168420 0.173050 
14.427927 0.672349 0.663089 0.673471 0.169543 0.162388 0.170384 0.166386 0.176417 0.160424 
14.448642 0.663019 0.661476 0.666386 0.161476 0.161336 0.169683 0.165614 0.173751 0.167999 
14.469357 0.683291 0.672349 0.650744 0.167298 0.164843 0.167649 0.171296 0.167508 0.170875 
14.490072 0.668911 0.667158 0.672840 0.158039 0.160704 0.160354 0.164773 0.171647 0.171507 
14.510787 0.681888 0.658389 0.659512 0.157758 0.165474 0.164282 0.159652 0.168841 0.170946 
14.531502 0.670384 0.677539 0.676277 0.164492 0.163440 0.163089 0.170946 0.172278 0.167368 
14.552217 0.678311 0.670104 0.658881 0.161616 0.167859 0.168631 0.169332 0.171577 0.166456 
14.572932 0.678311 0.661967 0.659231 0.167789 0.163791 0.164141 0.172980 0.169332 0.172559 
14.593647 0.654461 0.663510 0.670805 0.164773 0.164843 0.174804 0.166597 0.166386 0.163580 
14.614361 0.676066 0.667789 0.678942 0.160704 0.165264 0.166947 0.174313 0.161546 0.165474 
14.635077 0.668420 0.653269 0.675926 0.164632 0.165685 0.161406 0.170875 0.164632 0.169052 
14.655792 0.662248 0.667298 0.667579 0.160915 0.160845 0.169052 0.168420 0.168280 0.168140 
14.676507 0.662388 0.681117 0.658600 0.167368 0.167719 0.165194 0.169893 0.173681 0.171998 
14.697221 0.657057 0.672559 0.655513 0.157548 0.159792 0.168280 0.172559 0.171577 0.166526 
14.717936 0.646254 0.664843 0.664071 0.160634 0.169543 0.168771 0.171717 0.164843 0.165194 
14.738651 0.649060 0.676627 0.672910 0.161476 0.154812 0.172068 0.165053 0.166316 0.164773 
14.759366 0.669893 0.671016 0.660564 0.172278 0.162528 0.174172 0.173751 0.174523 0.171226 
14.780081 0.657548 0.677048 0.666176 0.166877 0.161336 0.169402 0.174663 0.166667 0.164773 
14.800796 0.655303 0.661055 0.663791 0.166737 0.168561 0.164913 0.163580 0.175014 0.174032 
14.821511 0.647868 0.660985 0.676487 0.171016 0.169262 0.167158 0.169893 0.169543 0.168841 
14.842226 0.678241 0.666737 0.656566 0.165965 0.167368 0.176557 0.169052 0.167368 0.166106 
14.862940 0.664352 0.656846 0.661967 0.167859 0.162528 0.165965 0.166176 0.165544 0.160915 
14.883655 0.669964 0.669543 0.662177 0.166386 0.164001 0.166877 0.167649 0.167228 0.167298 
14.904370 0.668771 0.663510 0.658670 0.160354 0.161195 0.166877 0.165474 0.167719 0.163159 
14.925085 0.664632 0.665264 0.662037 0.164913 0.163931 0.163300 0.175575 0.162668 0.165194 
14.945800 0.658600 0.660915 0.663861 0.163370 0.169823 0.171156 0.164632 0.168420 0.171296 
14.966515 0.670735 0.663721 0.668841 0.158600 0.162177 0.161406 0.170595 0.171647 0.169543 
14.987230 0.668490 0.663791 0.671016 0.158530 0.160354 0.163089 0.170946 0.160634 0.167649 
15.007945 0.667017 0.653269 0.675926 0.165264 0.166106 0.163861 0.172699 0.166526 0.170104 
15.028659 0.660354 0.654882 0.664422 0.157267 0.163089 0.162528 0.164913 0.169122 0.164352 
15.049374 0.671437 0.668631 0.665053 0.162809 0.166947 0.165544 0.170875 0.170034 0.171787 
15.070089 0.662458 0.665965 0.658951 0.171086 0.166456 0.158880 0.167929 0.168140 0.163230 
15.090805 0.670595 0.683221 0.667298 0.163440 0.168350 0.171857 0.176838 0.169122 0.162037 
15.111519 0.668140 0.668490 0.677118 0.161967 0.164282 0.159863 0.169052 0.170665 0.167649 
15.132234 0.664913 0.656075 0.679994 0.165404 0.164843 0.167368 0.172348 0.164352 0.165053 
15.152949 0.665474 0.676698 0.662107 0.161967 0.164212 0.167719 0.173962 0.168911 0.165123 
15.173664 0.666386 0.663510 0.665895 0.164562 0.161406 0.178241 0.174032 0.169122 0.164071 
15.194379 0.664703 0.666597 0.675716 0.161897 0.162879 0.174453 0.173401 0.170244 0.161125 
15.215094 0.655513 0.660845 0.658881 0.165194 0.164492 0.164913 0.167579 0.168771 0.158039 
15.235809 0.660424 0.665685 0.671577 0.159722 0.160003 0.166807 0.173260 0.176277 0.167999 
15.256524 0.660213 0.665334 0.679083 0.157337 0.165895 0.171507 0.173331 0.169683 0.163159 
15.277238 0.665404 0.666877 0.677820 0.164141 0.163300 0.169192 0.164773 0.167929 0.167228 
15.297953 0.661897 0.667228 0.664352 0.164843 0.166316 0.164141 0.169823 0.168631 0.161897 
15.318668 0.664422 0.663370 0.662388 0.158740 0.165123 0.173822 0.169964 0.174523 0.170104 
15.339383 0.669823 0.677259 0.675856 0.160073 0.154602 0.170034 0.171928 0.169122 0.168701 
15.360098 0.681538 0.674172 0.653760 0.161756 0.163230 0.176136 0.173611 0.169052 0.160424 
15.380813 0.669543 0.660354 0.661616 0.167859 0.160634 0.172559 0.165123 0.168981 0.166316 
15.401528 0.670805 0.661125 0.668350 0.158389 0.160985 0.162949 0.168911 0.164282 0.165544 
15.422243 0.666667 0.666947 0.676417 0.160003 0.153269 0.171437 0.170455 0.163370 0.167298 
15.442957 0.665053 0.665053 0.663019 0.162037 0.158530 0.176347 0.169753 0.171366 0.162528 
15.463672 0.669192 0.662248 0.668701 0.168420 0.160143 0.165895 0.168280 0.169543 0.169473 
15.484387 0.682870 0.674453 0.659021 0.163440 0.156987 0.169683 0.168841 0.165404 0.162528 
15.505103 0.667508 0.667228 0.668210 0.161967 0.164422 0.164632 0.166526 0.175084 0.166386 
15.525817 0.685817 0.670384 0.661967 0.156285 0.162668 0.168561 0.170455 0.166035 0.159582 
15.546532 0.648218 0.669122 0.654812 0.167298 0.162107 0.173050 0.166386 0.175645 0.162318 
15.567247 0.672910 0.666316 0.664352 0.162318 0.168140 0.165965 0.167999 0.165474 0.169122 
15.587962 0.669052 0.667789 0.674383 0.167579 0.161967 0.164843 0.167789 0.162598 0.164773 
15.608676 0.661476 0.667719 0.675786 0.163300 0.165685 0.170034 0.170034 0.167719 0.170034 
15.629392 0.654742 0.674242 0.676908 0.166246 0.157758 0.163861 0.166035 0.164492 0.163370 
15.650107 0.665895 0.675295 0.676768 0.165895 0.162318 0.164983 0.174102 0.169823 0.164632 
15.670822 0.675295 0.674172 0.673190 0.161967 0.164703 0.167929 0.163230 0.174944 0.162107 
15.691536 0.655163 0.663019 0.655724 0.163931 0.165825 0.166176 0.166877 0.165895 0.169473 
15.712251 0.668841 0.669893 0.663370 0.161967 0.167649 0.169052 0.163370 0.164843 0.171787 
15.732966 0.661265 0.662037 0.658740 0.158600 0.164352 0.166246 0.168841 0.168350 0.161336 
15.753681 0.661897 0.684133 0.647587 0.169262 0.165544 0.168771 0.169964 0.170946 0.169893 
15.774396 0.644430 0.666526 0.656496 0.161055 0.165965 0.169613 0.174242 0.163931 0.167859 
15.795111 0.665965 0.659372 0.675084 0.161756 0.160985 0.167859 0.168140 0.161827 0.166667 
15.815826 0.669473 0.659161 0.672559 0.175014 0.163440 0.160003 0.167508 0.155233 0.165544 
15.836541 0.670665 0.670595 0.660985 0.155584 0.161686 0.168911 0.168210 0.170805 0.162528 
15.857255 0.680345 0.654531 0.659792 0.161265 0.166807 0.163230 0.169543 0.165264 0.168210 
15.877970 0.665194 0.675856 0.659512 0.164492 0.177890 0.161616 0.175786 0.168210 0.167579 
15.898685 0.664001 0.671156 0.654672 0.157969 0.166667 0.173541 0.174874 0.172208 0.165965 
15.919400 0.661756 0.674453 0.659091 0.162879 0.169683 0.173892 0.167158 0.169402 0.175365 
15.940115 0.662177 0.657758 0.674172 0.164843 0.162107 0.163791 0.173892 0.174313 0.167789 
15.960830 0.659091 0.659442 0.673681 0.156636 0.168701 0.167438 0.166737 0.170314 0.167579 
15.981545 0.674944 0.656075 0.671296 0.163721 0.167017 0.166035 0.167789 0.170875 0.170665 
16.002260 0.673611 0.656916 0.674874 0.165965 0.166526 0.172629 0.182520 0.169122 0.175084 
16.022975 0.676277 0.658179 0.681959 0.163650 0.161967 0.166807 0.170805 0.173541 0.164422 
16.043690 0.660985 0.668210 0.658530 0.163510 0.167298 0.163440 0.170384 0.167719 0.170665 
16.064404 0.666526 0.672840 0.668841 0.164703 0.169192 0.172699 0.173120 0.165895 0.171016 
16.085119 0.665965 0.664001 0.679503 0.163721 0.167088 0.163931 0.164492 0.171928 0.170174 
16.105834 0.668210 0.655654 0.654672 0.170244 0.167228 0.168841 0.170174 0.169122 0.158951 
16.126550 0.660494 0.654251 0.669893 0.164983 0.161265 0.169332 0.167088 0.173120 0.170946 
16.147264 0.663159 0.649832 0.665123 0.163089 0.166035 0.166035 0.177259 0.175224 0.169473 
16.167979 0.660283 0.664352 0.667719 0.165264 0.166246 0.168490 0.176698 0.168911 0.170946 
16.188694 0.656145 0.669683 0.661546 0.172769 0.167088 0.168140 0.177539 0.177259 0.168350 
16.209409 0.662248 0.660283 0.663230 0.164282 0.165965 0.162037 0.167158 0.171086 0.168140 
16.230124 0.671928 0.665334 0.668701 0.167017 0.162809 0.164562 0.161125 0.166737 0.165194 
16.250838 0.658389 0.651375 0.675435 0.163721 0.162177 0.158880 0.167859 0.172769 0.171016 
16.271554 0.659512 0.666316 0.657758 0.158460 0.163089 0.164001 0.169473 0.172910 0.162879 
16.292269 0.679012 0.666386 0.667929 0.162037 0.167649 0.159371 0.167789 0.173331 0.169332 
16.312984 0.663510 0.670875 0.659722 0.159933 0.169402 0.164773 0.161756 0.164562 0.171577 
16.333698 0.670244 0.667368 0.669332 0.161897 0.164773 0.164632 0.171647 0.169052 0.169402 
16.354413 0.666176 0.661616 0.667368 0.166807 0.176347 0.166597 0.170665 0.169052 0.164212 
16.375128 0.667649 0.661897 0.650603 0.162177 0.165264 0.164422 0.168280 0.171156 0.165685 
16.395843 0.660073 0.668771 0.660915 0.159863 0.164562 0.158109 0.166597 0.172629 0.168841 
16.416558 0.666035 0.671857 0.688272 0.160634 0.169893 0.167088 0.167158 0.159442 0.173190 
16.437273 0.687290 0.680626 0.664562 0.156004 0.171787 0.162528 0.169332 0.163721 0.165685 
16.457988 0.667017 0.666947 0.667228 0.156215 0.166877 0.158389 0.174663 0.178311 0.165264 
16.478703 0.670665 0.668631 0.659091 0.165755 0.163650 0.163019 0.161546 0.170455 0.170946 
16.499417 0.654742 0.669332 0.668631 0.164562 0.165895 0.167158 0.175084 0.166597 0.172699 
16.520132 0.656145 0.669262 0.654742 0.161406 0.162177 0.169613 0.164282 0.164983 0.167438 
16.540847 0.681117 0.667719 0.652287 0.165895 0.165123 0.161125 0.170735 0.168140 0.168841 
16.561563 0.660915 0.664212 0.667438 0.161476 0.169543 0.165614 0.168140 0.167228 0.170735 
16.582277 0.659582 0.673120 0.662458 0.161546 0.170314 0.163650 0.167999 0.169964 0.171296 
16.602992 0.686027 0.670595 0.665544 0.162879 0.167158 0.164843 0.164843 0.165895 0.167929 
16.623707 0.676908 0.676347 0.678732 0.162949 0.166035 0.164703 0.173541 0.169893 0.168911 
16.644422 0.659372 0.667088 0.674032 0.166035 0.164352 0.156776 0.167929 0.166035 0.168070 
16.665136 0.669122 0.665474 0.670735 0.169332 0.163159 0.163370 0.173751 0.167508 0.174032 
16.685851 0.658881 0.667158 0.661756 0.169192 0.167228 0.171296 0.167088 0.172910 0.178030 
16.706567 0.658039 0.652638 0.654952 0.167929 0.169964 0.161827 0.167999 0.164773 0.170525 
16.727282 0.668982 0.652427 0.662528 0.164703 0.169893 0.160424 0.167088 0.174874 0.170595 
16.747996 0.665474 0.667649 0.668490 0.173190 0.167789 0.168070 0.173401 0.168210 0.174804 
16.768711 0.649762 0.664632 0.669473 0.170665 0.163159 0.168911 0.169402 0.170314 0.174032 
16.789426 0.664632 0.659372 0.667789 0.165544 0.164632 0.161756 0.172769 0.165404 0.174593 
16.810141 0.655233 0.660073 0.665123 0.169964 0.166246 0.165264 0.169683 0.171086 0.162949 
16.830855 0.672419 0.658530 0.670384 0.173120 0.164562 0.165895 0.169332 0.172138 0.166176 
16.851571 0.666316 0.666597 0.668982 0.160704 0.167368 0.172208 0.171577 0.161195 0.170525 
16.872286 0.656145 0.657057 0.662388 0.167649 0.162247 0.164773 0.173611 0.167649 0.165895 
16.893001 0.649902 0.665264 0.682309 0.163861 0.167368 0.167859 0.172769 0.176768 0.170735 
16.913715 0.656285 0.654251 0.659021 0.160985 0.162318 0.166526 0.164422 0.174383 0.162528 
16.934430 0.667719 0.664001 0.672068 0.163580 0.167579 0.170595 0.174523 0.170314 0.168490 
16.955145 0.669122 0.668350 0.655233 0.167508 0.170525 0.167929 0.171296 0.169683 0.166947 
16.975860 0.671296 0.675645 0.652848 0.170384 0.166386 0.170805 0.164212 0.174523 0.164422 
16.996575 0.658951 0.660774 0.673471 0.163650 0.162668 0.165895 0.170455 0.169613 0.165544 
17.017290 0.674383 0.656215 0.660283 0.163721 0.163159 0.167929 0.173962 0.161686 0.170384 
17.038005 0.668631 0.671998 0.657407 0.162528 0.162809 0.170525 0.170314 0.167298 0.168280 
17.058720 0.663791 0.655443 0.660213 0.159933 0.163721 0.163370 0.170174 0.175926 0.159512 
17.079434 0.666526 0.660774 0.675084 0.160845 0.172419 0.170735 0.168350 0.168561 0.172208 
17.100149 0.671366 0.664071 0.663580 0.160354 0.169543 0.171647 0.171577 0.175014 0.156425 
17.120864 0.658530 0.682870 0.661827 0.160985 0.158109 0.170174 0.173120 0.172278 0.162809 
17.141580 0.664562 0.661827 0.666246 0.159792 0.165194 0.158389 0.168280 0.170314 0.158389 
17.162294 0.673962 0.658600 0.681818 0.164632 0.168490 0.170735 0.170875 0.171437 0.163791 
17.183009 0.666035 0.673822 0.662458 0.158740 0.165194 0.160424 0.167158 0.171787 0.172910 
17.203724 0.667859 0.662879 0.665895 0.155163 0.168561 0.166316 0.165334 0.176908 0.163791 
17.224439 0.679714 0.667017 0.672840 0.164492 0.167649 0.160704 0.167789 0.167438 0.168280 
17.245154 0.664492 0.670174 0.665965 0.161827 0.154461 0.165544 0.167438 0.169122 0.168140 
17.265869 0.678100 0.681608 0.654742 0.158740 0.162809 0.164492 0.166807 0.171787 0.160845 
17.286584 0.669332 0.660915 0.654952 0.162668 0.164212 0.168420 0.172419 0.167017 0.170595 
17.307299 0.666456 0.668911 0.669332 0.166456 0.166316 0.164913 0.167088 0.170946 0.172348 
17.328013 0.666947 0.669262 0.665965 0.171717 0.168070 0.165123 0.172419 0.166316 0.170034 
17.348728 0.663510 0.657548 0.666597 0.162528 0.161827 0.165404 0.168841 0.167228 0.172068 
17.369443 0.662739 0.675645 0.670805 0.158740 0.165544 0.166176 0.171156 0.162247 0.170314 
17.390159 0.651375 0.652357 0.661616 0.161476 0.167859 0.164562 0.169052 0.161897 0.167228 
17.410873 0.662107 0.660494 0.662458 0.166106 0.158670 0.167929 0.166597 0.174383 0.170875 
17.431588 0.658319 0.668631 0.669613 0.164422 0.164562 0.163019 0.170805 0.165404 0.163650 
17.452303 0.682099 0.671086 0.667929 0.166246 0.162318 0.169753 0.171787 0.170525 0.168490 
17.473018 0.681467 0.669964 0.666947 0.160774 0.162879 0.172910 0.165825 0.159301 0.170805 
17.493732 0.660424 0.668982 0.673331 0.155303 0.161616 0.167859 0.167579 0.166667 0.170735 
17.514447 0.653970 0.678311 0.656916 0.160704 0.166035 0.164141 0.175575 0.165895 0.169122 
17.535163 0.672138 0.663721 0.664282 0.163931 0.170875 0.165544 0.170595 0.162318 0.177399 
17.555878 0.664492 0.668771 0.673190 0.167929 0.167789 0.162388 0.169823 0.166035 0.170805 
17.576592 0.668070 0.673260 0.665965 0.167158 0.163721 0.166807 0.166877 0.170595 0.173120 
17.597307 0.669683 0.665264 0.666456 0.160845 0.160213 0.163721 0.171787 0.165614 0.164983 
17.618022 0.666807 0.653970 0.673681 0.166106 0.162037 0.161195 0.167298 0.159933 0.169262 
17.638737 0.660634 0.662879 0.668280 0.160494 0.173751 0.168701 0.164141 0.161406 0.167368 
17.659451 0.668210 0.668911 0.666035 0.166246 0.158039 0.167158 0.165544 0.165685 0.158740 
17.680167 0.666456 0.662107 0.668140 0.166597 0.161125 0.164212 0.167579 0.165194 0.168490 
17.700882 0.670875 0.666176 0.669122 0.173962 0.163370 0.175505 0.161265 0.168070 0.171016 
17.721597 0.681888 0.669473 0.676207 0.168911 0.162739 0.169964 0.162739 0.170595 0.163931 
17.742311 0.668490 0.667789 0.662248 0.165334 0.168631 0.170665 0.173541 0.161546 0.174523 
17.763026 0.674593 0.656075 0.673681 0.162037 0.164071 0.163089 0.175084 0.161546 0.161897 
17.783741 0.661756 0.668210 0.663791 0.168350 0.168420 0.161125 0.167649 0.160213 0.165755 
17.804456 0.669543 0.671787 0.670314 0.165194 0.170875 0.164001 0.164352 0.164212 0.169262 
17.825171 0.652567 0.671577 0.653199 0.168771 0.165474 0.169543 0.161686 0.164141 0.163300 
17.845886 0.664282 0.659722 0.663019 0.168561 0.171787 0.165614 0.169683 0.171226 0.160634 
17.866601 0.672489 0.681187 0.667999 0.166386 0.160354 0.159161 0.169122 0.170455 0.165965 
17.887316 0.657407 0.677539 0.657898 0.166176 0.164843 0.165404 0.161125 0.165685 0.163300 
17.908031 0.657688 0.655794 0.652638 0.162458 0.165895 0.165685 0.169402 0.169473 0.168561 
17.928745 0.660354 0.658530 0.655654 0.164001 0.163510 0.167579 0.163089 0.167438 0.162809 
17.949460 0.666526 0.664001 0.658740 0.175645 0.165614 0.163861 0.163019 0.158319 0.162598 
17.970176 0.671226 0.666176 0.675365 0.167508 0.172348 0.163159 0.176417 0.170805 0.168350 
17.990891 0.652778 0.665895 0.674242 0.167088 0.169473 0.166386 0.168771 0.172629 0.168490 
18.011605 0.659231 0.684554 0.663510 0.171437 0.172068 0.163370 0.169052 0.167789 0.169823 
18.032320 0.663019 0.673260 0.666667 0.167017 0.164001 0.162739 0.164422 0.179223 0.166597 
18.053035 0.668841 0.678732 0.667859 0.164913 0.167228 0.167298 0.162247 0.168911 0.175295 
18.073750 0.667999 0.668280 0.672980 0.171156 0.168280 0.171787 0.169964 0.174733 0.163791 
18.094464 0.677329 0.667719 0.668350 0.163370 0.162668 0.166456 0.163370 0.172419 0.170525 
18.115180 0.666807 0.666526 0.675926 0.167298 0.158460 0.167158 0.172699 0.170384 0.176487 
18.135895 0.656706 0.667719 0.671296 0.161476 0.165474 0.164422 0.168140 0.173822 0.175505 
18.156610 0.661686 0.654321 0.668982 0.167999 0.165053 0.168631 0.167929 0.172419 0.162318 
18.177324 0.676066 0.673892 0.665825 0.169402 0.163370 0.164212 0.171226 0.172699 0.163159 
18.198039 0.683993 0.671507 0.657127 0.171647 0.167158 0.169192 0.170455 0.164703 0.168140 
18.218754 0.669332 0.659863 0.657127 0.165685 0.164001 0.166807 0.164703 0.175154 0.170595 
18.239469 0.676066 0.671296 0.663159 0.173751 0.161055 0.165474 0.165053 0.166176 0.170455 
18.260184 0.661756 0.665825 0.676207 0.176698 0.161967 0.160073 0.164562 0.171577 0.164703 
18.280899 0.664141 0.672559 0.668280 0.166456 0.168911 0.159863 0.160845 0.168561 0.171016 
18.301614 0.663089 0.646465 0.679574 0.169753 0.168911 0.167719 0.166316 0.160915 0.168140 
18.322329 0.671016 0.656846 0.661265 0.172840 0.170174 0.161827 0.173331 0.162809 0.172348 
18.343043 0.662037 0.648990 0.658951 0.163510 0.166176 0.167649 0.172699 0.165264 0.164352 
18.363758 0.653129 0.647447 0.662528 0.163861 0.163791 0.168981 0.159231 0.171437 0.173471 
18.384473 0.659512 0.667789 0.657758 0.167368 0.167579 0.164773 0.158319 0.166246 0.166386 
18.405189 0.659091 0.659231 0.669964 0.166667 0.172629 0.160494 0.173120 0.169473 0.173681 
18.425903 0.666737 0.661897 0.676066 0.163931 0.167298 0.164212 0.167579 0.167929 0.167719 
18.446618 0.665825 0.666106 0.668490 0.169192 0.174172 0.161897 0.170805 0.172489 0.163019 
18.467333 0.667789 0.646324 0.655303 0.169262 0.172840 0.168841 0.166106 0.161897 0.165965 
18.488048 0.662458 0.661897 0.666737 0.170384 0.168210 0.168561 0.163721 0.165825 0.161055 
18.508762 0.672419 0.674313 0.674663 0.174804 0.172489 0.172138 0.164773 0.166456 0.159792 
18.529477 0.667088 0.654672 0.660985 0.161546 0.166386 0.164001 0.167158 0.165825 0.166246 
18.550193 0.663159 0.677539 0.665615 0.162037 0.171928 0.168701 0.171156 0.169332 0.164282 
18.570908 0.662037 0.667158 0.672910 0.167368 0.161546 0.169753 0.163580 0.172910 0.165825 
18.591622 0.667649 0.668911 0.667719 0.166035 0.164212 0.168350 0.171998 0.169543 0.165755 
18.612337 0.664703 0.668140 0.668631 0.168140 0.171016 0.167088 0.161827 0.164913 0.163300 
18.633052 0.662177 0.668210 0.666456 0.161125 0.170104 0.163230 0.166737 0.164001 0.162388 
18.653767 0.667228 0.673471 0.658179 0.171507 0.167649 0.169122 0.169052 0.166947 0.161827 
18.674481 0.667088 0.669683 0.669613 0.170384 0.164141 0.161265 0.162177 0.166877 0.166947 
18.695197 0.662177 0.677048 0.667579 0.170735 0.163300 0.166597 0.165895 0.169893 0.164352 
18.715912 0.658810 0.654952 0.669543 0.168841 0.166316 0.163931 0.166947 0.165895 0.165544 
18.736627 0.678451 0.668631 0.653129 0.165264 0.165264 0.165053 0.163510 0.171857 0.168701 
18.757341 0.659301 0.665194 0.670384 0.165474 0.163089 0.165755 0.170595 0.171647 0.171366 
18.778056 0.674944 0.664282 0.664913 0.166316 0.164843 0.165123 0.169332 0.172208 0.168561 
18.798772 0.661827 0.666176 0.659792 0.168771 0.158880 0.164773 0.169262 0.168070 0.169332 
18.819487 0.661897 0.664562 0.671016 0.168140 0.164422 0.160985 0.162598 0.170174 0.160283 
18.840201 0.672699 0.674102 0.680205 0.165123 0.167298 0.171507 0.160564 0.173260 0.169613 
18.860916 0.670595 0.670034 0.666035 0.167579 0.167789 0.167999 0.161897 0.169192 0.166106 
18.881631 0.671156 0.665264 0.677750 0.170595 0.166877 0.159582 0.169192 0.162247 0.170805 
18.902346 0.680275 0.670525 0.653409 0.162177 0.155724 0.170805 0.170735 0.169683 0.161125 
18.923060 0.685185 0.679012 0.665334 0.162247 0.168911 0.160283 0.166456 0.167368 0.167017 
18.943776 0.677048 0.664422 0.657267 0.167859 0.162177 0.166807 0.165755 0.173681 0.168911 
18.964491 0.670314 0.676768 0.675295 0.169543 0.161265 0.167158 0.171016 0.166316 0.167719 
18.985206 0.673401 0.672699 0.674102 0.164492 0.165194 0.166737 0.165544 0.163370 0.166316 
19.005920 0.663440 0.670946 0.669613 0.159161 0.161897 0.156846 0.168140 0.172699 0.160774 
19.026635 0.670735 0.667228 0.674523 0.167929 0.164983 0.167438 0.163510 0.171577 0.174032 
19.047350 0.668420 0.662668 0.671296 0.166526 0.160564 0.170104 0.170735 0.176207 0.158319 
19.068065 0.672840 0.663300 0.664983 0.170314 0.165544 0.169543 0.167719 0.175786 0.165895 
19.088780 0.653479 0.666877 0.653970 0.161686 0.171647 0.166246 0.165614 0.166526 0.166947 
19.109495 0.660704 0.667508 0.679784 0.167649 0.159231 0.162318 0.173681 0.169893 0.169613 
19.130210 0.656496 0.657057 0.660143 0.166176 0.166667 0.159933 0.166877 0.164071 0.166176 
19.150925 0.659231 0.660704 0.672769 0.166807 0.172348 0.166316 0.169332 0.171437 0.167579 
19.171639 0.657828 0.647868 0.654672 0.161546 0.171647 0.169823 0.168701 0.172138 0.166456 
19.192354 0.651866 0.655934 0.668771 0.168420 0.167368 0.163300 0.161616 0.169332 0.170595 
19.213069 0.657057 0.661897 0.672138 0.168841 0.160915 0.165825 0.165053 0.175295 0.170735 
19.233785 0.663230 0.647797 0.670455 0.168631 0.167088 0.163300 0.168280 0.168841 0.165194 
19.254499 0.663931 0.665895 0.662318 0.162037 0.162879 0.166667 0.170875 0.173541 0.170384 
19.275214 0.663089 0.655303 0.663791 0.167719 0.168701 0.167929 0.166386 0.172348 0.166386 
19.295929 0.673050 0.650393 0.685676 0.166035 0.163230 0.159442 0.169543 0.167719 0.164773 
19.316644 0.680766 0.659722 0.657758 0.165474 0.166386 0.160774 0.165825 0.171366 0.172910 
19.337358 0.664773 0.662037 0.675645 0.170595 0.164001 0.165194 0.172629 0.164913 0.168561 
19.358073 0.658249 0.669683 0.666737 0.168981 0.166526 0.165404 0.163159 0.167579 0.169613 
19.378789 0.664352 0.655303 0.671647 0.168771 0.169122 0.166877 0.166456 0.169473 0.168981 
19.399504 0.652497 0.669683 0.675926 0.166386 0.166246 0.162598 0.161055 0.165404 0.169753 
19.420218 0.664843 0.670525 0.668841 0.170525 0.161055 0.169052 0.171507 0.163230 0.163230 
19.440933 0.659863 0.661897 0.663440 0.167929 0.168350 0.159371 0.167017 0.165755 0.161897 
19.461648 0.669823 0.657548 0.673822 0.172278 0.162037 0.165123 0.168911 0.165334 0.162528 
19.482363 0.669543 0.668911 0.667649 0.166947 0.169332 0.166947 0.165614 0.165404 0.166597 
19.503078 0.672840 0.676908 0.656075 0.168841 0.163931 0.163089 0.169052 0.160985 0.162739 
19.523793 0.666597 0.670174 0.669052 0.172138 0.170104 0.166246 0.161897 0.164632 0.168911 
19.544508 0.666807 0.673120 0.662668 0.164983 0.159161 0.171647 0.174242 0.168841 0.157618 
19.565223 0.659722 0.675365 0.669964 0.166176 0.162879 0.166597 0.169543 0.164352 0.163510 
19.585938 0.682941 0.677539 0.659652 0.170595 0.160354 0.165544 0.173260 0.165544 0.170314 
19.606652 0.652146 0.671226 0.657127 0.169753 0.163019 0.167228 0.170946 0.165895 0.164282 
19.627367 0.659301 0.685326 0.656566 0.166526 0.166526 0.159933 0.166737 0.162388 0.171156 
19.648082 0.671857 0.668982 0.649130 0.166807 0.167859 0.168140 0.172769 0.170244 0.167719 
19.668797 0.675786 0.674944 0.661265 0.171296 0.161616 0.170174 0.172559 0.167719 0.171366 
19.689512 0.659652 0.665895 0.673611 0.168070 0.164703 0.161406 0.176627 0.163931 0.166176 
19.710227 0.673401 0.672980 0.668420 0.173120 0.166106 0.164843 0.162177 0.170384 0.170805 
19.730942 0.655373 0.679854 0.660985 0.167017 0.164913 0.164913 0.168070 0.158740 0.173541 
19.751657 0.663300 0.665123 0.666106 0.169823 0.160704 0.172629 0.165825 0.166807 0.167158 
19.772371 0.672068 0.670946 0.671226 0.176207 0.164913 0.164913 0.161125 0.170034 0.163650 
19.793086 0.679083 0.667438 0.666316 0.164282 0.160915 0.168631 0.163019 0.165685 0.169402 
19.813802 0.670735 0.671647 0.679503 0.163019 0.169613 0.160003 0.170034 0.173541 0.169332 
19.834517 0.665474 0.663440 0.664141 0.162318 0.156496 0.163721 0.166597 0.170525 0.162809 
19.855231 0.654040 0.670034 0.659652 0.161476 0.169262 0.169332 0.160915 0.166947 0.169402 
19.875946 0.656987 0.678451 0.678100 0.163510 0.163300 0.167298 0.164001 0.162458 0.169543 
19.896661 0.664141 0.679223 0.649691 0.163861 0.165334 0.174804 0.167017 0.166456 0.164773 
19.917376 0.665264 0.666737 0.669262 0.161897 0.164492 0.174102 0.165755 0.169052 0.167859 
19.938090 0.673120 0.669964 0.665334 0.166877 0.154181 0.161125 0.160985 0.162809 0.163440 
19.958806 0.674313 0.674032 0.680415 0.166246 0.163861 0.169543 0.164071 0.168631 0.169332 
19.979521 0.659722 0.676627 0.662809 0.164422 0.161897 0.166386 0.165544 0.162739 0.168280 
20.000236 0.655513 0.665755 0.665615 0.171717 0.164562 0.162949 0.164703 0.167298 0.178732 
20.020950 0.661756 0.658670 0.659933 0.167298 0.167368 0.170595 0.171156 0.164212 0.171647 
20.041665 0.674593 0.660704 0.652427 0.171717 0.164913 0.164632 0.166035 0.164983 0.165825 
20.062380 0.669613 0.658319 0.673260 0.159512 0.166035 0.168070 0.169052 0.168841 0.167859 
20.083095 0.672419 0.652567 0.680205 0.170384 0.167999 0.166035 0.173050 0.170174 0.164773 
20.103810 0.652988 0.664492 0.667999 0.164212 0.164562 0.171437 0.169753 0.169613 0.167088 
20.124525 0.664492 0.653058 0.655093 0.166035 0.168070 0.157127 0.158951 0.160494 0.162388 
20.145240 0.670104 0.667228 0.669122 0.166597 0.165123 0.164141 0.169753 0.166877 0.166597 
20.165955 0.693462 0.657688 0.665404 0.172910 0.169964 0.167649 0.164632 0.167649 0.166737 
20.186669 0.657969 0.670034 0.658109 0.165965 0.163931 0.165194 0.169262 0.174383 0.163861 
20.207384 0.665474 0.651655 0.675645 0.173611 0.165825 0.162739 0.170805 0.172278 0.167228 
20.228099 0.680906 0.657828 0.667719 0.169543 0.161756 0.164632 0.168561 0.160845 0.166667 
20.248815 0.661827 0.645553 0.664492 0.167859 0.173050 0.160985 0.172910 0.168561 0.164212 
20.269529 0.661897 0.657478 0.665685 0.168350 0.164141 0.160564 0.162949 0.170174 0.169192 
20.290244 0.671998 0.662388 0.657267 0.176417 0.167859 0.161476 0.164843 0.167579 0.165825 
20.310959 0.670875 0.670384 0.659792 0.168350 0.168561 0.164773 0.169122 0.167789 0.166947 
20.331674 0.655443 0.664703 0.661055 0.170174 0.163159 0.167368 0.168140 0.169893 0.162949 
20.352388 0.659512 0.668841 0.676136 0.170875 0.164422 0.161756 0.163159 0.177680 0.164212 
20.373103 0.665053 0.677890 0.674383 0.167508 0.167368 0.164562 0.169683 0.169402 0.173260 
20.393819 0.669893 0.661616 0.674523 0.169332 0.161897 0.166456 0.163580 0.170244 0.166526 
20.414534 0.663440 0.655794 0.674663 0.167789 0.167929 0.167859 0.172489 0.172278 0.167929 
20.435248 0.669262 0.672138 0.667999 0.166947 0.164632 0.161265 0.173120 0.168701 0.164282 
20.455963 0.656706 0.674593 0.672559 0.171226 0.164632 0.162177 0.169192 0.167158 0.170946 
20.476678 0.665895 0.664843 0.665615 0.172068 0.161055 0.166176 0.159582 0.178451 0.169543 
20.497394 0.680766 0.667649 0.666667 0.172208 0.171928 0.163510 0.163300 0.171296 0.174102 
20.518108 0.665123 0.667719 0.651375 0.180696 0.166947 0.167859 0.164352 0.169613 0.166526 
20.538823 0.658810 0.674102 0.665053 0.171647 0.170595 0.163791 0.171928 0.166877 0.165123 
20.559538 0.661756 0.663861 0.673190 0.159652 0.163721 0.171086 0.164492 0.171366 0.173822 
20.580253 0.679994 0.669192 0.659301 0.168490 0.168140 0.161055 0.166877 0.172910 0.165404 
20.600967 0.649411 0.665404 0.676207 0.166035 0.160213 0.168070 0.163861 0.173471 0.161686 
20.621682 0.672278 0.666386 0.664212 0.165755 0.169262 0.162037 0.163580 0.172840 0.156425 
20.642398 0.656215 0.666456 0.668070 0.169683 0.171437 0.168701 0.170735 0.171437 0.164422 
20.663113 0.659652 0.663440 0.658039 0.174663 0.165123 0.168631 0.164141 0.173541 0.156566 
20.683827 0.654742 0.679644 0.678381 0.168701 0.162598 0.164212 0.170384 0.170595 0.170174 
20.704542 0.653339 0.670735 0.673611 0.173401 0.157127 0.170455 0.161686 0.169192 0.159863 
