# concentrations: 0.333333 0.333333 0.333333
0.005724 0.000000 0.000000 0.000000 0.000000 0.000000 0.000000 0.000000 0.000000 0.000000 
0.017171 0.000000 0.000000 0.000000 0.000000 0.000000 0.000000 0.000000 0.000000 0.000000 
0.028618 0.000000 0.000000 0.000000 0.000000 0.000000 0.000000 0.000000 0.000000 0.000000 
0.040065 0.000000 0.000000 0.000000 0.000000 0.000000 0.000000 0.000000 0.000000 0.000000 
0.051512 0.000000 0.000000 0.000000 0.000000 0.000000 0.000000 0.000000 0.000000 0.000000 
0.062959 0.000000 0.000000 0.000000 0.000000 0.000000 0.000000 0.000000 0.000000 0.000000 
0.074406 0.000000 0.000000 0.000000 0.000000 0.000000 0.000000 0.000000 0.000000 0.000000 
0.085853 0.000000 0.000000 0.000000 0.000000 0.000000 0.000000 0.000000 0.000000 0.000000 
0.097300 0.000000 0.000000 0.000000 0.000000 0.000000 0.000000 0.000000 0.000000 0.000000 
0.108747 0.000000 0.000000 0.000000 0.000000 0.000000 0.000000 0.000000 0.000000 0.000000 
0.120195 0.000000 0.000000 0.000000 0.000000 0.000000 0.000000 0.000000 0.000000 0.000000 
0.131642 0.000000 0.000000 0.000000 0.000000 0.000000 0.000000 0.000000 0.000000 0.000000 
0.143089 0.000000 0.000000 0.000000 0.000000 0.000000 0.000000 0.000000 0.000000 0.000000 
0.154536 0.000000 0.000000 0.000000 0.000000 0.000000 0.000000 0.000000 0.000000 0.000000 
0.165983 0.000000 0.000000 0.000000 0.000000 0.000000 0.000000 0.000000 0.000000 0.000000 
0.177430 0.000000 0.000000 0.000000 0.000000 0.000000 0.000000 0.000000 0.000000 0.000000 
0.188877 0.000000 0.000000 0.000000 0.000000 0.000000 0.000000 0.000000 0.000000 0.000000 
0.200324 0.000000 0.000000 0.000000 0.000000 0.000000 0.000000 0.000000 0.000000 0.000000 
0.211771 0.000000 0.000000 0.000000 0.000000 0.000000 0.000000 0.000000 0.000000 0.000000 
0.223218 0.000000 0.000000 0.000000 0.000000 0.000000 0.000000 0.000000 0.000000 0.000000 
0.234666 0.000000 0.000000 0.000000 0.000000 0.000000 0.000000 0.000000 0.000000 0.000000 
0.246113 0.000000 0.000000 0.000000 0.000000 0.000000 0.000000 0.000000 0.000000 0.000000 
0.257560 0.000000 0.000000 0.000000 0.000000 0.000000 0.000000 0.000000 0.000000 0.000000 
0.269007 0.000000 0.000000 0.000000 0.000000 0.000000 0.000000 0.000000 0.000000 0.000000 
0.280454 0.000000 0.000000 0.000000 0.000000 0.000000 0.000000 0.000000 0.000000 0.000000 
0.291901 0.000000 0.000000 0.000000 0.000000 0.000000 0.000000 0.000000 0.000000 0.000000 
0.303348 0.000000 0.000000 0.000000 0.000000 0.000000 0.000000 0.000000 0.000000 0.000000 
0.314795 0.000000 0.000000 0.000000 0.000000 0.000000 0.000000 0.000000 0.000000 0.000000 
0.326242 0.000000 0.000000 0.000000 0.000000 0.000000 0.000000 0.000000 0.000000 0.000000 
0.337689 0.000000 0.000000 0.000000 0.000000 0.000000 0.000000 0.000000 0.000000 0.000000 
0.349137 0.000000 0.000000 0.000000 0.000000 0.000000 0.000000 0.000000 0.000000 0.000000 
0.360584 0.000000 0.000000 0.000000 0.000000 0.000000 0.000000 0.000000 0.000000 0.000000 
0.372031 0.000000 0.000000 0.000000 0.000000 0.000000 0.000000 0.000000 0.000000 0.000000 
0.383478 0.000000 0.000000 0.000000 0.000000 0.000000 0.000000 0.000000 0.000000 0.000000 
0.394925 0.000000 0.000000 0.000000 0.000000 0.000000 0.000000 0.000000 0.000000 0.000000 
0.406372 0.000000 0.000000 0.000000 0.000000 0.000000 0.000000 0.000000 0.000000 0.000000 
0.417819 0.000000 0.000000 0.000000 0.000000 0.000000 0.000000 0.000000 0.000000 0.000000 
0.429266 0.000000 0.000000 0.000000 0.000000 0.000000 0.000000 0.000000 0.000000 0.000000 
0.440713 0.000000 0.000000 0.000000 0.000000 0.000000 0.000000 0.000000 0.000000 0.000000 
0.452160 0.000000 0.000000 0.000000 0.000000 0.000000 0.000000 0.000000 0.000000 0.000000 
0.463608 0.000000 0.000000 0.000000 0.000000 0.000000 0.000000 0.000000 0.000000 0.000000 
0.475055 0.000000 0.000000 0.000000 0.000000 0.000000 0.000000 0.000000 0.000000 0.000000 
0.486502 0.000000 0.000000 0.000000 0.000000 0.000000 0.000000 0.000000 0.000000 0.000000 
0.497949 0.000000 0.000000 0.000000 0.000000 0.000000 0.000000 0.000000 0.000000 0.000000 
0.509396 0.000000 0.000000 0.000000 0.000000 0.000000 0.000000 0.000000 0.000000 0.000000 
0.520843 0.000000 0.000000 0.000000 0.000000 0.000000 0.000000 0.000000 0.000000 0.000000 
0.532290 0.000000 0.000000 0.000000 0.000000 0.000000 0.000000 0.000000 0.000000 0.000000 
0.543737 0.000000 0.000000 0.000000 0.000000 0.000000 0.000000 0.000000 0.000000 0.000000 
0.555184 0.000000 0.000000 0.000000 0.000000 0.000000 0.000000 0.000000 0.000000 0.000000 
0.566631 0.000000 0.000000 0.000000 0.000000 0.000000 0.000000 0.000000 0.000000 0.000000 
0.578079 0.000000 0.000000 0.000000 0.000000 0.000000 0.000000 0.000000 0.000000 0.000000 
0.589526 0.000000 0.000000 0.000000 0.000000 0.000000 0.000000 0.000000 0.000000 0.000000 
0.600973 0.000000 0.000000 0.000000 0.000000 0.000000 0.000000 0.000000 0.000000 0.000000 
0.612420 0.000000 0.000000 0.000000 0.000000 0.000000 0.000000 0.000000 0.000000 0.000000 
0.623867 0.000000 0.000000 0.000000 0.000000 0.000000 0.000000 0.000000 0.000000 0.000000 
0.635314 0.000000 0.000000 0.000000 0.000000 0.000000 0.000000 0.000000 0.000000 0.000000 
0.646761 0.000000 0.000000 0.000000 0.000000 0.000000 0.000000 0.000000 0.000000 0.000000 
0.658208 0.000000 0.000000 0.000000 0.000000 0.000000 0.000000 0.000000 0.000000 0.000000 
0.669655 0.000000 0.000000 0.000000 0.000000 0.000000 0.000000 0.000000 0.000000 0.000000 
0.681102 0.000000 0.000000 0.000000 0.000000 0.000000 0.000000 0.000000 0.000000 0.000000 
0.692550 0.000000 0.000000 0.000000 0.000000 0.000000 0.000000 0.000000 0.000000 0.000000 
0.703997 0.000000 0.000000 0.000000 0.000000 0.000000 0.000000 0.000000 0.000000 0.000000 
0.715444 0.000000 0.000000 0.000000 0.000000 0.000000 0.000000 0.000000 0.000000 0.000000 
0.726891 0.000000 0.000000 0.000000 0.000000 0.000000 0.000000 0.000000 0.000000 0.000000 
0.738338 0.000000 0.000000 0.000000 0.000000 0.000000 0.000000 0.000000 0.000000 0.000000 
0.749785 0.000000 0.000000 0.000000 0.000000 0.000000 0.000000 0.000000 0.000000 0.000000 
0.761232 0.000000 0.000000 0.000000 0.000000 0.000000 0.000000 0.000000 0.000000 0.000000 
0.772679 0.000000 0.000000 0.000000 0.000000 0.000000 0.000000 0.000000 0.000000 0.000000 
0.784126 0.000000 0.000000 0.000000 0.000000 0.000000 0.000000 0.000000 0.000000 0.000000 
0.795573 0.000000 0.000000 0.000000 0.000000 0.000000 0.000000 0.000000 0.000000 0.000000 
0.807021 0.000000 0.000000 0.000000 0.000000 0.000000 0.000000 0.000000 0.000000 0.000000 
0.818468 0.000000 0.000000 0.000000 0.000000 0.000000 0.000000 0.000000 0.000000 0.000000 
0.829915 0.000000 0.000000 0.000000 0.000000 0.001269 0.000000 0.000000 0.000000 0.000000 
0.841362 0.000000 0.000000 0.000000 0.000000 0.004013 0.000000 0.000000 0.000000 0.000000 
0.852809 0.000000 0.000000 0.000000 0.000000 0.013320 0.000050 0.000000 0.000050 0.000000 
0.864256 0.000000 0.000000 0.000000 0.000000 0.033447 0.000437 0.000000 0.000437 0.000000 
0.875703 0.000000 0.000000 0.000000 0.000000 0.078169 0.001893 0.000000 0.001893 0.000000 
0.887150 0.000000 0.000000 0.000000 0.000000 0.167229 0.004889 0.000000 0.004889 0.000000 
0.898597 0.000000 0.000000 0.000000 0.000000 0.277645 0.015283 0.000000 0.015283 0.000090 
0.910044 0.000000 0.000351 0.000000 0.000351 0.443695 0.044441 0.000000 0.044441 0.000967 
0.921492 0.000000 0.002522 0.000000 0.002522 0.628742 0.094339 0.000000 0.094339 0.002230 
0.932939 0.000000 0.008632 0.000083 0.008632 0.859859 0.181282 0.000083 0.181282 0.008117 
0.944386 0.000000 0.023849 0.000244 0.023849 1.095246 0.296117 0.000244 0.296117 0.023030 
0.955833 0.000000 0.052442 0.001232 0.052442 1.321341 0.451997 0.001232 0.451997 0.051980 
0.967280 0.000000 0.105636 0.004810 0.105636 1.535699 0.645029 0.004810 0.645029 0.111011 
0.978727 0.000076 0.191658 0.011557 0.191658 1.690241 0.859582 0.011557 0.859582 0.195037 
0.990174 0.000669 0.317158 0.028728 0.317158 1.831084 1.091042 0.028728 1.091042 0.315804 
1.001621 0.001525 0.478872 0.065811 0.478872 1.989921 1.306442 0.065811 1.306442 0.472560 
1.013068 0.007452 0.650288 0.126118 0.650288 2.066291 1.516171 0.126118 1.516171 0.675989 
1.024515 0.017556 0.863206 0.216995 0.863206 2.102953 1.698056 0.216995 1.698056 0.872061 
1.035963 0.038685 1.080068 0.334082 1.080068 2.146729 1.831195 0.334082 1.831195 1.087515 
1.047410 0.074624 1.285297 0.505940 1.285297 2.171014 1.961593 0.505940 1.961593 1.293844 
1.058857 0.141363 1.495069 0.679986 1.495069 2.181583 2.051743 0.679986 2.051743 1.490812 
1.070304 0.237100 1.655369 0.880155 1.655369 2.108527 2.114395 0.880155 2.114395 1.666056 
1.081751 0.366493 1.810849 1.090325 1.810849 2.092149 2.141442 1.090325 2.141442 1.844168 
1.093198 0.519272 1.950285 1.294065 1.950285 2.049295 2.155266 1.294065 2.155266 1.938127 
1.104645 0.691332 2.024010 1.477434 2.024010 1.990966 2.149149 1.477434 2.149149 2.022422 
1.116092 0.898315 2.082438 1.657652 2.082438 1.898373 2.134481 1.657652 2.134481 2.096478 
1.127539 1.093521 2.121596 1.806401 2.121596 1.874977 2.098156 1.806401 2.098156 2.134850 
1.138986 1.283377 2.143462 1.912521 2.143462 1.799636 2.061175 1.912521 2.061175 2.161663 
1.150434 1.470545 2.133248 2.015047 2.133248 1.733164 2.011098 2.015047 2.011098 2.139090 
1.161881 1.643733 2.135807 2.066706 2.135807 1.707454 1.932108 2.066706 1.932108 2.119453 
1.173328 1.774084 2.088800 2.105990 2.088800 1.632451 1.896491 2.105990 1.896491 2.110520 
1.184775 1.917690 2.056648 2.131224 2.056648 1.583676 1.827698 2.131224 1.827698 2.045806 
1.196222 1.988138 2.023415 2.136596 2.023415 1.529216 1.769302 2.136596 1.769302 2.020765 
1.207669 2.045336 1.947580 2.123732 1.947580 1.454433 1.721454 2.123732 1.721454 1.964531 
1.219116 2.094193 1.909736 2.086015 1.909736 1.419015 1.664734 2.086015 1.664734 1.894389 
1.230563 2.135692 1.836979 2.076822 1.836979 1.368159 1.594716 2.076822 1.594716 1.861954 
1.242010 2.133030 1.778596 2.008812 1.778596 1.318158 1.546027 2.008812 1.546027 1.790234 
1.253457 2.097469 1.734033 1.964801 1.734033 1.274920 1.488340 1.964801 1.488340 1.722378 
1.264905 2.105384 1.682554 1.899092 1.682554 1.238338 1.432463 1.899092 1.432463 1.665669 
1.276352 2.072796 1.605496 1.849651 1.605496 1.200934 1.393337 1.849651 1.393337 1.600247 
1.287799 2.020036 1.548957 1.791854 1.548957 1.163297 1.340181 1.791854 1.340181 1.562350 
1.299246 1.961104 1.493104 1.742382 1.493104 1.127991 1.291864 1.742382 1.291864 1.503039 
1.310693 1.935583 1.454096 1.680320 1.454096 1.101983 1.263705 1.680320 1.263705 1.439222 
1.322140 1.860253 1.401368 1.618937 1.401368 1.077276 1.206701 1.618937 1.206701 1.421451 
1.333587 1.818175 1.358310 1.559404 1.358310 1.047926 1.177421 1.559404 1.177421 1.336826 
1.345034 1.745388 1.306323 1.509424 1.306323 1.020250 1.145977 1.509424 1.145977 1.307069 
1.356481 1.694618 1.269410 1.446749 1.269410 0.992664 1.101893 1.446749 1.101893 1.255901 
1.367928 1.641307 1.234520 1.410204 1.234520 0.975964 1.082714 1.410204 1.082714 1.230105 
1.379376 1.583707 1.195954 1.348341 1.195954 0.956808 1.051102 1.348341 1.051102 1.191359 
1.390823 1.536228 1.159711 1.317123 1.159711 0.924395 1.024028 1.317123 1.024028 1.143502 
1.402270 1.465889 1.126413 1.271059 1.126413 0.920339 0.997550 1.271059 0.997550 1.126439 
1.413717 1.420125 1.095841 1.238880 1.095841 0.902616 0.978482 1.238880 0.978482 1.083307 
1.425164 1.376460 1.060151 1.201456 1.060151 0.885987 0.959664 1.201456 0.959664 1.070134 
1.436611 1.330917 1.034502 1.164558 1.034502 0.876150 0.932620 1.164558 0.932620 1.039373 
1.448058 1.289096 1.009757 1.128539 1.009757 0.860173 0.923621 1.128539 0.923621 1.015861 
1.459505 1.248814 0.988322 1.109151 0.988322 0.843314 0.907043 1.109151 0.907043 0.982105 
1.470952 1.199493 0.963891 1.071171 0.963891 0.838083 0.883368 1.071171 0.883368 0.974419 
1.482399 1.173615 0.942323 1.037018 0.942323 0.823897 0.883686 1.037018 0.883686 0.935100 
1.493847 1.132707 0.930334 1.012603 0.930334 0.816565 0.852440 1.012603 0.852440 0.912720 
1.505294 1.108710 0.903561 0.982422 0.903561 0.808027 0.843795 0.982422 0.843795 0.900250 
1.516741 1.067785 0.881959 0.966844 0.881959 0.810852 0.836045 0.966844 0.836045 0.884433 
1.528188 1.055591 0.872168 0.945498 0.872168 0.793729 0.822992 0.945498 0.822992 0.862344 
1.539635 1.012719 0.865287 0.927071 0.865287 0.792470 0.819090 0.927071 0.819090 0.852879 
1.551082 0.982063 0.847064 0.903731 0.847064 0.789271 0.805922 0.903731 0.805922 0.848035 
1.562529 0.964743 0.832647 0.884919 0.832647 0.778316 0.805247 0.884919 0.805247 0.836759 
1.573976 0.953055 0.822792 0.872548 0.822792 0.777121 0.800082 0.872548 0.800082 0.822457 
1.585423 0.920584 0.817992 0.860721 0.817992 0.779638 0.781429 0.860721 0.781429 0.814440 
1.596870 0.904300 0.810286 0.848335 0.810286 0.778705 0.783882 0.848335 0.783882 0.802928 
1.608318 0.896739 0.798484 0.834870 0.798484 0.776784 0.780551 0.834870 0.780551 0.804604 
1.619765 0.873921 0.791928 0.820525 0.791928 0.777448 0.782728 0.820525 0.782728 0.796715 
1.631212 0.858268 0.786437 0.818016 0.786437 0.778529 0.775702 0.818016 0.775702 0.790600 
1.642659 0.841308 0.792095 0.799924 0.792095 0.785837 0.774299 0.799924 0.774299 0.778386 
1.654106 0.827362 0.779154 0.795431 0.779154 0.787430 0.769522 0.795431 0.769522 0.772149 
1.665553 0.823590 0.777221 0.786982 0.777221 0.792424 0.768363 0.786982 0.768363 0.775987 
1.677000 0.809096 0.764891 0.782780 0.764891 0.786382 0.769525 0.782780 0.769525 0.773588 
1.688447 0.795369 0.772385 0.772818 0.772385 0.794117 0.780190 0.772818 0.780190 0.769871 
1.699894 0.795389 0.765932 0.771936 0.765932 0.800480 0.785113 0.771936 0.785113 0.769275 
1.711341 0.780232 0.773120 0.770865 0.773120 0.810525 0.781870 0.770865 0.781870 0.771478 
1.722789 0.774169 0.767406 0.774572 0.767406 0.809311 0.782142 0.774572 0.782142 0.770733 
1.734236 0.771627 0.767028 0.763817 0.767028 0.823163 0.787532 0.763817 0.787532 0.773056 
1.745683 0.767691 0.771588 0.760928 0.771588 0.833420 0.797149 0.760928 0.797149 0.775196 
1.757130 0.766686 0.778908 0.764648 0.778908 0.828400 0.802914 0.764648 0.802914 0.776759 
1.768577 0.764944 0.781832 0.768521 0.781832 0.847937 0.808905 0.768521 0.808905 0.778729 
1.780024 0.753796 0.783153 0.764434 0.783153 0.852713 0.817966 0.764434 0.817966 0.788783 
1.791471 0.761018 0.793938 0.774383 0.793938 0.857156 0.822450 0.774383 0.822450 0.786596 
1.802918 0.762074 0.795278 0.775837 0.795278 0.870618 0.831849 0.775837 0.831849 0.795081 
1.814365 0.754900 0.805354 0.774701 0.805354 0.877811 0.843438 0.774701 0.843438 0.804551 
1.825812 0.761428 0.805121 0.777933 0.805121 0.885357 0.847564 0.777933 0.847564 0.802680 
1.837260 0.765593 0.819151 0.784881 0.819151 0.895040 0.863626 0.784881 0.863626 0.821653 
1.848707 0.766819 0.829833 0.791397 0.829833 0.916512 0.872091 0.791397 0.872091 0.824509 
1.860154 0.781786 0.835480 0.795985 0.835480 0.918423 0.879937 0.795985 0.879937 0.832665 
1.871601 0.768717 0.843405 0.808536 0.843405 0.927850 0.891526 0.808536 0.891526 0.839478 
1.883048 0.778187 0.855099 0.807940 0.855099 0.950221 0.900508 0.807940 0.900508 0.852588 
1.894495 0.789661 0.854919 0.821020 0.854919 0.960517 0.911573 0.821020 0.911573 0.862091 
1.905942 0.787964 0.874427 0.827194 0.874427 0.966839 0.916344 0.827194 0.916344 0.876048 
1.917389 0.801725 0.886034 0.834072 0.886034 0.980134 0.936476 0.834072 0.936476 0.884183 
1.928836 0.806246 0.891930 0.847861 0.891930 0.983443 0.939150 0.847861 0.939150 0.903645 
1.940283 0.812692 0.905454 0.857121 0.905454 0.996107 0.952244 0.857121 0.952244 0.909062 
1.951731 0.825234 0.919829 0.866944 0.919829 1.019391 0.965386 0.866944 0.965386 0.914989 
1.963178 0.832534 0.932066 0.883300 0.932066 1.015078 0.978930 0.883300 0.978930 0.929958 
1.974625 0.846232 0.946657 0.892786 0.946657 1.029448 0.993444 0.892786 0.993444 0.939914 
1.986072 0.847021 0.957936 0.900800 0.957936 1.042204 0.999768 0.900800 0.999768 0.960548 
1.997519 0.865417 0.965491 0.921407 0.965491 1.048256 1.018362 0.921407 1.018362 0.962495 
2.008966 0.878042 0.985033 0.926882 0.985033 1.056762 1.020000 0.926882 1.020000 0.970371 
2.020413 0.887624 0.994562 0.940152 0.994562 1.066416 1.039884 0.940152 1.039884 0.994186 
2.031860 0.903568 0.994726 0.953210 0.994726 1.087122 1.040162 0.953210 1.040162 0.997215 
2.043307 0.906540 1.008488 0.966740 1.008488 1.092147 1.051131 0.966740 1.051131 1.009785 
2.054754 0.929331 1.019692 0.976053 1.019692 1.090875 1.059513 0.976053 1.059513 1.019885 
2.066202 0.936191 1.035988 0.992287 1.035988 1.093392 1.067106 0.992287 1.067106 1.035828 
2.077649 0.939202 1.041897 1.003738 1.041897 1.098644 1.078845 1.003738 1.078845 1.038067 
2.089096 0.961079 1.052137 1.013464 1.052137 1.104388 1.084556 1.013464 1.084556 1.049631 
2.100543 0.966480 1.063011 1.018260 1.063011 1.102982 1.093621 1.018260 1.093621 1.066880 
2.111990 0.988482 1.069370 1.036372 1.069370 1.105565 1.092026 1.036372 1.092026 1.061851 
2.123437 0.990820 1.082225 1.042917 1.082225 1.112183 1.105159 1.042917 1.105159 1.081701 
2.134884 1.007892 1.082316 1.056569 1.082316 1.112042 1.109036 1.056569 1.109036 1.084969 
2.146331 1.026035 1.092503 1.066273 1.092503 1.123557 1.112855 1.066273 1.112855 1.091919 
2.157778 1.030915 1.101874 1.080825 1.101874 1.106490 1.109576 1.080825 1.109576 1.098527 
2.169225 1.046229 1.099223 1.077485 1.099223 1.105948 1.125365 1.077485 1.125365 1.104757 
2.180673 1.064569 1.110650 1.091407 1.110650 1.110918 1.116848 1.091407 1.116848 1.116218 
2.192120 1.061854 1.117723 1.089934 1.117723 1.113981 1.116235 1.089934 1.116235 1.108418 
2.203567 1.075234 1.110797 1.105938 1.110797 1.111265 1.120664 1.105938 1.120664 1.108294 
2.215014 1.077659 1.115643 1.113402 1.115643 1.109666 1.115984 1.113402 1.115984 1.117653 
2.226461 1.094370 1.120472 1.113948 1.120472 1.105816 1.110638 1.113948 1.110638 1.122464 
2.237908 1.101723 1.117785 1.111712 1.117785 1.090466 1.117119 1.111712 1.117119 1.126418 
2.249355 1.104833 1.120075 1.119150 1.120075 1.091978 1.110046 1.119150 1.110046 1.120424 
2.260802 1.107291 1.120218 1.121411 1.120218 1.091159 1.108649 1.121411 1.108649 1.122340 
2.272249 1.107553 1.118610 1.129155 1.118610 1.091343 1.111488 1.129155 1.111488 1.118895 
2.283696 1.116863 1.124373 1.125911 1.124373 1.076472 1.100905 1.125911 1.100905 1.124489 
2.295143 1.119720 1.114113 1.127095 1.114113 1.075459 1.098823 1.127095 1.098823 1.114023 
2.306591 1.130059 1.114994 1.124430 1.114994 1.072519 1.096028 1.124430 1.096028 1.108332 
2.318038 1.131298 1.106950 1.125176 1.106950 1.061297 1.085226 1.125176 1.085226 1.111940 
2.329485 1.124291 1.101600 1.122068 1.101600 1.059984 1.084979 1.122068 1.084979 1.106761 
2.340932 1.133725 1.098709 1.118838 1.098709 1.056528 1.081686 1.118838 1.081686 1.095525 
2.352379 1.128230 1.097038 1.115863 1.097038 1.043870 1.070203 1.115863 1.070203 1.102602 
2.363826 1.131397 1.088819 1.118259 1.088819 1.038338 1.067655 1.118259 1.067655 1.088720 
2.375273 1.125602 1.089612 1.104364 1.089612 1.030119 1.063247 1.104364 1.063247 1.081592 
2.386720 1.126814 1.083170 1.107301 1.083170 1.031134 1.055988 1.107301 1.055988 1.079019 
2.398167 1.119287 1.073006 1.095114 1.073006 1.020300 1.047673 1.095114 1.047673 1.075315 
2.409615 1.112791 1.067309 1.093965 1.067309 1.018641 1.042196 1.093965 1.042196 1.068470 
2.421062 1.103897 1.067262 1.086694 1.067262 1.007954 1.035377 1.086694 1.035377 1.066644 
2.432509 1.108856 1.055655 1.082493 1.055655 1.012815 1.031014 1.082493 1.031014 1.047627 
2.443956 1.106677 1.053777 1.075581 1.053777 1.006828 1.029044 1.075581 1.029044 1.051265 
2.455403 1.097977 1.041013 1.071181 1.041013 0.994515 1.022072 1.071181 1.022072 1.044168 
2.466850 1.096104 1.043021 1.061577 1.043021 0.991886 1.013614 1.061577 1.013614 1.039920 
2.478297 1.084604 1.040696 1.060659 1.040696 0.992247 1.006869 1.060659 1.006869 1.033302 
2.489744 1.079682 1.028929 1.054149 1.028929 0.986786 1.004670 1.054149 1.004670 1.026560 
2.501191 1.075701 1.017889 1.047445 1.017889 0.981427 0.995998 1.047445 0.995998 1.011501 
2.512638 1.067734 1.014232 1.044415 1.014232 0.976812 0.989257 1.044415 0.989257 1.016660 
2.524086 1.062232 1.013278 1.035663 1.013278 0.976978 0.989879 1.035663 0.989879 1.012465 
2.535533 1.054997 1.007268 1.025058 1.007268 0.969323 0.986502 1.025058 0.986502 1.003244 
2.546980 1.044570 0.999375 1.026317 0.999375 0.967142 0.986394 1.026317 0.986394 1.000130 
2.558427 1.048496 0.993945 1.016897 0.993945 0.967051 0.973892 1.016897 0.973892 0.996073 
2.569874 1.038350 0.991431 1.012981 0.991431 0.956020 0.974366 1.012981 0.974366 0.988742 
2.581321 1.031379 0.984389 1.003804 0.984389 0.957406 0.964446 1.003804 0.964446 0.975607 
2.592768 1.025847 0.981370 1.001915 0.981370 0.960361 0.967569 1.001915 0.967569 0.985974 
2.604215 1.017933 0.973532 1.003969 0.973532 0.954074 0.967982 1.003969 0.967982 0.975768 
2.615662 1.006892 0.970897 0.989651 0.970897 0.953437 0.962084 0.989651 0.962084 0.971142 
2.627109 1.006432 0.972248 0.986663 0.972248 0.955975 0.957501 0.986663 0.957501 0.963405 
2.638557 0.999193 0.964325 0.981097 0.964325 0.956937 0.955327 0.981097 0.955327 0.962565 
2.650004 0.996481 0.963294 0.975860 0.963294 0.956538 0.955960 0.975860 0.955960 0.963913 
2.661451 0.986529 0.961918 0.973561 0.961918 0.952986 0.955318 0.973561 0.955318 0.964873 
2.672898 0.986937 0.959651 0.970000 0.959651 0.950703 0.948966 0.970000 0.948966 0.959195 
2.684345 0.980124 0.955851 0.965664 0.955851 0.953428 0.951862 0.965664 0.951862 0.951366 
2.695792 0.980207 0.954099 0.961961 0.954099 0.950400 0.951052 0.961961 0.951052 0.956634 
2.707239 0.975752 0.956141 0.960316 0.956141 0.955885 0.947593 0.960316 0.947593 0.950767 
2.718686 0.966349 0.951701 0.962004 0.951701 0.957668 0.949982 0.962004 0.949982 0.950365 
2.730133 0.962113 0.950588 0.955521 0.950588 0.961790 0.951504 0.955521 0.951504 0.947650 
2.741580 0.962992 0.950776 0.949631 0.950776 0.951770 0.949810 0.949631 0.949810 0.953388 
2.753028 0.958565 0.947128 0.952655 0.947128 0.956816 0.952640 0.952655 0.952640 0.944755 
2.764475 0.955381 0.952320 0.953279 0.952320 0.957678 0.952980 0.953279 0.952980 0.951349 
2.775922 0.954219 0.948956 0.950506 0.948956 0.962801 0.952069 0.950506 0.952069 0.946647 
2.787369 0.959841 0.946709 0.946116 0.946709 0.955312 0.954286 0.946116 0.954286 0.949209 
2.798816 0.954219 0.948916 0.946423 0.948916 0.966893 0.951947 0.946423 0.951947 0.952778 
2.810263 0.944533 0.952396 0.947800 0.952396 0.964371 0.954088 0.947800 0.954088 0.953184 
2.821710 0.947900 0.950366 0.951009 0.950366 0.969536 0.960250 0.951009 0.960250 0.949703 
2.833157 0.942941 0.952396 0.950605 0.952396 0.967949 0.956913 0.950605 0.956913 0.956597 
2.844604 0.941029 0.952291 0.948752 0.952291 0.969248 0.961195 0.948752 0.961195 0.955935 
2.856051 0.942682 0.954473 0.949280 0.954473 0.971569 0.964650 0.949280 0.964650 0.950656 
2.867499 0.943734 0.952335 0.946967 0.952335 0.970655 0.967114 0.946967 0.967114 0.954710 
2.878946 0.952458 0.954990 0.949870 0.954990 0.975702 0.967033 0.949870 0.967033 0.954681 
2.890393 0.942028 0.958426 0.948255 0.958426 0.982290 0.966681 0.948255 0.966681 0.962229 
2.901840 0.946891 0.966166 0.957700 0.966166 0.990590 0.975175 0.957700 0.975175 0.964294 
2.913287 0.951825 0.962133 0.954712 0.962133 0.980360 0.976759 0.954712 0.976759 0.962561 
2.924734 0.951564 0.964954 0.955971 0.964954 0.989430 0.976941 0.955971 0.976941 0.965486 
2.936181 0.952591 0.969174 0.960459 0.969174 0.988371 0.975708 0.960459 0.975708 0.968838 
2.947628 0.954054 0.972710 0.962024 0.972710 0.986858 0.981626 0.962024 0.981626 0.966654 
2.959075 0.956641 0.973553 0.965411 0.973553 0.994298 0.984973 0.965411 0.984973 0.978102 
2.970522 0.958712 0.978153 0.966203 0.978153 0.996336 0.991098 0.966203 0.991098 0.977301 
2.981969 0.953877 0.981434 0.965592 0.981434 0.996626 0.989296 0.965592 0.989296 0.979728 
2.993417 0.958504 0.979265 0.969515 0.979265 0.998090 0.995395 0.969515 0.995395 0.981532 
3.004864 0.960116 0.982214 0.971460 0.982214 0.999483 0.993378 0.971460 0.993378 0.984979 
3.016311 0.965352 0.989175 0.977350 0.989175 1.005132 0.998115 0.977350 0.998115 0.981924 
3.027758 0.968737 0.987724 0.977600 0.987724 1.008837 0.999463 0.977600 0.999463 0.989712 
3.039205 0.971606 0.992496 0.979225 0.992496 1.012714 1.002194 0.979225 1.002194 0.991194 
3.050652 0.971626 0.996913 0.981644 0.996913 1.008825 1.004421 0.981644 1.004421 0.991591 
3.062099 0.970851 0.997140 0.989297 0.997140 1.013630 1.004677 0.989297 1.004677 0.995188 
3.073546 0.977668 0.998981 0.989621 0.998981 1.012827 1.010984 0.989621 1.010984 0.998586 
3.084993 0.976748 0.997527 0.990101 0.997527 1.017623 1.011703 0.990101 1.011703 1.001804 
3.096441 0.982892 1.007070 0.992998 1.007070 1.020261 1.011871 0.992998 1.011871 1.007415 
3.107888 0.987785 1.005473 0.998299 1.005473 1.020867 1.018148 0.998299 1.018148 1.003199 
3.119335 0.987756 1.009587 0.998788 1.009587 1.022235 1.019932 0.998788 1.019932 1.010258 
3.130782 0.994644 1.011077 1.001942 1.011077 1.018906 1.019750 1.001942 1.019750 1.011334 
3.142229 0.988421 1.013819 1.004242 1.013819 1.022222 1.019381 1.004242 1.019381 1.015413 
3.153676 0.995370 1.015672 1.005742 1.015672 1.022833 1.017052 1.005742 1.017052 1.011379 
3.165123 1.000450 1.018369 1.009966 1.018369 1.023730 1.023644 1.009966 1.023644 1.015006 
3.176570 1.004982 1.018848 1.015362 1.018848 1.022710 1.019503 1.015362 1.019503 1.016300 
3.188017 1.006650 1.020737 1.013626 1.020737 1.022932 1.026183 1.013626 1.026183 1.020825 
3.199464 1.006312 1.020694 1.015329 1.020694 1.025680 1.022367 1.015329 1.022367 1.022912 
3.210912 1.009252 1.023389 1.017911 1.023389 1.022887 1.025315 1.017911 1.025315 1.024222 
3.222359 1.013037 1.024583 1.018791 1.024583 1.026421 1.027303 1.018791 1.027303 1.023173 
3.233806 1.013108 1.022472 1.023066 1.022472 1.020163 1.023833 1.023066 1.023833 1.026585 
3.245253 1.015760 1.022986 1.020873 1.022986 1.022662 1.023454 1.020873 1.023454 1.022129 
3.256700 1.017847 1.025638 1.021932 1.025638 1.022380 1.028893 1.021932 1.028893 1.026672 
3.268147 1.022002 1.024308 1.024777 1.024308 1.023993 1.023642 1.024777 1.023642 1.025050 
3.279594 1.023305 1.030828 1.024204 1.030828 1.022784 1.025247 1.024204 1.025247 1.029515 
3.291041 1.019204 1.027932 1.024972 1.027932 1.010885 1.025140 1.024972 1.025140 1.026178 
3.302488 1.019732 1.026334 1.023395 1.026334 1.024227 1.025082 1.023395 1.025082 1.030771 
3.313935 1.022255 1.029051 1.026264 1.029051 1.020179 1.023482 1.026264 1.023482 1.025923 
3.325383 1.023667 1.026662 1.026468 1.026662 1.017923 1.023416 1.026468 1.023416 1.025169 
3.336830 1.024082 1.026442 1.024088 1.026442 1.019254 1.023648 1.024088 1.023648 1.026202 
3.348277 1.032209 1.027693 1.031203 1.027693 1.020923 1.023199 1.031203 1.023199 1.026563 
3.359724 1.028241 1.024534 1.027399 1.024534 1.018491 1.023318 1.027399 1.023318 1.024737 
3.371171 1.029375 1.024587 1.027039 1.024587 1.017211 1.018828 1.027039 1.018828 1.030176 
3.382618 1.030014 1.022029 1.028234 1.022029 1.014947 1.019040 1.028234 1.019040 1.020345 
3.394065 1.031130 1.019232 1.027330 1.019232 1.010409 1.018224 1.027330 1.018224 1.015828 
3.405512 1.031059 1.024142 1.024523 1.024142 1.008437 1.016953 1.024523 1.016953 1.020746 
3.416959 1.028579 1.022107 1.024942 1.022107 1.009171 1.016787 1.024942 1.016787 1.023195 
3.428406 1.029700 1.021867 1.024847 1.021867 1.008785 1.015555 1.024847 1.015555 1.017957 
3.439854 1.027761 1.017007 1.026188 1.017007 1.003489 1.010531 1.026188 1.010531 1.021119 
3.451301 1.032387 1.020044 1.024575 1.020044 1.001145 1.013947 1.024575 1.013947 1.018701 
3.462748 1.025089 1.015576 1.022057 1.015576 1.007534 1.012984 1.022057 1.012984 1.017205 
3.474195 1.024295 1.014406 1.020502 1.014406 1.006125 1.011240 1.020502 1.011240 1.016378 
3.485642 1.025873 1.016413 1.016965 1.016413 1.002858 1.010303 1.016965 1.010303 1.013301 
3.497089 1.022107 1.014640 1.018649 1.014640 1.002923 1.006442 1.018649 1.006442 1.017658 
3.508536 1.020025 1.012400 1.016224 1.012400 0.999144 1.010047 1.016224 1.010047 1.011446 
3.519983 1.021822 1.010390 1.018788 1.010390 0.997344 1.002972 1.018788 1.002972 1.008807 
3.531430 1.020862 1.008577 1.017139 1.008577 0.993172 1.002328 1.017139 1.002328 1.008831 
3.542877 1.018394 1.008065 1.010581 1.008065 0.999860 1.002582 1.010581 1.002582 1.007136 
3.554325 1.017370 1.006262 1.012994 1.006262 0.990682 0.999743 1.012994 0.999743 1.004121 
3.565772 1.015053 1.004302 1.011784 1.004302 0.997289 1.000428 1.011784 1.000428 1.005040 
3.577219 1.015470 1.001145 1.009697 1.001145 0.997728 0.998708 1.009697 0.998708 1.007296 
3.588666 1.012341 1.004674 1.008684 1.004674 0.992908 0.996748 1.008684 0.996748 1.001635 
3.600113 1.011667 1.001682 1.007656 1.001682 0.995071 0.997422 1.007656 0.997422 0.998724 
3.611560 1.014166 0.999309 1.001886 0.999309 0.990646 0.994946 1.001886 0.994946 1.003299 
3.623007 1.015137 0.998411 1.004677 0.998411 0.995305 0.994669 1.004677 0.994669 0.997275 
3.634454 1.010532 0.996557 1.000794 0.996557 0.990152 0.995004 1.000794 0.995004 1.000309 
3.645901 1.000652 0.996869 1.001891 0.996869 0.992499 0.995411 1.001891 0.995411 0.999502 
3.657349 1.001357 0.994305 1.001436 0.994305 0.991654 0.993407 1.001436 0.993407 0.996669 
3.668796 1.007353 0.995816 1.000864 0.995816 0.988786 0.996059 1.000864 0.996059 0.993516 
3.680243 1.002108 0.996417 1.000236 0.996417 0.989196 0.991636 1.000236 0.991636 0.990357 
3.691690 0.998077 0.995174 0.997595 0.995174 0.986987 0.988278 0.997595 0.988278 0.991707 
3.703137 1.002641 0.992081 0.996811 0.992081 0.991678 0.987949 0.996811 0.987949 0.995083 
3.714584 0.997078 0.992486 0.996319 0.992486 0.989566 0.990950 0.996319 0.990950 0.993193 
3.726031 1.001028 0.993148 0.995514 0.993148 0.997036 0.989459 0.995514 0.989459 0.990347 
3.737478 0.995860 0.990896 0.993752 0.990896 0.988346 0.991161 0.993752 0.991161 0.984441 
3.748925 0.999598 0.992966 0.992067 0.992966 0.988052 0.988955 0.992067 0.988955 0.989902 
3.760372 0.996221 0.988344 0.992872 0.988344 0.989442 0.988847 0.992872 0.988847 0.988881 
3.771819 0.988340 0.988730 0.990717 0.988730 0.991601 0.987298 0.990717 0.987298 0.987500 
3.783267 0.993503 0.987115 0.990125 0.987115 0.986053 0.989603 0.990125 0.989603 0.989564 
3.794714 0.990608 0.989847 0.993875 0.989847 0.989167 0.987405 0.993875 0.987405 0.988105 
3.806161 0.994563 0.991471 0.988863 0.991471 0.991693 0.990269 0.988863 0.990269 0.991778 
3.817608 0.992087 0.988436 0.987851 0.988436 0.991597 0.991193 0.987851 0.991193 0.990678 
3.829055 0.987306 0.990293 0.988741 0.990293 0.984360 0.988036 0.988741 0.988036 0.988970 
3.840502 0.990724 0.990397 0.988401 0.990397 0.988423 0.989939 0.988401 0.989939 0.989499 
3.851949 0.991137 0.986894 0.986084 0.986894 0.993204 0.985404 0.986084 0.985404 0.991024 
3.863396 0.992899 0.989590 0.986713 0.989590 0.994871 0.989762 0.986713 0.989762 0.986653 
3.874843 0.987552 0.986775 0.987502 0.986775 0.993379 0.991160 0.987502 0.991160 0.989493 
3.886290 0.993171 0.988128 0.986186 0.988128 0.992877 0.989123 0.986186 0.989123 0.993297 
3.897738 0.985727 0.990902 0.991853 0.990902 0.991706 0.991478 0.991853 0.991478 0.988566 
3.909185 0.988746 0.988390 0.989022 0.988390 0.995695 0.990887 0.989022 0.990887 0.992001 
3.920632 0.989188 0.990816 0.989532 0.990816 0.996234 0.990958 0.989532 0.990958 0.989804 
3.932079 0.990109 0.990654 0.989736 0.990654 0.992192 0.993824 0.989736 0.993824 0.992408 
3.943526 0.989726 0.992425 0.990607 0.992425 0.996302 0.993151 0.990607 0.993151 0.989623 
3.954973 0.990622 0.991989 0.989865 0.991989 0.998301 0.992938 0.989865 0.992938 0.986780 
3.966420 0.987016 0.989748 0.988433 0.989748 0.991956 0.993089 0.988433 0.993089 0.990618 
3.977867 0.991956 0.990838 0.993368 0.990838 0.995519 0.991614 0.993368 0.991614 0.992440 
3.989314 0.988357 0.992087 0.992155 0.992087 0.994911 0.996361 0.992155 0.996361 0.992709 
4.000761 0.990511 0.997822 0.989150 0.997822 0.995835 0.995180 0.989150 0.995180 0.994047 
4.012208 0.990014 0.994105 0.993785 0.994105 0.998670 0.996101 0.993785 0.996101 0.993439 
4.023656 0.991371 0.996641 0.992397 0.996641 0.996184 0.998879 0.992397 0.998879 0.999244 
4.035103 0.987938 1.002325 0.991992 1.002325 0.998495 1.000114 0.991992 1.000114 0.997480 
4.046550 0.993259 0.996212 0.997050 0.996212 0.998521 0.999903 0.997050 0.999903 0.994549 
4.057997 0.986693 0.994456 0.991729 0.994456 1.007251 1.001460 0.991729 1.001460 0.994345 
4.069444 0.992450 0.993888 0.995562 0.993888 1.004695 1.000323 0.995562 1.000323 0.997684 
4.080891 0.990608 0.999477 0.995815 0.999477 0.999837 1.000292 0.995815 1.000292 0.996609 
4.092338 0.995160 1.000742 0.997140 1.000742 1.002602 1.001683 0.997140 1.001683 1.003015 
4.103785 0.992758 0.998841 0.996833 0.998841 1.003116 1.001072 0.996833 1.001072 0.999245 
4.115232 0.993563 0.999959 0.997474 0.999959 1.007159 1.001435 0.997474 1.001435 0.999202 
4.126679 0.992306 1.002115 0.999858 1.002115 1.003444 1.004224 0.999858 1.004224 0.999346 
4.138127 0.997625 1.000688 0.999660 1.000688 1.003771 1.001548 0.999660 1.001548 0.999220 
4.149574 1.001281 1.003740 0.998943 1.003740 1.001209 1.005216 0.998943 1.005216 1.001268 
4.161021 0.998278 1.004125 0.996137 1.004125 1.007765 1.006494 0.996137 1.006494 1.002296 
4.172468 0.997394 1.000870 1.000439 1.000870 1.007293 1.004214 1.000439 1.004214 1.004335 
4.183915 1.001501 1.003511 1.003859 1.003511 1.006012 1.006505 1.003859 1.006505 1.004643 
4.195362 0.996391 1.000841 1.001086 1.000841 1.007407 1.005468 1.001086 1.005468 0.999214 
4.206809 0.999051 1.001660 1.002372 1.001660 1.003846 1.004534 1.002372 1.004534 1.002738 
4.218256 1.000485 1.005626 1.006403 1.005626 1.003567 1.004234 1.006403 1.004234 1.004124 
4.229703 1.001269 1.004041 1.006666 1.004041 1.009844 1.004792 1.006666 1.004792 1.005491 
4.241150 1.000435 1.004412 1.003183 1.004412 1.008875 1.005271 1.003183 1.005271 1.005165 
4.252598 1.003018 1.004425 1.006515 1.004425 1.005604 1.004654 1.006515 1.004654 1.001351 
4.264045 1.003807 1.006741 1.003976 1.006741 1.006707 1.006270 1.003976 1.006270 1.005637 
4.275492 1.002722 1.007015 1.007436 1.007015 1.009420 1.008546 1.007436 1.008546 1.005994 
4.286939 1.002790 1.006530 1.005529 1.006530 1.006203 1.006170 1.005529 1.006170 1.005909 
4.298386 1.005359 1.006361 1.006988 1.006361 1.007208 1.007237 1.006988 1.007237 1.006451 
4.309833 1.006488 1.005994 1.004862 1.005994 1.008194 1.006134 1.004862 1.006134 1.008017 
4.321280 1.005169 1.006744 1.005866 1.006744 1.010295 1.006871 1.005866 1.006871 1.010189 
4.332727 1.006258 1.008902 1.007071 1.008902 1.005261 1.006756 1.007071 1.006756 1.005975 
4.344174 1.009044 1.003488 1.007527 1.003488 1.005922 1.004998 1.007527 1.004998 1.008435 
4.355622 1.007349 1.006226 1.005593 1.006226 1.005994 1.006706 1.005593 1.006706 1.010532 
4.367069 1.007850 1.007391 1.009960 1.007391 1.003683 1.005031 1.009960 1.005031 1.008980 
4.378516 1.003871 1.005966 1.007644 1.005966 1.003005 1.006612 1.007644 1.006612 1.007545 
4.389963 1.010102 1.005784 1.005773 1.005784 1.005661 1.005629 1.005773 1.005629 1.005793 
4.401410 1.008170 1.009443 1.006286 1.009443 1.007042 1.006655 1.006286 1.006655 1.008866 
4.412857 1.008109 1.005105 1.009362 1.005105 1.004743 1.005373 1.009362 1.005373 1.005883 
4.424304 1.007804 1.006972 1.008268 1.006972 1.004938 1.007547 1.008268 1.007547 1.003863 
4.435751 1.006202 1.007006 1.003719 1.007006 1.003896 1.004538 1.003719 1.004538 1.006328 
4.447198 1.010661 1.006479 1.006088 1.006479 1.007026 1.005546 1.006088 1.005546 1.006230 
4.458645 1.009626 1.006291 1.008647 1.006291 1.000608 1.004664 1.008647 1.004664 1.005108 
4.470093 1.010496 1.005476 1.006096 1.005476 1.004295 1.005209 1.006096 1.005209 1.004259 
4.481540 1.006267 1.008159 1.007252 1.008159 1.003989 1.002992 1.007252 1.002992 1.007587 
4.492987 1.012133 1.006623 1.007785 1.006623 1.003639 1.004588 1.007785 1.004588 1.008175 
4.504434 1.007086 1.003053 1.007607 1.003053 1.002186 1.003722 1.007607 1.003722 1.002832 
4.515881 1.004725 1.005169 1.009327 1.005169 1.001929 1.002136 1.009327 1.002136 1.000800 
4.527328 1.007331 1.005193 1.006971 1.005193 1.005834 1.000960 1.006971 1.000960 1.003770 
4.538775 1.009253 1.002187 1.005620 1.002187 1.002964 1.004233 1.005620 1.004233 1.004961 
4.550222 1.007147 1.006937 1.003015 1.006937 1.001177 1.000031 1.003015 1.000031 1.004368 
4.561669 1.006852 1.005996 1.004773 1.005996 0.999400 1.002313 1.004773 1.002313 1.006702 
4.573116 1.007634 1.002889 1.004343 1.002889 1.004343 1.005036 1.004343 1.005036 1.005555 
4.584563 1.004705 1.003454 1.005668 1.003454 1.000328 1.000045 1.005668 1.000045 1.003288 
4.596011 1.001938 1.002726 1.001923 1.002726 1.001776 1.000420 1.001923 1.000420 1.001648 
4.607458 1.007160 1.003064 1.003529 1.003064 1.000678 0.999057 1.003529 0.999057 1.001879 
4.618905 1.002582 1.004492 1.002510 1.004492 0.999349 1.001177 1.002510 1.001177 1.001278 
4.630352 1.004665 1.001979 1.004653 1.001979 1.000819 1.000039 1.004653 1.000039 1.004634 
4.641799 1.007007 1.004837 1.007000 1.004837 0.998103 1.001471 1.007000 1.001471 0.998674 
4.653246 1.004685 1.001324 1.003324 1.001324 0.994778 0.997179 1.003324 0.997179 0.999104 
4.664693 1.005890 1.000858 1.004062 1.000858 1.000484 0.996500 1.004062 0.996500 1.004531 
4.676140 1.003100 1.000313 1.003794 1.000313 1.000056 0.999529 1.003794 0.999529 1.001911 
4.687587 1.001222 0.998527 1.001531 0.998527 1.001951 1.002769 1.001531 1.002769 0.999329 
4.699035 1.000702 0.997587 1.000410 0.997587 0.997499 0.999639 1.000410 0.999639 1.001524 
4.710482 1.002804 1.000804 1.000137 1.000804 0.996203 0.997775 1.000137 0.997775 1.000943 
4.721929 1.003524 0.999105 1.002680 0.999105 0.997755 0.998231 1.002680 0.998231 1.000414 
4.733376 1.002438 0.998826 0.999745 0.998826 0.993401 0.997376 0.999745 0.997376 0.999526 
4.744823 1.002466 1.000934 0.997242 1.000934 0.996749 0.997045 0.997242 0.997045 1.000865 
4.756270 1.004827 1.000327 0.998108 1.000327 0.999537 0.996383 0.998108 0.996383 0.998345 
4.767717 0.997797 0.998097 0.999903 0.998097 0.997701 0.998570 0.999903 0.998570 1.000241 
4.779164 0.998067 0.998647 0.998674 0.998647 0.999391 0.997909 0.998674 0.997909 0.997455 
4.790611 0.999642 0.997647 1.002057 0.997647 0.997433 0.997839 1.002057 0.997839 0.996214 
4.802058 0.998276 0.997791 0.997653 0.997791 0.999237 0.999016 0.997653 0.999016 1.000102 
4.813506 0.995666 0.997134 0.998405 0.997134 0.996395 0.998609 0.998405 0.998609 0.999052 
4.824953 1.001826 0.999781 0.999076 0.999781 0.994523 0.995116 0.999076 0.995116 1.002367 
4.836400 0.998377 0.996896 0.997824 0.996896 0.996325 0.996717 0.997824 0.996717 0.996145 
4.847847 0.997614 0.996738 0.998030 0.996738 1.000993 0.997160 0.998030 0.997160 0.998947 
4.859294 1.003525 0.998151 0.999041 0.998151 0.998805 0.998263 0.999041 0.998263 0.998716 
4.870741 0.995148 0.998788 0.996545 0.998788 0.997751 0.998497 0.996545 0.998497 0.999956 
4.882188 0.997428 0.995435 0.998673 0.995435 1.000560 0.998495 0.998673 0.998495 0.999215 
4.893635 0.994676 0.997494 0.998599 0.997494 0.999570 0.996461 0.998599 0.996461 0.994454 
4.905082 0.999305 0.996665 0.996361 0.996665 0.998049 0.996492 0.996361 0.996492 0.997108 
4.916529 1.002580 0.999278 0.997630 0.999278 0.997542 0.998283 0.997630 0.998283 0.996388 
4.927977 1.000893 1.000370 0.995886 1.000370 0.995744 0.998336 0.995886 0.998336 0.998746 
4.939424 0.999185 0.998674 0.998292 0.998674 0.999938 0.998380 0.998292 0.998380 0.999147 
4.950871 0.996416 0.998485 0.999010 0.998485 0.995670 0.997827 0.999010 0.997827 0.994359 
4.962318 1.001017 0.997652 0.998347 0.997652 0.998689 0.996839 0.998347 0.996839 1.001289 
4.973765 0.999459 0.998455 0.996509 0.998455 0.998670 0.995280 0.996509 0.995280 0.996271 
4.985212 1.000067 0.999957 0.996735 0.999957 1.000680 0.999366 0.996735 0.999366 1.002257 
4.996659 0.996611 0.998660 0.995966 0.998660 0.994998 0.999995 0.995966 0.999995 0.998922 
5.008106 0.996022 0.997356 0.997562 0.997356 1.001345 1.000999 0.997562 1.000999 0.996007 
5.019553 0.994077 0.998451 0.998899 0.998451 1.000177 0.998038 0.998899 0.998038 1.002585 
5.031000 0.998643 1.000415 0.999871 1.000415 1.000640 0.997942 0.999871 0.997942 0.998024 
5.042448 1.000939 1.001434 0.999501 1.001434 0.998598 0.999057 0.999501 0.999057 0.995860 
5.053895 0.997037 0.999992 0.997037 0.999992 1.001009 1.001558 0.997037 1.001558 1.002036 
5.065342 1.000077 0.998456 1.000257 0.998456 0.999966 1.000393 1.000257 1.000393 0.997800 
5.076789 0.998157 0.999188 0.999056 0.999188 0.999926 1.004099 0.999056 1.004099 0.997820 
5.088236 0.997635 0.999994 0.999356 0.999994 1.000862 0.999276 0.999356 0.999276 1.000926 
5.099683 0.998273 0.998557 0.998945 0.998557 1.000659 1.001468 0.998945 1.001468 1.000312 
5.111130 1.001621 1.000348 1.000312 1.000348 1.001337 0.999562 1.000312 0.999562 1.001075 
5.122577 0.999567 1.001182 1.001555 1.001182 1.000369 1.000654 1.001555 1.000654 1.001716 
5.134024 0.999702 1.002346 1.000841 1.002346 1.001028 1.000546 1.000841 1.000546 1.001081 
5.145472 1.001908 1.000085 0.998522 1.000085 1.003416 0.999676 0.998522 0.999676 1.002329 
5.156919 1.000144 0.999255 0.999933 0.999255 1.002858 1.003724 0.999933 1.003724 1.001204 
5.168365 0.998140 1.000933 1.000384 1.000933 1.002045 1.000373 1.000384 1.000373 1.000120 
5.179813 1.001336 1.000005 0.998805 1.000005 1.000908 0.998836 0.998805 0.998836 0.999895 
5.191260 1.002094 0.999927 1.000650 0.999927 0.999186 1.000735 1.000650 1.000735 0.999783 
5.202707 0.999393 0.999816 1.002459 0.999816 0.998906 1.003301 1.002459 1.003301 0.999901 
5.214154 1.000109 1.002242 1.002326 1.002242 1.002683 1.002082 1.002326 1.002082 1.003034 
5.225601 1.002005 1.000852 1.001912 1.000852 1.002445 1.000085 1.001912 1.000085 1.002957 
5.237048 1.002786 1.001551 1.000299 1.001551 0.999833 1.000583 1.000299 1.000583 1.001151 
5.248495 0.998600 1.001435 1.002144 1.001435 1.001715 1.002903 1.002144 1.002903 1.000837 
5.259943 1.000168 1.000538 1.002247 1.000538 1.001324 0.998024 1.002247 0.998024 1.004451 
5.271389 1.001897 1.003546 1.000039 1.003546 1.002458 1.001399 1.000039 1.001399 1.001431 
5.282837 1.002430 1.001685 0.999485 1.001685 1.001647 1.003178 0.999485 1.003178 1.001365 
5.294284 0.999269 1.002165 1.002061 1.002165 0.999961 1.004386 1.002061 1.004386 1.002130 
5.305731 1.005496 1.002110 1.003265 1.002110 1.003157 1.003479 1.003265 1.003479 1.001897 
5.317178 1.003923 1.002764 1.002712 1.002764 1.002521 1.003525 1.002712 1.003525 1.004561 
5.328625 1.001358 1.001693 1.001490 1.001693 1.002124 1.000175 1.001490 1.000175 0.999698 
5.340072 1.002799 1.002169 1.002488 1.002169 1.000840 1.002945 1.002488 1.002945 1.001323 
5.351519 1.003163 1.003762 1.001146 1.003762 1.002295 1.003702 1.001146 1.003702 0.999729 
5.362966 1.002743 1.003204 1.004254 1.003204 1.001925 1.000702 1.004254 1.000702 1.002199 
5.374413 1.002527 1.004260 1.001218 1.004260 1.003415 1.005640 1.001218 1.005640 1.003155 
5.385860 1.004254 1.001317 1.002635 1.001317 1.003862 1.003083 1.002635 1.003083 1.001743 
5.397308 1.002250 1.002909 1.003596 1.002909 1.001105 1.001987 1.003596 1.001987 1.008733 
5.408755 1.003489 1.003838 1.003699 1.003838 1.001778 1.001177 1.003699 1.001177 1.001392 
5.420202 1.002411 1.003698 1.002727 1.003698 1.000995 1.002266 1.002727 1.002266 1.001660 
5.431649 1.004459 1.001098 1.000719 1.001098 1.002000 1.002612 1.000719 1.002612 1.001222 
5.443096 1.004892 1.005288 1.002953 1.005288 1.004934 1.003321 1.002953 1.003321 1.003604 
5.454543 1.001837 1.003368 1.003590 1.003368 1.000897 1.002594 1.003590 1.002594 1.003759 
5.465990 1.003988 1.001896 1.002763 1.001896 0.999734 1.001871 1.002763 1.001871 1.002521 
5.477437 0.999809 1.003007 1.001898 1.003007 1.001853 0.999736 1.001898 0.999736 1.004334 
5.488884 1.003319 1.002176 1.003851 1.002176 1.002676 1.002558 1.003851 1.002558 1.001622 
5.500331 1.001499 1.000225 1.004340 1.000225 1.004136 1.001048 1.004340 1.001048 1.001634 
5.511779 1.004075 1.002671 1.001268 1.002671 1.005025 1.002835 1.001268 1.002835 1.003116 
5.523226 1.002829 1.003034 1.004791 1.003034 1.001790 1.001194 1.004791 1.001194 0.999618 
5.534673 1.002877 1.000867 1.004365 1.000867 0.998766 1.002596 1.004365 1.002596 1.001748 
5.546120 1.003772 1.001197 1.002874 1.001197 1.003282 1.001973 1.002874 1.001973 1.000869 
5.557567 1.005708 1.002606 1.003679 1.002606 1.003659 1.001392 1.003679 1.001392 1.000992 
5.569014 1.003318 1.002124 1.002510 1.002124 1.000491 1.003340 1.002510 1.003340 1.002884 
5.580461 1.001291 1.003041 1.002195 1.003041 0.998770 0.998991 1.002195 0.998991 1.002706 
5.591908 1.002832 1.002284 1.002552 1.002284 1.000226 1.002660 1.002552 1.002660 1.001185 
5.603355 1.000045 1.000877 1.000905 1.000877 1.001205 1.000140 1.000905 1.000140 1.000493 
5.614803 0.999407 1.002225 1.003100 1.002225 1.001695 1.000398 1.003100 1.000398 1.000789 
5.626250 1.002239 1.002615 1.002682 1.002615 1.002947 0.999136 1.002682 0.999136 1.004636 
5.637697 1.002903 1.000560 1.001767 1.000560 1.000927 1.000642 1.001767 1.000642 1.001869 
5.649144 1.002549 1.002052 1.003751 1.002052 1.002321 1.001596 1.003751 1.001596 1.001782 
5.660591 1.004058 1.003003 1.000285 1.003003 0.996416 1.002028 1.000285 1.002028 1.001453 
5.672038 1.006834 1.002150 1.000096 1.002150 0.999286 0.999309 1.000096 0.999309 1.000126 
5.683485 1.001786 1.000707 1.000635 1.000707 1.000527 1.000969 1.000635 1.000969 0.999842 
5.694932 1.001289 1.000150 1.001797 1.000150 1.000041 0.999468 1.001797 0.999468 1.001480 
5.706379 1.002073 1.000718 1.000062 1.000718 0.999230 1.000815 1.000062 1.000815 1.002885 
5.717826 1.002895 0.999356 1.000899 0.999356 0.997758 0.999009 1.000899 0.999009 1.000326 
5.729274 0.998142 0.998173 0.999737 0.998173 0.994379 0.998505 0.999737 0.998505 0.996507 
5.740721 0.995422 0.992581 0.992006 0.992581 0.989066 0.991441 0.992006 0.991441 0.989408 
5.752168 0.986969 0.986000 0.986040 0.986000 0.985402 0.984679 0.986040 0.984679 0.984242 
5.763615 0.977962 0.980376 0.979507 0.980376 0.980554 0.978855 0.979507 0.978855 0.983908 
5.775062 0.975921 0.974061 0.972544 0.974061 0.974241 0.973944 0.972544 0.973944 0.974272 
5.786509 0.970373 0.967745 0.967357 0.967745 0.965807 0.967407 0.967357 0.967407 0.969137 
5.797956 0.963182 0.962553 0.962007 0.962553 0.961828 0.961010 0.962007 0.961010 0.962157 
5.809403 0.958237 0.955328 0.956377 0.955328 0.954307 0.956499 0.956377 0.956499 0.958219 
5.820850 0.949769 0.949916 0.949805 0.949916 0.951224 0.948848 0.949805 0.948848 0.950407 
5.832297 0.944852 0.944766 0.945305 0.944766 0.942336 0.943548 0.945305 0.943548 0.944948 
5.843745 0.940882 0.936455 0.939816 0.936455 0.938549 0.938594 0.939816 0.938594 0.936947 
5.855192 0.933045 0.932465 0.933226 0.932465 0.933870 0.931677 0.933226 0.931677 0.934352 
5.866639 0.926893 0.927483 0.926495 0.927483 0.927270 0.926293 0.926495 0.926293 0.924858 
5.878086 0.921754 0.924111 0.922792 0.924111 0.920849 0.920677 0.922792 0.920677 0.922734 
5.889533 0.917956 0.915310 0.916185 0.915310 0.913855 0.914200 0.916185 0.914200 0.915646 
5.900980 0.911198 0.910156 0.910906 0.910156 0.907876 0.911248 0.910906 0.911248 0.907926 
5.912427 0.905870 0.904627 0.903950 0.904627 0.903049 0.902881 0.903950 0.902881 0.904285 
5.923874 0.898359 0.898712 0.898820 0.898712 0.897935 0.896270 0.898820 0.896270 0.897607 
5.935321 0.891423 0.891263 0.893250 0.891263 0.888921 0.892875 0.893250 0.892875 0.895009 
5.946768 0.887875 0.885767 0.886974 0.885767 0.885358 0.886987 0.886974 0.886987 0.891381 
5.958215 0.882887 0.880024 0.882433 0.880024 0.881219 0.881834 0.882433 0.881834 0.883234 
5.969663 0.877712 0.876187 0.876434 0.876187 0.878513 0.876580 0.876434 0.876580 0.877693 
5.981110 0.873018 0.870275 0.870954 0.870275 0.869888 0.869161 0.870954 0.869161 0.874642 
5.992557 0.864735 0.865044 0.864686 0.865044 0.868102 0.864798 0.864686 0.864798 0.864575 
6.004004 0.861402 0.861656 0.858513 0.861656 0.859799 0.859112 0.858513 0.859112 0.857704 
6.015451 0.855143 0.854111 0.855776 0.854111 0.855357 0.855954 0.855776 0.855954 0.853346 
6.026898 0.852699 0.849091 0.848749 0.849091 0.849125 0.852022 0.848749 0.852022 0.851347 
6.038345 0.842582 0.843442 0.844441 0.843442 0.843537 0.845806 0.844441 0.845806 0.845557 
6.049792 0.837225 0.838142 0.837103 0.838142 0.839421 0.836983 0.837103 0.836983 0.837536 
6.061239 0.830037 0.834071 0.833931 0.834071 0.832657 0.831644 0.833931 0.831644 0.830540 
6.072687 0.827802 0.827842 0.828505 0.827842 0.828485 0.828140 0.828505 0.828140 0.828545 
6.084134 0.821614 0.823487 0.822716 0.823487 0.821359 0.822699 0.822716 0.822699 0.823370 
6.095581 0.817771 0.817130 0.816827 0.817130 0.819186 0.818074 0.816827 0.818074 0.817520 
6.107028 0.812348 0.811385 0.810375 0.811385 0.813330 0.812231 0.810375 0.812231 0.811475 
6.118475 0.807927 0.806772 0.807639 0.806772 0.807425 0.807162 0.807639 0.807162 0.806582 
6.129922 0.803160 0.802824 0.802073 0.802824 0.801861 0.800415 0.802073 0.800415 0.803088 
6.141369 0.797005 0.796337 0.796384 0.796337 0.795902 0.797006 0.796384 0.797006 0.797829 
6.152816 0.791512 0.790688 0.791344 0.790688 0.790144 0.792950 0.791344 0.792950 0.793013 
6.164263 0.786160 0.787210 0.786224 0.787210 0.785659 0.786165 0.786224 0.786165 0.786890 
6.175710 0.781424 0.780206 0.782064 0.780206 0.781945 0.779836 0.782064 0.779836 0.779568 
6.187158 0.772879 0.774874 0.775968 0.774874 0.774979 0.775719 0.775968 0.775719 0.775784 
6.198605 0.771035 0.770614 0.770659 0.770614 0.770762 0.769776 0.770659 0.769776 0.769395 
6.210052 0.765836 0.765898 0.766611 0.765898 0.765566 0.765102 0.766611 0.765102 0.763098 
6.221499 0.759172 0.761753 0.760686 0.761753 0.763113 0.759808 0.760686 0.759808 0.763820 
6.232946 0.755961 0.757112 0.755981 0.757112 0.755290 0.756666 0.755981 0.756666 0.756186 
6.244393 0.751735 0.753558 0.750245 0.753558 0.750483 0.749954 0.750245 0.749954 0.751184 
6.255840 0.744200 0.747083 0.745582 0.747083 0.745246 0.746158 0.745582 0.746158 0.744697 
6.267287 0.741183 0.741314 0.740557 0.741314 0.742994 0.741072 0.740557 0.741072 0.739228 
6.278734 0.737108 0.735561 0.735397 0.735561 0.737385 0.735290 0.735397 0.735290 0.734281 
6.290181 0.730393 0.730435 0.730117 0.730435 0.730918 0.729273 0.730117 0.729273 0.728655 
6.301629 0.726041 0.726151 0.725604 0.726151 0.725412 0.724881 0.725604 0.724881 0.727128 
6.313076 0.721265 0.719786 0.720566 0.719786 0.720342 0.719485 0.720566 0.719485 0.719665 
6.324523 0.713123 0.715258 0.716307 0.715258 0.717727 0.714997 0.716307 0.714997 0.716525 
6.335970 0.710758 0.710482 0.712052 0.710482 0.711243 0.713000 0.712052 0.713000 0.709575 
6.347417 0.707579 0.705638 0.706047 0.705638 0.705903 0.706003 0.706047 0.706003 0.705414 
6.358864 0.699476 0.701695 0.702169 0.701695 0.700484 0.700668 0.702169 0.700668 0.702646 
6.370311 0.696650 0.696565 0.696404 0.696565 0.698594 0.696579 0.696404 0.696579 0.696876 
6.381758 0.691977 0.691743 0.689821 0.691743 0.691406 0.691389 0.689821 0.691389 0.693483 
6.393205 0.687924 0.687221 0.686203 0.687221 0.686169 0.686443 0.686203 0.686443 0.686632 
6.404653 0.682562 0.682385 0.682204 0.682385 0.682003 0.683262 0.682204 0.683262 0.680557 
6.416100 0.677666 0.677584 0.678124 0.677584 0.677897 0.677522 0.678124 0.677522 0.676211 
6.427547 0.673175 0.673602 0.671161 0.673602 0.669916 0.672671 0.671161 0.672671 0.671897 
6.438994 0.667035 0.667890 0.668629 0.667890 0.667924 0.667481 0.668629 0.667481 0.665783 
6.450441 0.663565 0.663260 0.664402 0.663260 0.662438 0.661547 0.664402 0.661547 0.662672 
6.461888 0.659894 0.657817 0.658337 0.657817 0.656245 0.657116 0.658337 0.657116 0.660227 
6.473335 0.654218 0.651930 0.653333 0.651930 0.654427 0.653298 0.653333 0.653298 0.653594 
6.484782 0.647878 0.647947 0.649212 0.647947 0.647433 0.649080 0.649212 0.649080 0.647635 
6.496229 0.643327 0.643024 0.644257 0.643024 0.642441 0.644791 0.644257 0.644791 0.646309 
6.507676 0.643445 0.640255 0.639816 0.640255 0.640642 0.638693 0.639816 0.638693 0.640446 
6.519124 0.635138 0.634932 0.634076 0.634932 0.633376 0.635206 0.634076 0.635206 0.635575 
6.530571 0.629725 0.630804 0.631369 0.630804 0.628886 0.630627 0.631369 0.630627 0.631144 
6.542018 0.624825 0.626109 0.626183 0.626109 0.623731 0.625486 0.626183 0.625486 0.626813 
6.553465 0.624351 0.623051 0.619542 0.623051 0.620459 0.620485 0.619542 0.620485 0.621244 
6.564912 0.616179 0.616568 0.616567 0.616568 0.617469 0.616205 0.616567 0.616205 0.617631 
6.576359 0.608973 0.611066 0.612584 0.611066 0.609960 0.613414 0.612584 0.613414 0.610796 
6.587806 0.607114 0.608327 0.606787 0.608327 0.607072 0.605822 0.606787 0.605822 0.605004 
6.599253 0.600918 0.602951 0.603429 0.602951 0.602141 0.602869 0.603429 0.602869 0.602680 
6.610700 0.598064 0.596581 0.598666 0.596581 0.596722 0.597439 0.598666 0.597439 0.599156 
6.622147 0.592142 0.591638 0.593590 0.591638 0.594299 0.593851 0.593590 0.593851 0.593377 
6.633595 0.590081 0.590053 0.588227 0.590053 0.588640 0.589800 0.588227 0.589800 0.587461 
6.645041 0.584497 0.584324 0.584982 0.584324 0.583738 0.583874 0.584982 0.583874 0.584238 
6.656489 0.581180 0.580192 0.582074 0.580192 0.579093 0.579871 0.582074 0.579871 0.580194 
6.667936 0.577536 0.575497 0.575414 0.575497 0.575708 0.575676 0.575414 0.575676 0.575879 
6.679383 0.572564 0.570615 0.570570 0.570615 0.569284 0.570264 0.570570 0.570264 0.570184 
6.690830 0.567393 0.568159 0.567750 0.568159 0.566086 0.565877 0.567750 0.565877 0.567153 
6.702277 0.563628 0.561965 0.562773 0.561965 0.561311 0.561047 0.562773 0.561047 0.562681 
6.713724 0.559439 0.559403 0.556624 0.559403 0.559678 0.558233 0.556624 0.558233 0.557596 
6.725171 0.554057 0.553263 0.553828 0.553263 0.555626 0.554441 0.553828 0.554441 0.551258 
6.736618 0.549956 0.548590 0.549794 0.548590 0.549065 0.548378 0.549794 0.548378 0.548498 
6.748065 0.545875 0.545988 0.546080 0.545988 0.543928 0.546225 0.546080 0.546225 0.545696 
6.759512 0.541724 0.541401 0.540649 0.541401 0.540382 0.541235 0.540649 0.541235 0.542615 
6.770960 0.536551 0.535682 0.536609 0.535682 0.534822 0.536820 0.536609 0.536820 0.536228 
6.782407 0.532702 0.531734 0.532586 0.531734 0.532282 0.532031 0.532586 0.532031 0.531432 
6.793854 0.526619 0.528477 0.528950 0.528477 0.529559 0.528215 0.528950 0.528215 0.527047 
6.805301 0.523371 0.522458 0.523598 0.522458 0.522827 0.523258 0.523598 0.523258 0.522827 
6.816748 0.519309 0.519038 0.519648 0.519038 0.518859 0.519134 0.519648 0.519134 0.519050 
6.828195 0.515425 0.514526 0.515604 0.514526 0.515119 0.514984 0.515604 0.514984 0.514704 
6.839642 0.510123 0.510945 0.511603 0.510945 0.509727 0.510775 0.511603 0.510775 0.511107 
6.851089 0.507640 0.505839 0.506328 0.505839 0.507520 0.507339 0.506328 0.507339 0.506386 
6.862536 0.502697 0.502880 0.502327 0.502880 0.501107 0.502632 0.502327 0.502632 0.502827 
6.873983 0.498118 0.497637 0.498301 0.497637 0.498773 0.497396 0.498301 0.497396 0.496800 
6.885431 0.492749 0.494596 0.493218 0.494596 0.493809 0.493861 0.493218 0.493861 0.493233 
6.896878 0.491184 0.489503 0.491219 0.489503 0.492020 0.490116 0.491219 0.490116 0.490722 
6.908325 0.485555 0.486696 0.485943 0.486696 0.483564 0.485198 0.485943 0.485198 0.486905 
6.919772 0.482280 0.480975 0.481929 0.480975 0.482241 0.482736 0.481929 0.482736 0.480528 
6.931219 0.475005 0.477465 0.479125 0.477465 0.478595 0.477936 0.479125 0.477936 0.477050 
6.942666 0.476060 0.473475 0.473369 0.473475 0.472249 0.473270 0.473369 0.473270 0.473525 
6.954113 0.470825 0.469220 0.470094 0.469220 0.468688 0.468864 0.470094 0.468864 0.469043 
6.965560 0.465694 0.465455 0.465334 0.465455 0.467077 0.466313 0.465334 0.466313 0.466596 
6.977007 0.462086 0.459876 0.461498 0.459876 0.461580 0.462095 0.461498 0.462095 0.459654 
6.988455 0.456706 0.457186 0.456496 0.457186 0.458084 0.457396 0.456496 0.457396 0.457852 
6.999902 0.452541 0.452593 0.454631 0.452593 0.453687 0.452277 0.454631 0.452277 0.455190 
7.011349 0.451559 0.450309 0.448985 0.450309 0.449417 0.450540 0.448985 0.450540 0.451088 
7.022796 0.445337 0.444545 0.445671 0.444545 0.446588 0.444075 0.445671 0.444075 0.444280 
7.034243 0.441269 0.441331 0.440840 0.441331 0.442604 0.441125 0.440840 0.441125 0.440510 
7.045690 0.437532 0.437084 0.436375 0.437084 0.437176 0.438337 0.436375 0.438337 0.437211 
7.057137 0.434467 0.434329 0.434434 0.434329 0.433868 0.434012 0.434434 0.434012 0.434093 
7.068584 0.427864 0.429361 0.429840 0.429361 0.429478 0.429431 0.429840 0.429431 0.429376 
7.080031 0.427111 0.425704 0.426018 0.425704 0.425944 0.425124 0.426018 0.425124 0.425324 
7.091478 0.422765 0.420884 0.421555 0.420884 0.421827 0.421111 0.421555 0.421111 0.421711 
7.102926 0.418112 0.418574 0.418517 0.418574 0.418665 0.417071 0.418517 0.417071 0.417168 
7.114373 0.413823 0.413382 0.413823 0.413382 0.413387 0.414015 0.413823 0.414015 0.412422 
7.125820 0.409907 0.410014 0.410136 0.410014 0.410164 0.408799 0.410136 0.408799 0.410733 
7.137267 0.405804 0.406128 0.406709 0.406128 0.404591 0.406414 0.406709 0.406414 0.406146 
7.148714 0.400402 0.402339 0.403292 0.402339 0.403323 0.402174 0.403292 0.402174 0.400678 
7.160161 0.398251 0.398598 0.397977 0.398598 0.397905 0.399151 0.397977 0.399151 0.398389 
7.171608 0.395375 0.395291 0.394814 0.395291 0.391955 0.394638 0.394814 0.394638 0.394469 
7.183055 0.392178 0.391722 0.390862 0.391722 0.391080 0.390595 0.390862 0.390595 0.392768 
7.194502 0.388185 0.385683 0.388065 0.385683 0.385769 0.387206 0.388065 0.387206 0.387662 
7.205949 0.382757 0.383460 0.383520 0.383460 0.383137 0.382513 0.383520 0.382513 0.384086 
7.217396 0.379892 0.379146 0.378830 0.379146 0.378739 0.380429 0.378830 0.380429 0.380287 
7.228844 0.375560 0.375408 0.375969 0.375408 0.374066 0.376527 0.375969 0.376527 0.374560 
7.240291 0.372078 0.371746 0.372547 0.371746 0.372082 0.371963 0.372547 0.371963 0.372439 
7.251738 0.368077 0.368033 0.368125 0.368033 0.367360 0.368117 0.368125 0.368117 0.368085 
7.263185 0.362686 0.365019 0.364374 0.365019 0.364756 0.364214 0.364374 0.364214 0.364590 
7.274632 0.359861 0.360394 0.360939 0.360394 0.361351 0.360790 0.360939 0.360790 0.360250 
7.286079 0.356523 0.357465 0.356261 0.357465 0.357322 0.356134 0.356261 0.356134 0.358941 
7.297526 0.352455 0.352387 0.353257 0.352387 0.351886 0.353851 0.353257 0.353851 0.352045 
7.308973 0.349161 0.348612 0.350271 0.348612 0.349201 0.349576 0.350271 0.349576 0.350904 
7.320421 0.347112 0.345707 0.345839 0.345707 0.345968 0.345560 0.345839 0.345560 0.346096 
7.331868 0.342977 0.342326 0.342255 0.342326 0.340685 0.342724 0.342255 0.342724 0.342541 
7.343315 0.337042 0.337734 0.338727 0.337734 0.338733 0.338195 0.338727 0.338195 0.337083 
7.354762 0.335995 0.333988 0.334042 0.333988 0.335572 0.334221 0.334042 0.334221 0.335708 
7.366209 0.331060 0.331828 0.330982 0.331828 0.329971 0.331637 0.330982 0.331637 0.330566 
7.377656 0.328286 0.327854 0.327930 0.327854 0.327261 0.327549 0.327930 0.327549 0.327760 
7.389103 0.325255 0.323947 0.324622 0.323947 0.324172 0.323525 0.324622 0.323525 0.324192 
7.400550 0.321627 0.320039 0.321220 0.320039 0.320883 0.320966 0.321220 0.320966 0.320587 
7.411997 0.317142 0.316954 0.316867 0.316954 0.315697 0.316483 0.316867 0.316483 0.316608 
7.423444 0.313631 0.314009 0.314015 0.314009 0.312978 0.313434 0.314015 0.313434 0.314193 
7.434891 0.310107 0.310592 0.309255 0.310592 0.310558 0.309565 0.309255 0.309565 0.309917 
7.446339 0.306742 0.306280 0.305341 0.306280 0.306690 0.305888 0.305341 0.305888 0.307788 
7.457786 0.303314 0.303239 0.303564 0.303239 0.301473 0.303232 0.303564 0.303232 0.302086 
7.469233 0.299605 0.299495 0.298534 0.299495 0.298725 0.299044 0.298534 0.299044 0.298743 
7.480680 0.296178 0.295759 0.296023 0.295759 0.296220 0.295637 0.296023 0.295637 0.295167 
7.492127 0.293096 0.292738 0.292834 0.292738 0.292320 0.292334 0.292834 0.292334 0.292374 
7.503574 0.288353 0.289308 0.289497 0.289308 0.287718 0.287831 0.289497 0.287831 0.288273 
7.515021 0.285040 0.284880 0.285612 0.284880 0.286170 0.284287 0.285612 0.284287 0.285341 
7.526468 0.283122 0.281418 0.281796 0.281418 0.281815 0.281453 0.281796 0.281453 0.282033 
7.537915 0.276986 0.277955 0.277486 0.277955 0.277751 0.277739 0.277486 0.277739 0.278112 
7.549362 0.274985 0.275326 0.275202 0.275326 0.276113 0.274873 0.275202 0.274873 0.275211 
7.560810 0.272702 0.271925 0.270806 0.271925 0.271528 0.271157 0.270806 0.271157 0.271455 
7.572257 0.269137 0.267505 0.267436 0.267505 0.268162 0.267621 0.267436 0.267621 0.269118 
7.583704 0.263216 0.263848 0.264349 0.263848 0.263825 0.264301 0.264349 0.264301 0.263356 
7.595151 0.260210 0.260604 0.260603 0.260604 0.260996 0.260610 0.260603 0.260610 0.262342 
7.606598 0.257875 0.257540 0.257752 0.257540 0.256849 0.258190 0.257752 0.258190 0.258130 
7.618045 0.254581 0.254283 0.254136 0.254283 0.253955 0.254847 0.254136 0.254847 0.254244 
7.629492 0.250590 0.250701 0.251015 0.250701 0.249798 0.250930 0.251015 0.250930 0.251310 
7.640939 0.247279 0.247276 0.247792 0.247276 0.247543 0.247154 0.247792 0.247154 0.246601 
7.652386 0.245002 0.244058 0.243926 0.244058 0.244598 0.244141 0.243926 0.244141 0.244375 
7.663833 0.241258 0.240039 0.240691 0.240039 0.241892 0.240184 0.240691 0.240184 0.240559 
7.675281 0.237963 0.237264 0.237383 0.237264 0.237087 0.236773 0.237383 0.236773 0.237276 
7.686728 0.234661 0.232333 0.234859 0.232333 0.234613 0.233502 0.234859 0.233502 0.233470 
7.698175 0.231103 0.230566 0.230149 0.230566 0.230692 0.231118 0.230149 0.231118 0.230636 
7.709622 0.226953 0.226934 0.227646 0.226934 0.227889 0.227516 0.227646 0.227516 0.227943 
7.721069 0.225166 0.223631 0.224715 0.223631 0.224791 0.224235 0.224715 0.224235 0.224419 
7.732516 0.221338 0.221320 0.221679 0.221320 0.220025 0.221509 0.221679 0.221509 0.220322 
7.743963 0.217486 0.217849 0.217201 0.217849 0.216880 0.218236 0.217201 0.218236 0.216927 
7.755410 0.215056 0.214127 0.213609 0.214127 0.214606 0.213540 0.213609 0.213540 0.214954 
7.766857 0.211421 0.210580 0.211100 0.210580 0.210935 0.211321 0.211100 0.211321 0.209984 
7.778305 0.207236 0.207989 0.208164 0.207989 0.207638 0.207586 0.208164 0.207586 0.207540 
7.789752 0.203355 0.204947 0.204284 0.204947 0.203809 0.204767 0.204284 0.204767 0.204304 
7.801198 0.201317 0.201528 0.201179 0.201528 0.201635 0.201701 0.201179 0.201701 0.201392 
7.812646 0.197578 0.197738 0.198190 0.197738 0.197749 0.197847 0.198190 0.197847 0.197789 
7.824093 0.194792 0.194806 0.195368 0.194806 0.195222 0.194324 0.195368 0.194324 0.194399 
7.835540 0.192056 0.191829 0.192071 0.191829 0.191400 0.192010 0.192071 0.192010 0.191476 
7.846987 0.188306 0.188361 0.187923 0.188361 0.187890 0.188530 0.187923 0.188530 0.188577 
7.858434 0.185200 0.184352 0.185148 0.184352 0.184971 0.185529 0.185148 0.185529 0.185601 
7.869881 0.182987 0.182474 0.182112 0.182474 0.182357 0.181398 0.182112 0.181398 0.182815 
7.881328 0.179450 0.179320 0.178609 0.179320 0.178675 0.178559 0.178609 0.178559 0.179335 
7.892776 0.176152 0.175826 0.175201 0.175826 0.176870 0.176232 0.175201 0.176232 0.176547 
7.904222 0.172020 0.172021 0.171961 0.172021 0.172924 0.172809 0.171961 0.172809 0.172031 
7.915670 0.169835 0.169269 0.169142 0.169269 0.169575 0.169173 0.169142 0.169173 0.169334 
7.927117 0.166623 0.166247 0.165822 0.166247 0.166715 0.166034 0.165822 0.166034 0.167013 
7.938564 0.162873 0.163500 0.162599 0.163500 0.163323 0.162846 0.162599 0.162846 0.162238 
7.950011 0.159479 0.159703 0.160350 0.159703 0.159756 0.159603 0.160350 0.159603 0.159937 
7.961458 0.157814 0.157028 0.156781 0.157028 0.156411 0.156989 0.156781 0.156989 0.156668 
7.972905 0.153558 0.153692 0.153190 0.153692 0.154045 0.153661 0.153190 0.153661 0.153766 
7.984352 0.150057 0.150303 0.150573 0.150303 0.150977 0.151007 0.150573 0.151007 0.150363 
7.995799 0.147860 0.147894 0.147587 0.147894 0.147060 0.147363 0.147587 0.147363 0.147155 
8.007246 0.145012 0.144469 0.144534 0.144469 0.144692 0.144301 0.144534 0.144301 0.144614 
8.018693 0.141584 0.141798 0.141409 0.141798 0.141353 0.141451 0.141409 0.141451 0.141231 
8.030140 0.138602 0.138234 0.138758 0.138234 0.139045 0.138544 0.138758 0.138544 0.138447 
8.041587 0.135485 0.135316 0.135026 0.135316 0.134334 0.135529 0.135026 0.135529 0.134905 
8.053035 0.132110 0.132734 0.131906 0.132734 0.131930 0.132881 0.131906 0.132881 0.131608 
8.064482 0.129718 0.129175 0.129661 0.129175 0.128741 0.129170 0.129661 0.129170 0.129691 
8.075929 0.125759 0.126311 0.125890 0.126311 0.126064 0.126771 0.125890 0.126771 0.126521 
8.087376 0.122931 0.123065 0.123491 0.123065 0.123029 0.122830 0.123491 0.122830 0.123198 
8.098823 0.120665 0.120373 0.120414 0.120373 0.119913 0.120105 0.120414 0.120105 0.119961 
8.110270 0.117726 0.117663 0.117626 0.117663 0.117521 0.117957 0.117626 0.117957 0.117809 
8.121717 0.114756 0.115445 0.115719 0.115445 0.114676 0.114559 0.115719 0.114559 0.115719 
8.133165 0.113030 0.112058 0.112545 0.112058 0.112916 0.113169 0.112545 0.113169 0.112637 
8.144612 0.110088 0.110016 0.110010 0.110016 0.109997 0.109386 0.110010 0.109386 0.110234 
8.156059 0.108143 0.108083 0.107655 0.108083 0.107493 0.107573 0.107655 0.107573 0.108283 
8.167506 0.104747 0.105351 0.105180 0.105351 0.105399 0.105348 0.105180 0.105348 0.105618 
8.178953 0.104004 0.102973 0.103112 0.102973 0.103298 0.103160 0.103112 0.103160 0.103929 
8.190400 0.101437 0.101400 0.101041 0.101400 0.101411 0.101234 0.101041 0.101234 0.100962 
8.201847 0.098982 0.098726 0.099123 0.098726 0.099571 0.099275 0.099123 0.099275 0.098854 
8.213295 0.097446 0.096660 0.097084 0.096660 0.097067 0.096981 0.097084 0.096981 0.096996 
8.224741 0.095041 0.095074 0.095125 0.095074 0.094524 0.094777 0.095125 0.094777 0.094551 
8.236188 0.093253 0.092659 0.092643 0.092659 0.093066 0.092699 0.092643 0.092699 0.092970 
8.247635 0.091070 0.090777 0.091132 0.090777 0.091048 0.091244 0.091132 0.091244 0.090662 
8.259082 0.089169 0.089000 0.089139 0.089000 0.088743 0.089461 0.089139 0.089461 0.089394 
8.270530 0.087409 0.087064 0.087219 0.087064 0.087657 0.087319 0.087219 0.087319 0.087448 
8.281977 0.085747 0.085268 0.085733 0.085268 0.085330 0.085641 0.085733 0.085641 0.085939 
8.293424 0.083653 0.084069 0.083734 0.084069 0.083751 0.083928 0.083734 0.083928 0.083507 
8.304871 0.082148 0.081952 0.082070 0.081952 0.082620 0.081998 0.082070 0.081998 0.081299 
8.316318 0.080831 0.080263 0.080252 0.080263 0.080880 0.080339 0.080252 0.080339 0.080185 
8.327765 0.078859 0.078959 0.079149 0.078959 0.078474 0.078839 0.079149 0.078839 0.078551 
8.339212 0.076924 0.077007 0.077384 0.077007 0.076915 0.077156 0.077384 0.077156 0.077222 
8.350659 0.075316 0.074919 0.075298 0.074919 0.075202 0.075618 0.075298 0.075618 0.075684 
8.362107 0.074462 0.073939 0.073813 0.073939 0.074391 0.073713 0.073813 0.073713 0.073703 
8.373554 0.072426 0.072414 0.072196 0.072414 0.072533 0.072102 0.072196 0.072102 0.072228 
8.385001 0.070838 0.070557 0.070627 0.070557 0.070376 0.070872 0.070627 0.070872 0.071010 
8.396448 0.069626 0.068916 0.069354 0.068916 0.069181 0.069164 0.069354 0.069164 0.068641 
8.407895 0.068044 0.067746 0.067933 0.067746 0.067694 0.068021 0.067933 0.068021 0.067395 
8.419342 0.067263 0.066693 0.066609 0.066693 0.066628 0.066255 0.066609 0.066255 0.066232 
8.430789 0.065351 0.065111 0.065232 0.065111 0.065365 0.064914 0.065232 0.064914 0.064989 
8.442236 0.063444 0.063692 0.063656 0.063692 0.063380 0.063455 0.063656 0.063455 0.063441 
8.453683 0.062280 0.062076 0.062137 0.062076 0.062546 0.062292 0.062137 0.062292 0.061960 
8.465130 0.061617 0.060903 0.061088 0.060903 0.060746 0.060790 0.061088 0.060790 0.060837 
8.476577 0.059735 0.059681 0.059337 0.059681 0.060026 0.059618 0.059337 0.059618 0.060152 
8.488024 0.058086 0.058706 0.058394 0.058706 0.058949 0.058551 0.058394 0.058551 0.058591 
8.499472 0.057281 0.056858 0.057011 0.056858 0.056988 0.057121 0.057011 0.057121 0.057495 
8.510919 0.055478 0.055568 0.056125 0.055568 0.055558 0.055891 0.056125 0.055891 0.055991 
8.522366 0.054865 0.054838 0.054581 0.054838 0.054702 0.054488 0.054581 0.054488 0.054914 
8.533813 0.053548 0.053994 0.053411 0.053994 0.053319 0.053374 0.053411 0.053374 0.053317 
8.545260 0.052149 0.052348 0.051927 0.052348 0.052329 0.052095 0.051927 0.052095 0.052030 
8.556707 0.051256 0.050981 0.051135 0.050981 0.050928 0.051340 0.051135 0.051340 0.051623 
8.568154 0.050022 0.049686 0.050322 0.049686 0.049866 0.050019 0.050322 0.050019 0.049898 
8.579602 0.048660 0.048568 0.048926 0.048568 0.048949 0.048807 0.048926 0.048807 0.049020 
8.591049 0.048022 0.047652 0.047902 0.047652 0.048380 0.047715 0.047902 0.047715 0.047683 
8.602496 0.046726 0.046663 0.046587 0.046663 0.046679 0.046662 0.046587 0.046662 0.046209 
8.613943 0.045590 0.045814 0.045360 0.045814 0.045352 0.045768 0.045360 0.045768 0.046222 
8.625390 0.044482 0.044580 0.044870 0.044580 0.044429 0.044891 0.044870 0.044891 0.044329 
8.636837 0.043619 0.043567 0.043782 0.043567 0.043597 0.043706 0.043782 0.043706 0.043917 
8.648284 0.043001 0.042661 0.042641 0.042661 0.042728 0.042638 0.042641 0.042638 0.042447 
8.659731 0.041438 0.041841 0.041740 0.041841 0.041548 0.042086 0.041740 0.042086 0.041618 
8.671178 0.041017 0.040656 0.040628 0.040656 0.041132 0.040719 0.040628 0.040719 0.040864 
8.682625 0.039803 0.039687 0.039929 0.039687 0.039620 0.039829 0.039929 0.039829 0.040001 
8.694072 0.038745 0.038596 0.038619 0.038596 0.038521 0.038807 0.038619 0.038807 0.038566 
8.705519 0.038321 0.037635 0.037648 0.037635 0.037847 0.037716 0.037648 0.037716 0.037600 
8.716967 0.036917 0.036927 0.037052 0.036927 0.037093 0.036790 0.037052 0.036790 0.036524 
8.728414 0.036586 0.036237 0.035980 0.036237 0.035679 0.036294 0.035980 0.036294 0.035949 
8.739861 0.035338 0.035252 0.035480 0.035252 0.035355 0.035434 0.035480 0.035434 0.035334 
8.751308 0.034170 0.034511 0.034378 0.034511 0.034699 0.034219 0.034378 0.034219 0.034289 
8.762755 0.033584 0.033523 0.033358 0.033523 0.033725 0.033643 0.033358 0.033643 0.033583 
8.774202 0.032786 0.032805 0.032775 0.032805 0.033055 0.032735 0.032775 0.032735 0.032586 
8.785649 0.032198 0.031921 0.032093 0.031921 0.032222 0.032033 0.032093 0.032033 0.031894 
8.797096 0.031121 0.031062 0.031200 0.031062 0.031148 0.031113 0.031200 0.031113 0.030810 
8.808544 0.030319 0.030370 0.030280 0.030370 0.030574 0.030369 0.030280 0.030369 0.030502 
8.819991 0.029597 0.029595 0.029720 0.029595 0.029518 0.029585 0.029720 0.029585 0.029578 
8.831438 0.028909 0.028861 0.028867 0.028861 0.029019 0.028705 0.028867 0.028705 0.029261 
8.842885 0.028405 0.028094 0.028140 0.028094 0.028206 0.028209 0.028140 0.028209 0.028151 
8.854331 0.027495 0.027295 0.027441 0.027295 0.027156 0.027332 0.027441 0.027332 0.027516 
8.865779 0.026554 0.026634 0.026670 0.026634 0.026852 0.026584 0.026670 0.026584 0.026744 
8.877226 0.025745 0.025906 0.025879 0.025906 0.025965 0.026169 0.025879 0.026169 0.025978 
8.888673 0.025357 0.025103 0.025219 0.025103 0.025029 0.025248 0.025219 0.025248 0.025414 
8.900120 0.024379 0.024490 0.024684 0.024490 0.024732 0.024576 0.024684 0.024576 0.024611 
8.911567 0.023848 0.023754 0.024076 0.023754 0.023921 0.024027 0.024076 0.024027 0.023909 
8.923014 0.023167 0.023269 0.023244 0.023269 0.023458 0.023370 0.023244 0.023370 0.023281 
8.934462 0.022879 0.022657 0.022612 0.022657 0.022728 0.022547 0.022612 0.022547 0.022817 
8.945909 0.022016 0.021751 0.021819 0.021751 0.021851 0.022000 0.021819 0.022000 0.021735 
8.957356 0.021448 0.021333 0.021370 0.021333 0.021449 0.021400 0.021370 0.021400 0.021373 
8.968803 0.020749 0.020666 0.020710 0.020666 0.020986 0.020574 0.020710 0.020574 0.020581 
8.980250 0.020061 0.020112 0.020368 0.020112 0.020324 0.020070 0.020368 0.020070 0.020265 
8.991697 0.019709 0.019508 0.019719 0.019508 0.019656 0.019567 0.019719 0.019567 0.019151 
9.003144 0.018739 0.018948 0.019157 0.018948 0.019137 0.019211 0.019157 0.019211 0.019114 
9.014591 0.018350 0.018509 0.018572 0.018509 0.018471 0.018363 0.018572 0.018363 0.018683 
9.026039 0.017975 0.017882 0.018068 0.017882 0.017836 0.018021 0.018068 0.018021 0.018058 
9.037486 0.017596 0.017483 0.017373 0.017483 0.017578 0.017478 0.017373 0.017478 0.017143 
9.048933 0.017015 0.016697 0.016988 0.016697 0.016888 0.016899 0.016988 0.016899 0.016963 
9.060380 0.016134 0.016522 0.016311 0.016522 0.016211 0.016361 0.016311 0.016361 0.016623 
9.071826 0.015627 0.015711 0.015824 0.015711 0.015898 0.015764 0.015824 0.015764 0.015651 
9.083274 0.015446 0.015194 0.015373 0.015194 0.015409 0.015273 0.015373 0.015273 0.015226 
9.094721 0.014843 0.014936 0.014869 0.014936 0.014785 0.014887 0.014869 0.014887 0.015013 
9.106168 0.014514 0.014320 0.014557 0.014320 0.014459 0.014276 0.014557 0.014276 0.014392 
9.117615 0.013793 0.013847 0.013964 0.013847 0.013698 0.013926 0.013964 0.013926 0.013950 
9.129062 0.013481 0.013458 0.013462 0.013458 0.013282 0.013486 0.013462 0.013486 0.013453 
9.140509 0.012952 0.013160 0.013079 0.013160 0.012836 0.012952 0.013079 0.012952 0.012764 
9.151956 0.012604 0.012696 0.012565 0.012696 0.012519 0.012509 0.012565 0.012509 0.012454 
9.163404 0.012125 0.012326 0.012188 0.012326 0.012024 0.012195 0.012188 0.012195 0.012215 
9.174851 0.011547 0.011734 0.011643 0.011734 0.011830 0.011725 0.011643 0.011725 0.011829 
9.186298 0.011425 0.011276 0.011352 0.011276 0.011229 0.011317 0.011352 0.011317 0.011313 
9.197745 0.010758 0.010764 0.010947 0.010764 0.011066 0.010721 0.010947 0.010721 0.010847 
9.209192 0.010459 0.010568 0.010589 0.010568 0.010493 0.010748 0.010589 0.010748 0.010553 
9.220639 0.010266 0.010056 0.010167 0.010056 0.010112 0.010234 0.010167 0.010234 0.010160 
9.232086 0.009583 0.009819 0.009844 0.009819 0.009602 0.009805 0.009844 0.009805 0.009747 
9.243534 0.009358 0.009447 0.009470 0.009447 0.009472 0.009503 0.009470 0.009503 0.009374 
9.254981 0.009043 0.009105 0.009183 0.009105 0.009254 0.008995 0.009183 0.008995 0.009039 
9.266428 0.008737 0.008675 0.008791 0.008675 0.008664 0.008908 0.008791 0.008908 0.008757 
9.277874 0.008294 0.008354 0.008340 0.008354 0.008304 0.008367 0.008340 0.008367 0.008406 
9.289321 0.008072 0.008032 0.007962 0.008032 0.008043 0.008157 0.007962 0.008157 0.008226 
9.300768 0.007874 0.007736 0.007757 0.007736 0.007755 0.007667 0.007757 0.007667 0.007751 
9.312216 0.007386 0.007449 0.007256 0.007449 0.007387 0.007415 0.007256 0.007415 0.007232 
9.323663 0.007028 0.007067 0.007050 0.007067 0.007208 0.007054 0.007050 0.007054 0.007015 
9.335110 0.006864 0.006774 0.006776 0.006774 0.006948 0.006752 0.006776 0.006752 0.006750 
9.346557 0.006509 0.006518 0.006483 0.006518 0.006495 0.006425 0.006483 0.006425 0.006477 
9.358004 0.006202 0.006224 0.006262 0.006224 0.006308 0.006205 0.006262 0.006205 0.006177 
9.369451 0.005973 0.006046 0.006009 0.006046 0.005902 0.005978 0.006009 0.005978 0.005939 
9.380898 0.005751 0.005688 0.005718 0.005688 0.005681 0.005650 0.005718 0.005650 0.005598 
9.392346 0.005551 0.005333 0.005305 0.005333 0.005473 0.005485 0.005305 0.005485 0.005355 
9.403793 0.005095 0.005134 0.005240 0.005134 0.005134 0.005139 0.005240 0.005139 0.005131 
9.415240 0.004910 0.004966 0.004895 0.004966 0.004909 0.004833 0.004895 0.004833 0.004929 
9.426687 0.004656 0.004644 0.004655 0.004644 0.004702 0.004636 0.004655 0.004636 0.004574 
9.438134 0.004479 0.004436 0.004419 0.004436 0.004437 0.004464 0.004419 0.004464 0.004438 
9.449581 0.004161 0.004141 0.004161 0.004141 0.004146 0.004211 0.004161 0.004211 0.004147 
9.461028 0.004029 0.003965 0.004009 0.003965 0.004033 0.003995 0.004009 0.003995 0.004130 
9.472476 0.003765 0.003823 0.003762 0.003823 0.003737 0.003779 0.003762 0.003779 0.003690 
9.483922 0.003704 0.003497 0.003532 0.003497 0.003477 0.003534 0.003532 0.003534 0.003547 
9.495369 0.003379 0.003296 0.003344 0.003296 0.003363 0.003429 0.003344 0.003429 0.003337 
9.506816 0.003157 0.003201 0.003108 0.003201 0.003107 0.003168 0.003108 0.003168 0.003248 
9.518263 0.002972 0.002994 0.002921 0.002994 0.002947 0.003029 0.002921 0.003029 0.003022 
9.529711 0.002823 0.002827 0.002792 0.002827 0.002730 0.002772 0.002792 0.002772 0.002841 
9.541158 0.002616 0.002610 0.002657 0.002610 0.002774 0.002649 0.002657 0.002649 0.002617 
9.552605 0.002458 0.002433 0.002470 0.002433 0.002421 0.002440 0.002470 0.002440 0.002445 
9.564052 0.002316 0.002281 0.002268 0.002281 0.002271 0.002322 0.002268 0.002322 0.002353 
9.575499 0.002243 0.002147 0.002103 0.002147 0.002124 0.002154 0.002103 0.002154 0.002064 
9.586946 0.002037 0.001993 0.001953 0.001993 0.002026 0.001998 0.001953 0.001998 0.001970 
9.598393 0.001883 0.001852 0.001833 0.001852 0.001837 0.001820 0.001833 0.001820 0.001838 
9.609840 0.001692 0.001670 0.001740 0.001670 0.001669 0.001719 0.001740 0.001719 0.001741 
9.621288 0.001571 0.001617 0.001568 0.001617 0.001570 0.001587 0.001568 0.001587 0.001567 
9.632735 0.001389 0.001448 0.001481 0.001448 0.001465 0.001524 0.001481 0.001524 0.001383 
9.644182 0.001294 0.001312 0.001382 0.001312 0.001417 0.001364 0.001382 0.001364 0.001289 
9.655629 0.001220 0.001263 0.001257 0.001263 0.001238 0.001218 0.001257 0.001218 0.001203 
9.667076 0.001107 0.001094 0.001071 0.001094 0.001097 0.001113 0.001071 0.001113 0.001144 
9.678523 0.001027 0.001021 0.001029 0.001021 0.001018 0.000990 0.001029 0.000990 0.000980 
9.689970 0.000902 0.000911 0.000853 0.000911 0.000841 0.000883 0.000853 0.000883 0.000888 
9.701417 0.000844 0.000818 0.000819 0.000818 0.000805 0.000804 0.000819 0.000804 0.000839 
9.712864 0.000724 0.000696 0.000709 0.000696 0.000760 0.000710 0.000709 0.000710 0.000760 
9.724311 0.000689 0.000633 0.000622 0.000633 0.000692 0.000668 0.000622 0.000668 0.000663 
9.735758 0.000569 0.000557 0.000594 0.000557 0.000576 0.000574 0.000594 0.000574 0.000556 
9.747205 0.000515 0.000473 0.000487 0.000473 0.000487 0.000491 0.000487 0.000491 0.000495 
9.758653 0.000407 0.000432 0.000414 0.000432 0.000412 0.000406 0.000414 0.000406 0.000431 
9.770100 0.000388 0.000367 0.000369 0.000367 0.000342 0.000361 0.000369 0.000361 0.000377 
9.781547 0.000298 0.000307 0.000316 0.000307 0.000269 0.000304 0.000316 0.000304 0.000307 
9.792994 0.000244 0.000269 0.000250 0.000269 0.000244 0.000248 0.000250 0.000248 0.000253 
9.804441 0.000214 0.000224 0.000210 0.000224 0.000201 0.000204 0.000210 0.000204 0.000219 
9.815888 0.000161 0.000170 0.000151 0.000170 0.000153 0.000149 0.000151 0.000149 0.000187 
9.827335 0.000138 0.000139 0.000118 0.000139 0.000127 0.000123 0.000118 0.000123 0.000127 
9.838783 0.000096 0.000105 0.000099 0.000105 0.000102 0.000105 0.000099 0.000105 0.000099 
9.850230 0.000062 0.000064 0.000082 0.000064 0.000065 0.000066 0.000082 0.000066 0.000082 
9.861677 0.000038 0.000042 0.000051 0.000042 0.000044 0.000038 0.000051 0.000038 0.000054 
9.873124 0.000032 0.000021 0.000016 0.000021 0.000026 0.000025 0.000016 0.000025 0.000021 
9.884571 0.000010 0.000011 0.000014 0.000011 0.000016 0.000015 0.000014 0.000015 0.000011 
9.896018 0.000009 0.000004 0.000011 0.000004 0.000004 0.000004 0.000011 0.000004 0.000009 
9.907465 0.000001 0.000001 0.000000 0.000001 0.000000 0.000001 0.000000 0.000001 0.000001 
9.918912 0.000000 0.000000 0.000000 0.000000 0.000000 0.000000 0.000000 0.000000 0.000000 
9.930359 0.000000 0.000000 0.000000 0.000000 0.000000 0.000000 0.000000 0.000000 0.000000 
9.941806 0.000000 0.000000 0.000000 0.000000 0.000000 0.000000 0.000000 0.000000 0.000000 
9.953253 0.000000 0.000000 0.000000 0.000000 0.000000 0.000000 0.000000 0.000000 0.000000 
9.964700 0.000000 0.000000 0.000000 0.000000 0.000000 0.000000 0.000000 0.000000 0.000000 
9.976148 0.000000 0.000000 0.000000 0.000000 0.000000 0.000000 0.000000 0.000000 0.000000 
9.987595 0.000000 0.000000 0.000000 0.000000 0.000000 0.000000 0.000000 0.000000 0.000000 
9.999042 0.000000 0.000000 0.000000 0.000000 0.000000 0.000000 0.000000 0.000000 0.000000 
10.010489 0.000000 0.000000 0.000000 0.000000 0.000000 0.000000 0.000000 0.000000 0.000000 
10.021936 0.000000 0.000000 0.000000 0.000000 0.000000 0.000000 0.000000 0.000000 0.000000 
10.033383 0.000000 0.000000 0.000000 0.000000 0.000000 0.000000 0.000000 0.000000 0.000000 
10.044830 0.000000 0.000000 0.000000 0.000000 0.000000 0.000000 0.000000 0.000000 0.000000 
10.056277 0.000000 0.000000 0.000000 0.000000 0.000000 0.000000 0.000000 0.000000 0.000000 
10.067725 0.000000 0.000000 0.000000 0.000000 0.000000 0.000000 0.000000 0.000000 0.000000 
10.079172 0.000000 0.000000 0.000000 0.000000 0.000000 0.000000 0.000000 0.000000 0.000000 
10.090619 0.000000 0.000000 0.000000 0.000000 0.000000 0.000000 0.000000 0.000000 0.000000 
10.102066 0.000000 0.000000 0.000000 0.000000 0.000000 0.000000 0.000000 0.000000 0.000000 
10.113513 0.000000 0.000000 0.000000 0.000000 0.000000 0.000000 0.000000 0.000000 0.000000 
10.124960 0.000000 0.000000 0.000000 0.000000 0.000000 0.000000 0.000000 0.000000 0.000000 
10.136407 0.000000 0.000000 0.000000 0.000000 0.000000 0.000000 0.000000 0.000000 0.000000 
10.147854 0.000000 0.000000 0.000000 0.000000 0.000000 0.000000 0.000000 0.000000 0.000000 
10.159301 0.000000 0.000000 0.000000 0.000000 0.000000 0.000000 0.000000 0.000000 0.000000 
10.170748 0.000000 0.000000 0.000000 0.000000 0.000000 0.000000 0.000000 0.000000 0.000000 
10.182195 0.000000 0.000000 0.000000 0.000000 0.000000 0.000000 0.000000 0.000000 0.000000 
10.193642 0.000000 0.000000 0.000000 0.000000 0.000000 0.000000 0.000000 0.000000 0.000000 
10.205090 0.000000 0.000000 0.000000 0.000000 0.000000 0.000000 0.000000 0.000000 0.000000 
10.216537 0.000000 0.000000 0.000000 0.000000 0.000000 0.000000 0.000000 0.000000 0.000000 
10.227984 0.000000 0.000000 0.000000 0.000000 0.000000 0.000000 0.000000 0.000000 0.000000 
10.239431 0.000000 0.000000 0.000000 0.000000 0.000000 0.000000 0.000000 0.000000 0.000000 
10.250878 0.000000 0.000000 0.000000 0.000000 0.000000 0.000000 0.000000 0.000000 0.000000 
10.262325 0.000000 0.000000 0.000000 0.000000 0.000000 0.000000 0.000000 0.000000 0.000000 
10.273772 0.000000 0.000000 0.000000 0.000000 0.000000 0.000000 0.000000 0.000000 0.000000 
10.285220 0.000000 0.000000 0.000000 0.000000 0.000000 0.000000 0.000000 0.000000 0.000000 
10.296667 0.000000 0.000000 0.000000 0.000000 0.000000 0.000000 0.000000 0.000000 0.000000 
10.308114 0.000000 0.000000 0.000000 0.000000 0.000000 0.000000 0.000000 0.000000 0.000000 
10.319561 0.000000 0.000000 0.000000 0.000000 0.000000 0.000000 0.000000 0.000000 0.000000 
10.331007 0.000000 0.000000 0.000000 0.000000 0.000000 0.000000 0.000000 0.000000 0.000000 
10.342454 0.000000 0.000000 0.000000 0.000000 0.000000 0.000000 0.000000 0.000000 0.000000 
10.353902 0.000000 0.000000 0.000000 0.000000 0.000000 0.000000 0.000000 0.000000 0.000000 
10.365349 0.000000 0.000000 0.000000 0.000000 0.000000 0.000000 0.000000 0.000000 0.000000 
10.376796 0.000000 0.000000 0.000000 0.000000 0.000000 0.000000 0.000000 0.000000 0.000000 
10.388243 0.000000 0.000000 0.000000 0.000000 0.000000 0.000000 0.000000 0.000000 0.000000 
10.399690 0.000000 0.000000 0.000000 0.000000 0.000000 0.000000 0.000000 0.000000 0.000000 
10.411137 0.000000 0.000000 0.000000 0.000000 0.000000 0.000000 0.000000 0.000000 0.000000 
10.422585 0.000000 0.000000 0.000000 0.000000 0.000000 0.000000 0.000000 0.000000 0.000000 
10.434032 0.000000 0.000000 0.000000 0.000000 0.000000 0.000000 0.000000 0.000000 0.000000 
10.445479 0.000000 0.000000 0.000000 0.000000 0.000000 0.000000 0.000000 0.000000 0.000000 
10.456926 0.000000 0.000000 0.000000 0.000000 0.000000 0.000000 0.000000 0.000000 0.000000 
10.468373 0.000000 0.000000 0.000000 0.000000 0.000000 0.000000 0.000000 0.000000 0.000000 
10.479820 0.000000 0.000000 0.000000 0.000000 0.000000 0.000000 0.000000 0.000000 0.000000 
10.491267 0.000000 0.000000 0.000000 0.000000 0.000000 0.000000 0.000000 0.000000 0.000000 
10.502714 0.000000 0.000000 0.000000 0.000000 0.000000 0.000000 0.000000 0.000000 0.000000 
10.514162 0.000000 0.000000 0.000000 0.000000 0.000000 0.000000 0.000000 0.000000 0.000000 
10.525609 0.000000 0.000000 0.000000 0.000000 0.000000 0.000000 0.000000 0.000000 0.000000 
10.537055 0.000000 0.000000 0.000000 0.000000 0.000000 0.000000 0.000000 0.000000 0.000000 
10.548502 0.000000 0.000000 0.000000 0.000000 0.000000 0.000000 0.000000 0.000000 0.000000 
10.559949 0.000000 0.000000 0.000000 0.000000 0.000000 0.000000 0.000000 0.000000 0.000000 
10.571397 0.000000 0.000000 0.000000 0.000000 0.000000 0.000000 0.000000 0.000000 0.000000 
10.582844 0.000000 0.000000 0.000000 0.000000 0.000000 0.000000 0.000000 0.000000 0.000000 
10.594291 0.000000 0.000000 0.000000 0.000000 0.000000 0.000000 0.000000 0.000000 0.000000 
10.605738 0.000000 0.000000 0.000000 0.000000 0.000000 0.000000 0.000000 0.000000 0.000000 
10.617185 0.000000 0.000000 0.000000 0.000000 0.000000 0.000000 0.000000 0.000000 0.000000 
10.628632 0.000000 0.000000 0.000000 0.000000 0.000000 0.000000 0.000000 0.000000 0.000000 
10.640079 0.000000 0.000000 0.000000 0.000000 0.000000 0.000000 0.000000 0.000000 0.000000 
10.651526 0.000000 0.000000 0.000000 0.000000 0.000000 0.000000 0.000000 0.000000 0.000000 
10.662974 0.000000 0.000000 0.000000 0.000000 0.000000 0.000000 0.000000 0.000000 0.000000 
10.674421 0.000000 0.000000 0.000000 0.000000 0.000000 0.000000 0.000000 0.000000 0.000000 
10.685868 0.000000 0.000000 0.000000 0.000000 0.000000 0.000000 0.000000 0.000000 0.000000 
10.697315 0.000000 0.000000 0.000000 0.000000 0.000000 0.000000 0.000000 0.000000 0.000000 
10.708762 0.000000 0.000000 0.000000 0.000000 0.000000 0.000000 0.000000 0.000000 0.000000 
10.720209 0.000000 0.000000 0.000000 0.000000 0.000000 0.000000 0.000000 0.000000 0.000000 
10.731657 0.000000 0.000000 0.000000 0.000000 0.000000 0.000000 0.000000 0.000000 0.000000 
10.743104 0.000000 0.000000 0.000000 0.000000 0.000000 0.000000 0.000000 0.000000 0.000000 
10.754550 0.000000 0.000000 0.000000 0.000000 0.000000 0.000000 0.000000 0.000000 0.000000 
10.765997 0.000000 0.000000 0.000000 0.000000 0.000000 0.000000 0.000000 0.000000 0.000000 
10.777444 0.000000 0.000000 0.000000 0.000000 0.000000 0.000000 0.000000 0.000000 0.000000 
10.788892 0.000000 0.000000 0.000000 0.000000 0.000000 0.000000 0.000000 0.000000 0.000000 
10.800339 0.000000 0.000000 0.000000 0.000000 0.000000 0.000000 0.000000 0.000000 0.000000 
10.811786 0.000000 0.000000 0.000000 0.000000 0.000000 0.000000 0.000000 0.000000 0.000000 
10.823233 0.000000 0.000000 0.000000 0.000000 0.000000 0.000000 0.000000 0.000000 0.000000 
10.834680 0.000000 0.000000 0.000000 0.000000 0.000000 0.000000 0.000000 0.000000 0.000000 
10.846127 0.000000 0.000000 0.000000 0.000000 0.000000 0.000000 0.000000 0.000000 0.000000 
10.857574 0.000000 0.000000 0.000000 0.000000 0.000000 0.000000 0.000000 0.000000 0.000000 
10.869021 0.000000 0.000000 0.000000 0.000000 0.000000 0.000000 0.000000 0.000000 0.000000 
10.880469 0.000000 0.000000 0.000000 0.000000 0.000000 0.000000 0.000000 0.000000 0.000000 
10.891916 0.000000 0.000000 0.000000 0.000000 0.000000 0.000000 0.000000 0.000000 0.000000 
10.903363 0.000000 0.000000 0.000000 0.000000 0.000000 0.000000 0.000000 0.000000 0.000000 
10.914810 0.000000 0.000000 0.000000 0.000000 0.000000 0.000000 0.000000 0.000000 0.000000 
10.926257 0.000000 0.000000 0.000000 0.000000 0.000000 0.000000 0.000000 0.000000 0.000000 
10.937704 0.000000 0.000000 0.000000 0.000000 0.000000 0.000000 0.000000 0.000000 0.000000 
10.949152 0.000000 0.000000 0.000000 0.000000 0.000000 0.000000 0.000000 0.000000 0.000000 
10.960598 0.000000 0.000000 0.000000 0.000000 0.000000 0.000000 0.000000 0.000000 0.000000 
10.972045 0.000000 0.000000 0.000000 0.000000 0.000000 0.000000 0.000000 0.000000 0.000000 
10.983492 0.000000 0.000000 0.000000 0.000000 0.000000 0.000000 0.000000 0.000000 0.000000 
10.994939 0.000000 0.000000 0.000000 0.000000 0.000000 0.000000 0.000000 0.000000 0.000000 
11.006386 0.000000 0.000000 0.000000 0.000000 0.000000 0.000000 0.000000 0.000000 0.000000 
11.017834 0.000000 0.000000 0.000000 0.000000 0.000000 0.000000 0.000000 0.000000 0.000000 
11.029281 0.000000 0.000000 0.000000 0.000000 0.000000 0.000000 0.000000 0.000000 0.000000 
11.040728 0.000000 0.000000 0.000000 0.000000 0.000000 0.000000 0.000000 0.000000 0.000000 
11.052175 0.000000 0.000000 0.000000 0.000000 0.000000 0.000000 0.000000 0.000000 0.000000 
11.063622 0.000000 0.000000 0.000000 0.000000 0.000000 0.000000 0.000000 0.000000 0.000000 
11.075069 0.000000 0.000000 0.000000 0.000000 0.000000 0.000000 0.000000 0.000000 0.000000 
11.086516 0.000000 0.000000 0.000000 0.000000 0.000000 0.000000 0.000000 0.000000 0.000000 
11.097964 0.000000 0.000000 0.000000 0.000000 0.000000 0.000000 0.000000 0.000000 0.000000 
11.109411 0.000000 0.000000 0.000000 0.000000 0.000000 0.000000 0.000000 0.000000 0.000000 
11.120858 0.000000 0.000000 0.000000 0.000000 0.000000 0.000000 0.000000 0.000000 0.000000 
11.132305 0.000000 0.000000 0.000000 0.000000 0.000000 0.000000 0.000000 0.000000 0.000000 
11.143752 0.000000 0.000000 0.000000 0.000000 0.000000 0.000000 0.000000 0.000000 0.000000 
11.155199 0.000000 0.000000 0.000000 0.000000 0.000000 0.000000 0.000000 0.000000 0.000000 
11.166646 0.000000 0.000000 0.000000 0.000000 0.000000 0.000000 0.000000 0.000000 0.000000 
11.178093 0.000000 0.000000 0.000000 0.000000 0.000000 0.000000 0.000000 0.000000 0.000000 
11.189540 0.000000 0.000000 0.000000 0.000000 0.000000 0.000000 0.000000 0.000000 0.000000 
11.200987 0.000000 0.000000 0.000000 0.000000 0.000000 0.000000 0.000000 0.000000 0.000000 
11.212434 0.000000 0.000000 0.000000 0.000000 0.000000 0.000000 0.000000 0.000000 0.000000 
11.223881 0.000000 0.000000 0.000000 0.000000 0.000000 0.000000 0.000000 0.000000 0.000000 
11.235329 0.000000 0.000000 0.000000 0.000000 0.000000 0.000000 0.000000 0.000000 0.000000 
11.246776 0.000000 0.000000 0.000000 0.000000 0.000000 0.000000 0.000000 0.000000 0.000000 
11.258223 0.000000 0.000000 0.000000 0.000000 0.000000 0.000000 0.000000 0.000000 0.000000 
11.269670 0.000000 0.000000 0.000000 0.000000 0.000000 0.000000 0.000000 0.000000 0.000000 
11.281117 0.000000 0.000000 0.000000 0.000000 0.000000 0.000000 0.000000 0.000000 0.000000 
11.292564 0.000000 0.000000 0.000000 0.000000 0.000000 0.000000 0.000000 0.000000 0.000000 
11.304011 0.000000 0.000000 0.000000 0.000000 0.000000 0.000000 0.000000 0.000000 0.000000 
11.315458 0.000000 0.000000 0.000000 0.000000 0.000000 0.000000 0.000000 0.000000 0.000000 
11.326906 0.000000 0.000000 0.000000 0.000000 0.000000 0.000000 0.000000 0.000000 0.000000 
11.338353 0.000000 0.000000 0.000000 0.000000 0.000000 0.000000 0.000000 0.000000 0.000000 
11.349800 0.000000 0.000000 0.000000 0.000000 0.000000 0.000000 0.000000 0.000000 0.000000 
11.361247 0.000000 0.000000 0.000000 0.000000 0.000000 0.000000 0.000000 0.000000 0.000000 
11.372694 0.000000 0.000000 0.000000 0.000000 0.000000 0.000000 0.000000 0.000000 0.000000 
11.384141 0.000000 0.000000 0.000000 0.000000 0.000000 0.000000 0.000000 0.000000 0.000000 
11.395588 0.000000 0.000000 0.000000 0.000000 0.000000 0.000000 0.000000 0.000000 0.000000 
11.407035 0.000000 0.000000 0.000000 0.000000 0.000000 0.000000 0.000000 0.000000 0.000000 
11.418482 0.000000 0.000000 0.000000 0.000000 0.000000 0.000000 0.000000 0.000000 0.000000 
11.429929 0.000000 0.000000 0.000000 0.000000 0.000000 0.000000 0.000000 0.000000 0.000000 
11.441376 0.000000 0.000000 0.000000 0.000000 0.000000 0.000000 0.000000 0.000000 0.000000 
