0.010357 0.714646 0.653680 0.613155 0.146405 0.143218 0.155964 0.209656 0.151756 0.138889 
0.031072 0.713083 0.674242 0.598665 0.159933 0.134800 0.162819 0.216029 0.151936 0.158971 
0.051787 0.696970 0.683201 0.602032 0.156085 0.142436 0.174002 0.196128 0.155243 0.170815 
0.072502 0.676106 0.661195 0.624459 0.154822 0.147787 0.177850 0.179774 0.155063 0.169673 
0.093217 0.654161 0.654461 0.675325 0.148810 0.146224 0.180976 0.167148 0.150854 0.160354 
0.113932 0.627405 0.614057 0.711159 0.131253 0.153980 0.180435 0.152417 0.146284 0.153980 
0.134647 0.593134 0.617785 0.745972 0.115560 0.162638 0.176046 0.139731 0.152177 0.147306 
0.155362 0.581409 0.619949 0.771404 0.106241 0.165103 0.170214 0.133357 0.161977 0.150313 
0.176077 0.582371 0.639670 0.801227 0.090729 0.159211 0.171837 0.131794 0.165404 0.151635 
0.196792 0.588384 0.643037 0.789983 0.091631 0.169974 0.174002 0.146705 0.176708 0.154942 
0.217506 0.590969 0.660414 0.764550 0.092532 0.156987 0.179533 0.169974 0.170695 0.148208 
0.238221 0.590789 0.662338 0.720539 0.103956 0.155784 0.181518 0.192400 0.173521 0.153018 
0.258936 0.608646 0.686688 0.665825 0.113516 0.160955 0.199796 0.223064 0.181217 0.143819 
0.279651 0.633117 0.688973 0.617364 0.118446 0.172980 0.212903 0.230459 0.183321 0.134680 
0.300366 0.680736 0.712001 0.568903 0.130231 0.188492 0.229257 0.241222 0.186869 0.128367 
0.321081 0.700096 0.696910 0.569384 0.135883 0.209416 0.241222 0.225830 0.192581 0.120130 
0.341796 0.749820 0.690476 0.573713 0.142376 0.232323 0.258898 0.199435 0.192400 0.120611 
0.362511 0.755772 0.682299 0.567641 0.139009 0.249699 0.261183 0.174543 0.181397 0.133237 
0.383226 0.750661 0.674723 0.609728 0.129870 0.245611 0.276936 0.153199 0.169913 0.145262 
0.403941 0.712722 0.681097 0.632275 0.136364 0.237554 0.256854 0.127766 0.158730 0.151275 
0.424655 0.685245 0.699074 0.655063 0.127164 0.228114 0.250301 0.127826 0.146164 0.165224 
0.445370 0.636003 0.703223 0.692520 0.128006 0.210798 0.230580 0.124339 0.135161 0.181337 
0.466085 0.638227 0.724146 0.726792 0.115801 0.199615 0.210979 0.125481 0.135342 0.187710 
0.486800 0.653259 0.689033 0.747475 0.114177 0.180856 0.198292 0.134800 0.137987 0.185606 
0.507515 0.658971 0.678391 0.762265 0.124639 0.164923 0.191919 0.137626 0.136965 0.184764 
0.528230 0.670515 0.655183 0.749880 0.143579 0.159392 0.178211 0.132095 0.141354 0.180315 
0.548945 0.665043 0.636243 0.714466 0.153439 0.157708 0.175385 0.128908 0.131914 0.180856 
0.569660 0.642857 0.633237 0.711700 0.187229 0.155123 0.172439 0.130111 0.129028 0.172258 
0.590375 0.663420 0.619288 0.691378 0.201780 0.156506 0.163240 0.134560 0.118867 0.154582 
0.611090 0.662698 0.614899 0.680856 0.235149 0.155183 0.147607 0.138648 0.113696 0.157708 
0.631804 0.668651 0.646645 0.693663 0.249519 0.147968 0.132576 0.151816 0.106361 0.151154 
0.652519 0.694264 0.678090 0.659873 0.250962 0.133357 0.122114 0.142015 0.118807 0.155604 
0.673234 0.708514 0.710558 0.644360 0.243206 0.127405 0.122715 0.160714 0.147367 0.156085 
0.693949 0.722703 0.750661 0.641835 0.228175 0.113396 0.123437 0.166005 0.161015 0.152898 
0.714664 0.734187 0.770262 0.625721 0.224928 0.112855 0.126924 0.165705 0.183201 0.152417 
0.735379 0.746753 0.786316 0.619769 0.208273 0.110570 0.133057 0.159392 0.202862 0.146765 
0.756094 0.768278 0.777417 0.621212 0.207973 0.105940 0.136724 0.150132 0.200457 0.142436 
0.776809 0.795755 0.758417 0.599988 0.200758 0.115921 0.141534 0.143158 0.193242 0.133478 
0.797524 0.802309 0.725469 0.606962 0.203463 0.113877 0.146344 0.123918 0.186869 0.123196 
0.818239 0.802068 0.701118 0.630531 0.206049 0.118386 0.168531 0.117665 0.175505 0.112374 
0.838953 0.775493 0.691318 0.652537 0.196609 0.123136 0.183622 0.123196 0.159452 0.117725 
0.859668 0.744829 0.625661 0.654822 0.199735 0.124699 0.196128 0.122174 0.151575 0.118086 
0.880383 0.693603 0.610269 0.647908 0.187951 0.119408 0.208814 0.126804 0.143519 0.133718 
0.901098 0.676467 0.600709 0.650252 0.172379 0.117424 0.198232 0.131193 0.127886 0.143519 
0.921813 0.630832 0.588805 0.644541 0.152056 0.117544 0.185786 0.140933 0.119949 0.154762 
0.942528 0.593494 0.600890 0.644120 0.135582 0.110690 0.172138 0.154942 0.114238 0.167689 
0.963243 0.584235 0.620370 0.639911 0.131073 0.113636 0.152477 0.168170 0.115921 0.182179 
0.983958 0.580688 0.624399 0.664683 0.124339 0.120070 0.144180 0.192220 0.121513 0.196308 
1.004673 0.581770 0.647607 0.676166 0.116282 0.120070 0.137747 0.210378 0.115560 0.204305 
1.025388 0.620551 0.672980 0.699134 0.124759 0.134079 0.140332 0.232684 0.115320 0.220960 
1.046102 0.621633 0.697451 0.710558 0.120851 0.152537 0.143218 0.235630 0.126924 0.232985 
1.066817 0.643518 0.704425 0.725168 0.121212 0.172018 0.157227 0.236412 0.134500 0.219216 
1.087532 0.636424 0.683261 0.742304 0.117845 0.198112 0.178391 0.228836 0.158850 0.228355 
1.108247 0.627826 0.674964 0.748858 0.120310 0.233045 0.180736 0.225048 0.182600 0.219336 
1.128962 0.609909 0.676166 0.772667 0.121693 0.247595 0.194745 0.213083 0.207131 0.196609 
1.149677 0.604858 0.706109 0.758898 0.127104 0.258057 0.188492 0.209776 0.230580 0.177189 
1.170392 0.555375 0.708874 0.745791 0.136905 0.266655 0.198052 0.203163 0.253126 0.152417 
1.191107 0.523208 0.745010 0.721501 0.148028 0.260221 0.196910 0.180375 0.262566 0.134500 
1.211822 0.529221 0.749399 0.687410 0.149772 0.236652 0.187590 0.173280 0.263047 0.121032 
1.232536 0.536496 0.737013 0.678030 0.149651 0.209536 0.199375 0.165464 0.258177 0.114238 
1.253251 0.574856 0.731181 0.654281 0.151515 0.189093 0.198353 0.157047 0.254449 0.125421 
1.273966 0.589526 0.705928 0.635943 0.144901 0.178872 0.203042 0.163480 0.236712 0.130952 
1.294681 0.600709 0.678271 0.630592 0.144300 0.178632 0.195467 0.174062 0.220779 0.148268 
1.315396 0.616943 0.653559 0.631373 0.157167 0.173220 0.184584 0.186628 0.203283 0.151455 
1.336111 0.675385 0.625601 0.620671 0.163059 0.190055 0.185666 0.194685 0.182780 0.164803 
1.356826 0.716570 0.596982 0.619769 0.174543 0.188612 0.178271 0.203223 0.160354 0.166607 
1.377541 0.783670 0.551828 0.619468 0.186929 0.210738 0.175986 0.207973 0.157828 0.169673 
1.398256 0.790224 0.534271 0.624459 0.196068 0.205087 0.177189 0.214887 0.153740 0.171898 
1.418971 0.804654 0.519120 0.641715 0.211400 0.208874 0.176828 0.213564 0.165825 0.173701 
1.439686 0.776335 0.520743 0.654942 0.216510 0.215909 0.176166 0.211640 0.178331 0.169553 
1.460400 0.744769 0.552128 0.665945 0.219456 0.210798 0.190717 0.207431 0.196368 0.164562 
1.481115 0.697872 0.554052 0.660474 0.220118 0.207912 0.196789 0.189454 0.187891 0.172739 
1.501830 0.709776 0.573533 0.639129 0.221741 0.201960 0.196970 0.173220 0.194024 0.175986 
1.522545 0.697932 0.568963 0.626202 0.209175 0.194805 0.184945 0.153980 0.174603 0.180075 
1.543260 0.717833 0.559945 0.581289 0.204425 0.180916 0.175265 0.133899 0.166727 0.176166 
1.563975 0.733225 0.573894 0.563372 0.195707 0.180014 0.170515 0.127345 0.153078 0.164202 
1.584690 0.721741 0.590548 0.529942 0.191979 0.167448 0.151275 0.114358 0.132636 0.166005 
1.605405 0.707131 0.613877 0.522246 0.181698 0.171597 0.153860 0.125601 0.119889 0.149591 
1.626120 0.702321 0.645382 0.534572 0.173701 0.169072 0.141715 0.115861 0.110570 0.142797 
1.646835 0.670575 0.663781 0.562710 0.170875 0.161616 0.149351 0.116582 0.117063 0.146705 
1.667549 0.666546 0.665945 0.608886 0.162338 0.157708 0.150132 0.112434 0.129990 0.153439 
1.688264 0.659452 0.665705 0.646164 0.171657 0.154461 0.153559 0.114719 0.154040 0.161015 
1.708979 0.646224 0.679413 0.687229 0.170635 0.156686 0.161436 0.112193 0.173401 0.164622 
1.729694 0.633417 0.708514 0.715368 0.160354 0.163841 0.163300 0.117304 0.192039 0.177790 
1.750409 0.631253 0.716871 0.716510 0.160774 0.162698 0.159993 0.117304 0.194144 0.178752 
1.771124 0.625421 0.763348 0.713384 0.160414 0.155844 0.152237 0.124940 0.189695 0.187290 
1.791839 0.615139 0.782167 0.724206 0.171777 0.147006 0.151816 0.129990 0.188612 0.180075 
1.812554 0.633417 0.773028 0.702982 0.177369 0.120791 0.161015 0.137686 0.177249 0.175866 
1.833269 0.652056 0.750060 0.719096 0.190416 0.107564 0.166426 0.143519 0.164622 0.180976 
1.853983 0.660053 0.727814 0.740741 0.201539 0.089045 0.169132 0.141354 0.157828 0.182900 
1.874698 0.650613 0.694685 0.740320 0.206770 0.086640 0.176407 0.150373 0.152116 0.173761 
1.895413 0.633478 0.683021 0.757636 0.193422 0.077501 0.160233 0.145382 0.146284 0.173100 
1.916128 0.618987 0.644300 0.755111 0.180556 0.085678 0.159752 0.147667 0.145623 0.173641 
1.936843 0.607083 0.649351 0.724447 0.166306 0.096320 0.146705 0.153860 0.156085 0.178211 
1.957558 0.616282 0.660354 0.695527 0.133538 0.105339 0.142977 0.152417 0.159091 0.168951 
1.978273 0.659812 0.680976 0.661736 0.123316 0.127886 0.138408 0.147427 0.181578 0.184584 
1.998988 0.712602 0.692100 0.654702 0.117725 0.149050 0.140813 0.144721 0.192100 0.194444 
2.019703 0.771224 0.722463 0.658971 0.117184 0.160835 0.136243 0.136183 0.218013 0.207973 
2.040418 0.806938 0.730399 0.675024 0.130471 0.163901 0.137085 0.136123 0.223365 0.217352 
2.061133 0.816558 0.747114 0.661075 0.163059 0.176888 0.137266 0.131554 0.219697 0.231301 
2.081847 0.790344 0.773569 0.660474 0.181037 0.170515 0.138408 0.120370 0.214286 0.239478 
2.102562 0.757155 0.762386 0.659993 0.188733 0.179714 0.149351 0.115440 0.187891 0.256614 
2.123277 0.718555 0.779161 0.636905 0.169553 0.177910 0.155724 0.115320 0.160654 0.245851 
2.143992 0.670274 0.743146 0.631373 0.157949 0.172379 0.163600 0.121212 0.139310 0.239478 
2.164707 0.644360 0.724687 0.632997 0.140392 0.169132 0.155183 0.131614 0.119949 0.216931 
2.185422 0.624880 0.670034 0.644240 0.127164 0.164502 0.149952 0.135281 0.111171 0.194204 
2.206137 0.632035 0.647908 0.675024 0.125060 0.162278 0.160594 0.134019 0.092352 0.158430 
2.226852 0.648990 0.624218 0.683321 0.127465 0.165043 0.163059 0.130231 0.088925 0.132997 
2.247567 0.657648 0.617063 0.696729 0.139310 0.177910 0.170515 0.123677 0.086520 0.122655 
2.268281 0.672499 0.631794 0.688432 0.152597 0.172920 0.181277 0.138167 0.089406 0.124699 
2.288996 0.701118 0.636123 0.683862 0.160354 0.165885 0.173641 0.150373 0.094396 0.132395 
2.309711 0.736833 0.638107 0.674242 0.159572 0.155544 0.175385 0.163901 0.099266 0.140031 
2.330426 0.755471 0.651395 0.670755 0.164382 0.150433 0.168290 0.185726 0.126503 0.140392 
2.351141 0.795635 0.648268 0.658550 0.170936 0.163360 0.157468 0.196068 0.147427 0.145683 
2.371856 0.800866 0.662278 0.629269 0.169132 0.187530 0.152177 0.208995 0.167809 0.151816 
2.392571 0.796958 0.661736 0.603776 0.180736 0.209656 0.155303 0.229137 0.182179 0.155784 
2.413286 0.750361 0.654822 0.566318 0.191619 0.245130 0.170755 0.239598 0.199495 0.179954 
2.434001 0.724868 0.637205 0.554714 0.193422 0.269901 0.182359 0.242124 0.198773 0.188552 
2.454716 0.665524 0.624098 0.552790 0.180135 0.268158 0.194685 0.234187 0.198413 0.196368 
2.475430 0.604557 0.619889 0.565596 0.177309 0.260161 0.193963 0.210919 0.198172 0.191438 
2.496145 0.564815 0.625601 0.584175 0.167508 0.256794 0.181037 0.192220 0.208153 0.177910 
2.516860 0.544012 0.650493 0.620611 0.155063 0.229137 0.162578 0.159993 0.201359 0.161857 
2.537575 0.544132 0.654882 0.660113 0.141835 0.209716 0.151575 0.140993 0.191077 0.154882 
2.558290 0.548040 0.653139 0.688071 0.134981 0.186568 0.154281 0.124820 0.175746 0.145262 
2.579005 0.583213 0.630471 0.720358 0.133057 0.181758 0.154642 0.119769 0.176287 0.137927 
2.599720 0.627405 0.602092 0.730038 0.129509 0.183021 0.158730 0.114959 0.169312 0.135041 
2.620435 0.676948 0.556938 0.696669 0.129209 0.187410 0.169012 0.108466 0.168891 0.138829 
2.641150 0.720659 0.544372 0.690176 0.131433 0.200397 0.165645 0.108466 0.154341 0.151515 
2.661865 0.773629 0.520082 0.665344 0.131253 0.196970 0.166486 0.100770 0.155002 0.167869 
2.682580 0.793711 0.515512 0.648389 0.131854 0.196128 0.178632 0.103836 0.151275 0.195467 
2.703294 0.767797 0.547078 0.666847 0.132456 0.183442 0.176347 0.098846 0.146765 0.216811 
2.724009 0.718555 0.574134 0.676527 0.129750 0.171417 0.180495 0.097643 0.148148 0.237855 
2.744724 0.665404 0.636364 0.695406 0.136724 0.156265 0.167989 0.101070 0.136845 0.247715 
2.765439 0.620791 0.680796 0.690717 0.148088 0.132576 0.167749 0.109127 0.151575 0.249399 
2.786154 0.603535 0.724507 0.691619 0.142076 0.111111 0.169493 0.113997 0.159331 0.239839 
2.806869 0.605760 0.754630 0.679473 0.154521 0.102213 0.173882 0.129028 0.166847 0.219877 
2.827584 0.616883 0.788961 0.656926 0.160714 0.092833 0.184103 0.150673 0.175325 0.211700 
2.848299 0.625962 0.780002 0.634921 0.161676 0.087121 0.208754 0.165164 0.193603 0.182119 
2.869014 0.617665 0.772547 0.588805 0.158430 0.089226 0.216089 0.183381 0.207191 0.170515 
2.889728 0.629990 0.753427 0.584836 0.147908 0.088203 0.215909 0.197090 0.228475 0.167569 
2.910443 0.627645 0.724808 0.608947 0.145322 0.090729 0.207852 0.195587 0.247475 0.161736 
2.931158 0.613516 0.714887 0.631554 0.161977 0.098785 0.197691 0.195647 0.245250 0.167148 
2.951873 0.638167 0.708213 0.654521 0.180375 0.114779 0.174122 0.180556 0.245310 0.169192 
2.972588 0.647006 0.675385 0.715849 0.189033 0.125120 0.158129 0.169553 0.251864 0.174844 
2.993303 0.652838 0.659331 0.732504 0.204726 0.139610 0.165765 0.161015 0.241582 0.173641 
3.014018 0.673521 0.610089 0.751683 0.218735 0.140753 0.167088 0.150673 0.236472 0.170034 
3.034733 0.692881 0.588143 0.753066 0.213925 0.152597 0.190837 0.158911 0.240440 0.171717 
3.055448 0.716991 0.571308 0.737795 0.212181 0.162398 0.187470 0.161376 0.234127 0.179654 
3.076163 0.744228 0.595779 0.724387 0.205447 0.176347 0.195527 0.159392 0.232624 0.192160 
3.096877 0.784933 0.624820 0.714105 0.200337 0.188252 0.194925 0.157648 0.215729 0.193001 
3.117592 0.808983 0.636063 0.712482 0.187290 0.197811 0.196609 0.151515 0.205087 0.201058 
3.138307 0.807059 0.644781 0.643639 0.188312 0.195046 0.184945 0.151515 0.202020 0.197030 
3.159022 0.827080 0.635462 0.613817 0.186989 0.196729 0.185305 0.156085 0.191859 0.190717 
3.179737 0.808081 0.637326 0.598425 0.184464 0.186869 0.184103 0.165945 0.187350 0.165584 
3.200452 0.763708 0.651335 0.588023 0.196188 0.183381 0.193362 0.169432 0.194745 0.150734 
3.221167 0.731421 0.661255 0.598244 0.201900 0.167809 0.183381 0.182059 0.197932 0.131614 
3.241882 0.707011 0.668831 0.592773 0.208273 0.165404 0.190176 0.192581 0.192160 0.129569 
3.262597 0.682119 0.672138 0.609307 0.223485 0.161556 0.189574 0.193242 0.199916 0.139430 
3.283312 0.668831 0.645863 0.606602 0.219396 0.163240 0.185065 0.192280 0.185366 0.157708 
3.304026 0.662037 0.627886 0.619829 0.206770 0.160774 0.193362 0.191077 0.192761 0.171717 
3.324741 0.634800 0.634139 0.612133 0.188191 0.148028 0.200277 0.179413 0.176768 0.184824 
3.345456 0.622415 0.639189 0.621513 0.156445 0.132275 0.201539 0.170755 0.162879 0.187650 
3.366171 0.591631 0.656205 0.613937 0.137506 0.110630 0.199675 0.165464 0.154702 0.188492 
3.386886 0.548280 0.692100 0.601611 0.119829 0.101251 0.197451 0.168531 0.153078 0.169974 
3.407601 0.543591 0.704185 0.590969 0.112975 0.100289 0.170996 0.162879 0.143158 0.166005 
3.428316 0.535594 0.710317 0.587121 0.106962 0.104497 0.145022 0.152357 0.146284 0.152237 
3.449031 0.526996 0.702802 0.614899 0.106602 0.115741 0.133297 0.156987 0.145262 0.136484 
3.469746 0.518518 0.694625 0.652838 0.108706 0.136123 0.118867 0.163540 0.142496 0.126864 
3.490461 0.527597 0.678090 0.677189 0.106722 0.158369 0.117665 0.161736 0.144240 0.116222 
3.511176 0.530183 0.674603 0.705928 0.109909 0.177429 0.144300 0.172439 0.141895 0.113215 
3.531890 0.557239 0.657047 0.712181 0.105159 0.198894 0.166426 0.186087 0.143759 0.111772 
3.552605 0.576900 0.662939 0.714045 0.108345 0.214466 0.196789 0.188733 0.149050 0.116222 
3.573320 0.620491 0.645863 0.729798 0.117063 0.229798 0.218975 0.201419 0.144360 0.119108 
3.594035 0.669493 0.641715 0.712602 0.124098 0.238336 0.233466 0.210137 0.130532 0.123377 
3.614750 0.709656 0.638769 0.719937 0.131133 0.224627 0.236833 0.216691 0.135402 0.144481 
3.635465 0.752766 0.646465 0.733706 0.145803 0.232624 0.229437 0.219156 0.136003 0.162278 
3.656180 0.763408 0.643759 0.736592 0.159151 0.230279 0.222763 0.207011 0.138408 0.179113 
3.676895 0.756313 0.648509 0.737795 0.175926 0.237133 0.218194 0.200878 0.151816 0.186388 
3.697610 0.710498 0.646525 0.729317 0.187169 0.233405 0.209476 0.189574 0.148449 0.202802 
3.718324 0.669673 0.645442 0.738877 0.206650 0.219336 0.209536 0.170034 0.147246 0.186628 
3.739039 0.661376 0.650733 0.748858 0.215669 0.223605 0.197811 0.162097 0.153018 0.179293 
3.759754 0.649471 0.640753 0.731962 0.215669 0.215067 0.205447 0.148990 0.163961 0.160053 
3.780469 0.672860 0.622535 0.710378 0.226972 0.220058 0.199495 0.157287 0.161797 0.147006 
3.801184 0.702201 0.642556 0.705688 0.208574 0.221320 0.202501 0.177309 0.180556 0.140152 
3.821899 0.731241 0.670936 0.669012 0.197932 0.232985 0.205628 0.194986 0.193242 0.138228 
3.842614 0.716931 0.709656 0.645202 0.185426 0.219036 0.205808 0.208874 0.206590 0.141655 
3.863329 0.711580 0.727513 0.617965 0.188552 0.207732 0.199555 0.210738 0.215248 0.151996 
3.884044 0.697571 0.710678 0.620070 0.179654 0.169192 0.176407 0.203884 0.204726 0.176166 
3.904759 0.667869 0.710678 0.630892 0.189875 0.147186 0.166126 0.198533 0.193903 0.194565 
3.925473 0.639911 0.673641 0.652056 0.179533 0.124278 0.149110 0.184223 0.183201 0.199856 
3.946188 0.627465 0.652778 0.661857 0.185786 0.119829 0.137446 0.179473 0.178271 0.212121 
3.966903 0.626744 0.656085 0.679353 0.180976 0.120250 0.131734 0.177730 0.180375 0.212482 
3.987618 0.630531 0.652898 0.660053 0.176046 0.140933 0.133598 0.183021 0.203644 0.198292 
4.008333 0.626503 0.671837 0.642737 0.163540 0.147246 0.136544 0.191979 0.208574 0.186809 
4.029048 0.662999 0.678090 0.629269 0.160053 0.165043 0.145202 0.190777 0.209476 0.182059 
4.049763 0.673822 0.674182 0.616703 0.151876 0.177670 0.155483 0.180014 0.193723 0.162759 
4.070478 0.691138 0.660594 0.607684 0.148389 0.179413 0.164442 0.170695 0.172138 0.150012 
4.091193 0.686328 0.677068 0.600890 0.147787 0.187470 0.165645 0.170154 0.151034 0.142136 
4.111907 0.680976 0.650132 0.635883 0.142496 0.176647 0.167328 0.166486 0.129149 0.133418 
4.132622 0.682359 0.627405 0.660053 0.152537 0.165945 0.160835 0.173040 0.118807 0.130712 
4.153337 0.658129 0.588203 0.691017 0.157227 0.170214 0.148569 0.177609 0.105700 0.119348 
4.174052 0.646164 0.581349 0.697571 0.169913 0.158850 0.143519 0.197210 0.100709 0.121994 
4.194767 0.618146 0.573894 0.691258 0.173100 0.161857 0.137506 0.193783 0.100108 0.119468 
4.215482 0.604016 0.584957 0.689995 0.174242 0.167749 0.130952 0.185305 0.098966 0.118086 
4.236197 0.591450 0.612674 0.681277 0.182419 0.175385 0.136003 0.183802 0.109187 0.131614 
4.256912 0.606000 0.649832 0.689153 0.191077 0.174723 0.138107 0.173100 0.121332 0.144721 
4.277627 0.636604 0.684223 0.678632 0.188131 0.173220 0.140512 0.164803 0.147547 0.145262 
4.298342 0.688552 0.713925 0.668470 0.192761 0.169012 0.146284 0.153980 0.176287 0.155123 
4.319057 0.709295 0.740560 0.658911 0.189033 0.162939 0.156746 0.159572 0.193903 0.177609 
4.339772 0.683502 0.753788 0.632275 0.176287 0.157347 0.172559 0.164562 0.200758 0.187410 
4.360487 0.684584 0.747595 0.625240 0.160774 0.159632 0.190236 0.159031 0.194565 0.195226 
4.381201 0.651335 0.753607 0.622775 0.136965 0.164803 0.194144 0.177970 0.202501 0.201239 
4.401916 0.617364 0.740681 0.630952 0.127285 0.170455 0.207251 0.182359 0.195166 0.209175 
4.422631 0.630712 0.723906 0.630050 0.120731 0.175685 0.222403 0.175325 0.200517 0.204545 
4.443346 0.631313 0.720058 0.675926 0.123437 0.185185 0.226251 0.170034 0.219817 0.194324 
4.464061 0.672799 0.696669 0.701299 0.145082 0.186207 0.213203 0.161496 0.232443 0.194865 
4.484776 0.697330 0.668110 0.710979 0.173701 0.172138 0.196429 0.150974 0.238817 0.189995 
4.505491 0.714406 0.629509 0.739298 0.197811 0.173461 0.185245 0.141114 0.244348 0.185426 
4.526206 0.712843 0.611291 0.748737 0.234788 0.177790 0.171958 0.148689 0.251623 0.177068 
4.546920 0.692701 0.582131 0.751804 0.251022 0.173942 0.157648 0.159933 0.256373 0.167689 
4.567635 0.661616 0.561568 0.754149 0.274411 0.190957 0.147968 0.173040 0.250721 0.161436 
4.588350 0.620731 0.578764 0.745972 0.277778 0.190777 0.142977 0.199495 0.226671 0.168290 
4.609065 0.587302 0.584836 0.742965 0.286075 0.199555 0.137145 0.214827 0.209897 0.183923 
4.629780 0.582191 0.600830 0.732804 0.267316 0.197451 0.145322 0.222643 0.204125 0.199976 
4.650495 0.590969 0.630832 0.707792 0.250361 0.194565 0.152056 0.226371 0.186328 0.202561 
4.671210 0.613636 0.627946 0.683562 0.221080 0.178932 0.155844 0.210919 0.181217 0.208454 
4.691925 0.672138 0.645683 0.678932 0.198834 0.150132 0.165284 0.196008 0.176587 0.188913 
4.712640 0.725950 0.631012 0.654461 0.182480 0.122775 0.171777 0.171837 0.168290 0.167148 
4.733355 0.766234 0.667027 0.662819 0.161917 0.100289 0.182299 0.166065 0.170695 0.156806 
4.754069 0.804113 0.645503 0.636664 0.158490 0.090188 0.174242 0.148449 0.169012 0.141354 
4.774784 0.779100 0.676587 0.644541 0.150974 0.086279 0.177189 0.132275 0.159632 0.124218 
4.795499 0.756614 0.686087 0.631914 0.147607 0.103054 0.167088 0.119468 0.151756 0.126864 
4.816214 0.708754 0.703884 0.631493 0.142857 0.114538 0.160594 0.119709 0.155964 0.131133 
4.836929 0.683742 0.698954 0.612915 0.138288 0.141895 0.157287 0.127104 0.160955 0.132636 
4.857644 0.641414 0.686989 0.593374 0.133057 0.170334 0.161316 0.141955 0.160774 0.137506 
4.878359 0.623918 0.669733 0.576239 0.136484 0.202802 0.170815 0.154702 0.163240 0.137566 
4.899074 0.608405 0.663300 0.571128 0.143699 0.220479 0.181938 0.156506 0.169673 0.133177 
4.919789 0.588564 0.633237 0.569625 0.142136 0.227393 0.181638 0.166366 0.169553 0.133177 
4.940504 0.601792 0.625782 0.578102 0.151936 0.224447 0.185847 0.153078 0.164382 0.136845 
4.961218 0.611231 0.600649 0.589286 0.167208 0.215308 0.171657 0.148208 0.161736 0.149291 
4.981933 0.619108 0.572210 0.598365 0.172138 0.194444 0.161376 0.140272 0.156866 0.169132 
5.002648 0.627946 0.568302 0.603716 0.180014 0.174483 0.152477 0.138949 0.157167 0.181397 
5.023363 0.613997 0.580628 0.595118 0.188312 0.161736 0.143879 0.145142 0.160173 0.199555 
5.044078 0.601251 0.596260 0.566979 0.179052 0.157648 0.156506 0.155604 0.175265 0.203764 
5.064793 0.600409 0.635702 0.585498 0.182419 0.157588 0.159873 0.175505 0.182900 0.208694 
5.085508 0.590969 0.652958 0.589286 0.184163 0.158069 0.165224 0.201178 0.182239 0.215007 
5.106223 0.593194 0.671477 0.633478 0.179954 0.165705 0.172679 0.229137 0.175625 0.223545 
5.126938 0.600048 0.680916 0.692220 0.174062 0.170695 0.175866 0.237734 0.171597 0.220118 
5.147653 0.626924 0.678872 0.752285 0.172559 0.166486 0.173040 0.253848 0.157347 0.216871 
5.168367 0.645082 0.675565 0.773088 0.164923 0.163119 0.172920 0.234488 0.148449 0.211580 
5.189082 0.657407 0.695406 0.804774 0.145443 0.168891 0.173040 0.225168 0.139851 0.196489 
5.209797 0.656987 0.702501 0.797920 0.131133 0.167027 0.172018 0.221080 0.142196 0.182720 
5.230512 0.649351 0.718555 0.789382 0.124820 0.173822 0.171417 0.218074 0.147306 0.174543 
5.251227 0.629630 0.734247 0.781686 0.116943 0.180916 0.184524 0.207672 0.143098 0.169072 
5.271942 0.645923 0.743266 0.744769 0.134500 0.183742 0.193663 0.199735 0.144962 0.151996 
5.292657 0.667088 0.753006 0.710618 0.140272 0.193242 0.206469 0.194384 0.144841 0.146645 
5.313372 0.671477 0.730880 0.668050 0.160895 0.195647 0.198533 0.181938 0.145202 0.135281 
5.334087 0.711039 0.772847 0.629449 0.179413 0.194925 0.210618 0.169132 0.124579 0.127285 
5.354802 0.721922 0.767917 0.599387 0.184764 0.189153 0.221260 0.169733 0.116462 0.128367 
5.375516 0.721140 0.761424 0.596982 0.194204 0.186207 0.218013 0.167929 0.114959 0.125962 
5.396231 0.713564 0.780002 0.586941 0.190176 0.186869 0.230880 0.173280 0.106301 0.135161 
5.416946 0.720839 0.781746 0.605459 0.194444 0.179654 0.215849 0.177670 0.106121 0.136304 
5.437661 0.731481 0.795936 0.606542 0.188312 0.177429 0.206710 0.181758 0.112374 0.146224 
5.458376 0.732504 0.793230 0.625782 0.173581 0.171898 0.192100 0.181578 0.117424 0.145443 
5.479091 0.732744 0.750541 0.633778 0.174242 0.171958 0.179594 0.188071 0.131614 0.148569 
5.499806 0.772487 0.706109 0.653379 0.178752 0.169673 0.173100 0.170936 0.136724 0.147607 
5.520521 0.760943 0.636003 0.676888 0.174122 0.162999 0.156626 0.160835 0.150192 0.142136 
5.541236 0.748918 0.576720 0.703343 0.180856 0.158009 0.140693 0.148389 0.159933 0.127706 
5.561951 0.713624 0.556457 0.717232 0.185546 0.150794 0.125962 0.133177 0.167088 0.119709 
5.582665 0.696729 0.552970 0.718855 0.187410 0.153620 0.107684 0.115560 0.173341 0.126323 
5.603380 0.658971 0.572751 0.705748 0.187831 0.158490 0.105279 0.103716 0.169733 0.121934 
5.624095 0.635702 0.615801 0.699555 0.185366 0.164021 0.101130 0.095839 0.178090 0.130712 
5.644810 0.621032 0.638829 0.686748 0.190657 0.172559 0.116943 0.091991 0.179834 0.151876 
5.665525 0.607203 0.645803 0.681277 0.195406 0.174964 0.136003 0.103475 0.182540 0.177429 
5.686240 0.602513 0.659752 0.683862 0.196789 0.168831 0.159452 0.109367 0.183021 0.191619 
5.706955 0.588444 0.646645 0.676647 0.201840 0.168470 0.181518 0.119348 0.180135 0.205026 
5.727670 0.618506 0.627525 0.688672 0.207672 0.173822 0.203884 0.123196 0.175746 0.204125 
5.748384 0.637626 0.621813 0.687590 0.198172 0.184103 0.236472 0.133057 0.151756 0.192340 
5.769099 0.683682 0.609488 0.679413 0.184163 0.193182 0.254630 0.132155 0.133297 0.169012 
5.789814 0.696609 0.588264 0.679954 0.183081 0.210317 0.262566 0.136003 0.123557 0.147848 
5.810529 0.699074 0.576840 0.663961 0.169974 0.201479 0.265572 0.144962 0.111712 0.133899 
5.831244 0.697691 0.574435 0.659752 0.163600 0.193422 0.247956 0.141414 0.113276 0.128908 
5.851959 0.675866 0.582973 0.631554 0.166065 0.186448 0.223846 0.142376 0.115380 0.124639 
5.872674 0.655183 0.604377 0.630652 0.161616 0.179173 0.201058 0.140272 0.132576 0.128668 
5.893389 0.626984 0.658670 0.628247 0.161616 0.161616 0.183622 0.133959 0.147487 0.137626 
5.914104 0.629329 0.693663 0.619829 0.148208 0.167208 0.174182 0.132876 0.168591 0.146284 
5.934819 0.614538 0.721441 0.643699 0.142496 0.163119 0.152177 0.132215 0.194805 0.160714 
5.955534 0.602994 0.743326 0.652297 0.141114 0.159572 0.150613 0.134019 0.222463 0.162338 
5.976249 0.615320 0.780784 0.664262 0.152056 0.153139 0.149892 0.147487 0.236833 0.165524 
5.996964 0.594456 0.790885 0.666186 0.161075 0.143579 0.148689 0.155784 0.246152 0.166426 
6.017678 0.610570 0.810726 0.693903 0.166546 0.135281 0.153620 0.154461 0.237855 0.166546 
6.038393 0.636364 0.772427 0.706049 0.167208 0.132756 0.142376 0.166426 0.229918 0.182840 
6.059108 0.649651 0.732624 0.721200 0.169192 0.136183 0.131794 0.170334 0.222403 0.183562 
6.079823 0.688552 0.711821 0.730339 0.166306 0.143218 0.117605 0.176828 0.224206 0.197872 
6.100538 0.706349 0.683081 0.726311 0.152237 0.150493 0.109007 0.188612 0.216390 0.218615 
6.121253 0.722463 0.631133 0.715067 0.140753 0.161977 0.101732 0.198593 0.222222 0.248677 
6.141968 0.746392 0.587963 0.688672 0.129750 0.178090 0.101431 0.217112 0.213143 0.249579 
6.162683 0.755772 0.565236 0.680495 0.120310 0.180075 0.104076 0.222222 0.203824 0.253668 
6.183398 0.760943 0.556999 0.681217 0.115861 0.187831 0.112795 0.216270 0.197270 0.234067 
6.204113 0.764791 0.565416 0.679954 0.123797 0.181938 0.114779 0.208814 0.168951 0.201840 
6.224827 0.743446 0.590007 0.678271 0.135161 0.172318 0.112013 0.175625 0.147607 0.182900 
6.245542 0.745671 0.619769 0.683081 0.158790 0.177008 0.118266 0.155363 0.126142 0.149531 
6.266257 0.734007 0.654702 0.672198 0.196128 0.171417 0.124399 0.144180 0.125120 0.139731 
6.286972 0.734668 0.695827 0.650433 0.209776 0.172739 0.122535 0.116041 0.115981 0.136604 
6.307687 0.737554 0.716029 0.635762 0.231241 0.165284 0.134680 0.115861 0.123437 0.134620 
6.328402 0.748437 0.712362 0.621272 0.233706 0.161797 0.123196 0.114478 0.135762 0.138468 
6.349117 0.756554 0.689755 0.600649 0.222944 0.145623 0.129930 0.114418 0.147848 0.145683 
6.369832 0.747595 0.658369 0.597643 0.211941 0.144000 0.138288 0.118927 0.144180 0.148870 
6.390547 0.723425 0.645262 0.585498 0.202441 0.136424 0.143699 0.122234 0.159512 0.138167 
6.411262 0.681518 0.645142 0.587843 0.199735 0.136243 0.153680 0.135762 0.146886 0.139310 
6.431976 0.620731 0.657347 0.594877 0.191198 0.145503 0.160414 0.148028 0.140091 0.140993 
6.452691 0.594336 0.695346 0.599146 0.197150 0.156085 0.168951 0.168110 0.136785 0.152778 
6.473406 0.580628 0.711219 0.610630 0.209957 0.179113 0.169974 0.183622 0.134500 0.161015 
6.494121 0.580026 0.713023 0.606301 0.201659 0.192941 0.165164 0.198112 0.150433 0.166426 
6.514836 0.581530 0.694805 0.631493 0.193903 0.214526 0.169974 0.202381 0.163240 0.168651 
6.535551 0.593555 0.685486 0.678932 0.191979 0.222342 0.180195 0.209416 0.190837 0.169913 
6.556266 0.574375 0.679473 0.686147 0.182660 0.228836 0.194805 0.210498 0.202140 0.167088 
6.576981 0.579606 0.686628 0.723846 0.165043 0.224507 0.205327 0.206710 0.199976 0.164141 
6.597695 0.581830 0.684283 0.755050 0.143038 0.220539 0.214586 0.185666 0.202441 0.168290 
6.618410 0.598244 0.694565 0.790584 0.128788 0.203523 0.220659 0.178872 0.180556 0.171657 
6.639125 0.599327 0.674663 0.814033 0.113636 0.186929 0.224747 0.176227 0.167328 0.176227 
6.659840 0.625301 0.670575 0.807540 0.109428 0.165584 0.218675 0.177549 0.146946 0.187891 
6.680555 0.623076 0.666426 0.798280 0.108646 0.160113 0.202321 0.194144 0.131674 0.196429 
6.701270 0.611171 0.655964 0.760582 0.107263 0.153379 0.180976 0.196128 0.128126 0.203704 
6.721985 0.614779 0.648569 0.740741 0.109007 0.148449 0.174964 0.207311 0.122294 0.209355 
6.742700 0.644300 0.624639 0.724086 0.114478 0.144060 0.150673 0.213444 0.131133 0.202381 
6.763415 0.674303 0.614538 0.697030 0.112795 0.148028 0.152116 0.213324 0.137927 0.200277 
6.784130 0.705387 0.600409 0.668050 0.121994 0.140873 0.148689 0.213203 0.155363 0.193603 
6.804844 0.732564 0.598244 0.645262 0.135221 0.140512 0.153078 0.223004 0.169012 0.180375 
6.825559 0.742785 0.589767 0.636845 0.150313 0.134380 0.159512 0.218675 0.180195 0.172078 
6.846274 0.705447 0.604918 0.614478 0.166486 0.142076 0.158069 0.201539 0.191558 0.158249 
6.866989 0.675325 0.626503 0.615620 0.177429 0.151154 0.146705 0.190596 0.182720 0.151756 
6.887704 0.651695 0.656806 0.612434 0.176467 0.166306 0.143759 0.164502 0.186628 0.139490 
6.908419 0.625180 0.711640 0.624759 0.177609 0.170214 0.143579 0.148810 0.182179 0.129750 
6.929134 0.626683 0.737073 0.623677 0.169553 0.186087 0.147126 0.129990 0.177189 0.109848 
6.949849 0.649050 0.751683 0.629630 0.155363 0.195346 0.146886 0.132576 0.184103 0.102814 
6.970564 0.659752 0.762626 0.634500 0.159031 0.206289 0.151034 0.139550 0.196188 0.090248 
6.991279 0.679353 0.728535 0.627706 0.153018 0.216210 0.162278 0.134139 0.185125 0.083754 
7.011993 0.690055 0.688191 0.625601 0.153740 0.230339 0.168410 0.133959 0.173942 0.092292 
7.032708 0.671356 0.657648 0.632395 0.159572 0.231782 0.181277 0.125721 0.152718 0.112554 
7.053423 0.682720 0.656866 0.624399 0.167268 0.231842 0.174964 0.119949 0.132215 0.122054 
7.074138 0.682900 0.653620 0.638408 0.171236 0.238215 0.187169 0.104678 0.112073 0.141955 
7.094853 0.720298 0.656085 0.657648 0.182239 0.229137 0.183141 0.111412 0.101130 0.170815 
7.115568 0.737494 0.665885 0.656806 0.182961 0.221681 0.181337 0.112253 0.094456 0.183862 
7.136283 0.753607 0.671657 0.681337 0.186267 0.214767 0.185907 0.125721 0.103114 0.191198 
7.156998 0.754509 0.681277 0.694865 0.182540 0.193482 0.183201 0.134921 0.109187 0.203102 
7.177713 0.762265 0.666667 0.695767 0.182540 0.163781 0.193362 0.130050 0.105339 0.198473 
7.198428 0.750721 0.655243 0.700938 0.171116 0.152597 0.203583 0.124218 0.114418 0.201599 
7.219142 0.736472 0.653018 0.678932 0.157468 0.132696 0.214045 0.120911 0.112073 0.187470 
7.239857 0.726371 0.637686 0.661736 0.148990 0.130772 0.225409 0.109788 0.106602 0.177790 
7.260572 0.718374 0.599266 0.663360 0.146825 0.136724 0.231241 0.104137 0.106000 0.169733 
7.281287 0.710859 0.601912 0.645082 0.147968 0.146405 0.229738 0.106902 0.110510 0.175325 
7.302002 0.704786 0.616943 0.644480 0.156085 0.155604 0.224026 0.107684 0.122174 0.186027 
7.322717 0.679113 0.654521 0.638047 0.157468 0.166546 0.211941 0.112734 0.142617 0.193843 
7.343432 0.659812 0.706229 0.629028 0.176587 0.166907 0.180255 0.114177 0.166787 0.205928 
7.364147 0.649110 0.740320 0.628247 0.185366 0.173100 0.171176 0.111953 0.174603 0.216691 
7.384862 0.633237 0.757936 0.627164 0.205748 0.172318 0.153980 0.116943 0.184824 0.212843 
7.405577 0.659211 0.765512 0.630592 0.202561 0.163841 0.146765 0.115921 0.182540 0.201840 
7.426291 0.670214 0.771825 0.633778 0.214887 0.161676 0.135883 0.125240 0.194324 0.204606 
7.447006 0.672920 0.764550 0.658009 0.215127 0.153199 0.134981 0.139430 0.200697 0.188191 
7.467721 0.648208 0.736893 0.685065 0.206229 0.138528 0.132756 0.155544 0.210919 0.189274 
7.488436 0.644240 0.711219 0.708574 0.185606 0.145863 0.134380 0.159692 0.225950 0.193603 
7.509151 0.639129 0.681457 0.746813 0.168410 0.141955 0.138769 0.173641 0.242725 0.195406 
7.529866 0.651455 0.670394 0.743206 0.161135 0.147306 0.134199 0.177489 0.245731 0.210859 
7.550581 0.658249 0.657287 0.737374 0.153139 0.151515 0.142557 0.191799 0.242364 0.227213 
7.571296 0.692881 0.662338 0.732804 0.154161 0.171296 0.146405 0.195587 0.221861 0.226130 
7.592011 0.704846 0.649832 0.719156 0.159632 0.185666 0.149832 0.186328 0.199495 0.222042 
7.612726 0.744168 0.649952 0.688432 0.156085 0.194625 0.160774 0.180075 0.180075 0.229738 
7.633440 0.734428 0.627826 0.662338 0.152537 0.200337 0.161556 0.165945 0.150914 0.237374 
7.654155 0.739839 0.641534 0.650553 0.150253 0.198413 0.157468 0.156025 0.149531 0.227152 
7.674870 0.727152 0.627525 0.617905 0.145202 0.190837 0.156806 0.149050 0.141775 0.224206 
7.695585 0.724868 0.652898 0.602874 0.138408 0.188071 0.156566 0.150132 0.147126 0.212001 
7.716300 0.708153 0.665464 0.585859 0.145743 0.176467 0.145142 0.165885 0.153439 0.192821 
7.737015 0.660835 0.683802 0.611833 0.152417 0.164442 0.142797 0.175866 0.165885 0.175685 
7.757730 0.621934 0.677189 0.623016 0.162759 0.160835 0.137566 0.174062 0.165103 0.169072 
7.778445 0.573172 0.643037 0.649290 0.160293 0.151395 0.129630 0.182419 0.181938 0.155183 
7.799160 0.562470 0.618086 0.639129 0.168591 0.141534 0.126142 0.176708 0.182600 0.161316 
7.819875 0.544793 0.580688 0.624218 0.166727 0.155904 0.116582 0.187590 0.175746 0.174363 
7.840590 0.564815 0.555976 0.607443 0.169252 0.149411 0.109488 0.195767 0.158490 0.186388 
7.861304 0.571729 0.561087 0.570948 0.164382 0.151034 0.106542 0.211279 0.150734 0.187771 
7.882019 0.595839 0.583995 0.554774 0.169072 0.149711 0.105219 0.230038 0.138288 0.183742 
7.902734 0.617725 0.627345 0.555315 0.175084 0.147667 0.097042 0.250962 0.123256 0.176828 
7.923449 0.622114 0.691138 0.546537 0.179233 0.138047 0.106301 0.250962 0.113095 0.164382 
7.944164 0.608466 0.725168 0.552790 0.184644 0.128187 0.115801 0.230279 0.111953 0.158249 
7.964879 0.583574 0.758237 0.598605 0.200577 0.129690 0.130832 0.213985 0.119529 0.155844 
7.985594 0.592112 0.757576 0.644120 0.204004 0.136845 0.152357 0.186448 0.128607 0.149170 
8.006309 0.586700 0.722463 0.706590 0.216270 0.152778 0.173581 0.176046 0.150493 0.152778 
8.027024 0.584596 0.674543 0.767857 0.224266 0.170635 0.186929 0.169432 0.153920 0.156686 
8.047739 0.614117 0.630291 0.806698 0.230159 0.193122 0.187410 0.173942 0.148028 0.150854 
8.068453 0.633478 0.605700 0.840188 0.221741 0.194024 0.191619 0.179954 0.143879 0.147186 
8.089168 0.669673 0.598064 0.849868 0.210979 0.188191 0.178271 0.182179 0.144962 0.142256 
8.109883 0.702922 0.617304 0.816679 0.185666 0.181578 0.163420 0.179113 0.149050 0.144120 
8.130598 0.728956 0.654942 0.797799 0.179473 0.173401 0.161857 0.178511 0.157768 0.158550 
8.151313 0.720719 0.686508 0.731181 0.167208 0.168410 0.168290 0.178511 0.165404 0.176227 
8.172028 0.727994 0.724868 0.707973 0.164442 0.161736 0.185305 0.193603 0.184043 0.193482 
8.192743 0.706770 0.738817 0.682179 0.175565 0.159211 0.205988 0.193362 0.194204 0.207251 
8.213458 0.680195 0.722643 0.672439 0.188372 0.152898 0.236532 0.207672 0.193903 0.219517 
8.234172 0.689093 0.686388 0.669072 0.209656 0.148689 0.253848 0.199375 0.196308 0.220839 
8.254887 0.665344 0.683923 0.665043 0.213805 0.144721 0.245791 0.197932 0.188191 0.221681 
8.275602 0.678692 0.691679 0.657888 0.212542 0.142256 0.239057 0.186027 0.176948 0.209235 
8.296318 0.673641 0.727694 0.637085 0.209596 0.136905 0.211159 0.188973 0.157888 0.198292 
8.317032 0.685786 0.745791 0.628427 0.195406 0.136905 0.180556 0.187710 0.146585 0.189995 
8.337747 0.681578 0.789141 0.616943 0.186568 0.136123 0.164081 0.186388 0.133057 0.176227 
8.358462 0.680135 0.806397 0.634079 0.174363 0.138468 0.145142 0.184464 0.122775 0.177249 
8.379177 0.657407 0.812771 0.638408 0.172138 0.139550 0.147848 0.181457 0.117003 0.165404 
8.399891 0.647246 0.798040 0.647787 0.177790 0.147607 0.156265 0.167328 0.111833 0.154702 
8.420607 0.656506 0.792508 0.623677 0.170214 0.153740 0.169613 0.163360 0.121573 0.137085 
8.441322 0.645503 0.734488 0.597523 0.153199 0.159512 0.174663 0.152237 0.133778 0.124759 
8.462037 0.630050 0.697992 0.566077 0.142977 0.175926 0.186388 0.143819 0.154281 0.110329 
8.482751 0.602152 0.651996 0.545394 0.121633 0.178752 0.193001 0.143098 0.166005 0.099928 
8.503466 0.601431 0.636604 0.554654 0.123437 0.186869 0.186388 0.128607 0.165524 0.105640 
8.524181 0.578042 0.638829 0.579606 0.117665 0.192761 0.167569 0.115200 0.170695 0.119228 
8.544896 0.592953 0.644180 0.623076 0.129389 0.201239 0.150132 0.105760 0.168951 0.142617 
8.565611 0.622234 0.641234 0.665645 0.141174 0.203403 0.134139 0.102754 0.168771 0.158911 
8.586326 0.662999 0.626323 0.667749 0.148810 0.198593 0.134380 0.110390 0.173040 0.170515 
8.607041 0.708935 0.625962 0.680736 0.164983 0.193963 0.136905 0.124218 0.179233 0.191258 
8.627756 0.731602 0.630351 0.694384 0.155604 0.183201 0.135582 0.134620 0.186267 0.195226 
8.648470 0.753968 0.623918 0.702742 0.158369 0.172920 0.131433 0.149531 0.191378 0.209836 
8.669185 0.747715 0.647667 0.701299 0.167448 0.172499 0.132395 0.146765 0.195406 0.211279 
8.689900 0.779461 0.664622 0.696128 0.163600 0.173882 0.127886 0.158550 0.180616 0.211881 
8.710616 0.764670 0.639971 0.687530 0.169673 0.195707 0.114177 0.163781 0.164202 0.214887 
8.731330 0.752104 0.621392 0.663480 0.161316 0.207311 0.110089 0.175806 0.153078 0.212722 
8.752045 0.746934 0.580147 0.635762 0.159572 0.214947 0.105700 0.190717 0.142136 0.199435 
8.772760 0.725048 0.554954 0.610209 0.146645 0.226190 0.118987 0.189574 0.143218 0.186628 
8.793475 0.706289 0.549182 0.585919 0.127465 0.213684 0.135462 0.200457 0.143759 0.166426 
8.814189 0.690596 0.542749 0.587482 0.118927 0.200036 0.153680 0.209957 0.144360 0.150914 
8.834905 0.697451 0.555676 0.616462 0.109788 0.201960 0.173100 0.217352 0.152778 0.136364 
8.855620 0.701479 0.560666 0.646104 0.094216 0.199615 0.182900 0.229137 0.151335 0.141655 
8.876335 0.694084 0.566017 0.691679 0.091330 0.204666 0.182059 0.216871 0.148329 0.142136 
8.897049 0.655423 0.588083 0.724567 0.096260 0.209115 0.175385 0.205568 0.137927 0.153980 
8.917764 0.619228 0.620070 0.754149 0.107203 0.197751 0.167689 0.191859 0.123918 0.154942 
8.938479 0.589827 0.651455 0.763468 0.115139 0.187650 0.166607 0.177730 0.109788 0.159933 
8.959194 0.579485 0.706530 0.757516 0.123557 0.182900 0.170575 0.171236 0.104497 0.157227 
8.979909 0.568242 0.707912 0.747655 0.119288 0.178752 0.165043 0.173040 0.109548 0.149651 
9.000624 0.587302 0.740921 0.744468 0.099206 0.178752 0.161195 0.193242 0.116763 0.141955 
9.021339 0.626864 0.768699 0.747174 0.093555 0.191558 0.146886 0.211941 0.131433 0.132937 
9.042054 0.665645 0.764971 0.759680 0.102934 0.198533 0.137085 0.257455 0.138889 0.117785 
9.062768 0.694144 0.749339 0.728235 0.116823 0.200697 0.129630 0.280303 0.145382 0.103836 
9.083483 0.708333 0.734608 0.726732 0.142256 0.191318 0.128728 0.281566 0.149892 0.096501 
9.104198 0.700878 0.698533 0.696669 0.172258 0.176828 0.122354 0.274892 0.150313 0.091871 
9.124913 0.666126 0.673040 0.666787 0.191859 0.165043 0.128908 0.236352 0.159812 0.091089 
9.145628 0.629449 0.666667 0.642677 0.217232 0.158911 0.135943 0.206650 0.162458 0.101551 
9.166343 0.622234 0.679473 0.646825 0.214827 0.157708 0.145262 0.184764 0.168050 0.108826 
9.187058 0.606782 0.696910 0.640572 0.193783 0.153319 0.145863 0.167508 0.181157 0.120731 
9.207773 0.621633 0.736652 0.669192 0.191859 0.149050 0.156265 0.151094 0.191438 0.140753 
9.228487 0.624699 0.772366 0.699074 0.172559 0.136364 0.174242 0.152297 0.195647 0.143639 
9.249202 0.647427 0.794192 0.736412 0.180676 0.125721 0.187350 0.151154 0.206109 0.165344 
9.269917 0.649411 0.784752 0.756433 0.182600 0.120791 0.200337 0.137085 0.199194 0.165765 
9.290633 0.650373 0.764610 0.758718 0.194384 0.112253 0.215067 0.134861 0.191318 0.170034 
9.311347 0.666727 0.772427 0.771946 0.200577 0.105820 0.211941 0.145443 0.181698 0.174423 
9.332062 0.651816 0.759079 0.752044 0.210438 0.111231 0.210317 0.163961 0.173040 0.167208 
9.352777 0.642917 0.776395 0.719998 0.221320 0.104978 0.200938 0.178030 0.167929 0.160173 
9.373492 0.621453 0.780543 0.687109 0.217352 0.107143 0.195527 0.198954 0.164803 0.162879 
9.394207 0.635341 0.794493 0.653740 0.220839 0.112975 0.176768 0.210137 0.158670 0.169853 
9.414922 0.611291 0.791787 0.630892 0.207612 0.121332 0.167989 0.206590 0.161676 0.176888 
9.435637 0.580026 0.769781 0.584656 0.193422 0.125421 0.169613 0.198112 0.155303 0.181698 
9.456352 0.572030 0.739598 0.566258 0.178271 0.121573 0.167508 0.197270 0.146645 0.197691 
9.477067 0.572090 0.708514 0.534812 0.169372 0.117184 0.165645 0.184043 0.129269 0.191799 
9.497781 0.596801 0.660474 0.533670 0.166246 0.122174 0.172318 0.171236 0.110570 0.172619 
9.518496 0.629750 0.635402 0.540885 0.156866 0.121934 0.174784 0.174363 0.104377 0.157167 
9.539211 0.655664 0.590548 0.555255 0.161376 0.128547 0.161676 0.172499 0.103656 0.142737 
9.559927 0.688191 0.554834 0.573533 0.160774 0.133117 0.150313 0.178992 0.126864 0.142196 
9.580641 0.688853 0.523028 0.589707 0.159211 0.136724 0.138949 0.174784 0.160654 0.141534 
9.601356 0.706770 0.511063 0.621032 0.162097 0.143278 0.127766 0.175084 0.184404 0.150493 
9.622071 0.677910 0.500421 0.629088 0.162638 0.148569 0.122655 0.156325 0.198834 0.162278 
9.642786 0.682600 0.485510 0.678632 0.157047 0.152477 0.125060 0.159933 0.200998 0.164743 
9.663500 0.709536 0.494348 0.712362 0.154221 0.156566 0.144541 0.136785 0.185847 0.177429 
9.684216 0.736291 0.488817 0.717172 0.152597 0.175866 0.148389 0.136724 0.173521 0.177850 
9.704931 0.750721 0.501623 0.701058 0.148870 0.189755 0.157107 0.126082 0.159392 0.164803 
9.725646 0.750060 0.524772 0.710197 0.151876 0.204064 0.168410 0.126202 0.155964 0.157407 
9.746360 0.728415 0.576118 0.717713 0.148389 0.198533 0.169853 0.129630 0.160774 0.142917 
9.767075 0.701900 0.615801 0.708213 0.160714 0.194264 0.172499 0.133838 0.160774 0.137747 
9.787790 0.689875 0.670154 0.703764 0.164382 0.188973 0.178511 0.147727 0.162217 0.155544 
9.808505 0.652898 0.707612 0.709957 0.180315 0.183923 0.185666 0.159452 0.162578 0.178872 
9.829220 0.662638 0.719877 0.712602 0.201539 0.183923 0.193362 0.167088 0.164923 0.210317 
9.849935 0.660113 0.724026 0.683141 0.208935 0.184043 0.192100 0.177730 0.169733 0.232143 
9.870650 0.676287 0.771525 0.659452 0.219577 0.193001 0.170515 0.184764 0.180135 0.233947 
9.891365 0.667148 0.792869 0.632636 0.213143 0.210738 0.149711 0.180315 0.193783 0.236532 
9.912079 0.643278 0.784632 0.634379 0.208754 0.221801 0.136123 0.177249 0.205387 0.235510 
9.932794 0.660835 0.800505 0.632395 0.198593 0.238757 0.138348 0.178030 0.217532 0.224868 
9.953509 0.649351 0.762566 0.672920 0.192941 0.250361 0.138889 0.173822 0.220238 0.199615 
9.974224 0.653379 0.729437 0.700517 0.179413 0.255592 0.155604 0.171958 0.218795 0.183141 
9.994939 0.682600 0.732383 0.722643 0.169192 0.246813 0.167929 0.152898 0.224507 0.165464 
10.015654 0.701659 0.696008 0.729618 0.162157 0.223124 0.177068 0.148689 0.214165 0.161075 
10.036369 0.682179 0.682480 0.731000 0.158670 0.201178 0.192340 0.151996 0.191378 0.144721 
10.057084 0.662217 0.681698 0.728415 0.153199 0.172318 0.204726 0.159211 0.185786 0.143879 
10.077798 0.659572 0.673160 0.725289 0.149711 0.157768 0.224146 0.160173 0.177730 0.156566 
10.098513 0.642015 0.663300 0.699074 0.156926 0.149591 0.228295 0.176768 0.163721 0.165584 
10.119228 0.649351 0.658069 0.668170 0.169793 0.150673 0.249699 0.187290 0.157768 0.174784 
10.139944 0.642316 0.623196 0.628848 0.182780 0.167088 0.235750 0.196128 0.162638 0.187891 
10.160658 0.625180 0.604557 0.584596 0.183983 0.168050 0.235690 0.198172 0.162759 0.197210 
10.181373 0.607263 0.595839 0.534512 0.196248 0.162458 0.212181 0.188131 0.162398 0.193723 
10.202088 0.599868 0.596681 0.514911 0.195948 0.160233 0.183682 0.178030 0.156866 0.201720 
10.222803 0.596681 0.594036 0.516053 0.177309 0.153740 0.158550 0.163660 0.154461 0.196910 
10.243518 0.619348 0.619529 0.536015 0.170034 0.144481 0.136604 0.150794 0.147066 0.190596 
10.264233 0.653680 0.643759 0.546537 0.162278 0.147066 0.121032 0.148208 0.132876 0.194865 
10.284948 0.726251 0.651455 0.569565 0.162819 0.149651 0.110871 0.152718 0.133538 0.195346 
10.305663 0.750541 0.649110 0.615500 0.153920 0.156566 0.104377 0.146946 0.135041 0.192881 
10.326377 0.757936 0.666186 0.632455 0.149230 0.161556 0.098184 0.148028 0.132275 0.185666 
10.347092 0.744949 0.673942 0.692460 0.151816 0.160414 0.098124 0.151154 0.141595 0.172499 
10.367807 0.722042 0.666907 0.733165 0.143278 0.157047 0.098244 0.142737 0.138889 0.159512 
10.388522 0.684163 0.670575 0.762867 0.137566 0.159572 0.105580 0.146645 0.143278 0.132756 
10.409237 0.647968 0.655724 0.757395 0.132636 0.142737 0.120430 0.152056 0.135342 0.119889 
10.429952 0.609848 0.680616 0.737494 0.135342 0.138468 0.126443 0.158009 0.127525 0.114358 
10.450667 0.587843 0.682720 0.705327 0.139851 0.128968 0.134500 0.168591 0.101551 0.110450 
10.471382 0.595659 0.720599 0.669372 0.145503 0.125120 0.142677 0.173581 0.089466 0.119108 
10.492096 0.614658 0.753307 0.650493 0.162698 0.132876 0.131975 0.159211 0.073713 0.131554 
10.512811 0.656025 0.741883 0.632455 0.172739 0.136785 0.133117 0.157528 0.068482 0.144721 
10.533526 0.704185 0.748918 0.635221 0.192761 0.135762 0.131373 0.158369 0.073413 0.156626 
10.554242 0.719276 0.736051 0.657047 0.215248 0.134981 0.145082 0.157828 0.074435 0.177369 
10.574956 0.703042 0.684043 0.684824 0.229978 0.149050 0.140212 0.165524 0.078884 0.178872 
10.595671 0.709897 0.657768 0.703704 0.240500 0.170034 0.156025 0.168470 0.082311 0.181818 
10.616386 0.689995 0.631433 0.723184 0.238877 0.189695 0.160414 0.174303 0.090067 0.181037 
10.637101 0.673401 0.580628 0.748677 0.227814 0.214045 0.168410 0.174182 0.109909 0.194505 
10.657815 0.657528 0.613035 0.736712 0.215909 0.232023 0.168651 0.186869 0.120611 0.186628 
10.678531 0.663721 0.646224 0.754269 0.188672 0.242184 0.178992 0.184764 0.143098 0.187771 
10.699246 0.665885 0.701599 0.739358 0.166967 0.235029 0.184764 0.175806 0.163420 0.199134 
10.719961 0.678692 0.748256 0.732864 0.150253 0.232804 0.182299 0.163540 0.172078 0.199735 
10.740675 0.691679 0.759019 0.741883 0.135943 0.215488 0.179052 0.153499 0.175746 0.194264 
10.761390 0.688672 0.778980 0.733405 0.124579 0.192881 0.166486 0.147126 0.176647 0.201599 
10.782105 0.690296 0.766594 0.728716 0.138588 0.181758 0.159572 0.144841 0.176227 0.204545 
10.802820 0.691679 0.765212 0.710137 0.148569 0.174904 0.145803 0.142376 0.173882 0.209355 
10.823535 0.696910 0.773809 0.666546 0.155844 0.161015 0.142015 0.148148 0.168591 0.200277 
10.844250 0.700216 0.764490 0.655483 0.170394 0.163059 0.140272 0.138949 0.163540 0.199675 
10.864965 0.713805 0.754930 0.624459 0.182961 0.149531 0.137446 0.120791 0.146465 0.198052 
10.885680 0.707612 0.735089 0.610810 0.195046 0.133418 0.134861 0.111893 0.137085 0.199615 
10.906394 0.725709 0.698473 0.593254 0.202621 0.120611 0.129509 0.103776 0.135342 0.198954 
10.927109 0.721140 0.657227 0.609608 0.205808 0.123978 0.128788 0.096320 0.128307 0.176347 
10.947824 0.736231 0.621092 0.641594 0.228716 0.129028 0.120491 0.092412 0.133658 0.158009 
10.968539 0.756554 0.609788 0.657107 0.243206 0.138648 0.116823 0.085738 0.131734 0.145563 
10.989254 0.760702 0.634740 0.664442 0.259500 0.162999 0.126022 0.089887 0.139671 0.121633 
11.009969 0.754028 0.682119 0.703824 0.254569 0.170996 0.129088 0.089827 0.149291 0.111592 
11.030684 0.727754 0.703042 0.699254 0.251443 0.177369 0.129990 0.098725 0.151215 0.122595 
11.051399 0.697210 0.699796 0.717532 0.238937 0.176708 0.146044 0.106542 0.152597 0.141053 
11.072114 0.655844 0.700337 0.724507 0.222763 0.178632 0.151215 0.123256 0.144781 0.163841 
11.092829 0.621152 0.699495 0.711460 0.205748 0.184885 0.161797 0.137205 0.137626 0.194865 
11.113544 0.578283 0.655664 0.692761 0.190296 0.194084 0.178090 0.150192 0.142617 0.195527 
11.134259 0.587362 0.627826 0.624880 0.177670 0.206590 0.195406 0.155964 0.143098 0.209536 
11.154974 0.597944 0.599988 0.575998 0.178391 0.213564 0.193603 0.163360 0.150072 0.226671 
11.175688 0.604798 0.587903 0.509981 0.167448 0.209776 0.181217 0.158069 0.154582 0.241943 
11.196403 0.612253 0.563612 0.473785 0.164562 0.206229 0.167328 0.172198 0.160654 0.228114 
11.217118 0.597583 0.575577 0.436869 0.171537 0.193903 0.153078 0.177549 0.160714 0.228656 
11.237833 0.583754 0.578884 0.465368 0.156746 0.170334 0.140392 0.190957 0.152297 0.217653 
11.258548 0.567220 0.561688 0.481602 0.153319 0.166967 0.141114 0.196429 0.143939 0.197330 
11.279263 0.576178 0.569144 0.517376 0.154762 0.144541 0.140031 0.209536 0.139610 0.207251 
11.299978 0.586039 0.590608 0.556337 0.155183 0.142256 0.158069 0.225469 0.144240 0.208694 
11.320693 0.602814 0.637867 0.599447 0.163781 0.147908 0.170875 0.222763 0.152237 0.214406 
11.341407 0.635161 0.664743 0.644541 0.181217 0.150854 0.175505 0.213203 0.174423 0.199375 
11.362122 0.668951 0.701058 0.669733 0.174964 0.159572 0.184764 0.200216 0.194204 0.185305 
11.382837 0.686267 0.713745 0.702201 0.180676 0.159031 0.185245 0.174904 0.211760 0.176768 
11.403553 0.697090 0.723425 0.727874 0.185726 0.158610 0.178752 0.162759 0.220418 0.191438 
11.424267 0.664803 0.714586 0.735209 0.179954 0.161015 0.171837 0.147126 0.222944 0.199675 
11.444982 0.647667 0.716210 0.749940 0.166486 0.171898 0.157528 0.134019 0.226431 0.219276 
11.465697 0.636003 0.717472 0.730940 0.158430 0.178511 0.148870 0.127645 0.227814 0.232624 
11.486412 0.646284 0.729076 0.730038 0.142737 0.182540 0.139731 0.116101 0.221741 0.232985 
11.507126 0.660414 0.722703 0.716631 0.126563 0.173401 0.137686 0.122535 0.209836 0.231842 
11.527842 0.677429 0.692581 0.710317 0.110991 0.155183 0.125601 0.122775 0.209836 0.206710 
11.548557 0.692581 0.663360 0.715909 0.096441 0.142797 0.115861 0.124399 0.197391 0.182660 
11.569272 0.737975 0.673701 0.722282 0.090669 0.125661 0.120551 0.137446 0.180195 0.181818 
11.589986 0.786496 0.662097 0.777056 0.094937 0.127104 0.118987 0.145082 0.178632 0.167989 
11.610701 0.798461 0.673822 0.796356 0.107744 0.133838 0.125000 0.151094 0.176708 0.164683 
11.631416 0.805736 0.669072 0.802068 0.117003 0.150673 0.130772 0.151395 0.177910 0.161075 
11.652131 0.810185 0.675325 0.790584 0.126924 0.163660 0.147367 0.155363 0.184043 0.164322 
11.672846 0.790945 0.661075 0.779882 0.129750 0.174182 0.149411 0.165945 0.180736 0.168290 
11.693561 0.785895 0.648749 0.755832 0.135943 0.177068 0.164983 0.183562 0.175866 0.167268 
11.714276 0.759079 0.667689 0.726010 0.131554 0.178812 0.179714 0.183862 0.169673 0.166847 
11.734991 0.704666 0.673701 0.694805 0.137566 0.187290 0.195046 0.193001 0.157588 0.156866 
11.755705 0.680916 0.675445 0.667569 0.142857 0.189334 0.204666 0.210738 0.146645 0.159692 
11.776420 0.658309 0.677670 0.624038 0.147787 0.182119 0.204185 0.203764 0.136544 0.163540 
11.797135 0.657708 0.699315 0.617965 0.157347 0.180495 0.184824 0.219336 0.139610 0.173882 
11.817850 0.649110 0.666126 0.598425 0.160774 0.167388 0.175986 0.218254 0.145382 0.174603 
11.838565 0.668951 0.681578 0.581830 0.151816 0.156205 0.165344 0.217172 0.153259 0.176227 
11.859280 0.658610 0.670334 0.564634 0.153199 0.147186 0.144841 0.207071 0.155483 0.170394 
11.879995 0.637746 0.660534 0.542989 0.153980 0.147908 0.129569 0.195827 0.168230 0.166486 
11.900710 0.632035 0.659452 0.560005 0.158430 0.157949 0.124519 0.179052 0.164021 0.166847 
11.921424 0.617063 0.651034 0.575878 0.159331 0.179473 0.110810 0.155363 0.157888 0.174663 
11.942140 0.633417 0.656145 0.601792 0.152898 0.190296 0.098545 0.146044 0.157768 0.175866 
11.962855 0.643999 0.659091 0.603415 0.151876 0.200277 0.093795 0.134861 0.156686 0.187831 
11.983570 0.679173 0.680676 0.624699 0.148028 0.183321 0.091089 0.129750 0.170214 0.204786 
12.004284 0.688252 0.676527 0.633357 0.138709 0.181217 0.096801 0.129028 0.179052 0.218855 
12.024999 0.676287 0.687530 0.636905 0.131193 0.166607 0.105099 0.148268 0.205087 0.237734 
12.045714 0.668350 0.676106 0.658911 0.129930 0.147006 0.130532 0.159993 0.221982 0.228235 
12.066429 0.653499 0.659331 0.653139 0.121633 0.147066 0.156265 0.174242 0.235690 0.212061 
12.087144 0.615981 0.661135 0.653078 0.119589 0.144420 0.184524 0.201780 0.230339 0.199074 
12.107859 0.603896 0.650192 0.635281 0.123918 0.148329 0.205628 0.198232 0.215067 0.181277 
12.128574 0.592893 0.651034 0.615741 0.132456 0.152778 0.235089 0.199134 0.202621 0.172619 
12.149289 0.598244 0.641835 0.620911 0.143278 0.163179 0.250902 0.186989 0.184343 0.172439 
12.170003 0.618807 0.607684 0.636484 0.168591 0.175505 0.247655 0.170755 0.171236 0.172739 
12.190718 0.657407 0.578283 0.629028 0.174844 0.178090 0.237314 0.148990 0.160233 0.161616 
12.211433 0.658971 0.557780 0.616643 0.185967 0.182419 0.238155 0.139851 0.156325 0.152838 
12.232148 0.638588 0.554654 0.614839 0.189995 0.181578 0.218074 0.140031 0.148990 0.141354 
12.252863 0.627585 0.603535 0.622174 0.187951 0.180435 0.212843 0.148990 0.161376 0.127164 
12.273578 0.602573 0.625541 0.629449 0.174062 0.168651 0.210919 0.167388 0.184524 0.124579 
12.294293 0.593434 0.661917 0.647487 0.165945 0.171296 0.212061 0.189514 0.211279 0.123136 
12.315008 0.630291 0.688733 0.673521 0.149832 0.168350 0.194925 0.199916 0.222222 0.116041 
12.335722 0.661135 0.696789 0.704064 0.130231 0.182480 0.191498 0.201359 0.209355 0.114658 
12.356437 0.670515 0.686027 0.751142 0.120611 0.178932 0.168531 0.197210 0.194505 0.121813 
12.377152 0.673701 0.675325 0.784812 0.123978 0.189815 0.147667 0.181157 0.165464 0.123858 
12.397868 0.655544 0.695346 0.819144 0.131794 0.199916 0.126744 0.161255 0.137386 0.114177 
12.418582 0.624339 0.716751 0.817581 0.135702 0.203764 0.124339 0.155904 0.122054 0.112314 
12.439297 0.622415 0.725830 0.801948 0.146405 0.195647 0.134560 0.144180 0.107564 0.112554 
12.460012 0.633057 0.764791 0.781505 0.151154 0.191679 0.139370 0.131614 0.103235 0.108405 
12.480727 0.659812 0.753006 0.732864 0.143759 0.190957 0.151696 0.131433 0.104076 0.112494 
12.501441 0.702742 0.725589 0.721861 0.141114 0.189394 0.154521 0.127886 0.117364 0.115320 
12.522157 0.744228 0.677970 0.731121 0.141354 0.192881 0.160474 0.138107 0.139851 0.123136 
12.542872 0.776756 0.637205 0.718675 0.147487 0.182419 0.167569 0.158249 0.164743 0.133237 
12.563587 0.786797 0.591931 0.725830 0.162578 0.186568 0.176287 0.169673 0.185305 0.142256 
12.584301 0.799062 0.565176 0.735750 0.182059 0.181518 0.179293 0.175685 0.200758 0.155063 
12.605016 0.793050 0.554594 0.705808 0.187350 0.174844 0.175565 0.176828 0.210498 0.165945 
12.625731 0.761484 0.564935 0.679353 0.197090 0.151215 0.166727 0.172920 0.212302 0.172980 
12.646446 0.776455 0.592412 0.694925 0.211760 0.147908 0.159752 0.166847 0.221801 0.172619 
12.667161 0.758898 0.620791 0.662217 0.219096 0.138889 0.148689 0.162097 0.224928 0.172318 
12.687876 0.785293 0.654101 0.642015 0.226130 0.135221 0.140693 0.159211 0.219517 0.164141 
12.708591 0.770563 0.682419 0.632576 0.231361 0.129028 0.133538 0.154401 0.214827 0.165103 
12.729306 0.773088 0.700577 0.626383 0.215969 0.144841 0.125721 0.157528 0.211640 0.161977 
12.750021 0.749459 0.685726 0.639851 0.215127 0.146224 0.129930 0.151996 0.206409 0.156926 
12.770735 0.723004 0.679654 0.656265 0.197691 0.161616 0.121212 0.146705 0.206710 0.149591 
12.791451 0.709476 0.688913 0.684163 0.183682 0.167088 0.121453 0.140753 0.178992 0.139190 
12.812166 0.655123 0.711520 0.688071 0.180736 0.167448 0.125661 0.133658 0.171537 0.138949 
12.832880 0.629810 0.719697 0.681938 0.182660 0.174543 0.115981 0.125000 0.165224 0.142436 
12.853595 0.604197 0.714707 0.663841 0.194625 0.164863 0.112734 0.121152 0.162939 0.140572 
12.874310 0.587362 0.712422 0.650433 0.208514 0.157227 0.105099 0.114478 0.165164 0.153980 
12.895025 0.580267 0.707311 0.626263 0.214947 0.151335 0.094456 0.113396 0.174964 0.164021 
12.915740 0.564815 0.690777 0.632876 0.225048 0.136724 0.087602 0.122054 0.196910 0.170695 
12.936455 0.522787 0.669312 0.634500 0.248196 0.136243 0.088264 0.132576 0.211821 0.173401 
12.957170 0.503848 0.649651 0.632576 0.262326 0.142136 0.090849 0.134740 0.223184 0.170455 
12.977885 0.492544 0.626503 0.624820 0.265813 0.162578 0.104437 0.138047 0.225770 0.163961 
12.998600 0.520503 0.612314 0.640452 0.277898 0.180135 0.125661 0.140452 0.232744 0.164322 
13.019314 0.563973 0.601431 0.654942 0.276455 0.199254 0.135101 0.140031 0.227633 0.170334 
13.040029 0.627345 0.603175 0.690296 0.250782 0.217833 0.157167 0.137867 0.225409 0.182299 
13.060744 0.651395 0.585197 0.708213 0.245851 0.233766 0.162879 0.144781 0.218915 0.197030 
13.081459 0.681518 0.584897 0.751864 0.223244 0.207612 0.167629 0.138228 0.224567 0.224447 
13.102174 0.662939 0.591150 0.775072 0.208874 0.188071 0.168290 0.136123 0.213023 0.245370 
13.122889 0.647306 0.592112 0.780664 0.199675 0.162278 0.158850 0.127766 0.210317 0.251263 
13.143604 0.635943 0.604197 0.762927 0.195767 0.144901 0.168831 0.119288 0.208213 0.246032 
13.164319 0.629630 0.617003 0.709295 0.194084 0.142797 0.164683 0.110269 0.209716 0.240019 
13.185033 0.654281 0.620851 0.655183 0.199735 0.148268 0.160113 0.106782 0.201359 0.238035 
13.205748 0.707973 0.624218 0.603114 0.213985 0.164262 0.159091 0.103175 0.182720 0.239418 
13.226463 0.760522 0.617665 0.567881 0.222102 0.188492 0.155604 0.107263 0.160774 0.240139 
13.247179 0.780784 0.604497 0.557540 0.224627 0.191799 0.149832 0.123136 0.141414 0.236953 
13.267893 0.780483 0.618206 0.553872 0.214165 0.189995 0.138949 0.130351 0.120130 0.246272 
13.288608 0.723304 0.634680 0.524892 0.198533 0.187229 0.129630 0.146825 0.110390 0.261905 
13.309323 0.694745 0.666546 0.523148 0.177910 0.176587 0.118687 0.156806 0.105099 0.258417 
13.330038 0.648629 0.703523 0.533430 0.161556 0.167328 0.121332 0.164502 0.108285 0.255111 
13.350752 0.646825 0.711580 0.548761 0.148329 0.167869 0.125301 0.159392 0.099627 0.248918 
13.371468 0.640933 0.726732 0.575457 0.134500 0.164622 0.126623 0.158911 0.111592 0.229918 
13.392183 0.650373 0.743747 0.624639 0.130351 0.175084 0.136003 0.155002 0.116342 0.202501 
13.412898 0.665645 0.766474 0.650914 0.129810 0.172920 0.146104 0.151154 0.117605 0.186688 
13.433612 0.675084 0.790344 0.690957 0.143639 0.183021 0.153259 0.146344 0.118867 0.171898 
13.454327 0.673461 0.804594 0.692280 0.159211 0.190236 0.167027 0.154101 0.116342 0.173280 
13.475042 0.689574 0.796657 0.692160 0.176106 0.188252 0.168290 0.155604 0.119468 0.176407 
13.495757 0.707792 0.746332 0.691198 0.191859 0.193603 0.157407 0.160895 0.113997 0.183321 
13.516472 0.724627 0.688552 0.657107 0.210197 0.178331 0.144901 0.166246 0.116101 0.191919 
13.537187 0.740921 0.613817 0.646885 0.211520 0.170274 0.134380 0.174002 0.133778 0.189695 
13.557902 0.770442 0.573533 0.650252 0.213504 0.152778 0.131433 0.177429 0.149110 0.198473 
13.578617 0.779882 0.541787 0.661075 0.206469 0.137807 0.126022 0.181397 0.170334 0.194565 
13.599331 0.776455 0.534692 0.686568 0.209836 0.128427 0.139731 0.193663 0.193903 0.209897 
13.620046 0.752706 0.566198 0.693422 0.214767 0.134380 0.146284 0.196789 0.206349 0.209235 
13.640761 0.717532 0.607203 0.716510 0.200517 0.138228 0.141775 0.197150 0.219276 0.212181 
13.661477 0.695226 0.649050 0.708935 0.202561 0.148629 0.147246 0.191799 0.232624 0.203944 
13.682191 0.673581 0.670214 0.679834 0.203644 0.157888 0.148990 0.178571 0.218735 0.201419 
13.702906 0.649110 0.700517 0.674964 0.207131 0.168831 0.148509 0.167208 0.209536 0.211279 
13.723621 0.644060 0.703403 0.650613 0.210979 0.172379 0.140572 0.151515 0.196549 0.201840 
13.744336 0.647306 0.718314 0.642436 0.214466 0.187410 0.142677 0.147968 0.183622 0.201178 
13.765050 0.638047 0.739238 0.644180 0.209536 0.194805 0.148268 0.141895 0.178511 0.202862 
13.785766 0.656806 0.762446 0.637386 0.207612 0.203042 0.151515 0.135041 0.174002 0.183381 
13.806481 0.655664 0.811087 0.602694 0.209476 0.211881 0.163240 0.131313 0.164202 0.167027 
13.827196 0.659452 0.827862 0.592172 0.198292 0.219757 0.169613 0.123377 0.158189 0.159271 
13.847910 0.667388 0.816017 0.592232 0.197511 0.219336 0.183261 0.118747 0.140572 0.145924 
13.868625 0.643098 0.770984 0.600709 0.213143 0.204726 0.194685 0.108466 0.127886 0.143098 
13.889340 0.605820 0.726010 0.622054 0.206409 0.205447 0.202561 0.110329 0.117364 0.136364 
13.910055 0.559464 0.711700 0.671597 0.213865 0.195707 0.197992 0.100409 0.108706 0.131373 
13.930770 0.506674 0.690115 0.698292 0.204485 0.182359 0.182119 0.100770 0.098064 0.135522 
13.951485 0.497294 0.661015 0.720418 0.198713 0.167809 0.159632 0.106542 0.114057 0.136965 
13.972200 0.501323 0.644721 0.773930 0.196128 0.165464 0.152116 0.108165 0.133598 0.144300 
13.992915 0.523208 0.595899 0.770142 0.188011 0.148569 0.126984 0.122896 0.155002 0.151395 
14.013629 0.568963 0.546898 0.775673 0.177609 0.125541 0.120070 0.144661 0.175265 0.146645 
14.034344 0.616342 0.514430 0.755471 0.166787 0.105880 0.109367 0.177309 0.182660 0.139490 
14.055059 0.660414 0.510702 0.715067 0.155063 0.090428 0.100469 0.218013 0.187831 0.137747 
14.075774 0.699495 0.551647 0.668050 0.143819 0.080327 0.097102 0.237915 0.180676 0.122896 
14.096489 0.728595 0.614959 0.644060 0.157648 0.084115 0.101010 0.268879 0.173100 0.119589 
14.117204 0.742484 0.676046 0.661195 0.169913 0.093434 0.102032 0.281325 0.172258 0.121573 
14.137919 0.742845 0.720539 0.668050 0.188131 0.103415 0.105279 0.271645 0.164683 0.126744 
14.158634 0.730940 0.719697 0.693422 0.204004 0.116643 0.118987 0.253848 0.174603 0.140693 
14.179348 0.724327 0.688191 0.726972 0.218915 0.130111 0.137807 0.223785 0.160714 0.146465 
14.200063 0.738396 0.638167 0.725649 0.205568 0.143879 0.153740 0.182239 0.154281 0.156385 
14.220778 0.748918 0.608646 0.715789 0.189514 0.154401 0.163721 0.158730 0.147727 0.162338 
14.241494 0.748316 0.587482 0.715007 0.187590 0.169072 0.177189 0.141655 0.136424 0.169613 
14.262208 0.755291 0.570467 0.691138 0.166787 0.177128 0.199315 0.140031 0.130712 0.168711 
14.282923 0.730760 0.557059 0.664502 0.162398 0.187290 0.209175 0.148990 0.144661 0.182540 
14.303638 0.698112 0.569925 0.632997 0.157588 0.192100 0.222162 0.162518 0.155604 0.191679 
14.324353 0.663660 0.625661 0.601852 0.161736 0.191198 0.235630 0.172018 0.195647 0.204305 
14.345068 0.609909 0.670875 0.580147 0.173822 0.186568 0.226551 0.193302 0.209656 0.210498 
14.365783 0.563733 0.712602 0.582732 0.186568 0.179533 0.228295 0.190957 0.228114 0.210678 
14.386498 0.568783 0.749579 0.604197 0.185185 0.168591 0.216871 0.200577 0.228114 0.196729 
14.407213 0.568182 0.770923 0.615921 0.185305 0.158670 0.203102 0.199315 0.216450 0.176347 
14.427927 0.575758 0.787278 0.623797 0.171837 0.156265 0.187410 0.196128 0.205267 0.167448 
14.448642 0.597342 0.805435 0.642737 0.162759 0.151215 0.192220 0.195527 0.181037 0.142316 
14.469357 0.615380 0.796657 0.623196 0.149291 0.157287 0.187109 0.180195 0.176106 0.116943 
14.490072 0.623797 0.787157 0.626503 0.141053 0.160654 0.188492 0.167508 0.163480 0.105038 
14.510787 0.644060 0.788179 0.638708 0.126864 0.157167 0.188913 0.163600 0.169372 0.092893 
14.531502 0.666486 0.761243 0.670094 0.122835 0.152417 0.205147 0.177730 0.170815 0.081289 
14.552217 0.654401 0.712241 0.716150 0.116823 0.136905 0.215188 0.185305 0.173822 0.086159 
14.572932 0.685967 0.687771 0.765452 0.123677 0.126744 0.231361 0.213564 0.178511 0.094637 
14.593647 0.700216 0.665524 0.814695 0.131073 0.118687 0.230940 0.224026 0.179052 0.109187 
14.614361 0.682119 0.639310 0.834175 0.125361 0.119889 0.231481 0.235991 0.185666 0.139430 
14.635077 0.686328 0.626924 0.795575 0.135582 0.122114 0.220418 0.228355 0.190657 0.156987 
14.655792 0.657828 0.611532 0.741643 0.131253 0.116883 0.222102 0.221320 0.197150 0.170695 
14.676507 0.665825 0.626383 0.702080 0.136183 0.111291 0.203403 0.203704 0.197451 0.174483 
14.697221 0.691017 0.593915 0.654101 0.127345 0.107564 0.189935 0.197691 0.184103 0.174844 
14.717936 0.699675 0.589827 0.628547 0.119589 0.092412 0.177249 0.182961 0.170936 0.178331 
14.738651 0.697691 0.561989 0.602874 0.121332 0.092653 0.168350 0.172138 0.167929 0.156926 
14.759366 0.668771 0.565536 0.596140 0.115921 0.087722 0.153860 0.173220 0.155243 0.151395 
14.780081 0.626082 0.556277 0.590248 0.130892 0.095298 0.142557 0.168230 0.141174 0.150974 
14.800796 0.600830 0.582131 0.597403 0.149351 0.099086 0.148870 0.171236 0.136364 0.153379 
14.821511 0.573473 0.613396 0.612975 0.170394 0.113576 0.154341 0.162879 0.135642 0.167989 
14.842226 0.556878 0.658490 0.622655 0.187470 0.128427 0.157407 0.152417 0.135462 0.180255 
14.862940 0.565176 0.687530 0.639310 0.199675 0.139671 0.166126 0.141655 0.143458 0.188793 
14.883655 0.573954 0.709476 0.604918 0.201780 0.144661 0.186989 0.133237 0.165765 0.197090 
14.904370 0.601251 0.719336 0.588865 0.207011 0.160173 0.192100 0.131794 0.189815 0.178211 
14.925085 0.628427 0.717412 0.565176 0.196669 0.164141 0.194264 0.121813 0.207431 0.166486 
14.945800 0.661556 0.708454 0.585317 0.176708 0.172920 0.206710 0.105940 0.236171 0.148148 
14.966515 0.691679 0.676227 0.626082 0.169733 0.166967 0.208213 0.097282 0.244949 0.133718 
14.987230 0.689093 0.672679 0.678271 0.163360 0.152597 0.205207 0.099026 0.250361 0.131975 
15.007945 0.720358 0.654762 0.734367 0.157888 0.151575 0.201239 0.107924 0.237734 0.136063 
15.028659 0.743987 0.653018 0.751744 0.155303 0.158911 0.197751 0.126202 0.232504 0.153139 
15.049374 0.756133 0.644180 0.759620 0.160835 0.157828 0.201539 0.161736 0.222102 0.160835 
15.070089 0.792027 0.641715 0.750962 0.155844 0.166607 0.184764 0.190115 0.211400 0.164622 
15.090805 0.801587 0.656025 0.734969 0.155363 0.176227 0.164803 0.222583 0.196849 0.167629 
15.111519 0.817220 0.669853 0.684043 0.158249 0.185366 0.161917 0.232864 0.178511 0.163240 
15.132234 0.807660 0.695587 0.660835 0.152537 0.178151 0.157528 0.240681 0.167929 0.177609 
15.152949 0.779942 0.707732 0.644781 0.135582 0.179594 0.158490 0.236833 0.164803 0.194024 
15.173664 0.759740 0.691198 0.611772 0.133117 0.173942 0.149471 0.213745 0.159512 0.204726 
15.194379 0.741282 0.664502 0.591510 0.129569 0.166727 0.148509 0.190416 0.167148 0.204425 
15.215094 0.717232 0.629990 0.621453 0.136544 0.167869 0.137386 0.179654 0.172138 0.214165 
15.235809 0.664502 0.590308 0.637626 0.146284 0.154882 0.124759 0.154221 0.182480 0.197090 
15.256524 0.616883 0.563131 0.665284 0.157949 0.147126 0.125541 0.147848 0.186809 0.188552 
15.277238 0.577080 0.579846 0.711039 0.168050 0.138949 0.119288 0.137867 0.195467 0.165043 
15.297953 0.554113 0.607864 0.715188 0.164622 0.138468 0.129690 0.136123 0.210438 0.147306 
15.318668 0.548461 0.669493 0.725649 0.161917 0.131975 0.135281 0.132275 0.212662 0.139851 
15.339383 0.553331 0.706530 0.744468 0.170455 0.137867 0.147667 0.133418 0.204846 0.126563 
15.360098 0.589346 0.771585 0.734728 0.177910 0.145683 0.172619 0.136123 0.211340 0.132095 
15.380813 0.610390 0.778138 0.746212 0.174844 0.144420 0.184223 0.134620 0.201058 0.137686 
15.401528 0.626142 0.756253 0.743567 0.173160 0.137747 0.201178 0.134019 0.187229 0.141895 
15.422243 0.660474 0.717953 0.718795 0.161616 0.133057 0.212302 0.142797 0.163480 0.152537 
15.442957 0.671597 0.654762 0.698292 0.149772 0.131433 0.220238 0.150072 0.141534 0.160414 
15.463672 0.666787 0.609367 0.666126 0.129630 0.136604 0.206590 0.156926 0.138288 0.153920 
15.484387 0.667268 0.575577 0.649170 0.124098 0.144661 0.193783 0.176768 0.136484 0.146886 
15.505103 0.672138 0.575156 0.641234 0.121873 0.144901 0.189995 0.194144 0.146585 0.144601 
15.525817 0.663360 0.595178 0.663721 0.121633 0.151575 0.176888 0.206049 0.173341 0.133478 
15.546532 0.699315 0.591270 0.668230 0.128247 0.155904 0.169913 0.216871 0.197090 0.132516 
15.567247 0.717593 0.616943 0.686448 0.125721 0.163660 0.156566 0.215067 0.202020 0.139430 
15.587962 0.746332 0.644541 0.692100 0.123196 0.167208 0.152056 0.220118 0.198713 0.144180 
15.608676 0.745731 0.655544 0.691859 0.119468 0.176828 0.143038 0.217893 0.177609 0.148990 
15.629392 0.725649 0.658430 0.681337 0.103295 0.177609 0.151575 0.214286 0.169312 0.148689 
15.650107 0.690897 0.667448 0.651756 0.094517 0.172619 0.150313 0.220058 0.157528 0.148148 
15.670822 0.668230 0.668531 0.648629 0.091330 0.174242 0.145443 0.225529 0.161195 0.153680 
15.691536 0.643158 0.663240 0.604918 0.085738 0.170815 0.147908 0.202862 0.176287 0.155964 
15.712251 0.620791 0.634139 0.614598 0.085859 0.168350 0.153078 0.208874 0.185366 0.167268 
15.732966 0.620611 0.643158 0.621873 0.092653 0.169372 0.164322 0.197691 0.200998 0.178090 
15.753681 0.624940 0.661316 0.616041 0.109067 0.167268 0.173461 0.187169 0.215368 0.190777 
15.774396 0.638769 0.677910 0.628307 0.129509 0.178331 0.184704 0.186628 0.226972 0.198353 
15.795111 0.668711 0.653740 0.618506 0.159091 0.166306 0.202261 0.174543 0.235269 0.182299 
15.815826 0.664863 0.655303 0.622956 0.175505 0.157468 0.212181 0.169372 0.231481 0.184223 
15.836541 0.667268 0.660293 0.652116 0.201178 0.145382 0.220058 0.156626 0.215729 0.165825 
15.857255 0.642316 0.663600 0.673401 0.220779 0.131614 0.220599 0.148088 0.203583 0.166727 
15.877970 0.632035 0.661797 0.704064 0.226912 0.122114 0.220058 0.149291 0.194625 0.161376 
15.898685 0.634560 0.680255 0.731000 0.233526 0.117725 0.204064 0.164803 0.190957 0.164322 
15.919400 0.617124 0.695587 0.724687 0.240380 0.108105 0.195467 0.180556 0.181758 0.168410 
15.940115 0.629329 0.708574 0.703704 0.247535 0.103415 0.167629 0.189274 0.185726 0.157167 
15.960830 0.635161 0.739177 0.686989 0.249699 0.095960 0.150253 0.193903 0.181277 0.161015 
15.981545 0.658850 0.767196 0.679293 0.245491 0.077682 0.141114 0.189514 0.183201 0.145683 
16.002260 0.665705 0.775373 0.669372 0.230339 0.074375 0.137386 0.179353 0.184283 0.133478 
16.022975 0.687951 0.747896 0.648208 0.219877 0.069505 0.134139 0.178331 0.179533 0.117665 
16.043690 0.692160 0.716871 0.642797 0.193122 0.069565 0.132816 0.161255 0.174363 0.107744 
16.064404 0.690717 0.683622 0.631614 0.201960 0.075938 0.124459 0.152116 0.175325 0.109608 
16.085119 0.691558 0.664141 0.618025 0.197391 0.080327 0.120911 0.137987 0.173341 0.119228 
16.105834 0.685847 0.643458 0.653680 0.205327 0.093975 0.115981 0.131494 0.183742 0.127104 
16.126550 0.681518 0.646404 0.641594 0.207251 0.103656 0.118867 0.123136 0.200697 0.164622 
16.147264 0.663841 0.637867 0.675204 0.208273 0.118687 0.121453 0.123797 0.208153 0.188612 
16.167979 0.648208 0.630291 0.670034 0.204125 0.134440 0.132816 0.118266 0.218675 0.235149 
16.188694 0.621813 0.616462 0.672379 0.197872 0.146585 0.140031 0.125060 0.216751 0.267316 
16.209409 0.621994 0.604257 0.668951 0.183862 0.154642 0.148930 0.127044 0.200938 0.282528 
16.230124 0.611652 0.590188 0.639911 0.167749 0.161616 0.165043 0.131073 0.181097 0.278319 
16.250838 0.615981 0.584836 0.626864 0.154762 0.167689 0.174122 0.142436 0.171717 0.246994 
16.271554 0.630832 0.593735 0.615681 0.156506 0.166546 0.185666 0.149291 0.154401 0.223244 
16.292269 0.623858 0.623677 0.625301 0.150313 0.163600 0.186328 0.162458 0.160233 0.182961 
16.312984 0.611893 0.655002 0.653199 0.154161 0.166126 0.180616 0.167328 0.166667 0.165284 
16.333698 0.619108 0.682299 0.679173 0.164382 0.174663 0.177910 0.170936 0.179473 0.156506 
16.354413 0.624278 0.692941 0.704606 0.174062 0.172799 0.172138 0.169012 0.189875 0.162458 
16.375128 0.649050 0.693182 0.730219 0.179774 0.188793 0.158971 0.162037 0.183381 0.150914 
16.395843 0.695106 0.668290 0.743627 0.195406 0.196729 0.148389 0.157107 0.190897 0.138648 
16.416558 0.695106 0.644601 0.749399 0.202682 0.207071 0.141655 0.159933 0.180435 0.133838 
16.437273 0.707011 0.624880 0.742965 0.196970 0.212121 0.135883 0.153499 0.179654 0.125120 
16.457988 0.696669 0.603776 0.719937 0.198713 0.205868 0.145563 0.164562 0.162097 0.121813 
16.478703 0.676888 0.612795 0.705147 0.197872 0.201479 0.150613 0.164983 0.156085 0.131193 
16.499417 0.656506 0.636303 0.659151 0.198052 0.185726 0.149411 0.161436 0.155664 0.124459 
16.520132 0.665464 0.672799 0.637987 0.196068 0.189153 0.155363 0.159873 0.151094 0.119288 
16.540847 0.688492 0.693422 0.618266 0.206890 0.179293 0.164983 0.145984 0.158069 0.111352 
16.561563 0.719577 0.711400 0.626563 0.206289 0.187831 0.157167 0.144901 0.158911 0.113757 
16.582277 0.769120 0.693783 0.649952 0.206409 0.181097 0.166667 0.139370 0.172318 0.118146 
16.602992 0.777357 0.674964 0.682359 0.204545 0.174784 0.164562 0.148749 0.197210 0.119589 
16.623707 0.776395 0.648689 0.700517 0.182239 0.168350 0.177549 0.163059 0.203403 0.130652 
16.644422 0.739779 0.623437 0.691799 0.160354 0.153379 0.174723 0.177008 0.202020 0.138167 
16.665136 0.705507 0.637987 0.696910 0.129630 0.137506 0.177670 0.193242 0.210738 0.148749 
16.685851 0.692460 0.641354 0.701419 0.116162 0.120972 0.178511 0.193182 0.215007 0.171296 
16.706567 0.700818 0.671296 0.660474 0.105640 0.119829 0.172078 0.197090 0.203463 0.176227 
16.727282 0.707552 0.679654 0.632876 0.108045 0.113456 0.181157 0.203343 0.212903 0.187891 
16.747996 0.718735 0.728656 0.599988 0.115380 0.115380 0.179113 0.204125 0.200156 0.202982 
16.768711 0.706469 0.725289 0.567460 0.119228 0.125000 0.193242 0.193242 0.191739 0.207492 
16.789426 0.676527 0.723304 0.550024 0.133538 0.129149 0.194986 0.194625 0.187951 0.202982 
16.810141 0.634680 0.691619 0.547920 0.151515 0.142256 0.208694 0.181277 0.184824 0.203223 
16.830855 0.592532 0.651816 0.566077 0.165825 0.162217 0.202862 0.165885 0.186568 0.191318 
16.851571 0.578764 0.615079 0.593074 0.172379 0.180495 0.201118 0.163961 0.171537 0.176708 
16.872286 0.557239 0.599266 0.651154 0.175385 0.194204 0.192641 0.167929 0.164923 0.157708 
16.893001 0.545635 0.598124 0.699796 0.165524 0.215248 0.191017 0.162338 0.155724 0.155664 
16.913715 0.558321 0.606061 0.712422 0.150854 0.211941 0.193182 0.166366 0.141234 0.140392 
16.934430 0.571429 0.644901 0.727633 0.135281 0.207191 0.204786 0.183923 0.119468 0.138889 
16.955145 0.587662 0.671116 0.739538 0.129990 0.196429 0.214646 0.187710 0.113937 0.140512 
16.975860 0.593254 0.672499 0.738456 0.127706 0.178391 0.226190 0.195647 0.106361 0.144300 
16.996575 0.606542 0.695827 0.726130 0.124218 0.152417 0.232263 0.196729 0.112073 0.159031 
17.017290 0.611772 0.702381 0.716510 0.132516 0.132636 0.237193 0.196308 0.114238 0.168350 
17.038005 0.621873 0.686508 0.728054 0.131433 0.117364 0.232263 0.190596 0.130351 0.167869 
17.058720 0.634079 0.687590 0.721801 0.136003 0.108886 0.225890 0.186869 0.135402 0.173521 
17.079434 0.657468 0.672258 0.721441 0.139430 0.099086 0.230279 0.180255 0.143939 0.170154 
17.100149 0.690476 0.691979 0.721801 0.136905 0.093675 0.235690 0.170334 0.147306 0.145984 
17.120864 0.716150 0.716390 0.735630 0.129509 0.087602 0.242665 0.172379 0.148148 0.121633 
17.141580 0.748377 0.729858 0.739117 0.124339 0.081349 0.240380 0.184223 0.148990 0.112795 
17.162294 0.767617 0.738937 0.726431 0.124820 0.089406 0.226551 0.195948 0.159692 0.117605 
17.183009 0.762326 0.734187 0.692100 0.135041 0.095960 0.209055 0.208514 0.157227 0.127585 
17.203724 0.751683 0.711821 0.662398 0.140933 0.101251 0.182961 0.237193 0.156385 0.136845 
17.224439 0.700216 0.708213 0.634981 0.154822 0.111532 0.168711 0.248677 0.166967 0.149892 
17.245154 0.646164 0.710919 0.611532 0.158550 0.134620 0.145322 0.264971 0.158911 0.150253 
17.265869 0.604978 0.716631 0.621212 0.167208 0.151154 0.125601 0.253607 0.147607 0.150433 
17.286584 0.579305 0.741101 0.619348 0.171958 0.157347 0.107203 0.247114 0.126864 0.150313 
17.307299 0.600770 0.764490 0.633297 0.164683 0.172198 0.094456 0.230700 0.121212 0.140272 
17.328013 0.629569 0.749399 0.630471 0.167809 0.167869 0.090969 0.214586 0.122234 0.141595 
17.348728 0.681097 0.724687 0.627164 0.161376 0.167869 0.085979 0.206650 0.123437 0.126082 
17.369443 0.738516 0.706530 0.613696 0.157347 0.164202 0.087903 0.192581 0.133658 0.123797 
17.390159 0.764670 0.657648 0.597342 0.150974 0.155002 0.087903 0.182359 0.150192 0.115560 
17.410873 0.779581 0.645202 0.589045 0.145503 0.155123 0.087783 0.161436 0.175986 0.109007 
17.431588 0.726912 0.642436 0.585137 0.142316 0.151696 0.088564 0.155243 0.195286 0.104016 
17.452303 0.703704 0.656926 0.580447 0.129810 0.151455 0.089707 0.143519 0.198773 0.115620 
17.473018 0.643458 0.682480 0.587542 0.128607 0.156866 0.088384 0.134079 0.193122 0.119168 
17.493732 0.613877 0.694986 0.615801 0.127164 0.154762 0.096982 0.121934 0.186989 0.128848 
17.514447 0.591751 0.717051 0.668350 0.127465 0.163781 0.103175 0.123677 0.160895 0.134560 
17.535163 0.606902 0.731481 0.704726 0.124639 0.184103 0.112314 0.128187 0.149651 0.149591 
17.555878 0.623377 0.724086 0.742544 0.128247 0.197090 0.119468 0.135582 0.137205 0.170755 
17.576592 0.638107 0.700216 0.777958 0.146044 0.207251 0.128848 0.149170 0.143098 0.193783 
17.597307 0.640813 0.664683 0.808682 0.150673 0.232443 0.133899 0.149711 0.145142 0.203163 
17.618022 0.648930 0.619769 0.847884 0.165224 0.252886 0.132756 0.153499 0.159031 0.208454 
17.638737 0.659392 0.591570 0.870130 0.182179 0.260221 0.139310 0.159572 0.165945 0.190115 
17.659451 0.678872 0.582431 0.883177 0.186989 0.262686 0.155123 0.153139 0.178692 0.169372 
17.680167 0.705507 0.570767 0.874940 0.192881 0.261063 0.184704 0.141595 0.189695 0.164262 
17.700882 0.721020 0.580447 0.846621 0.182179 0.243206 0.201840 0.135161 0.185967 0.157468 
17.721597 0.707371 0.584957 0.811568 0.169733 0.234848 0.219036 0.125481 0.168050 0.167268 
17.742311 0.689274 0.601732 0.740440 0.166186 0.220899 0.238877 0.123016 0.158009 0.185426 
17.763026 0.659392 0.622475 0.688432 0.157047 0.195467 0.236472 0.124519 0.142557 0.180315 
17.783741 0.649170 0.643458 0.645683 0.155784 0.185245 0.236231 0.123978 0.128728 0.183261 
17.804456 0.629750 0.660654 0.596080 0.155844 0.168290 0.222042 0.123016 0.126263 0.184764 
17.825171 0.649170 0.645743 0.592232 0.162819 0.165404 0.194084 0.128126 0.121513 0.173882 
17.845886 0.633658 0.617124 0.607143 0.168410 0.155123 0.190416 0.123016 0.132816 0.176828 
17.866601 0.645202 0.606000 0.641294 0.168110 0.163781 0.183381 0.133718 0.148449 0.178090 
17.887316 0.644781 0.602213 0.677609 0.170575 0.164382 0.181999 0.139971 0.167148 0.168470 
17.908031 0.646885 0.617424 0.686989 0.168170 0.175084 0.175746 0.151335 0.165825 0.161255 
17.928745 0.671176 0.643999 0.678932 0.164382 0.176166 0.173040 0.169072 0.184464 0.163119 
17.949460 0.689153 0.670635 0.668891 0.166186 0.186748 0.194264 0.196188 0.197691 0.151395 
17.970176 0.698593 0.674723 0.654461 0.170755 0.192100 0.202140 0.234909 0.195587 0.141474 
17.990891 0.722282 0.667929 0.629088 0.169493 0.197451 0.228475 0.263288 0.197270 0.136183 
18.011605 0.712722 0.665464 0.627826 0.164202 0.191077 0.231121 0.277958 0.190717 0.130952 
18.032320 0.714045 0.648990 0.626263 0.158189 0.187229 0.228415 0.295334 0.184885 0.129028 
18.053035 0.690176 0.657047 0.601611 0.154702 0.182780 0.198894 0.285474 0.194925 0.133838 
18.073750 0.680315 0.669793 0.581770 0.151455 0.169192 0.178271 0.256313 0.189214 0.137085 
18.094464 0.651575 0.693482 0.575697 0.152357 0.149832 0.160835 0.229738 0.182359 0.154101 
18.115180 0.654942 0.699495 0.579245 0.161255 0.141775 0.144601 0.198232 0.169733 0.169072 
18.135895 0.657047 0.692460 0.575697 0.159392 0.133658 0.151154 0.178632 0.153199 0.192941 
18.156610 0.663961 0.692821 0.608766 0.170515 0.122234 0.161015 0.167629 0.136243 0.206409 
18.177324 0.664923 0.692400 0.650914 0.161015 0.108285 0.169312 0.162879 0.126984 0.215428 
18.198039 0.646645 0.697631 0.649351 0.158971 0.096982 0.176227 0.168170 0.129870 0.218254 
18.218754 0.624699 0.733947 0.667208 0.154702 0.096681 0.180616 0.182720 0.133117 0.204425 
18.239469 0.597222 0.753788 0.623316 0.160474 0.097403 0.164683 0.176888 0.143218 0.187530 
18.260184 0.582912 0.753066 0.597162 0.174964 0.104257 0.160233 0.180315 0.166005 0.173521 
18.280899 0.579786 0.774711 0.570467 0.170455 0.120671 0.150192 0.186448 0.175024 0.150553 
18.301614 0.596441 0.762386 0.565536 0.171116 0.141474 0.144180 0.180135 0.174363 0.136544 
18.322329 0.618747 0.736291 0.579485 0.166005 0.154642 0.132456 0.183742 0.170515 0.144901 
18.343043 0.657708 0.718555 0.581229 0.166126 0.174002 0.133838 0.179052 0.162698 0.140873 
18.363758 0.681758 0.715729 0.578463 0.156445 0.198834 0.138348 0.172559 0.153379 0.153800 
18.384473 0.691619 0.697571 0.595238 0.159091 0.215368 0.146886 0.160714 0.158069 0.156445 
18.405189 0.695887 0.708754 0.611772 0.164502 0.220960 0.148569 0.157768 0.161135 0.161135 
18.425903 0.697451 0.733405 0.648088 0.172559 0.222282 0.159452 0.146465 0.169974 0.167749 
18.446618 0.668771 0.735991 0.688011 0.177730 0.222282 0.168110 0.132456 0.174844 0.150132 
18.467333 0.625782 0.706770 0.721922 0.180375 0.223846 0.171597 0.126563 0.174663 0.159692 
18.488048 0.593615 0.671116 0.766294 0.170875 0.199495 0.180075 0.137506 0.180375 0.155784 
18.508762 0.579966 0.618747 0.773809 0.150854 0.187771 0.180014 0.135642 0.181999 0.163961 
18.529477 0.567641 0.585378 0.784211 0.143038 0.171777 0.173761 0.149291 0.190536 0.174062 
18.550193 0.597823 0.564274 0.790404 0.139250 0.163660 0.171837 0.173822 0.195467 0.181758 
18.570908 0.616582 0.584115 0.779221 0.138769 0.163059 0.167629 0.197150 0.196188 0.198954 
18.591622 0.631253 0.574916 0.796116 0.135582 0.157107 0.159933 0.221801 0.184404 0.199435 
18.612337 0.658009 0.568723 0.791727 0.137205 0.162278 0.152056 0.227633 0.169252 0.197571 
18.633052 0.674543 0.573773 0.810245 0.143218 0.172980 0.144420 0.230038 0.156506 0.189634 
18.653767 0.684103 0.572932 0.812290 0.141534 0.176888 0.140813 0.223184 0.137085 0.181878 
18.674481 0.676407 0.571789 0.826539 0.134440 0.178511 0.145863 0.225529 0.131554 0.164021 
18.695197 0.674363 0.585317 0.831469 0.134319 0.184584 0.142496 0.224687 0.134981 0.152537 
18.715912 0.660714 0.596380 0.788781 0.132155 0.188913 0.150313 0.214045 0.141835 0.144060 
18.736627 0.660173 0.622775 0.753848 0.134139 0.186989 0.154221 0.206590 0.147607 0.144661 
18.757341 0.669793 0.637085 0.697210 0.142316 0.190717 0.151034 0.206710 0.158129 0.157708 
18.778056 0.686027 0.672860 0.650613 0.150253 0.193783 0.145082 0.177068 0.171477 0.164382 
18.798772 0.725228 0.728896 0.612013 0.157828 0.187831 0.148208 0.164502 0.173822 0.184103 
18.819487 0.729678 0.782047 0.578583 0.153259 0.192160 0.155664 0.148810 0.175866 0.201479 
18.840201 0.753307 0.826359 0.562710 0.155123 0.179654 0.173160 0.137326 0.175926 0.213023 
18.860916 0.750301 0.837061 0.575517 0.154882 0.180916 0.185245 0.133598 0.164141 0.225589 
18.881631 0.750721 0.837422 0.557359 0.148990 0.178331 0.198172 0.127225 0.156325 0.242124 
18.902346 0.745551 0.786676 0.566679 0.144541 0.173822 0.198473 0.127826 0.136785 0.240861 
18.923060 0.730038 0.740861 0.567941 0.143398 0.177309 0.196368 0.134139 0.119829 0.224447 
18.943776 0.687290 0.682900 0.594396 0.138709 0.198593 0.200758 0.134079 0.105820 0.206169 
18.964491 0.664683 0.632275 0.593434 0.131854 0.199134 0.192400 0.132155 0.107804 0.188312 
18.985206 0.647306 0.574375 0.583995 0.132997 0.206109 0.183862 0.131193 0.116643 0.161797 
19.005920 0.649892 0.543350 0.591631 0.122234 0.208814 0.188672 0.128728 0.128728 0.149110 
19.026635 0.654341 0.527056 0.569204 0.121332 0.199555 0.185005 0.123737 0.155243 0.135221 
19.047350 0.665164 0.531265 0.568543 0.131433 0.189093 0.184043 0.132456 0.175204 0.125541 
19.068065 0.688612 0.545695 0.562590 0.135522 0.182419 0.191438 0.129088 0.188913 0.115741 
19.088780 0.731061 0.566258 0.575818 0.143819 0.170214 0.180435 0.153018 0.196429 0.113516 
19.109495 0.762566 0.585197 0.584656 0.147908 0.162037 0.179353 0.169372 0.192941 0.118687 
19.130210 0.754750 0.608826 0.611412 0.147547 0.145382 0.169493 0.200156 0.183622 0.108646 
19.150925 0.733826 0.643879 0.647607 0.149170 0.133899 0.166306 0.209536 0.175024 0.103656 
19.171639 0.670815 0.677249 0.659873 0.150854 0.138408 0.162458 0.221020 0.163961 0.098906 
19.192354 0.616342 0.684524 0.666005 0.144901 0.147908 0.168951 0.221621 0.163360 0.087422 
19.213069 0.563793 0.717893 0.662037 0.135041 0.153319 0.165284 0.215428 0.159632 0.083093 
19.233785 0.543831 0.722042 0.649832 0.135402 0.162879 0.168110 0.206890 0.157949 0.084536 
19.254499 0.544913 0.736352 0.655904 0.137686 0.162097 0.168771 0.197150 0.155604 0.093855 
19.275214 0.563131 0.752164 0.669012 0.140512 0.164322 0.169673 0.184704 0.156866 0.094036 
19.295929 0.588324 0.765031 0.697751 0.146585 0.157347 0.174182 0.174543 0.165043 0.107864 
19.316644 0.615681 0.758237 0.743807 0.156385 0.148749 0.188071 0.174904 0.176888 0.117484 
19.337358 0.627345 0.744889 0.760582 0.169553 0.139069 0.207492 0.181938 0.184464 0.134560 
19.358073 0.630531 0.707732 0.786436 0.173521 0.121392 0.230219 0.191198 0.195527 0.151696 
19.378789 0.630592 0.684824 0.783430 0.174603 0.108646 0.239598 0.203283 0.203824 0.176467 
19.399504 0.657648 0.653680 0.738937 0.170635 0.090428 0.252465 0.204666 0.203343 0.183622 
19.420218 0.670936 0.626804 0.730399 0.154040 0.080868 0.247354 0.204305 0.202862 0.188312 
19.440933 0.663961 0.606000 0.701239 0.152056 0.080507 0.226852 0.188853 0.207431 0.183622 
19.461648 0.657528 0.605700 0.703102 0.144360 0.086039 0.210738 0.189695 0.207371 0.168350 
19.482363 0.643759 0.604618 0.704425 0.146044 0.095358 0.184343 0.181878 0.196368 0.158971 
19.503078 0.603956 0.629569 0.715248 0.148810 0.106902 0.171116 0.176527 0.186388 0.151094 
19.523793 0.593915 0.666306 0.735871 0.156866 0.130772 0.161255 0.175084 0.190176 0.146825 
19.544508 0.603114 0.718675 0.752826 0.152838 0.152116 0.149892 0.175625 0.184764 0.147306 
19.565223 0.621934 0.748918 0.751323 0.163841 0.160835 0.147727 0.171537 0.184945 0.146284 
19.585938 0.667388 0.769601 0.803391 0.167448 0.175265 0.140873 0.167148 0.179894 0.147186 
19.606652 0.682961 0.752104 0.811388 0.161977 0.185847 0.138468 0.174543 0.168350 0.144481 
19.627367 0.702140 0.718555 0.831950 0.160414 0.190957 0.137025 0.178451 0.162698 0.144841 
19.648082 0.694264 0.699254 0.819745 0.157528 0.202501 0.129870 0.177128 0.150313 0.141895 
19.668797 0.695046 0.695046 0.786857 0.172679 0.201539 0.131734 0.179353 0.150854 0.138468 
19.689512 0.702140 0.699315 0.745671 0.169733 0.207672 0.124940 0.172980 0.143338 0.129449 
19.710227 0.707852 0.685065 0.663660 0.179413 0.197210 0.123016 0.169673 0.142496 0.118086 
19.730942 0.706710 0.717112 0.631373 0.188492 0.212181 0.133418 0.175746 0.132456 0.117304 
19.751657 0.695286 0.716029 0.576720 0.198533 0.200337 0.138107 0.188612 0.136364 0.109969 
19.772371 0.702321 0.706770 0.567460 0.202742 0.187049 0.138889 0.204365 0.144601 0.111291 
19.793086 0.692761 0.724747 0.566679 0.211400 0.168831 0.148509 0.216871 0.139250 0.118867 
19.813802 0.689574 0.690356 0.581409 0.208454 0.155664 0.149711 0.211159 0.141715 0.130592 
19.834517 0.672559 0.693603 0.569805 0.209355 0.146405 0.136364 0.211099 0.136003 0.152237 
19.855231 0.652297 0.672920 0.595659 0.204666 0.132816 0.123437 0.187169 0.137085 0.155604 
19.875946 0.665825 0.642556 0.614418 0.200397 0.143519 0.114658 0.177790 0.131313 0.155664 
19.896661 0.642496 0.593013 0.637446 0.189815 0.158850 0.120491 0.164743 0.132215 0.162819 
19.917376 0.628247 0.565657 0.652537 0.188312 0.186027 0.132516 0.161436 0.127525 0.159392 
19.938090 0.594276 0.552068 0.643278 0.190717 0.194625 0.141775 0.155664 0.137085 0.162939 
19.958806 0.595118 0.554533 0.631493 0.185005 0.202561 0.154161 0.152116 0.146284 0.186448 
19.979521 0.590127 0.560666 0.583033 0.184885 0.201960 0.167629 0.139310 0.147367 0.198112 
20.000236 0.631554 0.577441 0.564394 0.173040 0.198533 0.189334 0.135582 0.141955 0.203583 
20.020950 0.681157 0.593314 0.541005 0.170575 0.182059 0.196308 0.130592 0.133959 0.210678 
20.041665 0.738215 0.613276 0.566138 0.166246 0.183862 0.209295 0.121693 0.132696 0.201840 
20.062380 0.774050 0.605459 0.591931 0.150734 0.178872 0.213143 0.121032 0.129509 0.185065 
20.083095 0.784091 0.607864 0.633598 0.139971 0.179594 0.229076 0.120972 0.135522 0.173461 
20.103810 0.750361 0.619228 0.659993 0.145262 0.174122 0.236592 0.113696 0.156265 0.174723 
20.124525 0.735690 0.642677 0.710498 0.147787 0.176227 0.235871 0.116282 0.176708 0.183141 
20.145240 0.715729 0.682660 0.725649 0.148870 0.175866 0.237374 0.117905 0.196188 0.197391 
20.165955 0.695767 0.709596 0.737734 0.163841 0.174363 0.212843 0.122655 0.209175 0.210438 
20.186669 0.682359 0.740921 0.742424 0.171717 0.165645 0.195106 0.131373 0.222944 0.218314 
20.207384 0.663600 0.768639 0.717532 0.164622 0.173581 0.180976 0.145142 0.229197 0.227453 
20.228099 0.640212 0.758297 0.687410 0.165404 0.178932 0.175084 0.154822 0.219096 0.231481 
20.248815 0.621693 0.715789 0.658249 0.162458 0.192821 0.167869 0.165404 0.197811 0.213925 
20.269529 0.579726 0.674904 0.650373 0.154882 0.196910 0.163961 0.168651 0.179774 0.205688 
20.290244 0.575998 0.665404 0.674303 0.151335 0.200637 0.163480 0.170695 0.156686 0.188733 
20.310959 0.571609 0.639731 0.701960 0.161436 0.191619 0.154582 0.178151 0.136183 0.183321 
20.331674 0.579125 0.632516 0.746693 0.166126 0.190897 0.159392 0.168050 0.134500 0.163119 
20.352388 0.561688 0.633417 0.764189 0.165825 0.184945 0.163360 0.169673 0.134440 0.151996 
20.373103 0.577381 0.640693 0.765993 0.158069 0.181337 0.166306 0.173220 0.145322 0.133538 
20.393819 0.588384 0.666787 0.727453 0.156385 0.189454 0.176768 0.167689 0.156626 0.128006 
20.414534 0.621813 0.697030 0.674122 0.156025 0.204906 0.188492 0.164863 0.170034 0.121392 
20.435248 0.647667 0.724567 0.639129 0.161075 0.221861 0.207912 0.148749 0.172559 0.123797 
20.455963 0.683682 0.763528 0.585798 0.157528 0.234067 0.212843 0.158189 0.180315 0.123196 
20.476678 0.743446 0.769901 0.581349 0.160233 0.247595 0.217112 0.154762 0.178872 0.134259 
20.497394 0.803451 0.767737 0.617424 0.157407 0.254569 0.204846 0.153018 0.177309 0.138588 
20.518108 0.823834 0.756674 0.655363 0.158550 0.243927 0.180916 0.149832 0.163059 0.146465 
20.538823 0.828583 0.713805 0.680315 0.153319 0.237494 0.156085 0.144300 0.156626 0.158129 
20.559538 0.790344 0.668110 0.700878 0.156265 0.219036 0.143398 0.154822 0.144841 0.155483 
20.580253 0.740440 0.624158 0.693182 0.154702 0.199254 0.133538 0.161436 0.145022 0.152778 
20.600967 0.695286 0.592593 0.691138 0.148930 0.187410 0.128126 0.166426 0.132816 0.138829 
20.621682 0.662698 0.573473 0.674723 0.153319 0.179473 0.123617 0.173220 0.135943 0.129269 
20.642398 0.650012 0.571188 0.681217 0.154461 0.175986 0.132997 0.183442 0.129329 0.119108 
20.663113 0.683021 0.579666 0.650433 0.159151 0.163059 0.133297 0.184824 0.128307 0.112073 
20.683827 0.701299 0.597222 0.642977 0.158189 0.161616 0.135041 0.201239 0.131854 0.116462 
20.704542 0.711520 0.612374 0.628968 0.154942 0.148389 0.143639 0.207492 0.143458 0.124218 
