# concentrations: 0.666667 0.166667 0.166667
0.010772 0.000000 0.000000 0.000000 0.000000 0.000000 0.000000 0.000000 0.000000 0.000000 
0.032316 0.000000 0.000000 0.000000 0.000000 0.000000 0.000000 0.000000 0.000000 0.000000 
0.053861 0.000000 0.000000 0.000000 0.000000 0.000000 0.000000 0.000000 0.000000 0.000000 
0.075405 0.000000 0.000000 0.000000 0.000000 0.000000 0.000000 0.000000 0.000000 0.000000 
0.096949 0.000000 0.000000 0.000000 0.000000 0.000000 0.000000 0.000000 0.000000 0.000000 
0.118494 0.000000 0.000000 0.000000 0.000000 0.000000 0.000000 0.000000 0.000000 0.000000 
0.140038 0.000000 0.000000 0.000000 0.000000 0.000000 0.000000 0.000000 0.000000 0.000000 
0.161582 0.000000 0.000000 0.000000 0.000000 0.000000 0.000000 0.000000 0.000000 0.000000 
0.183127 0.000000 0.000000 0.000000 0.000000 0.000000 0.000000 0.000000 0.000000 0.000000 
0.204671 0.000000 0.000000 0.000000 0.000000 0.000000 0.000000 0.000000 0.000000 0.000000 
0.226215 0.000000 0.000000 0.000000 0.000000 0.000000 0.000000 0.000000 0.000000 0.000000 
0.247759 0.000000 0.000000 0.000000 0.000000 0.000000 0.000000 0.000000 0.000000 0.000000 
0.269304 0.000000 0.000000 0.000000 0.000000 0.000000 0.000000 0.000000 0.000000 0.000000 
0.290848 0.000000 0.000000 0.000000 0.000000 0.000000 0.000000 0.000000 0.000000 0.000000 
0.312392 0.000000 0.000000 0.000000 0.000000 0.000000 0.000000 0.000000 0.000000 0.000000 
0.333937 0.000000 0.000000 0.000000 0.000000 0.000000 0.000000 0.000000 0.000000 0.000000 
0.355481 0.000000 0.000000 0.000000 0.000000 0.000000 0.000000 0.000000 0.000000 0.000000 
0.377025 0.000000 0.000000 0.000000 0.000000 0.000000 0.000000 0.000000 0.000000 0.000000 
0.398570 0.000000 0.000000 0.000000 0.000000 0.000000 0.000000 0.000000 0.000000 0.000000 
0.420114 0.000000 0.000000 0.000000 0.000000 0.000000 0.000000 0.000000 0.000000 0.000000 
0.441658 0.000000 0.000000 0.000000 0.000000 0.000000 0.000000 0.000000 0.000000 0.000000 
0.463202 0.000000 0.000000 0.000000 0.000000 0.000000 0.000000 0.000000 0.000000 0.000000 
0.484747 0.000000 0.000000 0.000000 0.000000 0.000000 0.000000 0.000000 0.000000 0.000000 
0.506291 0.000000 0.000000 0.000000 0.000000 0.000000 0.000000 0.000000 0.000000 0.000000 
0.527835 0.000000 0.000000 0.000000 0.000000 0.000000 0.000000 0.000000 0.000000 0.000000 
0.549380 0.000000 0.000000 0.000000 0.000000 0.000000 0.000000 0.000000 0.000000 0.000000 
0.570924 0.000000 0.000000 0.000000 0.000000 0.000000 0.000000 0.000000 0.000000 0.000000 
0.592468 0.000000 0.000000 0.000000 0.000000 0.000000 0.000000 0.000000 0.000000 0.000000 
0.614013 0.000000 0.000000 0.000000 0.000000 0.000000 0.000000 0.000000 0.000000 0.000000 
0.635557 0.000000 0.000000 0.000000 0.000000 0.000000 0.000000 0.000000 0.000000 0.000000 
0.657101 0.000000 0.000000 0.000000 0.000000 0.000000 0.000000 0.000000 0.000000 0.000000 
0.678645 0.000000 0.000000 0.000000 0.000000 0.000000 0.000000 0.000000 0.000000 0.000000 
0.700190 0.000000 0.000000 0.000000 0.000000 0.000000 0.000000 0.000000 0.000000 0.000000 
0.721734 0.000000 0.000044 0.000000 0.000044 0.000000 0.000000 0.000000 0.000000 0.000000 
0.743278 0.000000 0.005323 0.000000 0.005323 0.000028 0.000056 0.000000 0.000056 0.000000 
0.764823 0.000000 0.095551 0.000000 0.095551 0.000633 0.002743 0.000000 0.002743 0.000000 
0.786367 0.000000 0.593469 0.000000 0.593469 0.008337 0.039045 0.000000 0.039045 0.000000 
0.807911 0.000000 1.756639 0.000254 1.756639 0.050583 0.211296 0.000254 0.211296 0.000000 
0.829456 0.000000 3.187632 0.008188 3.187632 0.154424 0.608776 0.008188 0.608776 0.000359 
0.851000 0.000000 4.180825 0.103119 4.180825 0.318304 1.149660 0.103119 1.149660 0.008717 
0.872544 0.000015 4.446431 0.524231 4.446431 0.511811 1.632077 0.524231 1.632077 0.067271 
0.894088 0.000796 4.144114 1.462839 4.144114 0.685961 1.925896 1.462839 1.925896 0.233700 
0.915633 0.015767 3.593132 2.661043 3.593132 0.801354 1.986705 2.661043 1.986705 0.536304 
0.937177 0.121797 2.975650 3.625127 2.975650 0.875480 1.909784 3.625127 1.909784 0.912264 
0.958721 0.472662 2.415485 4.062373 2.415485 0.891993 1.752041 4.062373 1.752041 1.225010 
0.980266 1.146309 1.949574 4.004651 1.949574 0.899097 1.576201 4.004651 1.576201 1.423558 
1.001810 1.978120 1.583096 3.619674 1.583096 0.892542 1.408726 3.619674 1.408726 1.497844 
1.023354 2.691405 1.297214 3.123083 1.297214 0.867147 1.238572 3.123083 1.238572 1.471727 
1.044899 3.084345 1.078584 2.607178 1.078584 0.848823 1.111040 2.607178 1.111040 1.397951 
1.066443 3.150020 0.915682 2.146972 0.915682 0.840816 1.009675 2.146972 1.009675 1.279479 
1.087987 2.983402 0.789177 1.772716 0.789177 0.825486 0.920676 1.772716 0.920676 1.175434 
1.109531 2.680676 0.689981 1.461165 0.689981 0.817125 0.845260 1.461165 0.845260 1.059675 
1.131076 2.333991 0.616281 1.220383 0.616281 0.821796 0.797573 1.220383 0.797573 0.959249 
1.152620 2.001423 0.556722 1.030247 0.556722 0.838496 0.758876 1.030247 0.758876 0.880986 
1.174164 1.704342 0.514518 0.879027 0.514518 0.849099 0.730315 0.879027 0.730315 0.818925 
1.195709 1.451029 0.482720 0.766986 0.482720 0.866352 0.711459 0.766986 0.711459 0.754780 
1.217253 1.241541 0.461154 0.676770 0.461154 0.897219 0.704320 0.676770 0.704320 0.724920 
1.238797 1.072422 0.445958 0.606912 0.445958 0.925971 0.703797 0.606912 0.703797 0.686849 
1.260342 0.937625 0.438564 0.553215 0.438564 0.966641 0.708095 0.553215 0.708095 0.661168 
1.281886 0.828494 0.434247 0.512699 0.434247 1.010856 0.728636 0.512699 0.728636 0.644639 
1.303430 0.745088 0.437967 0.483657 0.437967 1.042520 0.748012 0.483657 0.748012 0.635904 
1.324974 0.679376 0.447406 0.462439 0.447406 1.084079 0.779317 0.462439 0.779317 0.635774 
1.346519 0.628209 0.462031 0.448510 0.462031 1.124423 0.815055 0.448510 0.815055 0.639724 
1.368063 0.589960 0.481775 0.439739 0.481775 1.154396 0.856647 0.439739 0.856647 0.649405 
1.389607 0.564237 0.508554 0.440213 0.508554 1.181750 0.896718 0.440213 0.896718 0.676341 
1.411152 0.545917 0.539408 0.444812 0.539408 1.196978 0.946483 0.444812 0.946483 0.704748 
1.432696 0.539567 0.577508 0.455941 0.577508 1.216036 0.988434 0.455941 0.988434 0.735004 
1.454240 0.537995 0.623951 0.474110 0.623951 1.226490 1.039600 0.474110 1.039600 0.777094 
1.475785 0.545271 0.674376 0.496868 0.674376 1.213509 1.078125 0.496868 1.078125 0.822503 
1.497329 0.560488 0.732509 0.528714 0.732509 1.215716 1.118164 0.528714 1.118164 0.872112 
1.518873 0.582680 0.792262 0.563426 0.792262 1.221572 1.146086 0.563426 1.146086 0.930249 
1.540417 0.614051 0.856918 0.611074 0.856918 1.215205 1.169392 0.611074 1.169392 0.999179 
1.561962 0.654045 0.925069 0.663612 0.925069 1.231429 1.193676 0.663612 1.193676 1.055132 
1.583506 0.698716 0.985514 0.724461 0.985514 1.238662 1.203746 0.724461 1.203746 1.112285 
1.605050 0.751004 1.043954 0.790684 1.043954 1.260303 1.207240 0.790684 1.207240 1.160927 
1.626595 0.807934 1.097919 0.861833 1.097919 1.275640 1.216120 0.861833 1.216120 1.210810 
1.648139 0.867198 1.142496 0.933975 1.142496 1.298283 1.221268 0.933975 1.221268 1.244047 
1.669683 0.926112 1.180620 1.001095 1.180620 1.313870 1.237519 1.001095 1.237519 1.266761 
1.691228 0.978055 1.207161 1.063881 1.207161 1.315172 1.253817 1.063881 1.253817 1.280973 
1.712772 1.027546 1.232630 1.119846 1.232630 1.293296 1.272922 1.119846 1.272922 1.294159 
1.734316 1.070196 1.250951 1.166192 1.250951 1.263822 1.295462 1.166192 1.295462 1.286947 
1.755860 1.107210 1.268617 1.199498 1.268617 1.210750 1.306584 1.199498 1.306584 1.300393 
1.777405 1.137409 1.285095 1.223557 1.285095 1.157399 1.314301 1.223557 1.314301 1.308318 
1.798949 1.163663 1.303916 1.244351 1.303916 1.095147 1.297674 1.244351 1.297674 1.319349 
1.820493 1.179494 1.316968 1.253624 1.316968 1.034849 1.271192 1.253624 1.271192 1.327648 
1.842038 1.191066 1.325640 1.263370 1.325640 0.971445 1.234426 1.263370 1.234426 1.333288 
1.863582 1.195491 1.323360 1.270893 1.323360 0.917517 1.179894 1.270893 1.179894 1.329792 
1.885126 1.192838 1.307978 1.277664 1.307978 0.864318 1.123511 1.277664 1.123511 1.322587 
1.906671 1.187865 1.280538 1.285695 1.280538 0.826896 1.065326 1.285695 1.065326 1.290903 
1.928215 1.181931 1.246380 1.290654 1.246380 0.789477 1.005893 1.290654 1.005893 1.258181 
1.949759 1.176791 1.199154 1.289188 1.199154 0.765752 0.948910 1.289188 0.948910 1.209501 
1.971303 1.171586 1.148332 1.278519 1.148332 0.754472 0.899449 1.278519 0.899449 1.152545 
1.992848 1.167430 1.091904 1.257679 1.091904 0.734691 0.850713 1.257679 0.850713 1.097312 
2.014392 1.165039 1.041171 1.227501 1.041171 0.731568 0.821513 1.227501 0.821513 1.034976 
2.035936 1.160032 0.991586 1.186715 0.991586 0.730057 0.788501 1.186715 0.788501 0.978103 
2.057481 1.151794 0.946235 1.141016 0.946235 0.740652 0.765892 1.141016 0.765892 0.924256 
2.079025 1.137020 0.906608 1.094382 0.906608 0.745027 0.747572 1.094382 0.747572 0.876986 
2.100569 1.116069 0.873543 1.044170 0.873543 0.762042 0.740277 1.044170 0.740277 0.836477 
2.122114 1.088975 0.848049 0.997253 0.848049 0.782136 0.733013 0.997253 0.733013 0.806096 
2.143658 1.056367 0.828519 0.952938 0.828519 0.805182 0.741364 0.952938 0.741364 0.777334 
2.165202 1.022946 0.813524 0.910575 0.813524 0.831872 0.751156 0.910575 0.751156 0.756764 
2.186746 0.988929 0.805666 0.878523 0.805666 0.859425 0.759725 0.878523 0.759725 0.744949 
2.208291 0.953383 0.802608 0.851153 0.802608 0.891409 0.775559 0.851153 0.775559 0.737999 
2.229835 0.921055 0.807457 0.829517 0.807457 0.925048 0.800392 0.829517 0.800392 0.737866 
2.251379 0.893109 0.813867 0.813010 0.813867 0.956403 0.825348 0.813010 0.825348 0.741039 
2.272924 0.868821 0.826569 0.803791 0.826569 0.987322 0.851363 0.803791 0.851363 0.751900 
2.294468 0.849452 0.841175 0.800153 0.841175 1.017750 0.880778 0.800153 0.880778 0.763886 
2.316012 0.837424 0.856663 0.801006 0.856663 1.046787 0.913463 0.801006 0.913463 0.791768 
2.337556 0.828954 0.879398 0.809341 0.879398 1.071597 0.944692 0.809341 0.944692 0.807477 
2.359101 0.826603 0.900646 0.820101 0.900646 1.092325 0.975280 0.820101 0.975280 0.837884 
2.380645 0.828972 0.925753 0.836132 0.925753 1.110840 1.009873 0.836132 1.009873 0.868230 
2.402189 0.837638 0.949791 0.854319 0.949791 1.122364 1.038009 0.854319 1.038009 0.899211 
2.423734 0.849776 0.975256 0.876814 0.975256 1.132508 1.059068 0.876814 1.059068 0.934221 
2.445278 0.865997 0.999250 0.900507 0.999250 1.139060 1.087303 0.900507 1.087303 0.966593 
2.466822 0.885311 1.019365 0.926496 1.019365 1.144450 1.105716 0.926496 1.105716 0.993368 
2.488367 0.908097 1.040330 0.953357 1.040330 1.138672 1.118646 0.953357 1.118646 1.029145 
2.509911 0.930659 1.056368 0.977945 1.056368 1.139237 1.131200 0.977945 1.131200 1.057023 
2.531455 0.955400 1.070634 1.002706 1.070634 1.134682 1.138256 1.002706 1.138256 1.083220 
2.553000 0.979690 1.083325 1.027222 1.083325 1.124944 1.144203 1.027222 1.144203 1.104354 
2.574544 1.002986 1.090756 1.048300 1.090756 1.116508 1.142215 1.048300 1.142215 1.117872 
2.596088 1.025683 1.097844 1.064951 1.097844 1.108327 1.138928 1.064951 1.138928 1.129728 
2.617633 1.045282 1.099603 1.080342 1.099603 1.094284 1.136172 1.080342 1.136172 1.140066 
2.639177 1.063164 1.099306 1.092849 1.099306 1.082016 1.126316 1.092849 1.126316 1.143323 
2.660721 1.078056 1.093424 1.100484 1.093424 1.072590 1.117262 1.100484 1.117262 1.146424 
2.682265 1.090324 1.091349 1.105109 1.091349 1.056745 1.104694 1.105109 1.104694 1.140820 
2.703810 1.097516 1.083017 1.107722 1.083017 1.039782 1.093074 1.107722 1.093074 1.135934 
2.725354 1.101881 1.075666 1.105036 1.075666 1.029205 1.082419 1.105036 1.082419 1.126338 
2.746898 1.103869 1.066721 1.103232 1.066721 1.014676 1.064620 1.103232 1.064620 1.114658 
2.768443 1.101656 1.056310 1.096618 1.056310 0.993317 1.052017 1.096618 1.052017 1.102776 
2.789987 1.097239 1.046854 1.087943 1.046854 0.978570 1.039351 1.087943 1.039351 1.088938 
2.811531 1.092037 1.036391 1.078111 1.036391 0.962253 1.023253 1.078111 1.023253 1.075926 
2.833075 1.083721 1.026597 1.068323 1.026597 0.952097 1.008763 1.068323 1.008763 1.063979 
2.854620 1.074082 1.017383 1.055922 1.017383 0.939774 0.990303 1.055922 0.990303 1.049906 
2.876164 1.063461 1.006752 1.045841 1.006752 0.929843 0.977513 1.045841 0.977513 1.034272 
2.897708 1.051908 0.996650 1.033855 0.996650 0.920092 0.965546 1.033855 0.965546 1.019216 
2.919253 1.039748 0.986076 1.022935 0.986076 0.920190 0.951344 1.022935 0.951344 1.006015 
2.940797 1.028995 0.976831 1.011959 0.976831 0.915772 0.941261 1.011959 0.941261 0.990135 
2.962341 1.018461 0.967932 1.001611 0.967932 0.915039 0.930813 1.001611 0.930813 0.975445 
2.983886 1.006045 0.958730 0.989975 0.958730 0.912690 0.923711 0.989975 0.923711 0.963642 
3.005430 0.997366 0.953079 0.980791 0.953079 0.919725 0.917817 0.980791 0.917817 0.949964 
3.026974 0.987816 0.944639 0.971841 0.944639 0.926118 0.916441 0.971841 0.916441 0.942110 
3.048518 0.979467 0.941731 0.963827 0.941731 0.934192 0.915379 0.963827 0.915379 0.931473 
3.070063 0.972201 0.937227 0.955469 0.937227 0.944107 0.914696 0.955469 0.914696 0.925040 
3.091607 0.965282 0.936344 0.948114 0.936344 0.952011 0.920279 0.948114 0.920279 0.919395 
3.113151 0.959094 0.936176 0.942448 0.936176 0.962473 0.927492 0.942448 0.927492 0.915109 
3.134696 0.953738 0.938688 0.939936 0.938688 0.974665 0.933414 0.939936 0.933414 0.917040 
3.156240 0.949192 0.942297 0.935277 0.942297 0.985214 0.941896 0.935277 0.941896 0.919036 
3.177784 0.946811 0.948700 0.934092 0.948700 0.994483 0.952467 0.934092 0.952467 0.921540 
3.199329 0.944051 0.955709 0.933115 0.955709 1.005841 0.964475 0.933115 0.964475 0.924906 
3.220873 0.942830 0.962897 0.936859 0.962897 1.018295 0.976450 0.936859 0.976450 0.934437 
3.242417 0.943506 0.970706 0.940863 0.970706 1.023588 0.986644 0.940863 0.986644 0.942821 
3.263961 0.944649 0.980900 0.945470 0.980900 1.031431 0.998574 0.945470 0.998574 0.954554 
3.285506 0.948019 0.989025 0.952630 0.989025 1.037600 1.005541 0.952630 1.005541 0.964535 
3.307050 0.951630 1.000383 0.961946 1.000383 1.039517 1.016659 0.961946 1.016659 0.976573 
3.328594 0.956877 1.008203 0.970450 1.008203 1.046107 1.025824 0.970450 1.025824 0.987061 
3.350139 0.964065 1.016150 0.980219 1.016150 1.044981 1.031014 0.980219 1.031014 1.004726 
3.371683 0.970761 1.024734 0.989728 1.024734 1.046458 1.040532 0.989728 1.040532 1.010680 
3.393227 0.978307 1.030681 1.000303 1.030681 1.049493 1.043810 1.000303 1.043810 1.021149 
3.414772 0.987198 1.034897 1.009158 1.034897 1.043677 1.048108 1.009158 1.048108 1.028019 
3.436316 0.994641 1.039362 1.017670 1.039362 1.041242 1.048705 1.017670 1.048705 1.036676 
3.457860 1.003565 1.041448 1.026082 1.041448 1.037055 1.048747 1.026082 1.048747 1.042480 
3.479404 1.011463 1.043923 1.032522 1.043923 1.034502 1.049150 1.032522 1.049150 1.049733 
3.500949 1.019419 1.043104 1.038006 1.043104 1.029095 1.046725 1.038006 1.046725 1.051678 
3.522493 1.025816 1.042859 1.042413 1.042859 1.022466 1.043154 1.042413 1.043154 1.052962 
3.544037 1.030986 1.040416 1.045096 1.040416 1.017308 1.039151 1.045096 1.039151 1.051424 
3.565582 1.035680 1.038206 1.045731 1.038206 1.012335 1.033881 1.045731 1.033881 1.051908 
3.587126 1.038392 1.034654 1.046940 1.034654 1.008071 1.031176 1.046940 1.031176 1.047765 
3.608670 1.040602 1.030584 1.046053 1.030584 1.002267 1.024107 1.046053 1.024107 1.042372 
3.630215 1.042390 1.024337 1.043682 1.024337 0.998839 1.016757 1.043682 1.016757 1.039524 
3.651759 1.041714 1.019580 1.039586 1.019580 0.989152 1.012841 1.039586 1.012841 1.035712 
3.673303 1.040422 1.013930 1.035876 1.013930 0.986995 1.004395 1.035876 1.004395 1.027299 
3.694847 1.038207 1.009024 1.031329 1.009024 0.982705 0.998397 1.031329 0.998397 1.023929 
3.716392 1.035198 1.003338 1.026198 1.003338 0.980774 0.993795 1.026198 0.993795 1.018598 
3.737936 1.031026 0.997998 1.020787 0.997998 0.977922 0.990116 1.020787 0.990116 1.010786 
3.759480 1.027030 0.992725 1.014733 0.992725 0.976861 0.984109 1.014733 0.984109 1.004087 
3.781025 1.021698 0.988240 1.009677 0.988240 0.975638 0.980999 1.009677 0.980999 0.995735 
3.802569 1.016512 0.983931 1.002164 0.983931 0.974151 0.978157 1.002164 0.978157 0.994356 
3.824113 1.010335 0.980295 0.997167 0.980295 0.975208 0.974451 0.997167 0.974451 0.989467 
3.845658 1.005513 0.977677 0.991554 0.977677 0.972925 0.973969 0.991554 0.973969 0.981487 
3.867202 1.000028 0.976486 0.987231 0.976486 0.976580 0.970081 0.987231 0.970081 0.980168 
3.888746 0.994872 0.974862 0.982133 0.974862 0.975734 0.970326 0.982133 0.970326 0.975263 
3.910290 0.990726 0.973440 0.979983 0.973440 0.978022 0.972242 0.979983 0.972242 0.972625 
3.931835 0.986377 0.973664 0.976323 0.973664 0.982482 0.972946 0.976323 0.972946 0.970635 
3.953379 0.982867 0.973707 0.974347 0.973707 0.983651 0.972602 0.974347 0.972602 0.972213 
3.974923 0.980208 0.974477 0.972488 0.974477 0.988611 0.975767 0.972488 0.975767 0.968368 
3.996468 0.977754 0.974983 0.971329 0.974983 0.990059 0.978219 0.971329 0.978219 0.969460 
4.018012 0.975786 0.978193 0.971611 0.978193 0.996068 0.980644 0.971611 0.980644 0.970493 
4.039556 0.974853 0.980065 0.971580 0.980065 0.999118 0.985678 0.971580 0.985678 0.972506 
4.061100 0.974453 0.983142 0.973662 0.983142 1.003912 0.987140 0.973662 0.987140 0.972933 
4.082645 0.975041 0.985982 0.975018 0.985982 1.008894 0.992277 0.975018 0.992277 0.978472 
4.104189 0.975853 0.989309 0.976672 0.989309 1.011336 0.997123 0.976672 0.997123 0.982182 
4.125733 0.977043 0.992647 0.979680 0.992647 1.011025 0.999594 0.979680 0.999594 0.985138 
4.147278 0.979198 0.995932 0.982002 0.995932 1.014651 1.004870 0.982002 1.004870 0.988612 
4.168822 0.980998 0.999778 0.985702 0.999778 1.017018 1.009125 0.985702 1.009125 0.992522 
4.190366 0.983686 1.003162 0.989446 1.003162 1.018505 1.011380 0.989446 1.011380 0.996371 
4.211911 0.986447 1.006855 0.992294 1.006855 1.019127 1.014588 0.992294 1.014588 1.001514 
4.233455 0.989950 1.009901 0.996646 1.009901 1.019305 1.014684 0.996646 1.014684 1.006891 
4.254999 0.992338 1.011982 1.000143 1.011982 1.020539 1.017839 1.000143 1.017839 1.009463 
4.276544 0.995904 1.014872 1.003942 1.014872 1.017773 1.018689 1.003942 1.018689 1.011381 
4.298088 0.999575 1.015491 1.006782 1.015491 1.018257 1.019827 1.006782 1.019827 1.014492 
4.319632 1.001791 1.017333 1.010614 1.017333 1.016822 1.018830 1.010614 1.018830 1.017937 
4.341177 1.005271 1.017917 1.012117 1.017917 1.012557 1.019752 1.012117 1.019752 1.019768 
4.362721 1.008128 1.017990 1.015273 1.017990 1.011595 1.020204 1.015273 1.020204 1.023610 
4.384265 1.010675 1.018420 1.017649 1.018420 1.009078 1.017781 1.017649 1.017781 1.022901 
4.405809 1.012655 1.018240 1.019268 1.018240 1.005722 1.016460 1.019268 1.016460 1.022229 
4.427354 1.014190 1.017132 1.019701 1.017132 1.003357 1.014002 1.019701 1.014002 1.021126 
4.448898 1.015638 1.015643 1.020248 1.015643 1.001780 1.011452 1.020248 1.011452 1.023080 
4.470442 1.016795 1.014115 1.019394 1.014115 0.999253 1.009164 1.019394 1.009164 1.018321 
4.491987 1.016476 1.011851 1.018595 1.011851 0.995705 1.007009 1.018595 1.007009 1.016549 
4.513531 1.017158 1.009484 1.017865 1.009484 0.996842 1.004841 1.017865 1.004841 1.013110 
4.535075 1.016753 1.007481 1.016002 1.007481 0.993649 1.000977 1.016002 1.000977 1.012516 
4.556619 1.015392 1.005180 1.014092 1.005180 0.991258 1.000280 1.014092 1.000280 1.012189 
4.578164 1.014810 1.001594 1.012228 1.001594 0.991075 0.994727 1.012228 0.994727 1.008819 
4.599708 1.012851 0.999936 1.009696 0.999936 0.989909 0.993271 1.009696 0.993271 1.004653 
4.621252 1.011115 0.997252 1.007756 0.997252 0.988908 0.992244 1.007756 0.992244 1.000104 
4.642797 1.009561 0.995020 1.004076 0.995020 0.988129 0.991380 1.004076 0.991380 0.996163 
4.664341 1.007313 0.993859 1.002525 0.993859 0.985992 0.989916 1.002525 0.989916 0.994159 
4.685885 1.005729 0.991823 1.000204 0.991823 0.988447 0.987670 1.000204 0.987670 0.994131 
4.707429 1.003050 0.990430 0.997172 0.990430 0.990107 0.987058 0.997172 0.987058 0.989974 
4.728974 1.000426 0.989869 0.995004 0.989869 0.988579 0.986009 0.995004 0.986009 0.988215 
4.750518 0.998790 0.988449 0.992664 0.988449 0.990541 0.985275 0.992664 0.985275 0.987410 
4.772062 0.996120 0.987252 0.991415 0.987252 0.990924 0.986462 0.991415 0.986462 0.988091 
4.793607 0.994360 0.987190 0.989841 0.987190 0.994181 0.984890 0.989841 0.984890 0.986802 
4.815151 0.993113 0.988533 0.988404 0.988533 0.994077 0.988932 0.988404 0.988932 0.985927 
4.836695 0.991254 0.988497 0.987231 0.988497 0.995025 0.989554 0.987231 0.989554 0.986596 
4.858240 0.990283 0.988526 0.986683 0.988526 0.997093 0.989964 0.986683 0.989964 0.987646 
4.879784 0.989352 0.989926 0.987047 0.989926 0.998179 0.992958 0.987047 0.992958 0.985978 
4.901328 0.989119 0.990655 0.987477 0.990655 1.002454 0.992755 0.987477 0.992755 0.987917 
4.922873 0.989315 0.991945 0.987526 0.991945 1.002213 0.995533 0.987526 0.995533 0.987789 
4.944417 0.988902 0.994158 0.988078 0.994158 1.004261 0.996742 0.988078 0.996742 0.989961 
4.965961 0.989003 0.995218 0.989502 0.995218 1.004493 0.999980 0.989502 0.999980 0.993039 
4.987505 0.990184 0.996473 0.991326 0.996473 1.004460 1.000994 0.991326 1.000994 0.993623 
5.009050 0.990639 0.998485 0.992555 0.998485 1.009403 1.002917 0.992555 1.002917 0.995958 
5.030594 0.991735 1.000073 0.993712 1.000073 1.008052 1.004490 0.993712 1.004490 0.998142 
5.052138 0.992785 1.001529 0.995211 1.001529 1.009046 1.005573 0.995211 1.005573 1.000017 
5.073683 0.993925 1.003333 0.996710 1.003333 1.008990 1.007314 0.996710 1.007314 1.002669 
5.095227 0.995228 1.004261 0.998199 1.004261 1.009502 1.007202 0.998199 1.007202 1.002081 
5.116771 0.996843 1.005312 1.000085 1.005312 1.008297 1.009395 1.000085 1.009395 1.003410 
5.138316 0.998786 1.006948 1.002260 1.006948 1.008876 1.009045 1.002260 1.009045 1.006163 
5.159860 0.999683 1.006954 1.003382 1.006954 1.007839 1.009147 1.003382 1.009147 1.009127 
5.181404 1.001319 1.008079 1.004829 1.008079 1.006870 1.008871 1.004829 1.008871 1.008533 
5.202949 1.002499 1.007696 1.005190 1.007696 1.004104 1.009682 1.005190 1.009682 1.007645 
5.224493 1.004118 1.008189 1.006702 1.008189 1.006804 1.010123 1.006702 1.010123 1.009896 
5.246037 1.004860 1.007789 1.007599 1.007789 1.004534 1.008829 1.007599 1.008829 1.010752 
5.267581 1.006208 1.007930 1.008455 1.007930 1.004887 1.008292 1.008455 1.008292 1.010484 
5.289126 1.006431 1.007741 1.008339 1.007741 1.000690 1.006772 1.008339 1.006772 1.010448 
5.310670 1.007101 1.006764 1.008355 1.006764 1.001744 1.005340 1.008355 1.005340 1.009035 
5.332214 1.007194 1.005673 1.008521 1.005673 1.000271 1.004802 1.008521 1.004802 1.009130 
5.353759 1.007515 1.004588 1.008623 1.004588 0.998517 1.002654 1.008623 1.002654 1.008224 
5.375303 1.007689 1.004326 1.007356 1.004326 0.998183 1.001728 1.007356 1.001728 1.006550 
5.396847 1.007215 1.003122 1.007002 1.003122 0.995799 0.999815 1.007002 0.999815 1.007345 
5.418391 1.006811 1.002200 1.006723 1.002200 0.996623 0.999960 1.006723 0.999960 1.004764 
5.439936 1.007002 1.000911 1.005345 1.000911 0.995484 0.997906 1.005345 0.997906 1.003698 
5.461480 1.006300 0.999822 1.004188 0.999822 0.995631 0.997421 1.004188 0.997421 1.002213 
5.483024 1.004893 0.999222 1.003207 0.999222 0.993686 0.996463 1.003207 0.996463 0.999610 
5.504569 1.003678 0.998046 1.002614 0.998046 0.995279 0.994928 1.002614 0.994928 1.000060 
5.526113 1.003231 0.997171 1.001155 0.997171 0.994213 0.994182 1.001155 0.994182 0.997432 
5.547657 1.002417 0.997183 0.999445 0.997183 0.994075 0.995349 0.999445 0.995349 0.997582 
5.569201 1.001061 0.995622 0.998935 0.995622 0.993477 0.993706 0.998935 0.993706 0.994672 
5.590746 0.999864 0.994587 0.997693 0.994587 0.995077 0.994001 0.997693 0.994001 0.995603 
5.612290 0.999484 0.995070 0.997258 0.995070 0.996537 0.995277 0.997258 0.995277 0.994132 
5.633834 0.998236 0.994768 0.996124 0.994768 0.994921 0.993960 0.996124 0.993960 0.992849 
5.655379 0.997986 0.994738 0.995291 0.994738 0.996973 0.993262 0.995291 0.993262 0.993066 
5.676923 0.996796 0.993979 0.994835 0.993979 0.997607 0.994914 0.994835 0.994914 0.995019 
5.698467 0.996324 0.994717 0.994342 0.994717 0.998507 0.993556 0.994342 0.993556 0.993099 
5.720012 0.995804 0.995469 0.994845 0.995469 0.998815 0.995828 0.994845 0.995828 0.994710 
5.741556 0.995277 0.996130 0.994193 0.996130 1.000310 0.996977 0.994193 0.996977 0.994633 
5.763100 0.994835 0.995733 0.994462 0.995733 0.999712 0.997084 0.994462 0.997084 0.995114 
5.784645 0.995296 0.996368 0.994371 0.996368 1.001659 0.997329 0.994371 0.997329 0.993340 
5.806189 0.995252 0.997091 0.994449 0.997091 1.000566 0.997870 0.994449 0.997870 0.998008 
5.827733 0.994798 0.997958 0.995433 0.997958 1.001357 0.999343 0.995433 0.999343 0.995171 
5.849277 0.995722 0.997875 0.995458 0.997875 1.002576 0.999740 0.995458 0.999740 0.996377 
5.870822 0.995986 0.999339 0.996407 0.999339 1.004150 1.001508 0.996407 1.001508 0.998505 
5.892366 0.996408 1.000264 0.996785 1.000264 1.003423 1.001230 0.996785 1.001230 0.997973 
5.913910 0.996497 1.000828 0.998220 1.000828 1.004699 1.002945 0.998220 1.002945 0.998843 
5.935455 0.997307 1.000838 0.998640 1.000838 1.004162 1.003181 0.998640 1.003181 1.000177 
5.956999 0.997913 1.002381 0.999449 1.002381 1.005687 1.004280 0.999449 1.004280 1.001228 
5.978543 0.999198 1.002594 1.000508 1.002594 1.004637 1.004070 1.000508 1.004070 1.003709 
6.000087 0.999314 1.003130 1.001289 1.003130 1.002550 1.004830 1.001289 1.004830 1.003072 
6.021632 0.999992 1.003282 1.001681 1.003282 1.003643 1.005187 1.001681 1.005187 1.003591 
6.043176 1.000680 1.003391 1.002554 1.003391 1.004320 1.005355 1.002554 1.005355 1.004504 
6.064720 1.001534 1.003322 1.002665 1.003322 1.004240 1.003628 1.002665 1.003628 1.005245 
6.086265 1.001490 1.003974 1.003288 1.003974 1.002725 1.002915 1.003288 1.002915 1.005352 
6.107809 1.002379 1.003516 1.003747 1.003516 1.002388 1.003541 1.003747 1.003541 1.003810 
6.129353 1.002594 1.003573 1.003878 1.003573 1.000789 1.004134 1.003878 1.004134 1.004518 
6.150898 1.003099 1.003282 1.004007 1.003282 1.002237 1.003557 1.004007 1.003557 1.005551 
6.172442 1.003184 1.003257 1.003713 1.003257 1.000433 1.002164 1.003713 1.002164 1.005454 
6.193986 1.003399 1.002768 1.004100 1.002768 0.999433 1.002023 1.004100 1.002023 1.005578 
6.215531 1.004009 1.002155 1.003458 1.002155 0.998513 1.001633 1.003458 1.001633 1.003054 
6.237075 1.003756 1.001897 1.003141 1.001897 0.999910 1.001292 1.003141 1.001292 1.003840 
6.258619 1.003416 1.001218 1.002799 1.001218 0.999806 0.999718 1.002799 0.999718 1.001615 
6.280164 1.003262 1.001134 1.003147 1.001134 0.999117 0.999828 1.003147 0.999828 1.001472 
6.301708 1.002972 1.000738 1.002208 1.000738 0.997893 0.999425 1.002208 0.999425 1.001462 
6.323252 1.002488 0.999903 1.002174 0.999903 0.997523 0.998706 1.002174 0.998706 1.001204 
6.344796 1.002184 0.999359 1.000915 0.999359 0.996501 0.997872 1.000915 0.997872 1.000092 
6.366341 1.002120 0.998768 1.000651 0.998768 0.997298 0.998193 1.000651 0.998193 1.000975 
6.387885 1.001263 0.998851 1.000014 0.998851 0.997065 0.997470 1.000014 0.997470 0.998735 
6.409429 1.000972 0.998309 1.000053 0.998309 0.997312 0.996983 1.000053 0.996983 0.999593 
6.430974 1.000620 0.997733 0.999481 0.997733 0.995786 0.998080 0.999481 0.998080 0.998799 
6.452518 1.000338 0.998073 0.999205 0.998073 0.996841 0.997747 0.999205 0.997747 0.999146 
6.474062 0.999852 0.997709 0.998215 0.997709 0.998188 0.996797 0.998215 0.996797 0.998002 
6.495606 0.999743 0.997436 0.998117 0.997436 0.998659 0.996945 0.998117 0.996945 0.997265 
6.517151 0.998949 0.997576 0.998321 0.997576 0.997349 0.997179 0.998321 0.997179 0.996851 
6.538695 0.998373 0.997216 0.997719 0.997216 0.998518 0.997276 0.997719 0.997276 0.997888 
6.560239 0.998229 0.997427 0.997624 0.997427 0.999044 0.997088 0.997624 0.997088 0.997258 
6.581784 0.997946 0.997552 0.997580 0.997552 0.998598 0.997831 0.997580 0.997831 0.996783 
6.603328 0.998021 0.998325 0.997516 0.998325 0.999636 0.999410 0.997516 0.999410 0.997808 
6.624872 0.997945 0.998376 0.997107 0.998376 1.000422 0.999169 0.997107 0.999169 0.995632 
6.646417 0.997727 0.998567 0.997549 0.998567 1.001076 0.998589 0.997549 0.998589 0.997006 
6.667961 0.997778 0.999293 0.997339 0.999293 1.000858 0.998907 0.997339 0.998907 0.999944 
6.689505 0.997989 0.999267 0.998103 0.999267 1.001649 1.000730 0.998103 1.000730 0.998442 
6.711050 0.997678 0.999689 0.998077 0.999689 1.001441 1.000944 0.998077 1.000944 0.998073 
6.732594 0.998288 0.999443 0.998329 0.999443 1.002093 1.001133 0.998329 1.001133 0.998833 
6.754138 0.998198 0.999879 0.998690 0.999879 1.002124 1.001254 0.998690 1.001254 1.000545 
6.775682 0.998611 1.000755 0.999210 1.000755 1.002952 1.001620 0.999210 1.001620 1.000338 
6.797227 0.999010 1.000514 1.000044 1.000514 1.001524 1.001879 1.000044 1.001879 1.000517 
6.818771 0.998902 1.000810 0.999714 1.000810 1.002247 1.002163 0.999714 1.002163 1.000301 
6.840315 0.999560 1.001181 0.999857 1.001181 1.002278 1.002082 0.999857 1.002082 1.000082 
6.861860 0.999666 1.001117 1.000212 1.001117 1.002416 1.001541 1.000212 1.001541 1.000279 
6.883404 1.000300 1.001898 1.000515 1.001898 1.000533 1.002384 1.000515 1.002384 1.001796 
6.904948 1.000357 1.001805 1.001259 1.001805 1.001814 1.002466 1.001259 1.002466 1.000551 
6.926492 1.000835 1.001775 1.001402 1.001775 1.002657 1.001848 1.001402 1.001848 1.003288 
6.948037 1.000666 1.001194 1.001575 1.001194 1.002465 1.002114 1.001575 1.002114 1.001580 
6.969581 1.001214 1.001604 1.001462 1.001604 1.000300 1.001793 1.001462 1.001793 1.003047 
6.991125 1.001662 1.001604 1.001805 1.001604 1.000172 1.001845 1.001805 1.001845 1.002080 
7.012670 1.001741 1.001490 1.001262 1.001490 1.000206 1.001595 1.001262 1.001595 1.002289 
7.034214 1.001280 1.001756 1.001779 1.001756 1.000606 1.000869 1.001779 1.000869 1.001795 
7.055758 1.001718 1.000722 1.001719 1.000722 0.999091 1.000711 1.001719 1.000711 1.003270 
7.077302 1.001487 1.000837 1.001994 1.000837 0.999676 1.001002 1.001994 1.001002 1.002970 
7.098847 1.001680 1.000416 1.001554 1.000416 0.998728 1.001263 1.001554 1.001263 1.000049 
7.120391 1.001759 1.000858 1.001882 1.000858 0.999672 1.000150 1.001882 1.000150 1.003009 
7.141935 1.001730 1.000421 1.001504 1.000421 0.999591 0.999110 1.001504 0.999110 1.001582 
7.163480 1.001529 1.000083 1.001272 1.000083 0.998329 0.999536 1.001272 0.999536 1.001519 
7.185024 1.001465 0.999890 1.001145 0.999890 0.999936 1.000515 1.001145 1.000515 1.000356 
7.206568 1.001189 0.999533 1.000868 0.999533 0.999033 0.999120 1.000868 0.999120 1.000699 
7.228113 1.000776 0.999730 1.000480 0.999730 1.000865 0.998727 1.000480 0.998727 0.999972 
7.249657 1.000506 0.998948 0.999996 0.998948 0.998625 0.999489 0.999996 0.999489 0.998844 
7.271201 1.000308 0.999284 0.999831 0.999284 0.998824 0.999631 0.999831 0.999631 0.998715 
7.292746 1.000456 0.999235 0.999852 0.999235 1.000384 0.998671 0.999852 0.998671 1.000571 
7.314290 1.000338 0.999021 0.999148 0.999021 0.999459 0.998337 0.999148 0.998337 0.998581 
7.335834 0.999680 0.998837 0.999195 0.998837 0.999789 0.998301 0.999195 0.998301 0.999015 
7.357378 0.999548 0.999055 0.998867 0.999055 0.999845 0.998897 0.998867 0.998897 0.997962 
7.378923 0.999780 0.998910 0.999011 0.998910 0.999792 0.998977 0.999011 0.998977 0.998373 
7.400467 0.999448 0.998888 0.998947 0.998888 0.998887 0.999353 0.998947 0.999353 1.000049 
7.422011 0.999315 0.998657 0.998659 0.998657 0.999289 0.998715 0.998659 0.998715 0.998366 
7.443556 0.999509 0.998943 0.998852 0.998943 1.000005 0.998854 0.998852 0.998854 0.999184 
7.465100 0.999237 0.999258 0.998756 0.999258 0.999317 0.999250 0.998756 0.999250 0.997848 
7.486644 0.999119 0.999308 0.998705 0.999308 0.999702 0.999476 0.998705 0.999476 0.998929 
7.508188 0.999492 0.999297 0.999028 0.999297 1.000414 1.000187 0.999028 1.000187 0.998765 
7.529733 0.998944 0.999526 0.998789 0.999526 1.001213 0.998501 0.998789 0.998501 0.999487 
7.551277 0.999085 0.999460 0.999111 0.999460 1.000870 0.999550 0.999111 0.999550 0.999370 
7.572821 0.999240 0.999603 0.999031 0.999603 1.000441 0.999592 0.999031 0.999592 0.999060 
7.594366 0.999052 1.000255 0.999136 1.000255 1.001127 1.001032 0.999136 1.001032 1.001099 
7.615910 0.999149 1.000317 0.999524 1.000317 1.000904 1.000670 0.999524 1.000670 1.000615 
7.637455 0.999187 1.000366 0.999550 1.000366 1.000388 1.000625 0.999550 1.000625 1.001214 
7.658999 0.999538 1.000237 1.000060 1.000237 1.001006 1.001430 1.000060 1.001430 1.001767 
7.680543 0.999458 1.000397 0.999984 1.000397 1.000539 1.000318 0.999984 1.000318 0.999382 
7.702087 0.999513 1.000821 1.000246 1.000821 1.000968 1.000872 1.000246 1.000872 1.001096 
7.723632 0.999792 1.000625 1.000168 1.000625 1.001687 1.001019 1.000168 1.001019 1.001438 
7.745176 1.000102 1.000864 1.000451 1.000864 1.000218 1.000929 1.000451 1.000929 1.000501 
7.766720 1.000024 1.000892 1.000527 1.000892 1.001047 1.001060 1.000527 1.001060 1.000512 
7.788265 1.000398 1.000577 1.001042 1.000577 1.000421 1.001113 1.001042 1.001113 1.000791 
7.809809 1.000661 1.000690 1.000539 1.000690 1.001347 1.001194 1.000539 1.001194 1.001335 
7.831353 1.000388 1.000757 1.000774 1.000757 1.000794 1.000708 1.000774 1.000708 1.001740 
7.852897 1.000759 1.000740 1.001124 1.000740 1.000077 1.000096 1.001124 1.000096 1.001276 
7.874442 1.001013 1.000983 1.000509 1.000983 1.001383 1.000704 1.000509 1.000704 1.001642 
7.895986 1.000686 1.000329 1.001078 1.000329 1.000466 1.001281 1.001078 1.001281 1.001232 
7.917530 1.000907 1.000440 1.000738 1.000440 1.000338 1.000403 1.000738 1.000403 1.002052 
7.939075 1.000743 1.000565 1.000949 1.000565 0.999768 1.000508 1.000949 1.000508 1.000508 
7.960619 1.001340 1.000143 1.000596 1.000143 1.000851 0.998553 1.000596 0.998553 1.000164 
7.982163 1.000680 1.000402 1.000789 1.000402 0.998984 0.999250 1.000789 0.999250 1.000448 
8.003707 1.001015 1.000228 1.000744 1.000228 0.999897 1.000608 1.000744 1.000608 1.001718 
8.025252 1.000535 0.999861 1.000516 0.999861 1.000319 1.000249 1.000516 1.000249 1.001052 
8.046796 1.000846 0.999696 1.000344 0.999696 0.998835 0.999762 1.000344 0.999762 1.000950 
8.068340 1.000791 1.000233 1.000338 1.000233 1.000034 0.999535 1.000338 0.999535 1.000224 
8.089884 1.000267 0.999908 1.000179 0.999908 0.999727 1.000689 1.000179 1.000689 1.000255 
8.111429 1.000626 0.999888 1.000114 0.999888 0.998947 0.999327 1.000114 0.999327 0.999460 
8.132973 1.000291 0.999583 0.999966 0.999583 0.999451 0.999685 0.999966 0.999685 1.001079 
8.154518 1.000544 0.999230 0.999722 0.999230 0.999650 1.000310 0.999722 1.000310 1.000812 
8.176062 1.000308 0.999139 0.999225 0.999139 1.000906 1.000453 0.999225 1.000453 0.999336 
8.197606 1.000132 0.999754 0.999753 0.999754 1.001693 0.998724 0.999753 0.998724 0.999775 
8.219150 0.999671 0.999477 0.999278 0.999477 1.001094 0.999129 0.999278 0.999129 0.999980 
8.240695 0.999849 0.999241 0.999801 0.999241 0.999368 1.000005 0.999801 1.000005 0.999788 
8.262239 0.999597 0.999543 0.999346 0.999543 0.999590 0.999190 0.999346 0.999190 0.999362 
8.283783 0.999718 0.999512 0.999251 0.999512 0.999980 0.999437 0.999251 0.999437 1.000192 
8.305328 0.999609 0.999467 0.999063 0.999467 1.001151 0.999273 0.999063 0.999273 0.999107 
8.326872 0.999499 0.999061 0.999447 0.999061 1.000330 1.000121 0.999447 1.000121 0.999851 
8.348416 0.999733 0.999485 0.999288 0.999485 1.001027 1.000068 0.999288 1.000068 1.000646 
8.369960 0.999494 0.999501 0.999652 0.999501 1.000155 0.998909 0.999652 0.998909 0.999175 
8.391505 0.999665 0.999962 0.999501 0.999962 1.000319 1.000285 0.999501 1.000285 0.999071 
8.413049 0.999697 0.999832 0.999526 0.999832 1.000029 1.000092 0.999526 1.000092 0.999282 
8.434594 0.999623 0.999551 0.999630 0.999551 0.999056 1.000202 0.999630 1.000202 0.999239 
8.456138 0.999768 1.000359 0.999747 1.000359 0.999811 0.999873 0.999747 0.999873 0.999808 
8.477682 0.999837 1.000001 0.999896 1.000001 1.000480 1.000428 0.999896 1.000428 0.999731 
8.499226 0.999850 0.999986 0.999866 0.999986 0.999649 1.000143 0.999866 1.000143 1.000134 
8.520771 0.999926 1.000568 1.000126 1.000568 1.000696 1.000279 1.000126 1.000279 1.000249 
8.542315 0.999917 1.000190 1.000095 1.000190 1.001463 1.000838 1.000095 1.000838 0.999728 
8.563859 0.999788 1.000593 1.000390 1.000593 1.001062 1.000857 1.000390 1.000857 1.000560 
8.585404 1.000083 1.000367 1.000333 1.000367 1.000199 1.000067 1.000333 1.000067 1.002240 
8.606948 0.999964 1.000229 1.000518 1.000229 1.000742 1.001218 1.000518 1.001218 1.000796 
8.628492 1.000095 1.000554 1.000171 1.000554 1.001254 1.000151 1.000171 1.000151 1.000663 
8.650036 1.000142 1.000374 1.000224 1.000374 1.000489 0.999933 1.000224 0.999933 1.000679 
8.671581 1.000186 1.000717 1.000483 1.000717 0.999457 1.000920 1.000483 1.000920 1.000743 
8.693125 1.000468 1.000425 1.000260 1.000425 0.999384 1.000570 1.000260 1.000570 1.000178 
8.714670 1.000213 1.000576 1.000354 1.000576 1.000674 1.000558 1.000354 1.000558 1.000024 
8.736214 1.000715 1.000569 1.000523 1.000569 0.999390 1.000637 1.000523 1.000637 1.001526 
8.757758 1.000480 1.000171 1.000282 1.000171 1.000491 1.000832 1.000282 1.000832 1.001342 
8.779302 1.000367 1.000307 1.000332 1.000307 1.000562 1.000239 1.000332 1.000239 1.000590 
8.800847 1.000468 0.999950 1.000612 0.999950 1.000806 0.999557 1.000612 0.999557 0.999912 
8.822391 1.000626 0.999858 1.000352 0.999858 0.999819 0.999372 1.000352 0.999372 1.001095 
8.843935 1.000547 1.000314 1.000316 1.000314 1.001372 0.999728 1.000316 0.999728 1.001068 
8.865479 1.000491 1.000200 1.000536 1.000200 1.000497 0.999849 1.000536 0.999849 1.000538 
8.887023 1.000205 0.999710 1.000438 0.999710 0.999830 1.000147 1.000438 1.000147 0.999121 
8.908568 1.000338 1.000134 0.999922 1.000134 0.999268 1.000336 0.999922 1.000336 1.000681 
8.930112 1.000181 0.999915 0.999959 0.999915 0.999706 0.999714 0.999959 0.999714 1.000614 
8.951657 1.000231 0.999950 1.000143 0.999950 0.999089 1.000499 1.000143 1.000499 1.000671 
8.973201 1.000190 0.999718 0.999950 0.999718 1.001567 1.000460 0.999950 1.000460 0.999769 
8.994745 1.000229 0.999971 0.999962 0.999971 0.999589 0.999074 0.999962 0.999074 1.000578 
9.016289 1.000226 0.999877 0.999998 0.999877 0.999195 1.000163 0.999998 1.000163 0.999698 
9.037834 1.000142 0.999774 1.000043 0.999774 1.000331 1.000248 1.000043 1.000248 0.999292 
9.059378 1.000032 1.000363 0.999635 1.000363 1.000520 1.000207 0.999635 1.000207 1.000208 
9.080923 0.999978 0.999801 0.999780 0.999801 1.000313 0.999059 0.999780 0.999059 0.999251 
9.102467 1.000030 0.999766 0.999769 0.999766 1.000388 0.999553 0.999769 0.999553 0.999344 
9.124011 0.999869 0.999842 0.999792 0.999842 1.000218 0.999407 0.999792 0.999407 1.000370 
9.145555 0.999952 0.999767 0.999894 0.999767 1.001520 0.999432 0.999894 0.999432 1.000328 
9.167099 0.999758 0.999395 0.999602 0.999395 0.999163 1.000362 0.999602 1.000362 0.999555 
9.188644 0.999953 0.999623 0.999914 0.999623 0.999851 1.000158 0.999914 1.000158 1.000548 
9.210188 0.999928 0.999427 0.999738 0.999427 1.000804 1.000138 0.999738 1.000138 1.000010 
9.231733 0.999844 0.999325 0.999536 0.999325 1.000605 1.000293 0.999536 1.000293 0.999534 
9.253277 0.999967 0.999339 1.000039 0.999339 1.000195 1.000252 1.000039 1.000252 0.999320 
9.274821 0.999971 0.999864 0.999923 0.999864 1.000779 1.000914 0.999923 1.000914 1.000776 
9.296365 1.000092 1.000185 1.000009 1.000185 1.000598 1.000104 1.000009 1.000104 1.001333 
9.317910 0.999796 1.000068 0.999847 1.000068 1.000232 1.000540 0.999847 1.000540 1.000416 
9.339454 0.999901 0.999862 0.999997 0.999862 0.999542 1.000169 0.999997 1.000169 1.000907 
9.360999 0.999895 0.999866 0.999808 0.999866 1.001127 0.999739 0.999808 0.999739 1.000663 
9.382543 1.000023 0.999954 0.999795 0.999954 0.999934 1.000560 0.999795 1.000560 0.999875 
9.404087 1.000281 1.000289 1.000185 1.000289 1.000452 1.000199 1.000185 1.000199 0.999650 
9.425631 1.000238 1.000035 0.999651 1.000035 1.000214 1.000122 0.999651 1.000122 1.000192 
9.447176 1.000147 0.999766 0.999857 0.999766 0.999603 1.000561 0.999857 1.000561 1.001018 
9.468720 1.000047 1.000067 1.000017 1.000067 1.000793 1.000587 1.000017 1.000587 1.000705 
9.490264 1.000448 1.000127 1.000221 1.000127 1.000946 0.999930 1.000221 0.999930 1.000228 
9.511808 1.000276 1.000448 1.000147 1.000448 1.001554 1.000160 1.000147 1.000160 1.000490 
9.533352 1.000154 1.000815 0.999846 1.000815 1.000989 1.000566 0.999846 1.000566 1.000304 
9.554897 1.000125 1.000058 1.000685 1.000058 1.000854 1.000289 1.000685 1.000289 1.000075 
9.576441 1.000382 1.000119 1.000572 1.000119 1.000530 1.000458 1.000572 1.000458 1.000777 
9.597986 1.000018 1.000281 0.999943 1.000281 0.999585 1.000458 0.999943 1.000458 1.000451 
9.619530 1.000243 1.000330 1.000305 1.000330 0.999339 1.000100 1.000305 1.000100 1.000939 
9.641074 1.000210 0.999995 1.000183 0.999995 1.000395 1.001099 1.000183 1.001099 1.000759 
9.662618 1.000137 1.000286 1.000174 1.000286 0.999709 0.999861 1.000174 0.999861 1.000567 
9.684163 1.000122 1.000255 1.000053 1.000255 1.000001 0.999992 1.000053 0.999992 1.000080 
9.705707 1.000305 1.000172 1.000342 1.000172 1.000926 0.999542 1.000342 0.999542 1.000739 
9.727252 1.000307 1.000241 1.000093 1.000241 0.999240 0.999895 1.000093 0.999895 1.000135 
9.748796 1.000317 1.000230 0.999860 1.000230 0.999454 0.999645 0.999860 0.999645 1.000500 
9.770340 1.000220 0.999939 1.000079 0.999939 0.999639 0.999274 1.000079 0.999274 1.000446 
9.791884 1.000413 1.000209 1.000230 1.000209 1.000022 1.000058 1.000230 1.000058 1.000205 
9.813428 1.000016 1.000051 1.000431 1.000051 0.999031 1.000212 1.000431 1.000212 0.999866 
9.834973 1.000094 0.999681 0.999982 0.999681 1.000316 1.000146 0.999982 1.000146 1.000749 
9.856517 1.000112 1.000006 0.999874 1.000006 1.000283 1.000634 0.999874 1.000634 1.000257 
9.878062 1.000334 0.999901 0.999625 0.999901 0.999430 0.999244 0.999625 0.999244 1.000576 
9.899606 1.000212 0.999697 1.000043 0.999697 1.000883 0.999688 1.000043 0.999688 1.000597 
9.921150 1.000160 0.999941 0.999744 0.999941 0.999298 1.000010 0.999744 1.000010 1.000964 
9.942694 0.999893 0.999696 0.999666 0.999696 0.999483 0.999883 0.999666 0.999883 0.999943 
9.964239 1.000079 1.000084 0.999695 1.000084 1.000379 0.999869 0.999695 0.999869 1.000521 
9.985783 0.999875 0.999796 1.000247 0.999796 1.001294 0.999429 1.000247 0.999429 1.000218 
10.007328 0.999926 0.999798 1.000032 0.999798 0.999613 0.999986 1.000032 0.999986 1.000210 
10.028872 1.000126 1.000024 0.999807 1.000024 1.000783 1.000255 0.999807 1.000255 1.000624 
10.050416 0.999890 1.000086 0.999762 1.000086 0.999459 1.000231 0.999762 1.000231 1.000180 
10.071960 0.999880 1.000260 0.999957 1.000260 1.000104 0.999739 0.999957 0.999739 0.999974 
10.093504 1.000011 0.999739 1.000094 0.999739 0.999904 0.999537 1.000094 0.999537 0.999929 
10.115049 1.000209 0.999925 0.999764 0.999925 1.000009 1.000485 0.999764 1.000485 1.000125 
10.136593 0.999827 1.000181 0.999767 1.000181 1.000713 1.000667 0.999767 1.000667 1.000877 
10.158138 1.000246 0.999913 0.999836 0.999913 0.999866 1.000293 0.999836 1.000293 0.999124 
10.179682 1.000196 0.999825 1.000051 0.999825 1.001054 0.999852 1.000051 0.999852 0.999900 
10.201226 0.999949 0.999982 1.000084 0.999982 1.000723 0.999842 1.000084 0.999842 1.000379 
10.222770 0.999954 0.999882 0.999910 0.999882 1.001288 0.999658 0.999910 0.999658 1.001221 
10.244315 0.999895 0.999895 1.000212 0.999895 1.000112 1.000917 1.000212 1.000917 1.000159 
10.265859 1.000132 0.999871 1.000026 0.999871 1.000917 0.999888 1.000026 0.999888 1.000217 
10.287404 1.000074 0.999815 1.000220 0.999815 1.000019 1.000620 1.000220 1.000620 0.999934 
10.308948 1.000195 1.000242 1.000215 1.000242 1.000478 1.000294 1.000215 1.000294 1.001009 
10.330492 1.000248 0.999878 1.000247 0.999878 1.000031 0.999813 1.000247 0.999813 1.000390 
10.352036 1.000303 1.000130 1.000228 1.000130 1.000883 1.000685 1.000228 1.000685 1.000955 
10.373580 1.000397 1.000004 0.999778 1.000004 1.000510 1.000301 0.999778 1.000301 1.000532 
10.395125 1.000086 0.999854 1.000081 0.999854 1.000080 0.999804 1.000081 0.999804 1.000713 
10.416669 1.000087 1.000223 0.999899 1.000223 1.000439 1.000246 0.999899 1.000246 1.000407 
10.438213 1.000194 1.000163 1.000201 1.000163 1.000867 1.000882 1.000201 1.000882 1.000881 
10.459757 1.000291 1.000003 1.000040 1.000003 0.999884 1.000241 1.000040 1.000241 0.999931 
10.481302 1.000135 1.000069 0.999873 1.000069 0.999656 0.999786 0.999873 0.999786 1.000252 
10.502846 1.000101 0.999894 1.000302 0.999894 1.000392 0.999977 1.000302 0.999977 1.000095 
10.524391 1.000164 1.000411 1.000036 1.000411 1.000636 0.999749 1.000036 0.999749 1.000564 
10.545935 1.000085 1.000127 0.999988 1.000127 0.999811 0.999859 0.999988 0.999859 1.000073 
10.567479 1.000332 1.000019 1.000097 1.000019 1.000601 1.000016 1.000097 1.000016 0.999803 
10.589023 1.000241 0.999897 1.000270 0.999897 1.000127 1.000094 1.000270 1.000094 1.000395 
10.610568 1.000216 0.999823 0.999631 0.999823 1.000071 1.000318 0.999631 1.000318 1.001095 
10.632112 1.000082 0.999996 1.000130 0.999996 1.000284 1.000327 1.000130 1.000327 1.000243 
10.653656 0.999967 1.000203 1.000024 1.000203 1.000093 1.000033 1.000024 1.000033 1.000133 
10.675201 1.000290 0.999974 1.000238 0.999974 1.000173 0.999801 1.000238 0.999801 0.999995 
10.696745 1.000174 0.999744 1.000067 0.999744 0.999886 1.000523 1.000067 1.000523 1.000609 
10.718289 1.000067 0.999960 1.000007 0.999960 1.000283 0.999220 1.000007 0.999220 0.999665 
10.739833 1.000198 0.999734 0.999730 0.999734 0.999906 0.999988 0.999730 0.999988 1.000015 
10.761378 1.000032 1.000218 1.000166 1.000218 0.999958 1.000479 1.000166 1.000479 1.000903 
10.782922 0.997252 0.997233 0.997125 0.997233 0.996574 0.997370 0.997125 0.997370 0.996727 
10.804467 0.991029 0.991001 0.991016 0.991001 0.991421 0.990776 0.991016 0.990776 0.991344 
10.826011 0.984999 0.985224 0.985053 0.985224 0.984990 0.985109 0.985053 0.985109 0.984719 
10.847555 0.979259 0.979008 0.979196 0.979008 0.979770 0.979216 0.979196 0.979216 0.979398 
10.869099 0.973454 0.973386 0.973284 0.973386 0.973227 0.972942 0.973284 0.972942 0.972851 
10.890644 0.967340 0.967441 0.967476 0.967441 0.966841 0.967102 0.967476 0.967102 0.967311 
10.912188 0.961758 0.961412 0.961535 0.961412 0.962055 0.961913 0.961535 0.961913 0.961460 
10.933733 0.955707 0.955649 0.955573 0.955649 0.957168 0.955749 0.955573 0.955749 0.956539 
10.955276 0.949861 0.949922 0.949882 0.949922 0.950228 0.950092 0.949882 0.950092 0.950444 
10.976820 0.944195 0.943851 0.943930 0.943851 0.944736 0.944519 0.943930 0.944519 0.943616 
10.998365 0.938253 0.938079 0.938358 0.938079 0.938602 0.938496 0.938358 0.938496 0.938262 
11.019909 0.932450 0.932780 0.932649 0.932780 0.932263 0.932585 0.932649 0.932585 0.931880 
11.041454 0.926654 0.926823 0.926774 0.926823 0.927180 0.927178 0.926774 0.927178 0.927501 
11.062998 0.921218 0.921225 0.921024 0.921225 0.922325 0.921365 0.921024 0.921365 0.921452 
11.084543 0.915491 0.915183 0.915311 0.915183 0.915946 0.915417 0.915311 0.915417 0.916146 
11.106087 0.910088 0.909618 0.909762 0.909618 0.910805 0.910010 0.909762 0.910010 0.909960 
11.127631 0.904412 0.904297 0.904181 0.904297 0.903928 0.904396 0.904181 0.904396 0.904195 
11.149175 0.898647 0.898599 0.898652 0.898599 0.898197 0.898903 0.898652 0.898903 0.899038 
11.170720 0.893017 0.893088 0.893144 0.893088 0.893175 0.892912 0.893144 0.892912 0.892703 
11.192264 0.887473 0.887322 0.887309 0.887322 0.887858 0.887002 0.887309 0.887002 0.887467 
11.213809 0.881828 0.881620 0.882000 0.881620 0.882131 0.881898 0.882000 0.881898 0.881982 
11.235353 0.876314 0.876179 0.876358 0.876179 0.876676 0.876344 0.876358 0.876344 0.876336 
11.256896 0.870837 0.870806 0.871017 0.870806 0.870973 0.871001 0.871017 0.871001 0.871447 
11.278441 0.865635 0.865313 0.865293 0.865313 0.865668 0.865433 0.865293 0.865433 0.866165 
11.299985 0.860154 0.859853 0.860005 0.859853 0.859619 0.860265 0.860005 0.860265 0.860260 
11.321530 0.854458 0.854187 0.854486 0.854187 0.854334 0.854896 0.854486 0.854896 0.854240 
11.343074 0.849150 0.849186 0.849275 0.849186 0.849037 0.849437 0.849275 0.849437 0.849174 
11.364618 0.843892 0.843451 0.843698 0.843451 0.843951 0.843669 0.843698 0.843669 0.843741 
11.386162 0.838356 0.838331 0.838116 0.838331 0.838338 0.837559 0.838116 0.837559 0.838806 
11.407707 0.833077 0.832919 0.832889 0.832919 0.833275 0.832879 0.832889 0.832879 0.833247 
11.429251 0.827493 0.827693 0.827445 0.827693 0.828242 0.827495 0.827445 0.827495 0.828462 
11.450796 0.822471 0.822141 0.822134 0.822141 0.822630 0.822632 0.822134 0.822632 0.822286 
11.472340 0.817010 0.816989 0.816854 0.816989 0.817239 0.816938 0.816854 0.816938 0.817352 
11.493884 0.811774 0.811524 0.811696 0.811524 0.811665 0.811558 0.811696 0.811558 0.811820 
11.515428 0.806321 0.806474 0.806166 0.806474 0.805427 0.806531 0.806166 0.806531 0.806802 
11.536973 0.801372 0.801122 0.801285 0.801122 0.801508 0.801183 0.801285 0.801183 0.801080 
11.558517 0.796024 0.795734 0.795989 0.795734 0.795937 0.796193 0.795989 0.796193 0.796510 
11.580061 0.790945 0.790711 0.790463 0.790711 0.791331 0.790445 0.790463 0.790445 0.790426 
11.601606 0.785448 0.785414 0.785622 0.785414 0.785487 0.785610 0.785622 0.785610 0.785689 
11.623150 0.780403 0.780585 0.780415 0.780585 0.781015 0.780968 0.780415 0.780968 0.780568 
11.644694 0.775399 0.775252 0.775420 0.775252 0.775587 0.775327 0.775420 0.775327 0.775047 
11.666238 0.770145 0.770210 0.770019 0.770210 0.770424 0.770231 0.770019 0.770231 0.770193 
11.687783 0.765015 0.765007 0.765109 0.765007 0.765396 0.765004 0.765109 0.765004 0.765095 
11.709327 0.759922 0.760100 0.759758 0.760100 0.759884 0.759833 0.759758 0.759833 0.759657 
11.730872 0.754857 0.754947 0.754991 0.754947 0.754942 0.754603 0.754991 0.754603 0.755018 
11.752416 0.749874 0.749780 0.749612 0.749780 0.749652 0.750684 0.749612 0.750684 0.750518 
11.773960 0.744740 0.744943 0.744739 0.744943 0.745046 0.744709 0.744739 0.744709 0.744524 
11.795504 0.739759 0.739618 0.739682 0.739618 0.740633 0.739319 0.739682 0.739319 0.739576 
11.817049 0.734880 0.734489 0.734659 0.734489 0.734451 0.734853 0.734659 0.734853 0.734724 
11.838593 0.729965 0.729638 0.729743 0.729638 0.729570 0.729382 0.729743 0.729382 0.729152 
11.860137 0.724836 0.724691 0.725024 0.724691 0.724798 0.725058 0.725024 0.725058 0.724646 
11.881681 0.719825 0.719800 0.719820 0.719800 0.719896 0.719545 0.719820 0.719545 0.719963 
11.903225 0.715098 0.714697 0.714947 0.714697 0.714651 0.714741 0.714947 0.714741 0.715352 
11.924770 0.710082 0.709911 0.710068 0.709911 0.710077 0.710089 0.710068 0.710089 0.710688 
11.946314 0.705141 0.705020 0.705174 0.705020 0.704647 0.705524 0.705174 0.705524 0.705705 
11.967859 0.700260 0.700319 0.700325 0.700319 0.700349 0.700451 0.700325 0.700451 0.699601 
11.989403 0.695260 0.695556 0.695576 0.695556 0.695438 0.695376 0.695576 0.695376 0.695610 
12.010947 0.690699 0.690665 0.690633 0.690665 0.690099 0.691136 0.690633 0.691136 0.690803 
12.032491 0.685823 0.685825 0.685855 0.685825 0.685988 0.685787 0.685855 0.685787 0.685747 
12.054036 0.681048 0.681191 0.680997 0.681191 0.681014 0.681301 0.680997 0.681301 0.680442 
12.075580 0.676161 0.676101 0.676276 0.676101 0.676506 0.676265 0.676276 0.676265 0.676378 
12.097125 0.671458 0.671425 0.671391 0.671425 0.671383 0.671746 0.671391 0.671746 0.671600 
12.118669 0.666851 0.666697 0.666829 0.666697 0.666882 0.666565 0.666829 0.666565 0.666123 
12.140213 0.661840 0.662009 0.661818 0.662009 0.662265 0.662058 0.661818 0.662058 0.662779 
12.161757 0.657403 0.657038 0.657465 0.657038 0.657403 0.657554 0.657465 0.657554 0.657471 
12.183301 0.652702 0.652643 0.652659 0.652643 0.653408 0.652413 0.652659 0.652413 0.653184 
12.204846 0.647982 0.647601 0.647785 0.647601 0.648035 0.648161 0.647785 0.648161 0.648334 
12.226390 0.643289 0.643180 0.643197 0.643180 0.643529 0.643393 0.643197 0.643393 0.642785 
12.247935 0.638614 0.638668 0.638385 0.638668 0.638317 0.638706 0.638385 0.638706 0.638480 
12.269479 0.634111 0.633838 0.633988 0.633838 0.633590 0.633647 0.633988 0.633647 0.634179 
12.291023 0.629468 0.629388 0.629311 0.629388 0.629304 0.629126 0.629311 0.629126 0.630043 
12.312567 0.624704 0.624523 0.624707 0.624523 0.624777 0.624380 0.624707 0.624380 0.625434 
12.334112 0.620074 0.620021 0.619981 0.620021 0.620246 0.620778 0.619981 0.620778 0.620556 
12.355656 0.615596 0.615444 0.615598 0.615444 0.615967 0.615557 0.615598 0.615557 0.615665 
12.377201 0.611037 0.610988 0.610913 0.610988 0.611649 0.610629 0.610913 0.610629 0.611274 
12.398745 0.606459 0.606431 0.606274 0.606431 0.606627 0.606435 0.606274 0.606435 0.606624 
12.420289 0.601974 0.602161 0.601888 0.602161 0.602162 0.602334 0.601888 0.602334 0.601665 
12.441833 0.597555 0.597568 0.597459 0.597568 0.597738 0.597655 0.597459 0.597655 0.597601 
12.463377 0.593046 0.592734 0.592701 0.592734 0.593069 0.593205 0.592701 0.593205 0.593311 
12.484922 0.588575 0.588445 0.588269 0.588445 0.587941 0.588590 0.588269 0.588590 0.588816 
12.506466 0.584046 0.583967 0.584140 0.583967 0.583785 0.584101 0.584140 0.584101 0.584006 
12.528011 0.579658 0.579499 0.579614 0.579499 0.579795 0.579751 0.579614 0.579751 0.580327 
12.549555 0.575226 0.575180 0.575130 0.575180 0.574977 0.575023 0.575130 0.575023 0.575518 
12.571099 0.570769 0.570579 0.570703 0.570579 0.570898 0.570894 0.570703 0.570894 0.571313 
12.592643 0.566317 0.566209 0.566136 0.566209 0.566160 0.565876 0.566136 0.565876 0.566590 
12.614188 0.561981 0.561971 0.561706 0.561971 0.561104 0.562085 0.561706 0.562085 0.561806 
12.635732 0.557581 0.557455 0.557455 0.557455 0.557751 0.557444 0.557455 0.557444 0.557689 
12.657277 0.553164 0.553312 0.553278 0.553312 0.553647 0.553268 0.553278 0.553268 0.553455 
12.678821 0.548918 0.548909 0.548857 0.548909 0.548988 0.548943 0.548857 0.548943 0.549077 
12.700365 0.544560 0.544406 0.544505 0.544406 0.544838 0.544764 0.544505 0.544764 0.544607 
12.721909 0.540363 0.540172 0.540135 0.540172 0.540119 0.540199 0.540135 0.540199 0.540074 
12.743454 0.536128 0.535910 0.535844 0.535910 0.536042 0.535884 0.535844 0.535884 0.536426 
12.764998 0.531632 0.531657 0.531525 0.531657 0.532099 0.531638 0.531525 0.531638 0.531783 
12.786542 0.527279 0.527254 0.527389 0.527254 0.527279 0.527271 0.527389 0.527271 0.527547 
12.808086 0.523257 0.522952 0.523277 0.522952 0.523169 0.523055 0.523277 0.523055 0.523316 
12.829630 0.518827 0.518895 0.518779 0.518895 0.518732 0.518777 0.518779 0.518777 0.518590 
12.851175 0.514763 0.514746 0.514731 0.514746 0.514552 0.514857 0.514731 0.514857 0.514691 
12.872719 0.510552 0.510579 0.510590 0.510579 0.510519 0.510519 0.510590 0.510519 0.510869 
12.894264 0.506243 0.506316 0.506233 0.506316 0.506198 0.506585 0.506233 0.506585 0.506601 
12.915808 0.502160 0.502106 0.502135 0.502106 0.502213 0.502084 0.502135 0.502084 0.502847 
12.937352 0.498004 0.497977 0.498016 0.497977 0.497921 0.498175 0.498016 0.498175 0.498059 
12.958896 0.493812 0.493795 0.493834 0.493795 0.493850 0.493853 0.493834 0.493853 0.494121 
12.980441 0.489678 0.489670 0.489650 0.489670 0.489811 0.489821 0.489650 0.489821 0.489644 
13.001985 0.485565 0.485661 0.485534 0.485661 0.485579 0.485530 0.485534 0.485530 0.485555 
13.023530 0.481415 0.481234 0.481406 0.481234 0.481398 0.481637 0.481406 0.481637 0.481303 
13.045074 0.477361 0.477287 0.477385 0.477287 0.477274 0.477474 0.477385 0.477474 0.477384 
13.066618 0.473240 0.473372 0.473316 0.473372 0.472911 0.473353 0.473316 0.473353 0.473181 
13.088162 0.469194 0.469068 0.469281 0.469068 0.469035 0.469194 0.469281 0.469194 0.469253 
13.109706 0.465066 0.465190 0.465091 0.465190 0.464745 0.465033 0.465091 0.465033 0.465088 
13.131251 0.461185 0.460940 0.461039 0.460940 0.460686 0.460789 0.461039 0.460789 0.461170 
13.152795 0.457117 0.456970 0.457086 0.456970 0.457654 0.456930 0.457086 0.456930 0.456873 
13.174340 0.453094 0.453055 0.452874 0.453055 0.453155 0.453140 0.452874 0.453140 0.452539 
13.195884 0.448992 0.449061 0.448958 0.449061 0.448747 0.449001 0.448958 0.449001 0.448780 
13.217428 0.445009 0.444923 0.445123 0.444923 0.445413 0.444994 0.445123 0.444994 0.445308 
13.238972 0.441100 0.441077 0.440999 0.441077 0.440990 0.441095 0.440999 0.441095 0.441278 
13.260517 0.437082 0.436975 0.437122 0.436975 0.436933 0.437194 0.437122 0.437194 0.437290 
13.282061 0.433170 0.433066 0.433100 0.433066 0.433120 0.433182 0.433100 0.433182 0.433104 
13.303606 0.429176 0.429213 0.429139 0.429213 0.429147 0.429258 0.429139 0.429258 0.428925 
13.325150 0.425311 0.425418 0.425274 0.425418 0.425335 0.425337 0.425274 0.425337 0.425072 
13.346694 0.421238 0.421194 0.421237 0.421194 0.421392 0.421045 0.421237 0.421045 0.421623 
13.368238 0.417518 0.417295 0.417535 0.417295 0.417300 0.417495 0.417535 0.417495 0.417530 
13.389782 0.413583 0.413554 0.413517 0.413554 0.413556 0.413971 0.413517 0.413971 0.413638 
13.411327 0.409678 0.409651 0.409768 0.409651 0.409864 0.409783 0.409768 0.409783 0.409364 
13.432871 0.405790 0.405747 0.405786 0.405747 0.405688 0.405841 0.405786 0.405841 0.405783 
13.454415 0.401914 0.401964 0.401887 0.401964 0.402314 0.402139 0.401887 0.402139 0.401988 
13.475959 0.398132 0.398072 0.398078 0.398072 0.397950 0.398143 0.398078 0.398143 0.397740 
13.497504 0.394271 0.394247 0.394239 0.394247 0.394035 0.394607 0.394239 0.394607 0.394251 
13.519048 0.390494 0.390411 0.390378 0.390411 0.390468 0.390482 0.390378 0.390482 0.390455 
13.540593 0.386742 0.386506 0.386636 0.386506 0.386724 0.386646 0.386636 0.386646 0.386560 
13.562137 0.382813 0.382801 0.382865 0.382801 0.383028 0.382878 0.382865 0.382878 0.382816 
13.583681 0.379078 0.379099 0.379069 0.379099 0.379149 0.379202 0.379069 0.379202 0.379043 
13.605225 0.375378 0.375264 0.375380 0.375264 0.375589 0.375421 0.375380 0.375421 0.375624 
13.626770 0.371507 0.371593 0.371421 0.371593 0.371359 0.371491 0.371421 0.371491 0.371816 
13.648314 0.367920 0.367654 0.367672 0.367654 0.368174 0.367890 0.367672 0.367890 0.368154 
13.669858 0.364058 0.363989 0.364131 0.363989 0.364116 0.364185 0.364131 0.364185 0.364008 
13.691403 0.360340 0.360246 0.360406 0.360246 0.360717 0.360194 0.360406 0.360194 0.360576 
13.712947 0.356707 0.356650 0.356648 0.356650 0.356777 0.356736 0.356648 0.356736 0.356705 
13.734491 0.352962 0.352920 0.353030 0.352920 0.352845 0.353047 0.353030 0.353047 0.353448 
13.756035 0.349380 0.349342 0.349228 0.349342 0.349348 0.349260 0.349228 0.349260 0.349469 
13.777580 0.345617 0.345689 0.345704 0.345689 0.345672 0.345705 0.345704 0.345705 0.345513 
13.799124 0.341922 0.341981 0.341791 0.341981 0.342229 0.341859 0.341791 0.341859 0.341909 
13.820669 0.338362 0.338155 0.338322 0.338155 0.338555 0.338240 0.338322 0.338240 0.338267 
13.842213 0.334768 0.334591 0.334672 0.334591 0.335031 0.334972 0.334672 0.334972 0.334740 
13.863757 0.331054 0.330986 0.331002 0.330986 0.331240 0.330951 0.331002 0.330951 0.330946 
13.885301 0.327353 0.327349 0.327334 0.327349 0.327691 0.327459 0.327334 0.327459 0.328003 
13.906846 0.323712 0.323876 0.323790 0.323876 0.323174 0.323649 0.323790 0.323649 0.323947 
13.928390 0.320316 0.320186 0.320145 0.320186 0.320415 0.320266 0.320145 0.320266 0.320119 
13.949934 0.316664 0.316665 0.316613 0.316665 0.316829 0.316510 0.316613 0.316510 0.316821 
13.971479 0.313113 0.313077 0.313021 0.313077 0.312928 0.313030 0.313021 0.313030 0.313325 
13.993023 0.309526 0.309569 0.309481 0.309569 0.309572 0.309380 0.309481 0.309380 0.309901 
14.014567 0.305918 0.305872 0.305879 0.305872 0.305932 0.305974 0.305879 0.305974 0.305917 
14.036111 0.302429 0.302417 0.302397 0.302417 0.302593 0.302161 0.302397 0.302161 0.302717 
14.057656 0.298900 0.298953 0.298927 0.298953 0.298797 0.298883 0.298927 0.298883 0.298796 
14.079200 0.295386 0.295276 0.295420 0.295276 0.295088 0.295541 0.295420 0.295541 0.295651 
14.100745 0.291863 0.291785 0.291796 0.291785 0.291751 0.291844 0.291796 0.291844 0.292125 
14.122289 0.288404 0.288284 0.288365 0.288284 0.288303 0.288230 0.288365 0.288230 0.288367 
14.143833 0.284901 0.284833 0.284870 0.284833 0.284678 0.285001 0.284870 0.285001 0.284691 
14.165377 0.281321 0.281383 0.281267 0.281383 0.281579 0.281415 0.281267 0.281415 0.281555 
14.186922 0.277947 0.277971 0.277972 0.277971 0.278106 0.277977 0.277972 0.277977 0.278000 
14.208466 0.274477 0.274388 0.274447 0.274388 0.274294 0.274645 0.274447 0.274645 0.274389 
14.230011 0.270947 0.271086 0.270948 0.271086 0.271031 0.270914 0.270948 0.270914 0.270671 
14.251554 0.267614 0.267518 0.267523 0.267518 0.267746 0.267587 0.267523 0.267587 0.267807 
14.273098 0.264160 0.264026 0.264075 0.264026 0.264220 0.264268 0.264075 0.264268 0.263874 
14.294643 0.260777 0.260738 0.260836 0.260738 0.260906 0.260815 0.260836 0.260815 0.260876 
14.316187 0.257402 0.257411 0.257412 0.257411 0.257339 0.257304 0.257412 0.257304 0.257183 
14.337732 0.254057 0.253971 0.253923 0.253971 0.254030 0.253970 0.253923 0.253970 0.254093 
14.359276 0.250518 0.250500 0.250520 0.250500 0.250581 0.250610 0.250520 0.250610 0.250693 
14.380820 0.247221 0.247165 0.247186 0.247165 0.247043 0.247213 0.247186 0.247213 0.247537 
14.402364 0.243867 0.243959 0.243819 0.243959 0.243622 0.244056 0.243819 0.244056 0.244006 
14.423909 0.240446 0.240486 0.240490 0.240486 0.240284 0.240343 0.240490 0.240343 0.240283 
14.445453 0.237181 0.237058 0.237135 0.237058 0.237162 0.237094 0.237135 0.237094 0.237334 
14.466998 0.233823 0.233792 0.233756 0.233792 0.233803 0.233957 0.233756 0.233957 0.233533 
14.488542 0.230446 0.230497 0.230570 0.230497 0.230560 0.230568 0.230570 0.230568 0.230822 
14.510086 0.227174 0.227176 0.227180 0.227176 0.227257 0.227179 0.227180 0.227179 0.227133 
14.531630 0.223872 0.223813 0.223857 0.223813 0.223720 0.223647 0.223857 0.223647 0.223584 
14.553174 0.220602 0.220620 0.220631 0.220620 0.220798 0.220590 0.220631 0.220590 0.220455 
14.574719 0.217360 0.217257 0.217323 0.217257 0.217555 0.217409 0.217323 0.217409 0.217525 
14.596263 0.214062 0.214027 0.214103 0.214027 0.214247 0.213957 0.214103 0.213957 0.214399 
14.617808 0.210795 0.210775 0.210831 0.210775 0.210653 0.211040 0.210831 0.211040 0.211010 
14.639352 0.207592 0.207423 0.207531 0.207423 0.207790 0.207404 0.207531 0.207404 0.207462 
14.660896 0.204292 0.204178 0.204234 0.204178 0.204511 0.204146 0.204234 0.204146 0.204402 
14.682440 0.201067 0.201121 0.201042 0.201121 0.201139 0.201171 0.201042 0.201171 0.201121 
14.703985 0.197854 0.197811 0.197840 0.197811 0.198049 0.197921 0.197840 0.197921 0.197811 
14.725529 0.194605 0.194577 0.194583 0.194577 0.194601 0.194697 0.194583 0.194697 0.194456 
14.747074 0.191410 0.191346 0.191329 0.191346 0.191609 0.191464 0.191329 0.191464 0.191389 
14.768618 0.188257 0.188235 0.188219 0.188235 0.188071 0.188117 0.188219 0.188117 0.188259 
14.790162 0.185037 0.185007 0.184999 0.185007 0.185062 0.185122 0.184999 0.185122 0.185247 
14.811706 0.181773 0.181841 0.181696 0.181841 0.181957 0.181864 0.181696 0.181864 0.182020 
14.833251 0.178670 0.178627 0.178705 0.178627 0.178585 0.178771 0.178705 0.178771 0.178834 
14.854795 0.175514 0.175415 0.175471 0.175415 0.175701 0.175579 0.175471 0.175579 0.175550 
14.876339 0.172400 0.172353 0.172433 0.172353 0.172216 0.172339 0.172433 0.172339 0.172468 
14.897883 0.169308 0.169193 0.169273 0.169193 0.169185 0.169196 0.169273 0.169196 0.169199 
14.919427 0.166045 0.166097 0.166102 0.166097 0.166133 0.166125 0.166102 0.166125 0.166072 
14.940972 0.162969 0.162903 0.162848 0.162903 0.162817 0.162873 0.162848 0.162873 0.162887 
14.962516 0.159780 0.159855 0.159829 0.159855 0.159618 0.159738 0.159829 0.159738 0.159775 
14.984061 0.156763 0.156720 0.156740 0.156720 0.156656 0.156821 0.156740 0.156821 0.156672 
15.005605 0.153612 0.153611 0.153560 0.153611 0.153534 0.153543 0.153560 0.153543 0.153542 
15.027149 0.150541 0.150514 0.150545 0.150514 0.150630 0.150631 0.150545 0.150631 0.150411 
15.048693 0.147502 0.147477 0.147408 0.147477 0.147521 0.147355 0.147408 0.147355 0.147632 
15.070238 0.144401 0.144411 0.144342 0.144411 0.144523 0.144332 0.144342 0.144332 0.144257 
15.091782 0.141319 0.141305 0.141327 0.141305 0.141347 0.141350 0.141327 0.141350 0.141250 
15.113327 0.138266 0.138252 0.138296 0.138252 0.138201 0.138201 0.138296 0.138201 0.138262 
15.134871 0.135277 0.135252 0.135237 0.135252 0.135227 0.135262 0.135237 0.135262 0.135462 
15.156415 0.132198 0.132247 0.132132 0.132247 0.132291 0.132206 0.132132 0.132206 0.132266 
15.177959 0.129141 0.129220 0.129140 0.129220 0.129533 0.129244 0.129140 0.129244 0.129289 
15.199503 0.126144 0.126125 0.126097 0.126125 0.126186 0.126234 0.126097 0.126234 0.126505 
15.221048 0.123111 0.123164 0.123097 0.123164 0.122978 0.123055 0.123097 0.123055 0.123115 
15.242592 0.120203 0.120199 0.120171 0.120199 0.120345 0.120250 0.120171 0.120250 0.120375 
15.264137 0.117508 0.117491 0.117494 0.117491 0.117430 0.117489 0.117494 0.117489 0.117403 
15.285681 0.114903 0.114817 0.114915 0.114817 0.114874 0.114809 0.114915 0.114809 0.114876 
15.307225 0.112413 0.112351 0.112413 0.112351 0.112495 0.112446 0.112413 0.112446 0.112381 
15.328769 0.109955 0.109920 0.110007 0.109920 0.109996 0.110061 0.110007 0.110061 0.109930 
15.350314 0.107599 0.107593 0.107628 0.107593 0.107717 0.107565 0.107628 0.107565 0.107646 
15.371858 0.105403 0.105374 0.105356 0.105374 0.105377 0.105483 0.105356 0.105483 0.105538 
15.393403 0.103190 0.103166 0.103175 0.103166 0.103250 0.103189 0.103175 0.103189 0.103202 
15.414947 0.101047 0.100982 0.101005 0.100982 0.100902 0.100972 0.101005 0.100972 0.100951 
15.436491 0.098913 0.098934 0.098948 0.098934 0.098874 0.099020 0.098948 0.099020 0.099006 
15.458035 0.096806 0.096850 0.096828 0.096850 0.096677 0.096891 0.096828 0.096891 0.096963 
15.479579 0.094884 0.094786 0.094916 0.094786 0.094908 0.094910 0.094916 0.094910 0.094994 
15.501124 0.092890 0.092858 0.092861 0.092858 0.092863 0.092814 0.092861 0.092814 0.092736 
15.522668 0.090960 0.090949 0.090990 0.090949 0.090903 0.090969 0.090990 0.090969 0.090955 
15.544213 0.089108 0.089100 0.089135 0.089100 0.089092 0.089035 0.089135 0.089035 0.089138 
15.565757 0.087275 0.087252 0.087327 0.087252 0.087196 0.087202 0.087327 0.087202 0.087164 
15.587301 0.085473 0.085471 0.085449 0.085471 0.085480 0.085499 0.085449 0.085499 0.085471 
15.608845 0.083688 0.083654 0.083687 0.083654 0.083689 0.083842 0.083687 0.083842 0.083496 
15.630390 0.081915 0.081939 0.081934 0.081939 0.081954 0.082040 0.081934 0.082040 0.081947 
15.651934 0.080286 0.080314 0.080255 0.080314 0.080095 0.080224 0.080255 0.080224 0.080125 
15.673479 0.078635 0.078583 0.078556 0.078583 0.078575 0.078603 0.078556 0.078603 0.078566 
15.695023 0.076976 0.077014 0.076934 0.077014 0.076970 0.076971 0.076934 0.076971 0.077001 
15.716567 0.075406 0.075319 0.075369 0.075319 0.075525 0.075322 0.075369 0.075322 0.075266 
15.738111 0.073810 0.073781 0.073782 0.073781 0.074001 0.073911 0.073782 0.073911 0.073779 
15.759655 0.072274 0.072303 0.072315 0.072303 0.072327 0.072411 0.072315 0.072411 0.072216 
15.781200 0.070735 0.070729 0.070752 0.070729 0.070718 0.070738 0.070752 0.070738 0.070642 
15.802744 0.069246 0.069297 0.069310 0.069297 0.069240 0.069269 0.069310 0.069269 0.069309 
15.824288 0.067824 0.067785 0.067843 0.067785 0.067795 0.067840 0.067843 0.067840 0.067691 
15.845832 0.066373 0.066384 0.066415 0.066384 0.066252 0.066324 0.066415 0.066324 0.066412 
15.867377 0.065042 0.065037 0.064965 0.065037 0.065179 0.064937 0.064965 0.064937 0.065119 
15.888921 0.063590 0.063617 0.063609 0.063617 0.063656 0.063628 0.063609 0.063628 0.063556 
15.910466 0.062254 0.062280 0.062262 0.062280 0.062120 0.062271 0.062262 0.062271 0.062194 
15.932010 0.060938 0.060918 0.060876 0.060918 0.060892 0.060956 0.060876 0.060956 0.061005 
15.953554 0.059634 0.059665 0.059606 0.059665 0.059716 0.059607 0.059606 0.059607 0.059671 
15.975098 0.058335 0.058342 0.058359 0.058342 0.058161 0.058416 0.058359 0.058416 0.058472 
15.996643 0.057085 0.057062 0.057106 0.057062 0.057091 0.057142 0.057106 0.057142 0.057018 
16.018188 0.055847 0.055847 0.055810 0.055847 0.055945 0.056020 0.055810 0.056020 0.055968 
16.039731 0.054633 0.054622 0.054642 0.054622 0.054515 0.054656 0.054642 0.054656 0.054676 
16.061275 0.053448 0.053392 0.053412 0.053392 0.053395 0.053412 0.053412 0.053412 0.053451 
16.082820 0.052281 0.052294 0.052232 0.052294 0.052321 0.052199 0.052232 0.052199 0.052435 
16.104364 0.051090 0.051077 0.051159 0.051077 0.051179 0.051081 0.051159 0.051081 0.051166 
16.125909 0.050047 0.049977 0.049986 0.049977 0.050023 0.050139 0.049986 0.050139 0.050063 
16.147452 0.048888 0.048868 0.048871 0.048868 0.048970 0.048828 0.048871 0.048828 0.048906 
16.168997 0.047817 0.047780 0.047765 0.047780 0.047745 0.047778 0.047765 0.047778 0.047864 
16.190541 0.046737 0.046740 0.046727 0.046740 0.046716 0.046732 0.046727 0.046732 0.046709 
16.212086 0.045669 0.045641 0.045630 0.045641 0.045735 0.045623 0.045630 0.045623 0.045646 
16.233630 0.044618 0.044562 0.044637 0.044562 0.044665 0.044588 0.044637 0.044588 0.044603 
16.255175 0.043597 0.043638 0.043629 0.043638 0.043635 0.043559 0.043629 0.043559 0.043613 
16.276719 0.042647 0.042611 0.042637 0.042611 0.042731 0.042582 0.042637 0.042582 0.042605 
16.298263 0.041614 0.041628 0.041620 0.041628 0.041593 0.041576 0.041620 0.041576 0.041652 
16.319807 0.040655 0.040670 0.040632 0.040670 0.040704 0.040710 0.040632 0.040710 0.040661 
16.341352 0.039723 0.039692 0.039722 0.039692 0.039791 0.039674 0.039722 0.039674 0.039703 
16.362896 0.038778 0.038782 0.038783 0.038782 0.038805 0.038747 0.038783 0.038747 0.038843 
16.384440 0.037850 0.037820 0.037851 0.037820 0.037884 0.037858 0.037851 0.037858 0.037873 
16.405984 0.036945 0.036979 0.036925 0.036979 0.036967 0.036971 0.036925 0.036971 0.037067 
16.427528 0.036078 0.036047 0.036106 0.036047 0.036037 0.036037 0.036106 0.036037 0.036084 
16.449073 0.035202 0.035206 0.035207 0.035206 0.035144 0.035263 0.035207 0.035263 0.035126 
16.470617 0.034364 0.034345 0.034368 0.034345 0.034364 0.034322 0.034368 0.034322 0.034351 
16.492162 0.033522 0.033509 0.033509 0.033509 0.033535 0.033439 0.033509 0.033439 0.033409 
16.513706 0.032680 0.032646 0.032712 0.032646 0.032676 0.032655 0.032712 0.032655 0.032609 
16.535251 0.031886 0.031901 0.031891 0.031901 0.031934 0.031958 0.031891 0.031958 0.031926 
16.556794 0.031076 0.031081 0.031083 0.031081 0.031185 0.031081 0.031083 0.031081 0.031140 
16.578339 0.030321 0.030292 0.030312 0.030292 0.030218 0.030296 0.030312 0.030296 0.030300 
16.599883 0.029539 0.029562 0.029559 0.029562 0.029547 0.029554 0.029559 0.029554 0.029547 
16.621428 0.028792 0.028752 0.028785 0.028752 0.028750 0.028860 0.028785 0.028860 0.028680 
16.642972 0.028038 0.028028 0.028052 0.028028 0.028139 0.028026 0.028052 0.028026 0.027986 
16.664516 0.027305 0.027328 0.027300 0.027328 0.027356 0.027276 0.027300 0.027276 0.027321 
16.686061 0.026579 0.026628 0.026593 0.026628 0.026607 0.026646 0.026593 0.026646 0.026626 
16.707604 0.025928 0.025937 0.025900 0.025937 0.025864 0.025899 0.025900 0.025899 0.025934 
16.729149 0.025218 0.025200 0.025204 0.025200 0.025216 0.025225 0.025204 0.025225 0.025266 
16.750693 0.024532 0.024579 0.024541 0.024579 0.024616 0.024544 0.024541 0.024544 0.024634 
16.772238 0.023883 0.023863 0.023875 0.023863 0.023855 0.023868 0.023875 0.023868 0.023904 
16.793782 0.023231 0.023247 0.023234 0.023247 0.023224 0.023288 0.023234 0.023288 0.023175 
16.815326 0.022593 0.022602 0.022584 0.022602 0.022662 0.022564 0.022584 0.022564 0.022601 
16.836870 0.021960 0.021968 0.021965 0.021968 0.021990 0.022024 0.021965 0.022024 0.021970 
16.858415 0.021340 0.021375 0.021319 0.021375 0.021297 0.021373 0.021319 0.021373 0.021363 
16.879959 0.020757 0.020728 0.020716 0.020728 0.020715 0.020722 0.020716 0.020722 0.020723 
16.901504 0.020160 0.020154 0.020175 0.020154 0.020160 0.020122 0.020175 0.020122 0.020141 
16.923048 0.019596 0.019570 0.019583 0.019570 0.019587 0.019615 0.019583 0.019615 0.019510 
16.944592 0.019016 0.019020 0.019000 0.019020 0.018997 0.018992 0.019000 0.018992 0.019025 
16.966136 0.018449 0.018438 0.018439 0.018438 0.018530 0.018462 0.018439 0.018462 0.018416 
16.987680 0.017908 0.017923 0.017919 0.017923 0.017846 0.017906 0.017919 0.017906 0.017995 
17.009225 0.017377 0.017359 0.017399 0.017359 0.017275 0.017394 0.017399 0.017394 0.017391 
17.030769 0.016842 0.016874 0.016861 0.016874 0.016792 0.016836 0.016861 0.016836 0.016926 
17.052314 0.016335 0.016344 0.016320 0.016344 0.016324 0.016286 0.016320 0.016286 0.016409 
17.073857 0.015842 0.015816 0.015836 0.015816 0.015807 0.015807 0.015836 0.015807 0.015818 
17.095402 0.015333 0.015346 0.015347 0.015346 0.015368 0.015336 0.015347 0.015336 0.015376 
17.116946 0.014860 0.014821 0.014860 0.014821 0.014840 0.014846 0.014860 0.014846 0.014864 
17.138491 0.014402 0.014367 0.014381 0.014367 0.014348 0.014377 0.014381 0.014377 0.014355 
17.160035 0.013904 0.013914 0.013908 0.013914 0.013915 0.013930 0.013908 0.013930 0.013891 
17.181580 0.013459 0.013419 0.013463 0.013419 0.013465 0.013426 0.013463 0.013426 0.013436 
17.203124 0.013017 0.013013 0.013008 0.013013 0.012978 0.013026 0.013008 0.013026 0.012992 
17.224668 0.012579 0.012585 0.012595 0.012585 0.012598 0.012616 0.012595 0.012616 0.012603 
17.246212 0.012150 0.012171 0.012129 0.012171 0.012149 0.012190 0.012129 0.012190 0.012139 
17.267756 0.011729 0.011730 0.011736 0.011730 0.011728 0.011779 0.011736 0.011779 0.011723 
17.289301 0.011330 0.011317 0.011334 0.011317 0.011304 0.011347 0.011334 0.011347 0.011245 
17.310845 0.010929 0.010930 0.010906 0.010930 0.010886 0.010932 0.010906 0.010932 0.010897 
17.332389 0.010534 0.010532 0.010528 0.010532 0.010558 0.010548 0.010528 0.010548 0.010562 
17.353933 0.010152 0.010144 0.010177 0.010144 0.010149 0.010189 0.010177 0.010189 0.010171 
17.375478 0.009777 0.009797 0.009789 0.009797 0.009834 0.009793 0.009789 0.009793 0.009786 
17.397022 0.009410 0.009410 0.009419 0.009410 0.009439 0.009426 0.009419 0.009426 0.009403 
17.418567 0.009059 0.009062 0.009058 0.009062 0.008989 0.009110 0.009058 0.009110 0.009036 
17.440111 0.008709 0.008710 0.008705 0.008710 0.008712 0.008716 0.008705 0.008716 0.008701 
17.461656 0.008377 0.008364 0.008367 0.008364 0.008343 0.008372 0.008367 0.008372 0.008339 
17.483199 0.008024 0.008037 0.008032 0.008037 0.008056 0.008013 0.008032 0.008013 0.008015 
17.504744 0.007720 0.007710 0.007707 0.007710 0.007747 0.007731 0.007707 0.007731 0.007725 
17.526288 0.007405 0.007409 0.007401 0.007409 0.007372 0.007373 0.007401 0.007373 0.007380 
17.547832 0.007100 0.007092 0.007083 0.007092 0.007103 0.007103 0.007083 0.007103 0.007097 
17.569377 0.006793 0.006797 0.006805 0.006797 0.006775 0.006795 0.006805 0.006795 0.006770 
17.590920 0.006500 0.006491 0.006502 0.006491 0.006502 0.006499 0.006502 0.006499 0.006508 
17.612465 0.006207 0.006227 0.006215 0.006227 0.006201 0.006205 0.006215 0.006205 0.006219 
17.634009 0.005947 0.005936 0.005955 0.005936 0.005966 0.005923 0.005955 0.005923 0.005937 
17.655554 0.005663 0.005683 0.005668 0.005683 0.005703 0.005695 0.005668 0.005695 0.005648 
17.677098 0.005405 0.005401 0.005403 0.005401 0.005397 0.005403 0.005403 0.005403 0.005387 
17.698643 0.005160 0.005145 0.005146 0.005145 0.005146 0.005148 0.005146 0.005148 0.005120 
17.720187 0.004903 0.004894 0.004902 0.004894 0.004933 0.004903 0.004902 0.004903 0.004926 
17.741731 0.004669 0.004671 0.004659 0.004671 0.004655 0.004671 0.004659 0.004671 0.004675 
17.763275 0.004422 0.004416 0.004426 0.004416 0.004422 0.004446 0.004426 0.004446 0.004405 
17.784820 0.004203 0.004199 0.004200 0.004199 0.004221 0.004191 0.004200 0.004191 0.004205 
17.806364 0.003985 0.003978 0.003976 0.003978 0.003985 0.003968 0.003976 0.003968 0.003970 
17.827909 0.003763 0.003773 0.003770 0.003773 0.003730 0.003774 0.003770 0.003774 0.003783 
17.849452 0.003555 0.003556 0.003559 0.003556 0.003578 0.003565 0.003559 0.003565 0.003603 
17.870996 0.003358 0.003367 0.003354 0.003367 0.003344 0.003379 0.003354 0.003379 0.003360 
17.892541 0.003160 0.003167 0.003167 0.003167 0.003174 0.003169 0.003167 0.003169 0.003177 
17.914085 0.002990 0.002980 0.002983 0.002980 0.002964 0.002992 0.002983 0.002992 0.002975 
17.935630 0.002801 0.002800 0.002792 0.002800 0.002816 0.002808 0.002792 0.002808 0.002811 
17.957174 0.002625 0.002629 0.002620 0.002629 0.002610 0.002615 0.002620 0.002615 0.002624 
17.978719 0.002457 0.002453 0.002460 0.002453 0.002451 0.002453 0.002460 0.002453 0.002465 
18.000262 0.002301 0.002290 0.002304 0.002290 0.002282 0.002292 0.002304 0.002292 0.002290 
18.021807 0.002140 0.002133 0.002139 0.002133 0.002149 0.002141 0.002139 0.002141 0.002134 
18.043351 0.001989 0.001991 0.001985 0.001991 0.001990 0.001993 0.001985 0.001993 0.001993 
18.064896 0.001843 0.001851 0.001846 0.001851 0.001833 0.001849 0.001846 0.001849 0.001825 
18.086440 0.001705 0.001710 0.001713 0.001710 0.001690 0.001707 0.001713 0.001707 0.001718 
18.107985 0.001574 0.001573 0.001572 0.001573 0.001593 0.001579 0.001572 0.001579 0.001581 
18.129529 0.001451 0.001445 0.001449 0.001445 0.001445 0.001446 0.001449 0.001446 0.001437 
18.151073 0.001330 0.001331 0.001325 0.001331 0.001326 0.001321 0.001325 0.001321 0.001345 
18.172617 0.001209 0.001208 0.001212 0.001208 0.001223 0.001205 0.001212 0.001205 0.001222 
18.194161 0.001105 0.001102 0.001103 0.001102 0.001101 0.001103 0.001103 0.001103 0.001111 
18.215706 0.000999 0.000998 0.000999 0.000998 0.000995 0.000995 0.000999 0.000995 0.000989 
18.237250 0.000903 0.000901 0.000900 0.000901 0.000906 0.000891 0.000900 0.000891 0.000911 
18.258794 0.000807 0.000812 0.000811 0.000812 0.000813 0.000814 0.000811 0.000814 0.000808 
18.280338 0.000722 0.000719 0.000718 0.000719 0.000728 0.000716 0.000718 0.000716 0.000737 
18.301883 0.000639 0.000638 0.000638 0.000638 0.000642 0.000637 0.000638 0.000637 0.000630 
18.323427 0.000563 0.000560 0.000560 0.000560 0.000556 0.000556 0.000560 0.000556 0.000560 
18.344972 0.000490 0.000492 0.000494 0.000492 0.000488 0.000492 0.000494 0.000492 0.000495 
18.366516 0.000423 0.000429 0.000421 0.000429 0.000419 0.000420 0.000421 0.000420 0.000430 
18.388061 0.000361 0.000361 0.000360 0.000361 0.000361 0.000365 0.000360 0.000365 0.000360 
18.409604 0.000303 0.000304 0.000306 0.000304 0.000314 0.000304 0.000306 0.000304 0.000305 
18.431149 0.000255 0.000256 0.000254 0.000256 0.000255 0.000253 0.000254 0.000253 0.000253 
18.452693 0.000208 0.000208 0.000208 0.000208 0.000208 0.000204 0.000208 0.000204 0.000219 
18.474237 0.000166 0.000166 0.000163 0.000166 0.000165 0.000167 0.000163 0.000167 0.000167 
18.495782 0.000127 0.000128 0.000129 0.000128 0.000132 0.000130 0.000129 0.000130 0.000131 
18.517325 0.000097 0.000097 0.000098 0.000097 0.000094 0.000093 0.000098 0.000093 0.000097 
18.538870 0.000070 0.000068 0.000069 0.000068 0.000070 0.000068 0.000069 0.000068 0.000068 
18.560414 0.000047 0.000045 0.000047 0.000045 0.000047 0.000046 0.000047 0.000046 0.000047 
18.581959 0.000028 0.000028 0.000028 0.000028 0.000028 0.000028 0.000028 0.000028 0.000028 
18.603503 0.000014 0.000015 0.000014 0.000015 0.000016 0.000013 0.000014 0.000013 0.000015 
18.625048 0.000006 0.000005 0.000005 0.000005 0.000006 0.000006 0.000005 0.000006 0.000005 
18.646592 0.000001 0.000001 0.000001 0.000001 0.000001 0.000001 0.000001 0.000001 0.000001 
18.668136 0.000000 0.000000 0.000000 0.000000 0.000000 0.000000 0.000000 0.000000 0.000000 
18.689680 0.000000 0.000000 0.000000 0.000000 0.000000 0.000000 0.000000 0.000000 0.000000 
18.711225 0.000000 0.000000 0.000000 0.000000 0.000000 0.000000 0.000000 0.000000 0.000000 
18.732769 0.000000 0.000000 0.000000 0.000000 0.000000 0.000000 0.000000 0.000000 0.000000 
18.754313 0.000000 0.000000 0.000000 0.000000 0.000000 0.000000 0.000000 0.000000 0.000000 
18.775857 0.000000 0.000000 0.000000 0.000000 0.000000 0.000000 0.000000 0.000000 0.000000 
18.797401 0.000000 0.000000 0.000000 0.000000 0.000000 0.000000 0.000000 0.000000 0.000000 
18.818946 0.000000 0.000000 0.000000 0.000000 0.000000 0.000000 0.000000 0.000000 0.000000 
18.840490 0.000000 0.000000 0.000000 0.000000 0.000000 0.000000 0.000000 0.000000 0.000000 
18.862035 0.000000 0.000000 0.000000 0.000000 0.000000 0.000000 0.000000 0.000000 0.000000 
18.883579 0.000000 0.000000 0.000000 0.000000 0.000000 0.000000 0.000000 0.000000 0.000000 
18.905124 0.000000 0.000000 0.000000 0.000000 0.000000 0.000000 0.000000 0.000000 0.000000 
18.926667 0.000000 0.000000 0.000000 0.000000 0.000000 0.000000 0.000000 0.000000 0.000000 
18.948212 0.000000 0.000000 0.000000 0.000000 0.000000 0.000000 0.000000 0.000000 0.000000 
18.969756 0.000000 0.000000 0.000000 0.000000 0.000000 0.000000 0.000000 0.000000 0.000000 
18.991301 0.000000 0.000000 0.000000 0.000000 0.000000 0.000000 0.000000 0.000000 0.000000 
19.012845 0.000000 0.000000 0.000000 0.000000 0.000000 0.000000 0.000000 0.000000 0.000000 
19.034389 0.000000 0.000000 0.000000 0.000000 0.000000 0.000000 0.000000 0.000000 0.000000 
19.055933 0.000000 0.000000 0.000000 0.000000 0.000000 0.000000 0.000000 0.000000 0.000000 
19.077477 0.000000 0.000000 0.000000 0.000000 0.000000 0.000000 0.000000 0.000000 0.000000 
19.099022 0.000000 0.000000 0.000000 0.000000 0.000000 0.000000 0.000000 0.000000 0.000000 
19.120566 0.000000 0.000000 0.000000 0.000000 0.000000 0.000000 0.000000 0.000000 0.000000 
19.142111 0.000000 0.000000 0.000000 0.000000 0.000000 0.000000 0.000000 0.000000 0.000000 
19.163655 0.000000 0.000000 0.000000 0.000000 0.000000 0.000000 0.000000 0.000000 0.000000 
19.185199 0.000000 0.000000 0.000000 0.000000 0.000000 0.000000 0.000000 0.000000 0.000000 
19.206743 0.000000 0.000000 0.000000 0.000000 0.000000 0.000000 0.000000 0.000000 0.000000 
19.228288 0.000000 0.000000 0.000000 0.000000 0.000000 0.000000 0.000000 0.000000 0.000000 
19.249832 0.000000 0.000000 0.000000 0.000000 0.000000 0.000000 0.000000 0.000000 0.000000 
19.271377 0.000000 0.000000 0.000000 0.000000 0.000000 0.000000 0.000000 0.000000 0.000000 
19.292920 0.000000 0.000000 0.000000 0.000000 0.000000 0.000000 0.000000 0.000000 0.000000 
19.314465 0.000000 0.000000 0.000000 0.000000 0.000000 0.000000 0.000000 0.000000 0.000000 
19.336009 0.000000 0.000000 0.000000 0.000000 0.000000 0.000000 0.000000 0.000000 0.000000 
19.357553 0.000000 0.000000 0.000000 0.000000 0.000000 0.000000 0.000000 0.000000 0.000000 
19.379098 0.000000 0.000000 0.000000 0.000000 0.000000 0.000000 0.000000 0.000000 0.000000 
19.400642 0.000000 0.000000 0.000000 0.000000 0.000000 0.000000 0.000000 0.000000 0.000000 
19.422187 0.000000 0.000000 0.000000 0.000000 0.000000 0.000000 0.000000 0.000000 0.000000 
19.443730 0.000000 0.000000 0.000000 0.000000 0.000000 0.000000 0.000000 0.000000 0.000000 
19.465275 0.000000 0.000000 0.000000 0.000000 0.000000 0.000000 0.000000 0.000000 0.000000 
19.486819 0.000000 0.000000 0.000000 0.000000 0.000000 0.000000 0.000000 0.000000 0.000000 
19.508364 0.000000 0.000000 0.000000 0.000000 0.000000 0.000000 0.000000 0.000000 0.000000 
19.529908 0.000000 0.000000 0.000000 0.000000 0.000000 0.000000 0.000000 0.000000 0.000000 
19.551453 0.000000 0.000000 0.000000 0.000000 0.000000 0.000000 0.000000 0.000000 0.000000 
19.572997 0.000000 0.000000 0.000000 0.000000 0.000000 0.000000 0.000000 0.000000 0.000000 
19.594541 0.000000 0.000000 0.000000 0.000000 0.000000 0.000000 0.000000 0.000000 0.000000 
19.616085 0.000000 0.000000 0.000000 0.000000 0.000000 0.000000 0.000000 0.000000 0.000000 
19.637630 0.000000 0.000000 0.000000 0.000000 0.000000 0.000000 0.000000 0.000000 0.000000 
19.659174 0.000000 0.000000 0.000000 0.000000 0.000000 0.000000 0.000000 0.000000 0.000000 
19.680718 0.000000 0.000000 0.000000 0.000000 0.000000 0.000000 0.000000 0.000000 0.000000 
19.702262 0.000000 0.000000 0.000000 0.000000 0.000000 0.000000 0.000000 0.000000 0.000000 
19.723806 0.000000 0.000000 0.000000 0.000000 0.000000 0.000000 0.000000 0.000000 0.000000 
19.745351 0.000000 0.000000 0.000000 0.000000 0.000000 0.000000 0.000000 0.000000 0.000000 
19.766895 0.000000 0.000000 0.000000 0.000000 0.000000 0.000000 0.000000 0.000000 0.000000 
19.788440 0.000000 0.000000 0.000000 0.000000 0.000000 0.000000 0.000000 0.000000 0.000000 
19.809984 0.000000 0.000000 0.000000 0.000000 0.000000 0.000000 0.000000 0.000000 0.000000 
19.831529 0.000000 0.000000 0.000000 0.000000 0.000000 0.000000 0.000000 0.000000 0.000000 
19.853072 0.000000 0.000000 0.000000 0.000000 0.000000 0.000000 0.000000 0.000000 0.000000 
19.874617 0.000000 0.000000 0.000000 0.000000 0.000000 0.000000 0.000000 0.000000 0.000000 
19.896161 0.000000 0.000000 0.000000 0.000000 0.000000 0.000000 0.000000 0.000000 0.000000 
19.917706 0.000000 0.000000 0.000000 0.000000 0.000000 0.000000 0.000000 0.000000 0.000000 
19.939250 0.000000 0.000000 0.000000 0.000000 0.000000 0.000000 0.000000 0.000000 0.000000 
19.960793 0.000000 0.000000 0.000000 0.000000 0.000000 0.000000 0.000000 0.000000 0.000000 
19.982338 0.000000 0.000000 0.000000 0.000000 0.000000 0.000000 0.000000 0.000000 0.000000 
20.003882 0.000000 0.000000 0.000000 0.000000 0.000000 0.000000 0.000000 0.000000 0.000000 
20.025427 0.000000 0.000000 0.000000 0.000000 0.000000 0.000000 0.000000 0.000000 0.000000 
20.046971 0.000000 0.000000 0.000000 0.000000 0.000000 0.000000 0.000000 0.000000 0.000000 
20.068516 0.000000 0.000000 0.000000 0.000000 0.000000 0.000000 0.000000 0.000000 0.000000 
20.090060 0.000000 0.000000 0.000000 0.000000 0.000000 0.000000 0.000000 0.000000 0.000000 
20.111604 0.000000 0.000000 0.000000 0.000000 0.000000 0.000000 0.000000 0.000000 0.000000 
20.133148 0.000000 0.000000 0.000000 0.000000 0.000000 0.000000 0.000000 0.000000 0.000000 
20.154693 0.000000 0.000000 0.000000 0.000000 0.000000 0.000000 0.000000 0.000000 0.000000 
20.176237 0.000000 0.000000 0.000000 0.000000 0.000000 0.000000 0.000000 0.000000 0.000000 
20.197782 0.000000 0.000000 0.000000 0.000000 0.000000 0.000000 0.000000 0.000000 0.000000 
20.219325 0.000000 0.000000 0.000000 0.000000 0.000000 0.000000 0.000000 0.000000 0.000000 
20.240870 0.000000 0.000000 0.000000 0.000000 0.000000 0.000000 0.000000 0.000000 0.000000 
20.262414 0.000000 0.000000 0.000000 0.000000 0.000000 0.000000 0.000000 0.000000 0.000000 
20.283958 0.000000 0.000000 0.000000 0.000000 0.000000 0.000000 0.000000 0.000000 0.000000 
20.305503 0.000000 0.000000 0.000000 0.000000 0.000000 0.000000 0.000000 0.000000 0.000000 
20.327047 0.000000 0.000000 0.000000 0.000000 0.000000 0.000000 0.000000 0.000000 0.000000 
20.348592 0.000000 0.000000 0.000000 0.000000 0.000000 0.000000 0.000000 0.000000 0.000000 
20.370135 0.000000 0.000000 0.000000 0.000000 0.000000 0.000000 0.000000 0.000000 0.000000 
20.391680 0.000000 0.000000 0.000000 0.000000 0.000000 0.000000 0.000000 0.000000 0.000000 
20.413224 0.000000 0.000000 0.000000 0.000000 0.000000 0.000000 0.000000 0.000000 0.000000 
20.434769 0.000000 0.000000 0.000000 0.000000 0.000000 0.000000 0.000000 0.000000 0.000000 
20.456313 0.000000 0.000000 0.000000 0.000000 0.000000 0.000000 0.000000 0.000000 0.000000 
20.477857 0.000000 0.000000 0.000000 0.000000 0.000000 0.000000 0.000000 0.000000 0.000000 
20.499401 0.000000 0.000000 0.000000 0.000000 0.000000 0.000000 0.000000 0.000000 0.000000 
20.520946 0.000000 0.000000 0.000000 0.000000 0.000000 0.000000 0.000000 0.000000 0.000000 
20.542490 0.000000 0.000000 0.000000 0.000000 0.000000 0.000000 0.000000 0.000000 0.000000 
20.564034 0.000000 0.000000 0.000000 0.000000 0.000000 0.000000 0.000000 0.000000 0.000000 
20.585579 0.000000 0.000000 0.000000 0.000000 0.000000 0.000000 0.000000 0.000000 0.000000 
20.607123 0.000000 0.000000 0.000000 0.000000 0.000000 0.000000 0.000000 0.000000 0.000000 
20.628667 0.000000 0.000000 0.000000 0.000000 0.000000 0.000000 0.000000 0.000000 0.000000 
20.650211 0.000000 0.000000 0.000000 0.000000 0.000000 0.000000 0.000000 0.000000 0.000000 
20.671756 0.000000 0.000000 0.000000 0.000000 0.000000 0.000000 0.000000 0.000000 0.000000 
20.693300 0.000000 0.000000 0.000000 0.000000 0.000000 0.000000 0.000000 0.000000 0.000000 
20.714845 0.000000 0.000000 0.000000 0.000000 0.000000 0.000000 0.000000 0.000000 0.000000 
20.736389 0.000000 0.000000 0.000000 0.000000 0.000000 0.000000 0.000000 0.000000 0.000000 
20.757934 0.000000 0.000000 0.000000 0.000000 0.000000 0.000000 0.000000 0.000000 0.000000 
20.779477 0.000000 0.000000 0.000000 0.000000 0.000000 0.000000 0.000000 0.000000 0.000000 
20.801022 0.000000 0.000000 0.000000 0.000000 0.000000 0.000000 0.000000 0.000000 0.000000 
20.822566 0.000000 0.000000 0.000000 0.000000 0.000000 0.000000 0.000000 0.000000 0.000000 
20.844110 0.000000 0.000000 0.000000 0.000000 0.000000 0.000000 0.000000 0.000000 0.000000 
20.865655 0.000000 0.000000 0.000000 0.000000 0.000000 0.000000 0.000000 0.000000 0.000000 
20.887198 0.000000 0.000000 0.000000 0.000000 0.000000 0.000000 0.000000 0.000000 0.000000 
20.908743 0.000000 0.000000 0.000000 0.000000 0.000000 0.000000 0.000000 0.000000 0.000000 
20.930287 0.000000 0.000000 0.000000 0.000000 0.000000 0.000000 0.000000 0.000000 0.000000 
20.951832 0.000000 0.000000 0.000000 0.000000 0.000000 0.000000 0.000000 0.000000 0.000000 
20.973376 0.000000 0.000000 0.000000 0.000000 0.000000 0.000000 0.000000 0.000000 0.000000 
20.994921 0.000000 0.000000 0.000000 0.000000 0.000000 0.000000 0.000000 0.000000 0.000000 
21.016465 0.000000 0.000000 0.000000 0.000000 0.000000 0.000000 0.000000 0.000000 0.000000 
21.038009 0.000000 0.000000 0.000000 0.000000 0.000000 0.000000 0.000000 0.000000 0.000000 
21.059553 0.000000 0.000000 0.000000 0.000000 0.000000 0.000000 0.000000 0.000000 0.000000 
21.081098 0.000000 0.000000 0.000000 0.000000 0.000000 0.000000 0.000000 0.000000 0.000000 
21.102642 0.000000 0.000000 0.000000 0.000000 0.000000 0.000000 0.000000 0.000000 0.000000 
21.124187 0.000000 0.000000 0.000000 0.000000 0.000000 0.000000 0.000000 0.000000 0.000000 
21.145730 0.000000 0.000000 0.000000 0.000000 0.000000 0.000000 0.000000 0.000000 0.000000 
21.167274 0.000000 0.000000 0.000000 0.000000 0.000000 0.000000 0.000000 0.000000 0.000000 
21.188819 0.000000 0.000000 0.000000 0.000000 0.000000 0.000000 0.000000 0.000000 0.000000 
21.210363 0.000000 0.000000 0.000000 0.000000 0.000000 0.000000 0.000000 0.000000 0.000000 
21.231908 0.000000 0.000000 0.000000 0.000000 0.000000 0.000000 0.000000 0.000000 0.000000 
21.253452 0.000000 0.000000 0.000000 0.000000 0.000000 0.000000 0.000000 0.000000 0.000000 
21.274997 0.000000 0.000000 0.000000 0.000000 0.000000 0.000000 0.000000 0.000000 0.000000 
21.296540 0.000000 0.000000 0.000000 0.000000 0.000000 0.000000 0.000000 0.000000 0.000000 
21.318085 0.000000 0.000000 0.000000 0.000000 0.000000 0.000000 0.000000 0.000000 0.000000 
21.339629 0.000000 0.000000 0.000000 0.000000 0.000000 0.000000 0.000000 0.000000 0.000000 
21.361174 0.000000 0.000000 0.000000 0.000000 0.000000 0.000000 0.000000 0.000000 0.000000 
21.382718 0.000000 0.000000 0.000000 0.000000 0.000000 0.000000 0.000000 0.000000 0.000000 
21.404262 0.000000 0.000000 0.000000 0.000000 0.000000 0.000000 0.000000 0.000000 0.000000 
21.425806 0.000000 0.000000 0.000000 0.000000 0.000000 0.000000 0.000000 0.000000 0.000000 
21.447351 0.000000 0.000000 0.000000 0.000000 0.000000 0.000000 0.000000 0.000000 0.000000 
21.468895 0.000000 0.000000 0.000000 0.000000 0.000000 0.000000 0.000000 0.000000 0.000000 
21.490439 0.000000 0.000000 0.000000 0.000000 0.000000 0.000000 0.000000 0.000000 0.000000 
21.511984 0.000000 0.000000 0.000000 0.000000 0.000000 0.000000 0.000000 0.000000 0.000000 
21.533528 0.000000 0.000000 0.000000 0.000000 0.000000 0.000000 0.000000 0.000000 0.000000 
