# concentrations: 0.666667 0.166667 0.166667
0.010772 0.000000 0.000000 0.000000 0.000000 0.000000 0.000000 0.000000 0.000000 0.000000 
0.032316 0.000000 0.000000 0.000000 0.000000 0.000000 0.000000 0.000000 0.000000 0.000000 
0.053861 0.000000 0.000000 0.000000 0.000000 0.000000 0.000000 0.000000 0.000000 0.000000 
0.075405 0.000000 0.000000 0.000000 0.000000 0.000000 0.000000 0.000000 0.000000 0.000000 
0.096949 0.000000 0.000000 0.000000 0.000000 0.000000 0.000000 0.000000 0.000000 0.000000 
0.118494 0.000000 0.000000 0.000000 0.000000 0.000000 0.000000 0.000000 0.000000 0.000000 
0.140038 0.000000 0.000000 0.000000 0.000000 0.000000 0.000000 0.000000 0.000000 0.000000 
0.161582 0.000000 0.000000 0.000000 0.000000 0.000000 0.000000 0.000000 0.000000 0.000000 
0.183127 0.000000 0.000000 0.000000 0.000000 0.000000 0.000000 0.000000 0.000000 0.000000 
0.204671 0.000000 0.000000 0.000000 0.000000 0.000000 0.000000 0.000000 0.000000 0.000000 
0.226215 0.000000 0.000000 0.000000 0.000000 0.000000 0.000000 0.000000 0.000000 0.000000 
0.247759 0.000000 0.000000 0.000000 0.000000 0.000000 0.000000 0.000000 0.000000 0.000000 
0.269304 0.000000 0.000000 0.000000 0.000000 0.000000 0.000000 0.000000 0.000000 0.000000 
0.290848 0.000000 0.000000 0.000000 0.000000 0.000000 0.000000 0.000000 0.000000 0.000000 
0.312392 0.000000 0.000000 0.000000 0.000000 0.000000 0.000000 0.000000 0.000000 0.000000 
0.333937 0.000000 0.000000 0.000000 0.000000 0.000000 0.000000 0.000000 0.000000 0.000000 
0.355481 0.000000 0.000000 0.000000 0.000000 0.000000 0.000000 0.000000 0.000000 0.000000 
0.377025 0.000000 0.000000 0.000000 0.000000 0.000000 0.000000 0.000000 0.000000 0.000000 
0.398570 0.000000 0.000000 0.000000 0.000000 0.000000 0.000000 0.000000 0.000000 0.000000 
0.420114 0.000000 0.000000 0.000000 0.000000 0.000000 0.000000 0.000000 0.000000 0.000000 
0.441658 0.000000 0.000000 0.000000 0.000000 0.000000 0.000000 0.000000 0.000000 0.000000 
0.463202 0.000000 0.000000 0.000000 0.000000 0.000000 0.000000 0.000000 0.000000 0.000000 
0.484747 0.000000 0.000000 0.000000 0.000000 0.000000 0.000000 0.000000 0.000000 0.000000 
0.506291 0.000000 0.000000 0.000000 0.000000 0.000000 0.000000 0.000000 0.000000 0.000000 
0.527835 0.000000 0.000000 0.000000 0.000000 0.000000 0.000000 0.000000 0.000000 0.000000 
0.549380 0.000000 0.000000 0.000000 0.000000 0.000000 0.000000 0.000000 0.000000 0.000000 
0.570924 0.000000 0.000000 0.000000 0.000000 0.000000 0.000000 0.000000 0.000000 0.000000 
0.592468 0.000000 0.000000 0.000000 0.000000 0.000000 0.000000 0.000000 0.000000 0.000000 
0.614013 0.000000 0.000000 0.000000 0.000000 0.000000 0.000000 0.000000 0.000000 0.000000 
0.635557 0.000000 0.000000 0.000000 0.000000 0.000000 0.000000 0.000000 0.000000 0.000000 
0.657101 0.000000 0.000000 0.000000 0.000000 0.000000 0.000000 0.000000 0.000000 0.000000 
0.678645 0.000000 0.000000 0.000000 0.000000 0.000000 0.000000 0.000000 0.000000 0.000000 
0.700190 0.000000 0.000000 0.000000 0.000000 0.000000 0.000000 0.000000 0.000000 0.000000 
0.721734 0.000000 0.000000 0.000000 0.000000 0.000000 0.000000 0.000000 0.000000 0.000000 
0.743278 0.000000 0.000461 0.000000 0.000461 0.000000 0.000000 0.000000 0.000000 0.000000 
0.764823 0.000000 0.024739 0.000000 0.024739 0.000026 0.000277 0.000000 0.000277 0.000000 
0.786367 0.000000 0.286237 0.000000 0.286237 0.001348 0.009331 0.000000 0.009331 0.000000 
0.807911 0.000000 1.242870 0.000009 1.242870 0.014685 0.086710 0.000009 0.086710 0.000000 
0.829456 0.000000 2.860822 0.000844 2.860822 0.064435 0.358699 0.000844 0.358699 0.000045 
0.851000 0.000000 4.302007 0.025921 4.302007 0.183365 0.866559 0.025921 0.866559 0.001002 
0.872544 0.000000 4.914752 0.234784 4.914752 0.347303 1.442533 0.234784 1.442533 0.015713 
0.894088 0.000054 4.718173 0.950949 4.718173 0.531854 1.847192 0.950949 1.847192 0.093515 
0.915633 0.002335 4.069297 2.219837 4.069297 0.672254 2.015477 2.219837 2.015477 0.294784 
0.937177 0.033465 3.320307 3.531155 3.320307 0.768310 1.986143 3.531155 1.986143 0.626852 
0.958721 0.211578 2.621599 4.337950 2.621599 0.826263 1.840692 4.337950 1.840692 0.984945 
0.980266 0.722141 2.051613 4.469967 2.051613 0.845926 1.655443 4.469967 1.655443 1.255259 
1.001810 1.568832 1.614779 4.117514 1.614779 0.832159 1.453029 4.117514 1.453029 1.397550 
1.023354 2.481034 1.283854 3.522685 1.283854 0.832465 1.274930 3.522685 1.274930 1.425829 
1.044899 3.139375 1.039475 2.904013 1.039475 0.803822 1.138108 2.904013 1.138108 1.365703 
1.066443 3.391503 0.858577 2.344441 0.858577 0.801863 1.004792 2.344441 1.004792 1.277484 
1.087987 3.301690 0.726967 1.880247 0.726967 0.799184 0.917952 1.880247 0.917952 1.163333 
1.109531 2.990265 0.621220 1.516001 0.621220 0.805477 0.840729 1.516001 0.840729 1.061418 
1.131076 2.597178 0.544736 1.230056 0.544736 0.817875 0.785128 1.230056 0.785128 0.959647 
1.152620 2.196676 0.489238 1.014975 0.489238 0.835638 0.736381 1.014975 0.736381 0.868438 
1.174164 1.842566 0.446298 0.849710 0.446298 0.859915 0.712421 0.849710 0.712421 0.791986 
1.195709 1.536046 0.419267 0.722443 0.419267 0.890266 0.693594 0.722443 0.693594 0.742644 
1.217253 1.289692 0.399347 0.628419 0.399347 0.934129 0.683568 0.628419 0.683568 0.690624 
1.238797 1.093265 0.384901 0.559064 0.384901 0.982812 0.688702 0.559064 0.688702 0.663523 
1.260342 0.934918 0.379821 0.501911 0.379821 1.025365 0.696012 0.501911 0.696012 0.638108 
1.281886 0.815649 0.377696 0.461728 0.377696 1.079985 0.719664 0.461728 0.719664 0.629355 
1.303430 0.720309 0.382836 0.431770 0.382836 1.133559 0.752071 0.431770 0.752071 0.619904 
1.324974 0.647064 0.394033 0.410725 0.394033 1.177414 0.790974 0.410725 0.790974 0.618198 
1.346519 0.592127 0.408831 0.396023 0.408831 1.218311 0.829342 0.396023 0.829342 0.621760 
1.368063 0.550561 0.431308 0.390367 0.431308 1.247981 0.879023 0.390367 0.879023 0.642131 
1.389607 0.522606 0.458357 0.390116 0.458357 1.280706 0.935025 0.390116 0.935025 0.670537 
1.411152 0.504781 0.491377 0.394644 0.491377 1.292005 0.992388 0.394644 0.992388 0.699384 
1.432696 0.495604 0.535623 0.405736 0.535623 1.292923 1.043849 0.405736 1.043849 0.739441 
1.454240 0.494538 0.583375 0.422576 0.583375 1.285766 1.097536 0.422576 1.097536 0.787999 
1.475785 0.502274 0.639544 0.445941 0.639544 1.266736 1.145338 0.445941 1.145338 0.836855 
1.497329 0.518119 0.701734 0.474758 0.701734 1.256661 1.179062 0.474758 1.179062 0.901325 
1.518873 0.541929 0.771654 0.512652 0.771654 1.229461 1.211338 0.512652 1.211338 0.962574 
1.540417 0.574538 0.847281 0.559492 0.847281 1.216109 1.232139 0.559492 1.232139 1.035068 
1.561962 0.617198 0.918793 0.615323 0.918793 1.200908 1.239158 0.615323 1.239158 1.096612 
1.583506 0.667343 0.993955 0.680217 0.993955 1.207777 1.238055 0.680217 1.238055 1.166310 
1.605050 0.721929 1.063219 0.754533 1.063219 1.222770 1.232190 0.754533 1.232190 1.221589 
1.626595 0.788574 1.122410 0.835720 1.122410 1.249993 1.222637 0.835720 1.222637 1.270815 
1.648139 0.856640 1.174150 0.916348 1.174150 1.282826 1.216883 0.916348 1.216883 1.301709 
1.669683 0.922740 1.207869 0.996990 1.207869 1.308200 1.214098 0.996990 1.214098 1.317286 
1.691228 0.986696 1.239412 1.077300 1.239412 1.329312 1.223125 1.077300 1.223125 1.329792 
1.712772 1.043133 1.255526 1.139788 1.255526 1.328061 1.243664 1.139788 1.243664 1.327645 
1.734316 1.092545 1.267822 1.196185 1.267822 1.309461 1.269184 1.196185 1.269184 1.320402 
1.755860 1.131804 1.278431 1.232230 1.278431 1.256813 1.298672 1.232230 1.298672 1.308354 
1.777405 1.164301 1.292750 1.258991 1.292750 1.192281 1.320393 1.258991 1.320393 1.297290 
1.798949 1.188354 1.308954 1.272613 1.308954 1.123198 1.330901 1.272613 1.330901 1.309127 
1.820493 1.206130 1.327403 1.278030 1.327403 1.043685 1.317371 1.278030 1.317371 1.313651 
1.842038 1.215089 1.342947 1.279770 1.342947 0.970877 1.284519 1.279770 1.284519 1.329995 
1.863582 1.215036 1.352977 1.276221 1.352977 0.899222 1.226474 1.276221 1.226474 1.338775 
1.885126 1.210972 1.352548 1.281274 1.352548 0.845414 1.164887 1.281274 1.164887 1.344792 
1.906671 1.200588 1.332858 1.287659 1.332858 0.792757 1.091647 1.287659 1.091647 1.331007 
1.928215 1.186083 1.301367 1.297310 1.301367 0.751107 1.020162 1.297310 1.020162 1.306661 
1.949759 1.173253 1.252249 1.304472 1.252249 0.721829 0.952629 1.304472 0.952629 1.256769 
1.971303 1.159531 1.195372 1.303382 1.195372 0.694797 0.887338 1.303382 0.887338 1.201678 
1.992848 1.153667 1.132820 1.295056 1.132820 0.683121 0.833827 1.295056 0.833827 1.134284 
2.014392 1.152913 1.071048 1.271963 1.071048 0.670371 0.787162 1.271963 0.787162 1.071187 
2.035936 1.151879 1.009589 1.236284 1.009589 0.673903 0.748992 1.236284 0.748992 0.998802 
2.057481 1.150417 0.952989 1.189662 0.952989 0.685079 0.722869 1.189662 0.722869 0.932606 
2.079025 1.144871 0.902586 1.136668 0.902586 0.698550 0.703253 1.136668 0.703253 0.871151 
2.100569 1.132976 0.860240 1.082018 0.860240 0.713432 0.688163 1.082018 0.688163 0.817799 
2.122114 1.112680 0.825692 1.023866 0.825692 0.738412 0.684189 1.023866 0.684189 0.776470 
2.143658 1.084404 0.801938 0.967536 0.801938 0.769067 0.686056 0.967536 0.686056 0.742073 
2.165202 1.049374 0.784257 0.917080 0.784257 0.804853 0.695843 0.917080 0.695843 0.715007 
2.186746 1.009869 0.773884 0.874308 0.773884 0.838620 0.711405 0.874308 0.711405 0.699888 
2.208291 0.969813 0.768338 0.837438 0.768338 0.876855 0.730698 0.837438 0.730698 0.685026 
2.229835 0.930014 0.770628 0.810778 0.770628 0.919975 0.760042 0.810778 0.760042 0.683627 
2.251379 0.893414 0.779573 0.787421 0.779573 0.958142 0.786880 0.787421 0.786880 0.689842 
2.272924 0.862046 0.792416 0.774226 0.792416 0.995763 0.821488 0.774226 0.821488 0.701466 
2.294468 0.836217 0.810345 0.767420 0.810345 1.030894 0.855523 0.767420 0.855523 0.719999 
2.316012 0.817825 0.831042 0.767398 0.831042 1.067530 0.896093 0.767398 0.896093 0.740784 
2.337556 0.805235 0.856629 0.774703 0.856629 1.093417 0.934000 0.774703 0.934000 0.767873 
2.359101 0.799452 0.883187 0.786911 0.883187 1.120972 0.971575 0.786911 0.971575 0.799042 
2.380645 0.800288 0.910107 0.803330 0.910107 1.143284 1.010433 0.803330 1.010433 0.835783 
2.402189 0.807835 0.938860 0.825091 0.938860 1.157206 1.046516 0.825091 1.046516 0.875504 
2.423734 0.820904 0.970572 0.851610 0.970572 1.171085 1.077631 0.851610 1.077631 0.913817 
2.445278 0.839289 0.995828 0.879698 0.995828 1.177051 1.107760 0.879698 1.107760 0.952482 
2.466822 0.861413 1.022074 0.909187 1.022074 1.174665 1.129454 0.909187 1.129454 0.988396 
2.488367 0.887633 1.046401 0.940335 1.046401 1.175610 1.150869 0.940335 1.150869 1.028133 
2.509911 0.915378 1.066487 0.969354 1.066487 1.165512 1.163345 0.969354 1.163345 1.060046 
2.531455 0.944730 1.084267 0.999844 1.084267 1.162653 1.174435 0.999844 1.174435 1.093364 
2.553000 0.973882 1.097430 1.028110 1.097430 1.151204 1.177033 1.028110 1.177033 1.119554 
2.574544 1.003458 1.106794 1.053368 1.106794 1.139531 1.178648 1.053368 1.178648 1.141851 
2.596088 1.030717 1.112803 1.076010 1.112803 1.126039 1.168636 1.076010 1.168636 1.161241 
2.617633 1.055433 1.115811 1.094766 1.115811 1.110590 1.159806 1.094766 1.159806 1.170811 
2.639177 1.075711 1.113248 1.107447 1.113248 1.093758 1.149904 1.107447 1.149904 1.175902 
2.660721 1.094745 1.110197 1.117578 1.110197 1.079206 1.139443 1.117578 1.139443 1.174960 
2.682265 1.107373 1.103513 1.124065 1.103513 1.063705 1.125411 1.124065 1.125411 1.171441 
2.703810 1.116669 1.094769 1.126405 1.094769 1.047043 1.107886 1.126405 1.107886 1.166783 
2.725354 1.123464 1.085687 1.124621 1.085687 1.029242 1.095300 1.124621 1.095300 1.151998 
2.746898 1.123717 1.074147 1.119170 1.074147 1.016850 1.078242 1.119170 1.078242 1.136370 
2.768443 1.121680 1.062885 1.112181 1.062885 0.998639 1.063997 1.112181 1.063997 1.122798 
2.789987 1.116224 1.050696 1.101110 1.050696 0.982328 1.046329 1.101110 1.046329 1.106447 
2.811531 1.109047 1.039502 1.089332 1.039502 0.959941 1.030164 1.089332 1.030164 1.087995 
2.833075 1.097826 1.028375 1.075630 1.028375 0.944973 1.014338 1.075630 1.014338 1.073887 
2.854620 1.085508 1.017571 1.063528 1.017571 0.928200 0.996737 1.063528 0.996737 1.057902 
2.876164 1.072043 1.007323 1.049411 1.007323 0.918954 0.980783 1.049411 0.980783 1.041028 
2.897708 1.058234 0.997579 1.036110 0.997579 0.906890 0.963920 1.036110 0.963920 1.024152 
2.919253 1.044894 0.986479 1.024555 0.986479 0.899389 0.948479 1.024555 0.948479 1.010828 
2.940797 1.029754 0.976645 1.011205 0.976645 0.895053 0.935178 1.011205 0.935178 0.997021 
2.962341 1.016309 0.966632 1.001011 0.966632 0.891972 0.921263 1.001011 0.921263 0.978785 
2.983886 1.003774 0.959010 0.989519 0.959010 0.891440 0.912269 0.989519 0.912269 0.965648 
3.005430 0.992486 0.949233 0.980042 0.949233 0.896943 0.900177 0.980042 0.900177 0.951967 
3.026974 0.982284 0.940756 0.969860 0.940756 0.903942 0.898486 0.969860 0.898486 0.934478 
3.048518 0.973442 0.933414 0.961171 0.933414 0.910536 0.894754 0.961171 0.894754 0.923078 
3.070063 0.964974 0.928347 0.952903 0.928347 0.924689 0.895511 0.952903 0.895511 0.913408 
3.091607 0.958044 0.926740 0.944081 0.926740 0.936887 0.899057 0.944081 0.899057 0.906460 
3.113151 0.952741 0.925747 0.937723 0.925747 0.952193 0.904755 0.937723 0.904755 0.904811 
3.134696 0.947079 0.926477 0.931020 0.926477 0.962909 0.913826 0.931020 0.913826 0.897806 
3.156240 0.942388 0.930401 0.926995 0.930401 0.976429 0.925879 0.926995 0.925879 0.899406 
3.177784 0.939630 0.936249 0.923515 0.936249 0.993030 0.937180 0.923515 0.937180 0.902353 
3.199329 0.937235 0.943410 0.924291 0.943410 1.009171 0.949940 0.924291 0.949940 0.907335 
3.220873 0.935115 0.952943 0.925139 0.952943 1.017762 0.966436 0.925139 0.966436 0.913211 
3.242417 0.934990 0.964397 0.928827 0.964397 1.030347 0.978396 0.928827 0.978396 0.927028 
3.263961 0.936012 0.974950 0.934027 0.974950 1.036697 0.992632 0.934027 0.992632 0.936745 
3.285506 0.937792 0.985568 0.941330 0.985568 1.044533 1.006424 0.941330 1.006424 0.950945 
3.307050 0.942852 0.997594 0.949873 0.997594 1.051924 1.019092 0.949873 1.019092 0.964803 
3.328594 0.948572 1.009723 0.962045 1.009723 1.056977 1.031197 0.962045 1.031197 0.979957 
3.350139 0.955579 1.020513 0.973745 1.020513 1.059944 1.040025 0.973745 1.040025 0.995588 
3.371683 0.963911 1.029691 0.985337 1.029691 1.057255 1.047944 0.985337 1.047944 1.009660 
3.393227 0.972793 1.037390 0.997861 1.037390 1.058583 1.055915 0.997861 1.055915 1.021549 
3.414772 0.982148 1.044281 1.010167 1.044281 1.053792 1.059035 1.010167 1.059035 1.033937 
3.436316 0.992487 1.048494 1.020226 1.048494 1.053083 1.061862 1.020226 1.061862 1.042907 
3.457860 1.003171 1.052494 1.030031 1.052494 1.046668 1.062506 1.030031 1.062506 1.051414 
3.479404 1.012652 1.053793 1.040209 1.053793 1.042366 1.059782 1.040209 1.059782 1.060494 
3.500949 1.022432 1.054144 1.045049 1.054144 1.037563 1.057973 1.045049 1.057973 1.062508 
3.522493 1.030200 1.052296 1.051867 1.052296 1.030402 1.051590 1.051867 1.051590 1.064995 
3.544037 1.037331 1.049697 1.055016 1.049697 1.023774 1.048326 1.055016 1.048326 1.066269 
3.565582 1.043458 1.047581 1.057598 1.047581 1.014731 1.043678 1.057598 1.043678 1.059616 
3.587126 1.048175 1.042076 1.058682 1.042076 1.007904 1.036749 1.058682 1.036749 1.059628 
3.608670 1.050717 1.036336 1.056626 1.036336 1.003413 1.027740 1.056626 1.027740 1.055368 
3.630215 1.051518 1.029841 1.054614 1.029841 0.994052 1.023749 1.054614 1.023749 1.047587 
3.651759 1.052018 1.022557 1.050480 1.022557 0.989469 1.014995 1.050480 1.014995 1.042521 
3.673303 1.050281 1.017186 1.044602 1.017186 0.987083 1.008287 1.044602 1.008287 1.035144 
3.694847 1.047422 1.009624 1.039469 1.009624 0.981891 0.999750 1.039469 0.999750 1.028959 
3.716392 1.043598 1.002708 1.032156 1.002708 0.977401 0.995558 1.032156 0.995558 1.021985 
3.737936 1.038865 0.995737 1.025271 0.995737 0.975057 0.988388 1.025271 0.988388 1.013163 
3.759480 1.033079 0.989963 1.018232 0.989963 0.972976 0.980993 1.018232 0.980993 1.005296 
3.781025 1.026570 0.984670 1.010616 0.984670 0.968276 0.977780 1.010616 0.977780 0.999083 
3.802569 1.020465 0.980320 1.002787 0.980320 0.965255 0.973160 1.002787 0.973160 0.992815 
3.824113 1.013178 0.975049 0.996321 0.975049 0.966464 0.969128 0.996321 0.969128 0.984190 
3.845658 1.006652 0.972464 0.989092 0.972464 0.969028 0.966135 0.989092 0.966135 0.978083 
3.867202 1.000289 0.969695 0.983473 0.969695 0.969220 0.965985 0.983473 0.965985 0.974926 
3.888746 0.993436 0.968243 0.978350 0.968243 0.971583 0.963771 0.978350 0.963771 0.972664 
3.910290 0.988102 0.967499 0.974195 0.967499 0.972358 0.966678 0.974195 0.966678 0.968839 
3.931835 0.982409 0.966781 0.970536 0.966781 0.974891 0.965454 0.970536 0.965454 0.963993 
3.953379 0.977765 0.967008 0.967343 0.967008 0.979051 0.966388 0.967343 0.966388 0.962950 
3.974923 0.974192 0.968795 0.965566 0.968795 0.984677 0.968462 0.965566 0.968462 0.961768 
3.996468 0.971502 0.969726 0.965169 0.969726 0.989872 0.973167 0.965169 0.973167 0.963270 
4.018012 0.969046 0.972971 0.963976 0.972971 0.996161 0.975215 0.963976 0.975215 0.962668 
4.039556 0.968739 0.975533 0.965099 0.975533 0.997938 0.979609 0.965099 0.979609 0.965889 
4.061100 0.968095 0.977575 0.966117 0.977575 1.004399 0.985056 0.966117 0.985056 0.967269 
4.082645 0.968425 0.982155 0.968624 0.982155 1.009067 0.990091 0.968624 0.990091 0.971384 
4.104189 0.969599 0.986816 0.971234 0.986816 1.011915 0.995286 0.971234 0.995286 0.975655 
4.125733 0.971317 0.990946 0.973780 0.990946 1.015648 1.001985 0.973780 1.001985 0.979046 
4.147278 0.973577 0.995864 0.978319 0.995864 1.018486 1.006198 0.978319 1.006198 0.985150 
4.168822 0.976759 0.999177 0.982102 0.999177 1.021765 1.010383 0.982102 1.010383 0.987408 
4.190366 0.979743 1.004280 0.986410 1.004280 1.023501 1.014498 0.986410 1.014498 0.996180 
4.211911 0.983012 1.008220 0.991195 1.008220 1.023558 1.017335 0.991195 1.017335 1.001692 
4.233455 0.987131 1.011930 0.995813 1.011930 1.023249 1.020875 0.995813 1.020875 1.005342 
4.254999 0.991084 1.015170 1.000103 1.015170 1.024352 1.022932 1.000103 1.022932 1.010108 
4.276544 0.995719 1.018188 1.004713 1.018188 1.023801 1.024429 1.004713 1.024429 1.015169 
4.298088 0.999150 1.020660 1.009360 1.020660 1.023992 1.025936 1.009360 1.025936 1.018699 
4.319632 1.003458 1.021942 1.012648 1.021942 1.020973 1.026680 1.012648 1.026680 1.021573 
4.341177 1.006677 1.024354 1.016882 1.024354 1.014887 1.026017 1.016882 1.026017 1.025480 
4.362721 1.010329 1.023709 1.019691 1.023709 1.013876 1.025048 1.019691 1.025048 1.025233 
4.384265 1.013004 1.024373 1.022284 1.024373 1.010901 1.023914 1.022284 1.023914 1.025903 
4.405809 1.016020 1.022986 1.023843 1.022986 1.006984 1.020838 1.023843 1.020838 1.026962 
4.427354 1.018150 1.021755 1.025236 1.021755 1.004746 1.016554 1.025236 1.016554 1.029030 
4.448898 1.020194 1.020552 1.025941 1.020552 1.002017 1.014397 1.025941 1.014397 1.025854 
4.470442 1.020658 1.018100 1.025143 1.018100 0.997270 1.011269 1.025143 1.011269 1.024590 
4.491987 1.021714 1.015319 1.023856 1.015319 0.993219 1.008158 1.023856 1.008158 1.023016 
4.513531 1.021371 1.012612 1.022532 1.012612 0.993936 1.004626 1.022532 1.004626 1.018813 
4.535075 1.021125 1.009458 1.020779 1.009458 0.991305 1.002766 1.020779 1.002766 1.017035 
4.556619 1.020116 1.005900 1.018082 1.005900 0.989257 0.999101 1.018082 0.999101 1.010939 
4.578164 1.018679 1.002710 1.015857 1.002710 0.985426 0.995834 1.015857 0.995834 1.009124 
4.599708 1.017130 0.999960 1.012587 0.999960 0.984850 0.992274 1.012587 0.992274 1.006756 
4.621252 1.015100 0.996415 1.010044 0.996415 0.983262 0.989671 1.010044 0.989671 1.001957 
4.642797 1.011944 0.994244 1.006248 0.994244 0.982281 0.986918 1.006248 0.986918 0.997392 
4.664341 1.009334 0.992184 1.003224 0.992184 0.982793 0.984870 1.003224 0.984870 0.994890 
4.685885 1.006486 0.988509 0.999518 0.988509 0.984309 0.984259 0.999518 0.984259 0.990040 
4.707429 1.003844 0.987946 0.996576 0.987946 0.985599 0.983021 0.996576 0.983021 0.989235 
4.728974 1.000489 0.985358 0.994454 0.985358 0.985354 0.981706 0.994454 0.981706 0.986527 
4.750518 0.998056 0.984018 0.990355 0.984018 0.986894 0.982207 0.990355 0.982207 0.985655 
4.772062 0.995176 0.983798 0.987836 0.983798 0.988512 0.981362 0.987836 0.981362 0.982794 
4.793607 0.992696 0.983233 0.985858 0.983233 0.991259 0.983809 0.985858 0.983809 0.982665 
4.815151 0.991011 0.983673 0.984819 0.983673 0.992933 0.985640 0.984819 0.985640 0.979915 
4.836695 0.989073 0.984464 0.984309 0.984464 0.993625 0.985852 0.984309 0.985852 0.980596 
4.858240 0.987638 0.985154 0.982070 0.985154 0.996168 0.987552 0.982070 0.987552 0.983632 
4.879784 0.985789 0.986847 0.982778 0.986847 0.998369 0.991294 0.982778 0.991294 0.982448 
4.901328 0.985782 0.988360 0.982931 0.988360 1.000884 0.993297 0.982931 0.993297 0.984156 
4.922873 0.985037 0.989738 0.984086 0.989738 1.003839 0.993526 0.984086 0.993526 0.986857 
4.944417 0.985202 0.991902 0.984548 0.991902 1.004903 0.996216 0.984548 0.996216 0.987247 
4.965961 0.985555 0.993725 0.986167 0.993725 1.008149 0.998968 0.986167 0.998968 0.989119 
4.987505 0.986448 0.996257 0.988012 0.996257 1.009028 1.000525 0.988012 1.000525 0.991694 
5.009050 0.987387 0.998053 0.988706 0.998053 1.010263 1.003286 0.988706 1.003286 0.995863 
5.030594 0.988780 1.000721 0.991272 1.000721 1.011273 1.006048 0.991272 1.006048 0.996685 
5.052138 0.990140 1.002368 0.993159 1.002368 1.010607 1.007604 0.993159 1.007604 0.999997 
5.073683 0.991592 1.004075 0.995670 1.004075 1.011144 1.008679 0.995670 1.008679 1.000045 
5.095227 0.993513 1.005087 0.997996 1.005087 1.012441 1.010484 0.997996 1.010484 1.003087 
5.116771 0.996475 1.007478 1.000586 1.007478 1.011173 1.011407 1.000586 1.011407 1.008112 
5.138316 0.997849 1.008333 1.002749 1.008333 1.011630 1.012197 1.002749 1.012197 1.006323 
5.159860 0.999836 1.009290 1.004223 1.009290 1.010823 1.011623 1.004223 1.011623 1.009863 
5.181404 1.002301 1.010789 1.006159 1.010789 1.009435 1.012460 1.006159 1.012460 1.011831 
5.202949 1.004010 1.011187 1.008025 1.011187 1.008811 1.012108 1.008025 1.012108 1.012328 
5.224493 1.005453 1.010968 1.009292 1.010968 1.009027 1.012007 1.009292 1.012007 1.013762 
5.246037 1.006530 1.010362 1.010780 1.010362 1.003901 1.011150 1.010780 1.011150 1.013022 
5.267581 1.008248 1.010425 1.011545 1.010425 1.003045 1.009636 1.011545 1.009636 1.013540 
5.289126 1.009086 1.009925 1.011353 1.009925 1.003063 1.008364 1.011353 1.008364 1.012296 
5.310670 1.010004 1.009032 1.012101 1.009032 1.000963 1.008287 1.012101 1.008287 1.013083 
5.332214 1.009962 1.007857 1.011253 1.007857 0.999268 1.005434 1.011253 1.005434 1.011511 
5.353759 1.010226 1.006301 1.011003 1.006301 0.997760 1.003616 1.011003 1.003616 1.009213 
5.375303 1.010441 1.006564 1.010043 1.006564 0.998386 1.003016 1.010043 1.003016 1.010522 
5.396847 1.010149 1.004385 1.009421 1.004385 0.995524 0.999792 1.009421 0.999792 1.005611 
5.418391 1.009322 1.002160 1.008482 1.002160 0.996402 0.999543 1.008482 0.999543 1.007714 
5.439936 1.008827 1.001818 1.008003 1.001818 0.993574 0.998313 1.008003 0.998313 1.003945 
5.461480 1.007566 1.000330 1.005760 1.000330 0.991805 0.997244 1.005760 0.997244 1.004381 
5.483024 1.006677 0.998807 1.004824 0.998807 0.992741 0.995668 1.004824 0.995668 0.999088 
5.504569 1.005862 0.997632 1.003028 0.997632 0.990903 0.994996 1.003028 0.994996 0.999203 
5.526113 1.004078 0.996104 1.001540 0.996104 0.991431 0.993138 1.001540 0.993138 0.998907 
5.547657 1.002986 0.994997 1.000382 0.994997 0.991153 0.992264 1.000382 0.992264 0.996112 
5.569201 1.001157 0.994183 0.998095 0.994183 0.992161 0.992175 0.998095 0.992175 0.995437 
5.590746 0.999851 0.993218 0.996618 0.993218 0.993914 0.991247 0.996618 0.991247 0.994689 
5.612290 0.998768 0.993131 0.995647 0.993131 0.993330 0.990886 0.995647 0.990886 0.991117 
5.633834 0.997380 0.992028 0.994731 0.992028 0.994059 0.991135 0.994731 0.991135 0.991389 
5.655379 0.996906 0.992502 0.994425 0.992502 0.994620 0.991962 0.994425 0.991962 0.991895 
5.676923 0.995604 0.992263 0.992563 0.992263 0.996329 0.991724 0.992563 0.991724 0.990959 
5.698467 0.994788 0.992707 0.992522 0.992707 0.998506 0.993346 0.992522 0.993346 0.989681 
5.720012 0.993861 0.993010 0.992232 0.993010 0.998890 0.993604 0.992232 0.993604 0.991151 
5.741556 0.993565 0.993083 0.991953 0.993083 0.999035 0.995096 0.991953 0.995096 0.991792 
5.763100 0.993492 0.994222 0.991690 0.994222 0.999170 0.995236 0.991690 0.995236 0.990771 
5.784645 0.993150 0.995253 0.992007 0.995253 1.001660 0.997121 0.992007 0.997121 0.993208 
5.806189 0.992918 0.996187 0.992585 0.996187 1.001838 0.998152 0.992585 0.998152 0.993921 
5.827733 0.993221 0.997415 0.993253 0.997415 1.001439 1.000697 0.993253 1.000697 0.994455 
5.849277 0.993684 0.998157 0.993877 0.998157 1.003564 1.000571 0.993877 1.000571 0.995072 
5.870822 0.993925 0.998975 0.995077 0.998975 1.005274 1.003236 0.995077 1.003236 0.996795 
5.892366 0.994698 1.000129 0.996481 1.000129 1.004442 1.002591 0.996481 1.002591 0.998159 
5.913910 0.995464 1.001087 0.996914 1.001087 1.006542 1.004106 0.996914 1.004106 1.001012 
5.935455 0.996329 1.001969 0.998187 1.001969 1.004678 1.003766 0.998187 1.003766 1.000489 
5.956999 0.997297 1.002629 0.999801 1.002629 1.006339 1.005270 0.999801 1.005270 1.002286 
5.978543 0.998135 1.003424 0.999976 1.003424 1.005699 1.005501 0.999976 1.005501 1.002037 
6.000087 0.999460 1.004265 1.001578 1.004265 1.006642 1.006808 1.001578 1.006808 1.004901 
6.021632 1.000193 1.005030 1.002956 1.005030 1.005407 1.006366 1.002956 1.006366 1.004565 
6.043176 1.001085 1.004589 1.002398 1.004589 1.005569 1.006319 1.002398 1.006319 1.006008 
6.064720 1.001531 1.005285 1.003361 1.005285 1.004359 1.005949 1.003361 1.005949 1.006286 
6.086265 1.002697 1.005859 1.004459 1.005859 1.003585 1.005872 1.004459 1.005872 1.007296 
6.107809 1.003467 1.005261 1.005165 1.005261 1.002826 1.006372 1.005165 1.006372 1.006244 
6.129353 1.003887 1.004702 1.005330 1.004702 1.002415 1.005564 1.005330 1.005564 1.007093 
6.150898 1.004312 1.004769 1.005177 1.004769 1.001433 1.003612 1.005177 1.003612 1.006563 
6.172442 1.004492 1.004326 1.005285 1.004326 1.001158 1.003119 1.005285 1.003119 1.004721 
6.193986 1.004730 1.004211 1.005328 1.004211 0.999594 1.002070 1.005328 1.002070 1.006446 
6.215531 1.005212 1.002688 1.005752 1.002688 0.999814 1.002082 1.005752 1.002082 1.005465 
6.237075 1.005248 1.002312 1.004625 1.002312 0.997845 1.001690 1.004625 1.001690 1.004320 
6.258619 1.004749 1.002146 1.004615 1.002146 0.998004 1.000213 1.004615 1.000213 1.004058 
6.280164 1.005047 1.001472 1.004194 1.001472 0.997038 1.000205 1.004194 1.000205 1.003594 
6.301708 1.004356 1.000771 1.003762 1.000771 0.997506 0.997871 1.003762 0.997871 1.001437 
6.323252 1.003656 0.999518 1.002436 0.999518 0.997525 0.998529 1.002436 0.998529 1.002160 
6.344796 1.003599 0.998934 1.002197 0.998934 0.995831 0.998122 1.002197 0.998122 1.001052 
6.366341 1.002915 0.998540 1.001387 0.998540 0.995701 0.996681 1.001387 0.996681 1.000324 
6.387885 1.002179 0.998234 1.000430 0.998234 0.996089 0.996915 1.000430 0.996915 0.998670 
6.409429 1.001476 0.997493 1.000357 0.997493 0.995118 0.996798 1.000357 0.996798 0.999103 
6.430974 1.000567 0.997197 0.999397 0.997197 0.996269 0.995875 0.999397 0.995875 0.997611 
6.452518 1.000209 0.996207 0.998754 0.996207 0.996488 0.996329 0.998754 0.996329 0.998164 
6.474062 0.999729 0.996431 0.997944 0.996431 0.997700 0.996310 0.997944 0.996310 0.996354 
6.495606 0.998946 0.996693 0.997353 0.996693 0.997619 0.996084 0.997353 0.996084 0.995505 
6.517151 0.998158 0.996463 0.996865 0.996463 0.997761 0.996027 0.996865 0.996027 0.996568 
6.538695 0.997893 0.996565 0.996150 0.996565 0.997630 0.996263 0.996150 0.996263 0.996410 
6.560239 0.997287 0.996088 0.996206 0.996088 0.998832 0.996824 0.996206 0.996824 0.995235 
6.581784 0.996797 0.997013 0.996153 0.997013 1.000359 0.997734 0.996153 0.997734 0.994669 
6.603328 0.996596 0.997332 0.996168 0.997332 0.999965 0.997150 0.996168 0.997150 0.996695 
6.624872 0.996880 0.997738 0.996127 0.997738 0.998981 0.998729 0.996127 0.998729 0.996812 
6.646417 0.996544 0.997369 0.996083 0.997369 1.001014 0.998629 0.996083 0.998629 0.996257 
6.667961 0.996557 0.997779 0.996412 0.997779 1.000905 0.999641 0.996412 0.999641 0.997032 
6.689505 0.996992 0.998787 0.997136 0.998787 1.000577 0.999471 0.997136 0.999471 0.996956 
6.711050 0.996814 0.999083 0.996970 0.999083 1.000899 0.999759 0.996970 0.999759 0.998726 
6.732594 0.997047 0.999965 0.998075 0.999965 1.002150 1.000780 0.998075 1.000780 0.998005 
6.754138 0.997390 1.000079 0.997826 1.000079 1.003356 1.000818 0.997826 1.000818 1.000329 
6.775682 0.997913 1.000950 0.998014 1.000950 1.003460 1.002283 0.998014 1.002283 1.000416 
6.797227 0.998580 1.001378 0.999490 1.001378 1.003654 1.002203 0.999490 1.002203 0.999071 
6.818771 0.998665 1.001778 0.999828 1.001778 1.002618 1.002619 0.999828 1.002619 1.000890 
6.840315 0.998901 1.001372 1.000180 1.001372 1.002563 1.002062 1.000180 1.002062 1.001083 
6.861860 0.999456 1.001959 1.000945 1.001959 1.002919 1.002485 1.000945 1.002485 1.002552 
6.883404 1.000267 1.002386 1.001063 1.002386 1.002822 1.003756 1.001063 1.003756 1.002047 
6.904948 1.000625 1.002006 1.001786 1.002006 1.003110 1.003466 1.001786 1.003466 1.001896 
6.926492 1.001234 1.002732 1.001881 1.002732 1.002933 1.002184 1.001881 1.002184 1.002420 
6.948037 1.001387 1.002178 1.002312 1.002178 1.003125 1.002568 1.002312 1.002568 1.003164 
6.969581 1.001834 1.002734 1.002276 1.002734 1.001645 1.002674 1.002276 1.002674 1.002709 
6.991125 1.002248 1.002553 1.002736 1.002553 1.000723 1.002635 1.002736 1.002635 1.003200 
7.012670 1.002337 1.002316 1.002852 1.002316 1.000071 1.001304 1.002852 1.001304 1.004011 
7.034214 1.002550 1.002348 1.002687 1.002348 0.998458 1.000726 1.002687 1.000726 1.003791 
7.055758 1.002469 1.001890 1.002688 1.001890 1.001079 1.001242 1.002688 1.001242 1.002564 
7.077302 1.002733 1.001649 1.002327 1.001649 1.000046 1.000982 1.002327 1.000982 1.001651 
7.098847 1.002416 1.001366 1.002662 1.001366 0.999978 1.000880 1.002662 1.000880 1.002696 
7.120391 1.002514 1.000601 1.002103 1.000601 0.999751 0.999432 1.002103 0.999432 1.002000 
7.141935 1.002117 1.000233 1.001759 1.000233 0.998454 1.000177 1.001759 1.000177 1.001939 
7.163480 1.002146 1.000285 1.002116 1.000285 0.998792 0.999720 1.002116 0.999720 1.003035 
7.185024 1.001848 0.999578 1.001522 0.999578 0.998515 0.998784 1.001522 0.998784 1.000984 
7.206568 1.001882 0.999516 1.000908 0.999516 0.998843 0.998174 1.000908 0.998174 1.000143 
7.228113 1.001279 0.999278 1.000527 0.999278 0.996832 0.999084 1.000527 0.999084 1.000713 
7.249657 1.000996 0.999329 1.000760 0.999329 0.998415 0.998361 1.000760 0.998361 1.000975 
7.271201 1.000809 0.998663 0.999903 0.998663 0.998396 0.998106 0.999903 0.998106 1.000310 
7.292746 1.000323 0.998333 0.999654 0.998333 0.997627 0.998735 0.999654 0.998735 0.998876 
7.314290 1.000085 0.999115 0.998876 0.999115 0.998693 0.997951 0.998876 0.997951 0.999081 
7.335834 0.999688 0.997967 0.999026 0.997967 0.999806 0.998045 0.999026 0.998045 0.999843 
7.357378 0.999879 0.998391 0.999151 0.998391 0.998092 0.997208 0.999151 0.997208 0.997409 
7.378923 0.999420 0.997862 0.998916 0.997862 0.999860 0.998007 0.998916 0.998007 0.997243 
7.400467 0.998924 0.997988 0.998119 0.997988 0.999096 0.999089 0.998119 0.999089 0.997400 
7.422011 0.998572 0.998057 0.997888 0.998057 0.999301 0.998585 0.997888 0.998585 0.998092 
7.443556 0.998543 0.998531 0.998051 0.998531 0.999559 0.998225 0.998051 0.998225 0.998890 
7.465100 0.998636 0.998762 0.998229 0.998762 0.999068 0.999195 0.998229 0.999195 0.998093 
7.486644 0.998391 0.999017 0.997747 0.999017 1.000082 0.999713 0.997747 0.999713 0.999718 
7.508188 0.998470 0.999221 0.998274 0.999221 0.998808 0.999714 0.998274 0.999714 0.999062 
7.529733 0.998163 0.998588 0.998205 0.998588 1.000705 0.999788 0.998205 0.999788 0.998802 
7.551277 0.998440 0.999717 0.998254 0.999717 1.000998 0.999478 0.998254 0.999478 0.998489 
7.572821 0.998497 0.999766 0.998516 0.999766 1.001311 1.000138 0.998516 1.000138 0.999268 
7.594366 0.998737 0.999624 0.998693 0.999624 1.001027 1.000723 0.998693 1.000723 0.999588 
7.615910 0.998602 1.000313 0.998950 1.000313 0.999994 1.001323 0.998950 1.001323 0.998776 
7.637455 0.999016 1.000089 0.999219 1.000089 1.000750 1.001449 0.999219 1.001449 1.000970 
7.658999 0.999376 1.000854 0.999476 1.000854 1.000357 1.000985 0.999476 1.000985 1.000960 
7.680543 0.999467 1.001150 0.999585 1.001150 1.001561 1.000441 0.999585 1.000441 1.000269 
7.702087 0.999650 1.000840 1.000004 1.000840 1.002296 1.001824 1.000004 1.001824 1.001140 
7.723632 0.999705 1.001340 1.000219 1.001340 1.001286 1.002012 1.000219 1.002012 1.001423 
7.745176 1.000342 1.001561 1.000590 1.001561 1.003437 1.001952 1.000590 1.001952 1.000987 
7.766720 1.000336 1.000985 1.000821 1.000985 1.001286 1.001111 1.000821 1.001111 1.001415 
7.788265 1.000797 1.001393 1.001163 1.001393 1.001142 1.001889 1.001163 1.001889 1.002008 
7.809809 1.000610 1.000657 1.000792 1.000657 1.000437 1.002239 1.000792 1.002239 1.000724 
7.831353 1.000848 1.001089 1.001432 1.001089 1.002377 1.001757 1.001432 1.001757 1.001627 
7.852897 1.001195 1.001210 1.001068 1.001210 1.000806 1.001261 1.001068 1.001261 1.001716 
7.874442 1.000968 1.001553 1.001653 1.001553 1.000867 1.001171 1.001653 1.001171 1.002510 
7.895986 1.001238 1.000617 1.001338 1.000617 1.000367 1.000409 1.001338 1.000409 1.001658 
7.917530 1.001293 1.000805 1.001011 1.000805 1.000195 1.001308 1.001011 1.001308 1.002447 
7.939075 1.001491 1.000515 1.001080 1.000515 0.999704 1.000594 1.001080 1.000594 1.001756 
7.960619 1.001062 1.000344 1.001365 1.000344 0.998722 1.000261 1.001365 1.000261 1.001593 
7.982163 1.001556 1.000632 1.001631 1.000632 1.000033 0.999681 1.001631 0.999681 1.001410 
8.003707 1.001286 1.000302 1.000814 1.000302 0.999652 1.000237 1.000814 1.000237 1.000612 
8.025252 1.001120 1.000328 1.001026 1.000328 0.999485 0.999277 1.001026 0.999277 1.001109 
8.046796 1.001446 0.999512 1.001177 0.999512 0.999289 0.999922 1.001177 0.999922 1.000360 
8.068340 1.000919 0.999689 1.000546 0.999689 0.999918 0.999437 1.000546 0.999437 0.999603 
8.089884 1.001049 0.999760 1.000468 0.999760 0.999849 0.999513 1.000468 0.999513 0.999701 
8.111429 1.000526 0.999215 1.000352 0.999215 0.998077 0.999014 1.000352 0.999014 0.999559 
8.132973 1.000171 0.999166 1.000021 0.999166 0.999236 0.999077 1.000021 0.999077 0.999641 
8.154518 1.000300 0.999317 0.999973 0.999317 0.998027 0.999360 0.999973 0.999360 0.999689 
8.176062 1.000047 0.999239 1.000002 0.999239 0.999376 0.999447 1.000002 0.999447 0.998416 
8.197606 1.000013 0.999514 0.999640 0.999514 0.999938 0.999116 0.999640 0.999116 0.999322 
8.219150 0.999887 0.998758 0.999460 0.998758 0.999887 0.998930 0.999460 0.998930 0.998815 
8.240695 0.999597 0.998752 0.999258 0.998752 0.999267 0.999748 0.999258 0.999748 1.000086 
8.262239 0.999421 0.999160 0.999055 0.999160 0.999606 0.998626 0.999055 0.998626 0.998890 
8.283783 0.999353 0.998746 0.998900 0.998746 0.999650 0.999561 0.998900 0.999561 0.999809 
8.305328 0.999205 0.999402 0.999431 0.999402 0.999566 0.998929 0.999431 0.998929 1.000046 
8.326872 0.999269 0.999069 0.999450 0.999069 1.000574 0.999647 0.999450 0.999647 0.997814 
8.348416 0.999298 0.999433 0.998775 0.999433 1.000404 0.999480 0.998775 0.999480 0.998405 
8.369960 0.999272 0.999650 0.999216 0.999650 1.000549 0.998886 0.999216 0.998886 0.998967 
8.391505 0.999214 0.999512 0.999048 0.999512 0.999973 0.999585 0.999048 0.999585 0.999924 
8.413049 0.999237 0.999680 0.999366 0.999680 1.000337 1.000589 0.999366 1.000589 0.998670 
8.434594 0.999363 0.999738 0.999022 0.999738 1.000766 1.000050 0.999022 1.000050 0.998791 
8.456138 0.999628 1.000025 0.999272 1.000025 1.000289 1.000660 0.999272 1.000660 0.999445 
8.477682 0.999383 1.000216 0.999667 1.000216 1.001302 1.000603 0.999667 1.000603 1.000348 
8.499226 0.999310 1.000389 0.999698 1.000389 1.000998 1.000198 0.999698 1.000198 1.000163 
8.520771 0.999565 1.000417 0.999471 1.000417 1.001370 1.000236 0.999471 1.000236 0.999342 
8.542315 0.999590 1.000480 0.999667 1.000480 1.000852 1.001474 0.999667 1.001474 1.001607 
8.563859 0.999990 1.000841 1.000380 1.000841 0.999894 1.000992 1.000380 1.000992 1.001383 
8.585404 1.000283 1.000646 1.000213 1.000646 1.000803 1.001822 1.000213 1.001822 1.000779 
8.606948 1.000017 1.000887 1.000174 1.000887 1.001799 1.001386 1.000174 1.001386 1.001417 
8.628492 1.000421 1.000379 1.000402 1.000379 0.999938 1.001017 1.000402 1.001017 1.000822 
8.650036 1.000067 1.000492 1.000304 1.000492 1.001355 1.000815 1.000304 1.000815 1.001670 
8.671581 1.000219 1.000992 1.000644 1.000992 1.000197 1.001020 1.000644 1.001020 1.001516 
8.693125 1.000642 1.000663 1.000377 1.000663 1.000782 1.001168 1.000377 1.001168 1.002023 
8.714670 1.000687 1.000528 1.000378 1.000528 0.998854 1.000230 1.000378 1.000230 1.001188 
8.736214 1.000756 1.000335 1.000694 1.000335 1.000362 1.000675 1.000694 1.000675 1.000806 
8.757758 1.000623 1.000360 1.000590 1.000360 1.000180 1.000077 1.000590 1.000077 1.001551 
8.779302 1.000668 1.000428 1.000392 1.000428 1.000205 1.000713 1.000392 1.000713 1.001936 
8.800847 1.000614 1.000450 1.000723 1.000450 0.998976 1.000249 1.000723 1.000249 1.001813 
8.822391 1.000881 1.000331 1.000728 1.000331 1.000648 1.000297 1.000728 1.000297 1.000203 
8.843935 1.000791 1.000612 1.000768 1.000612 1.000052 0.999268 1.000768 0.999268 1.000444 
8.865479 1.000762 1.000244 1.000500 1.000244 0.999837 0.999795 1.000500 0.999795 1.001100 
8.887023 1.000691 1.000091 1.000545 1.000091 0.999315 0.999670 1.000545 0.999670 1.000794 
8.908568 1.000375 0.999675 1.000152 0.999675 0.999335 0.999567 1.000152 0.999567 1.001314 
8.930112 1.000598 1.000076 0.999958 1.000076 0.999997 0.999645 0.999958 0.999645 1.000405 
8.951657 1.000974 0.999605 1.000392 0.999605 0.998805 0.999298 1.000392 0.999298 1.000717 
8.973201 1.000414 0.999715 1.000036 0.999715 0.999860 1.000684 1.000036 1.000684 0.999725 
8.994745 1.000224 0.999526 1.000216 0.999526 1.001200 0.999763 1.000216 0.999763 1.000115 
9.016289 1.000157 0.999643 1.000290 0.999643 0.999784 0.999639 1.000290 0.999639 1.000143 
9.037834 1.000097 0.999460 0.999546 0.999460 1.000240 0.999581 0.999546 0.999581 1.000281 
9.059378 1.000179 0.999475 0.999815 0.999475 1.000415 0.999169 0.999815 0.999169 1.000046 
9.080923 1.000041 0.999389 0.999682 0.999389 0.999294 0.999273 0.999682 0.999273 0.999827 
9.102467 0.999868 0.999384 0.999586 0.999384 0.999610 0.999013 0.999586 0.999013 1.000046 
9.124011 0.999712 0.999563 0.999381 0.999563 1.001283 0.998630 0.999381 0.998630 1.000547 
9.145555 0.999710 0.999537 0.999341 0.999537 0.999491 0.999699 0.999341 0.999699 0.998999 
9.167099 0.999672 0.999540 0.999642 0.999540 1.000967 0.999588 0.999642 0.999588 0.999154 
9.188644 0.999915 0.999511 0.999677 0.999511 1.001295 0.999935 0.999677 0.999935 1.000166 
9.210188 0.999697 1.000001 0.999741 1.000001 1.000235 1.000465 0.999741 1.000465 0.999394 
9.231733 0.999816 0.999776 0.999559 0.999776 1.000493 0.999442 0.999559 0.999442 0.999534 
9.253277 0.999536 0.999808 0.999716 0.999808 1.000482 0.999960 0.999716 0.999960 0.999832 
9.274821 0.999442 0.999518 0.999349 0.999518 0.999580 1.000549 0.999349 1.000549 1.000326 
9.296365 0.999700 0.999515 0.999886 0.999515 1.000303 1.000487 0.999886 1.000487 0.999815 
9.317910 0.999687 0.999867 0.999575 0.999867 1.000631 1.000241 0.999575 1.000241 1.000542 
9.339454 0.999958 1.000084 1.000021 1.000084 1.000787 1.000531 1.000021 1.000531 0.998413 
9.360999 0.999735 1.000136 0.999861 1.000136 0.999655 1.000680 0.999861 1.000680 1.000012 
9.382543 0.999834 1.000551 0.999832 1.000551 1.000746 1.000101 0.999832 1.000101 0.999548 
9.404087 0.999862 1.000272 1.000057 1.000272 1.001137 1.000370 1.000057 1.000370 1.000151 
9.425631 0.999864 1.000208 1.000140 1.000208 0.999767 0.999814 1.000140 0.999814 1.000699 
9.447176 1.000057 1.000158 1.000417 1.000158 1.000360 1.001040 1.000417 1.001040 1.000766 
9.468720 1.000082 1.000464 0.999987 1.000464 0.999693 1.001019 0.999987 1.001019 1.000043 
9.490264 1.000246 1.000504 1.000308 1.000504 1.000944 1.000383 1.000308 1.000383 1.000169 
9.511808 1.000306 1.000640 1.000409 1.000640 1.000236 0.999783 1.000409 0.999783 1.000771 
9.533352 1.000081 1.000366 1.000184 1.000366 1.000307 1.000369 1.000184 1.000369 1.000745 
9.554897 1.000353 1.000413 1.000349 1.000413 1.000378 1.000982 1.000349 1.000982 1.000197 
9.576441 1.000327 1.000275 1.000552 1.000275 1.000978 1.000722 1.000552 1.000722 1.000894 
9.597986 1.000409 1.000438 1.000359 1.000438 1.000711 1.000729 1.000359 1.000729 0.999916 
9.619530 1.000434 0.999957 1.000400 0.999957 0.998880 1.000224 1.000400 1.000224 1.001855 
9.641074 1.000494 1.000280 1.000393 1.000280 1.000030 1.000483 1.000393 1.000483 1.000670 
9.662618 1.000478 1.000297 1.000345 1.000297 0.999810 1.000611 1.000345 1.000611 1.001343 
9.684163 1.000307 1.000103 1.000013 1.000103 0.999856 0.999897 1.000013 0.999897 1.000130 
9.705707 1.000488 1.000263 1.000165 1.000263 1.000277 0.999733 1.000165 0.999733 0.999894 
9.727252 1.000270 1.000023 1.000321 1.000023 0.999381 1.000070 1.000321 1.000070 1.001133 
9.748796 1.000415 1.000140 1.000215 1.000140 1.000738 0.999962 1.000215 0.999962 1.000963 
9.770340 1.000307 0.999958 1.000090 0.999958 0.999253 0.999769 1.000090 0.999769 1.000086 
9.791884 1.000266 0.999785 1.000360 0.999785 0.999582 1.000207 1.000360 1.000207 1.000535 
9.813428 1.000389 0.999959 1.000336 0.999959 1.000258 1.000219 1.000336 1.000219 1.000520 
9.834973 1.000287 1.000078 0.999788 1.000078 0.999966 0.999836 0.999788 0.999836 1.000433 
9.856517 1.000172 0.999554 0.999809 0.999554 0.999587 1.000217 0.999809 1.000217 0.999251 
9.878062 1.000337 0.999981 1.000316 0.999981 0.999217 0.999951 1.000316 0.999951 1.000060 
9.899606 1.000026 0.999602 0.999864 0.999602 1.000035 1.000172 0.999864 1.000172 1.000254 
9.921150 1.000155 0.999872 0.999820 0.999872 1.000018 1.000155 0.999820 1.000155 1.000476 
9.942694 1.000237 0.999758 0.999726 0.999758 0.999534 1.000279 0.999726 1.000279 0.999798 
9.964239 1.000060 0.999524 0.999588 0.999524 1.000502 1.000595 0.999588 1.000595 0.999528 
9.985783 1.000019 0.999678 0.999630 0.999678 1.000708 0.999891 0.999630 0.999891 1.000653 
10.007328 0.999987 0.999425 0.999927 0.999425 1.000214 0.999883 0.999927 0.999883 1.000057 
10.028872 1.000080 0.999339 0.999730 0.999339 0.998650 1.000087 0.999730 1.000087 0.999660 
10.050416 0.999979 0.999833 1.000156 0.999833 1.000539 0.999960 1.000156 0.999960 1.001470 
10.071960 0.999872 0.999437 0.999660 0.999437 0.999807 0.999938 0.999660 0.999938 1.000465 
10.093504 0.999764 0.999883 0.999718 0.999883 1.000260 0.999806 0.999718 0.999806 1.000222 
10.115049 0.999828 1.000016 0.999866 1.000016 0.999775 0.999958 0.999866 0.999958 1.000121 
10.136593 0.999968 0.999957 0.999690 0.999957 1.000162 1.000253 0.999690 1.000253 1.000303 
10.158138 1.000002 1.000060 0.999857 1.000060 1.000742 1.000152 0.999857 1.000152 0.999846 
10.179682 0.999871 1.000089 0.999856 1.000089 1.000285 1.000182 0.999856 1.000182 1.000341 
10.201226 0.999843 1.000240 0.999920 1.000240 1.000749 0.999685 0.999920 0.999685 1.000264 
10.222770 0.999974 1.000106 0.999698 1.000106 1.001226 1.000565 0.999698 1.000565 1.000781 
10.244315 0.999967 1.000199 0.999756 1.000199 0.999851 1.000040 0.999756 1.000040 1.000586 
10.265859 1.000017 1.000063 1.000004 1.000063 0.999366 1.000481 1.000004 1.000481 1.000729 
10.287404 1.000115 1.000235 1.000233 1.000235 1.000747 1.000505 1.000233 1.000505 1.000337 
10.308948 1.000150 1.000071 1.000050 1.000071 1.000418 1.000519 1.000050 1.000519 1.000190 
10.330492 1.000143 1.000173 1.000360 1.000173 0.999742 1.000631 1.000360 1.000631 0.999742 
10.352036 0.999988 0.999897 0.999844 0.999897 0.999515 1.000767 0.999844 1.000767 1.000968 
10.373580 1.000188 1.000139 0.999914 1.000139 1.000495 1.000324 0.999914 1.000324 1.001079 
10.395125 1.000092 0.999906 0.999981 0.999906 1.000191 1.000620 0.999981 1.000620 1.000161 
10.416669 1.000100 1.000390 1.000016 1.000390 1.000543 1.000191 1.000016 1.000191 1.000445 
10.438213 1.000440 1.000471 1.000247 1.000471 0.999882 1.000637 1.000247 1.000637 1.000607 
10.459757 1.000128 1.000200 1.000124 1.000200 1.000803 1.000715 1.000124 1.000715 1.000235 
10.481302 1.000057 1.000177 1.000189 1.000177 1.000619 1.000037 1.000189 1.000037 0.999658 
10.502846 1.000275 1.000065 1.000181 1.000065 0.999480 1.000309 1.000181 1.000309 0.999835 
10.524391 1.000476 0.999948 1.000132 0.999948 0.999564 1.000606 1.000132 1.000606 1.001044 
10.545935 1.000193 0.999848 1.000459 0.999848 0.999745 0.999723 1.000459 0.999723 1.000398 
10.567479 1.000466 1.000396 1.000147 1.000396 0.999838 0.999403 1.000147 0.999403 0.999976 
10.589023 1.000132 1.000046 1.000116 1.000046 0.999758 0.999953 1.000116 0.999953 1.000076 
10.610568 1.000262 1.000040 1.000246 1.000040 0.999285 0.999770 1.000246 0.999770 1.000324 
10.632112 1.000200 1.000197 1.000346 1.000197 1.000239 1.000409 1.000346 1.000409 1.000224 
10.653656 1.000467 1.000253 1.000478 1.000253 1.000794 1.000420 1.000478 1.000420 0.999746 
10.675201 1.000273 0.999742 1.000148 0.999742 1.000551 0.999961 1.000148 0.999961 1.000029 
10.696745 1.000061 1.000271 1.000117 1.000271 1.000748 0.999286 1.000117 0.999286 0.999652 
10.718289 1.000124 0.999852 1.000139 0.999852 0.999772 1.000450 1.000139 1.000450 1.000580 
10.739833 0.999943 0.999936 0.999960 0.999936 0.999855 0.999793 0.999960 0.999793 1.000330 
10.761378 1.000035 0.999745 0.999938 0.999745 0.999668 0.999603 0.999938 0.999603 1.000124 
10.782922 0.997208 0.996907 0.997110 0.996907 0.996490 0.997346 0.997110 0.997346 0.996961 
10.804467 0.991280 0.990862 0.990896 0.990862 0.991402 0.990597 0.990896 0.990597 0.991616 
10.826011 0.985191 0.984598 0.985042 0.984598 0.985468 0.984847 0.985042 0.984847 0.985323 
10.847555 0.979031 0.979053 0.979071 0.979053 0.979982 0.979109 0.979071 0.979109 0.979661 
10.869099 0.973208 0.972881 0.973230 0.972881 0.973856 0.972857 0.973230 0.972857 0.972805 
10.890644 0.967551 0.967126 0.967296 0.967126 0.968129 0.967823 0.967296 0.967823 0.967271 
10.912188 0.961526 0.961306 0.961085 0.961306 0.962712 0.961813 0.961085 0.961813 0.962653 
10.933733 0.955587 0.955540 0.955293 0.955540 0.955010 0.955313 0.955293 0.955313 0.955497 
10.955276 0.949824 0.949783 0.949902 0.949783 0.950450 0.949444 0.949902 0.949444 0.949874 
10.976820 0.944047 0.944123 0.943789 0.944123 0.944854 0.943906 0.943789 0.943906 0.944116 
10.998365 0.938243 0.938348 0.938178 0.938348 0.938395 0.938684 0.938178 0.938684 0.938353 
11.019909 0.932574 0.932663 0.932752 0.932663 0.932960 0.932974 0.932752 0.932974 0.932403 
11.041454 0.926908 0.926659 0.926633 0.926659 0.927272 0.926709 0.926633 0.926709 0.927529 
11.062998 0.921313 0.921156 0.920823 0.921156 0.921603 0.921028 0.920823 0.921028 0.921623 
11.084543 0.915428 0.915543 0.915548 0.915543 0.914897 0.915232 0.915548 0.915232 0.916040 
11.106087 0.909850 0.909699 0.909884 0.909699 0.910834 0.910120 0.909884 0.910120 0.910405 
11.127631 0.904368 0.904393 0.903976 0.904393 0.904896 0.904304 0.903976 0.904304 0.904391 
11.149175 0.898822 0.898618 0.898529 0.898618 0.899465 0.899019 0.898529 0.899019 0.899529 
11.170720 0.893119 0.893006 0.893010 0.893006 0.893678 0.893038 0.893010 0.893038 0.893723 
11.192264 0.887531 0.887654 0.887706 0.887654 0.887682 0.887710 0.887706 0.887710 0.888437 
11.213809 0.881943 0.881898 0.881940 0.881898 0.881878 0.881935 0.881940 0.881935 0.882102 
11.235353 0.876509 0.876264 0.876323 0.876264 0.876520 0.876425 0.876323 0.876425 0.877450 
11.256896 0.870999 0.870915 0.870657 0.870915 0.870555 0.871388 0.870657 0.871388 0.871492 
11.278441 0.865364 0.865510 0.865546 0.865510 0.865805 0.865756 0.865546 0.865756 0.865606 
11.299985 0.859958 0.859991 0.859965 0.859991 0.859842 0.859621 0.859965 0.859621 0.859705 
11.321530 0.854532 0.854490 0.854336 0.854490 0.854641 0.854582 0.854336 0.854582 0.854210 
11.343074 0.848833 0.848835 0.849162 0.848835 0.849525 0.849610 0.849162 0.849610 0.849241 
11.364618 0.843785 0.843737 0.843777 0.843737 0.843968 0.843361 0.843777 0.843361 0.843755 
11.386162 0.838382 0.838343 0.838128 0.838343 0.838093 0.838352 0.838128 0.838352 0.838337 
11.407707 0.832959 0.832975 0.832985 0.832975 0.832752 0.833350 0.832985 0.833350 0.833307 
11.429251 0.827734 0.827278 0.827429 0.827278 0.827220 0.828277 0.827429 0.828277 0.827570 
11.450796 0.822324 0.822329 0.822180 0.822329 0.822112 0.822603 0.822180 0.822603 0.822202 
11.472340 0.816990 0.816906 0.816837 0.816906 0.817195 0.816804 0.816837 0.816804 0.816926 
11.493884 0.811918 0.811689 0.811710 0.811689 0.811669 0.811480 0.811710 0.811480 0.812172 
11.515428 0.806438 0.806369 0.806539 0.806369 0.806039 0.806616 0.806539 0.806616 0.807052 
11.536973 0.801188 0.801278 0.801418 0.801278 0.801201 0.801202 0.801418 0.801202 0.801479 
11.558517 0.796184 0.795600 0.795902 0.795600 0.796330 0.796000 0.795902 0.796000 0.795977 
11.580061 0.790946 0.790685 0.790740 0.790685 0.790845 0.790731 0.790740 0.790731 0.791104 
11.601606 0.785675 0.785093 0.785476 0.785093 0.785381 0.785080 0.785476 0.785080 0.785603 
11.623150 0.780332 0.780433 0.780309 0.780433 0.780509 0.780694 0.780309 0.780694 0.780475 
11.644694 0.775265 0.775113 0.775234 0.775113 0.775243 0.775146 0.775234 0.775146 0.774792 
11.666238 0.770028 0.770120 0.769938 0.770120 0.769787 0.769835 0.769938 0.769835 0.770364 
11.687783 0.764964 0.764973 0.764911 0.764973 0.764827 0.764735 0.764911 0.764735 0.765301 
11.709327 0.760081 0.759821 0.759933 0.759821 0.760696 0.760215 0.759933 0.760215 0.760120 
11.730872 0.754909 0.754821 0.754758 0.754821 0.754879 0.754727 0.754758 0.754727 0.755186 
11.752416 0.749860 0.749577 0.750014 0.749577 0.750141 0.749674 0.750014 0.749674 0.750336 
11.773960 0.744775 0.744870 0.744635 0.744870 0.745256 0.744753 0.744635 0.744753 0.744952 
11.795504 0.739918 0.739668 0.739691 0.739668 0.739989 0.739750 0.739691 0.739750 0.739861 
11.817049 0.734696 0.734711 0.734785 0.734711 0.734439 0.734680 0.734785 0.734680 0.734693 
11.838593 0.729737 0.729892 0.729827 0.729892 0.730294 0.729765 0.729827 0.729765 0.729468 
11.860137 0.724705 0.724724 0.724799 0.724724 0.725309 0.725092 0.724799 0.725092 0.724293 
11.881681 0.720088 0.719957 0.719903 0.719957 0.720352 0.719615 0.719903 0.719615 0.720443 
11.903225 0.714981 0.714831 0.714977 0.714831 0.715288 0.715434 0.714977 0.715434 0.715019 
11.924770 0.709955 0.709910 0.710154 0.709910 0.710011 0.710070 0.710154 0.710070 0.710939 
11.946314 0.705222 0.705054 0.705120 0.705054 0.705242 0.705129 0.705120 0.705129 0.705885 
11.967859 0.700305 0.700091 0.700133 0.700091 0.701009 0.700344 0.700133 0.700344 0.700262 
11.989403 0.695438 0.695495 0.695312 0.695495 0.695040 0.695576 0.695312 0.695576 0.694970 
12.010947 0.690747 0.690589 0.690699 0.690589 0.690504 0.690961 0.690699 0.690961 0.690411 
12.032491 0.685800 0.685715 0.685631 0.685715 0.685943 0.685866 0.685631 0.685866 0.686203 
12.054036 0.681048 0.681208 0.680987 0.681208 0.681011 0.681082 0.680987 0.681082 0.681652 
12.075580 0.676330 0.676197 0.676067 0.676197 0.677180 0.676406 0.676067 0.676406 0.676378 
12.097125 0.671525 0.671432 0.671369 0.671432 0.671667 0.671674 0.671369 0.671674 0.671575 
12.118669 0.666838 0.666602 0.666706 0.666602 0.666901 0.666683 0.666706 0.666683 0.667198 
12.140213 0.662085 0.662100 0.661970 0.662100 0.662260 0.661609 0.661970 0.661609 0.662191 
12.161757 0.657261 0.657304 0.657420 0.657304 0.657375 0.657135 0.657420 0.657135 0.658087 
12.183301 0.652681 0.652526 0.652642 0.652526 0.652582 0.652882 0.652642 0.652882 0.652233 
12.204846 0.648139 0.647947 0.647966 0.647947 0.648052 0.647748 0.647966 0.647748 0.647390 
12.226390 0.643234 0.643399 0.643064 0.643399 0.643391 0.643195 0.643064 0.643195 0.643512 
12.247935 0.638589 0.638483 0.638460 0.638483 0.638414 0.638308 0.638460 0.638308 0.639283 
12.269479 0.634000 0.633929 0.634000 0.633929 0.633737 0.634562 0.634000 0.634562 0.633963 
12.291023 0.629426 0.629315 0.629089 0.629315 0.629930 0.629090 0.629089 0.629090 0.629742 
12.312567 0.624647 0.624779 0.624812 0.624779 0.625046 0.624817 0.624812 0.624817 0.625450 
12.334112 0.620250 0.620167 0.620127 0.620167 0.620549 0.619686 0.620127 0.619686 0.620167 
12.355656 0.615548 0.615524 0.615408 0.615524 0.615350 0.615787 0.615408 0.615787 0.615368 
12.377201 0.610892 0.610663 0.610906 0.610663 0.611986 0.611140 0.610906 0.611140 0.611085 
12.398745 0.606504 0.606412 0.606403 0.606412 0.606678 0.606641 0.606403 0.606641 0.607110 
12.420289 0.601973 0.602042 0.602020 0.602042 0.601678 0.601707 0.602020 0.601707 0.602169 
12.441833 0.597468 0.597517 0.597582 0.597517 0.597159 0.597333 0.597582 0.597333 0.597387 
12.463377 0.592989 0.592816 0.592704 0.592816 0.593169 0.593301 0.592704 0.593301 0.592838 
12.484922 0.588449 0.588305 0.588529 0.588305 0.588512 0.588410 0.588529 0.588410 0.588850 
12.506466 0.584039 0.583929 0.584043 0.583929 0.584214 0.583895 0.584043 0.583895 0.583871 
12.528011 0.579610 0.579550 0.579306 0.579550 0.579697 0.579393 0.579306 0.579393 0.579974 
12.549555 0.575241 0.574983 0.575053 0.574983 0.575362 0.575137 0.575053 0.575137 0.575051 
12.571099 0.570823 0.570532 0.570752 0.570532 0.570422 0.570558 0.570752 0.570558 0.570604 
12.592643 0.566336 0.566325 0.566349 0.566325 0.566801 0.566290 0.566349 0.566290 0.566628 
12.614188 0.562086 0.561711 0.561870 0.561711 0.561583 0.562054 0.561870 0.562054 0.562215 
12.635732 0.557463 0.557403 0.557651 0.557403 0.557847 0.557825 0.557651 0.557825 0.558009 
12.657277 0.553141 0.553040 0.553363 0.553040 0.552947 0.553378 0.553363 0.553378 0.553018 
12.678821 0.548961 0.548866 0.548877 0.548866 0.549075 0.548941 0.548877 0.548941 0.548944 
12.700365 0.544426 0.544557 0.544532 0.544557 0.544202 0.544333 0.544532 0.544333 0.545080 
12.721909 0.540270 0.540489 0.540206 0.540489 0.540374 0.540011 0.540206 0.540011 0.540606 
12.743454 0.536053 0.535922 0.535920 0.535922 0.536054 0.535951 0.535920 0.535951 0.535639 
12.764998 0.531764 0.531688 0.531737 0.531688 0.531730 0.531585 0.531737 0.531585 0.531558 
12.786542 0.527361 0.527385 0.527316 0.527385 0.527954 0.527505 0.527316 0.527505 0.527149 
12.808086 0.523157 0.523135 0.523040 0.523135 0.523816 0.523265 0.523040 0.523265 0.523206 
12.829630 0.518922 0.518870 0.518802 0.518870 0.519162 0.519135 0.518802 0.519135 0.519263 
12.851175 0.514646 0.514799 0.514731 0.514799 0.515265 0.514843 0.514731 0.514843 0.515326 
12.872719 0.510493 0.510648 0.510494 0.510648 0.510703 0.510071 0.510494 0.510071 0.510975 
12.894264 0.506388 0.506418 0.506262 0.506418 0.506095 0.506273 0.506262 0.506273 0.506479 
12.915808 0.502286 0.502006 0.502131 0.502006 0.501866 0.502337 0.502131 0.502337 0.502868 
12.937352 0.497933 0.497942 0.497920 0.497942 0.498116 0.497834 0.497920 0.497834 0.498075 
12.958896 0.493746 0.493822 0.493953 0.493822 0.494100 0.493998 0.493953 0.493998 0.493340 
12.980441 0.489780 0.489566 0.489658 0.489566 0.489315 0.489844 0.489658 0.489844 0.489754 
13.001985 0.485535 0.485557 0.485505 0.485557 0.485695 0.485526 0.485505 0.485526 0.485466 
13.023530 0.481412 0.481223 0.481281 0.481223 0.481537 0.481784 0.481281 0.481784 0.481546 
13.045074 0.477450 0.477334 0.477355 0.477334 0.477528 0.477465 0.477355 0.477465 0.477362 
13.066618 0.473351 0.473193 0.473189 0.473193 0.473278 0.473119 0.473189 0.473119 0.473229 
13.088162 0.469265 0.469105 0.468985 0.469105 0.469169 0.469175 0.468985 0.469175 0.469067 
13.109706 0.465142 0.465070 0.465148 0.465070 0.465246 0.465134 0.465148 0.465134 0.465115 
13.131251 0.461135 0.460934 0.460819 0.460934 0.461310 0.461158 0.460819 0.461158 0.461315 
13.152795 0.457126 0.457062 0.457049 0.457062 0.457097 0.457115 0.457049 0.457115 0.457599 
13.174340 0.453037 0.453012 0.452993 0.453012 0.453311 0.453001 0.452993 0.453001 0.452872 
13.195884 0.449040 0.448996 0.449141 0.448996 0.449317 0.449100 0.449141 0.449100 0.448988 
13.217428 0.445102 0.445032 0.444846 0.445032 0.444903 0.445119 0.444846 0.445119 0.445353 
13.238972 0.440994 0.440870 0.441163 0.440870 0.440727 0.441021 0.441163 0.441021 0.441281 
13.260517 0.437041 0.437204 0.437105 0.437204 0.437463 0.436814 0.437105 0.436814 0.436875 
13.282061 0.433096 0.432985 0.433108 0.432985 0.432890 0.432917 0.433108 0.432917 0.433314 
13.303606 0.429208 0.429090 0.429109 0.429090 0.429244 0.428893 0.429109 0.428893 0.429304 
13.325150 0.425240 0.425170 0.425324 0.425170 0.425421 0.425364 0.425324 0.425364 0.425298 
13.346694 0.421269 0.421382 0.421420 0.421382 0.421306 0.421094 0.421420 0.421094 0.420866 
13.368238 0.417454 0.417341 0.417458 0.417341 0.417887 0.417387 0.417458 0.417387 0.418047 
13.389782 0.413590 0.413457 0.413480 0.413457 0.413128 0.413629 0.413480 0.413629 0.412971 
13.411327 0.409720 0.409676 0.409678 0.409676 0.410222 0.409829 0.409678 0.409829 0.409509 
13.432871 0.405789 0.405795 0.405801 0.405795 0.405985 0.405873 0.405801 0.405873 0.406011 
13.454415 0.402042 0.401944 0.401977 0.401944 0.402064 0.402160 0.401977 0.402160 0.402112 
13.475959 0.398145 0.397933 0.398096 0.397933 0.398018 0.398270 0.398096 0.398270 0.398000 
13.497504 0.394359 0.394022 0.394265 0.394022 0.394694 0.394351 0.394265 0.394351 0.394692 
13.519048 0.390469 0.390510 0.390357 0.390510 0.390634 0.390563 0.390357 0.390563 0.390518 
13.540593 0.386540 0.386575 0.386569 0.386575 0.386833 0.386629 0.386569 0.386629 0.386804 
13.562137 0.382875 0.382816 0.382814 0.382816 0.382742 0.382963 0.382814 0.382963 0.382807 
13.583681 0.379166 0.379018 0.379130 0.379018 0.379665 0.378995 0.379130 0.378995 0.378957 
13.605225 0.375413 0.375349 0.375109 0.375349 0.375627 0.375551 0.375109 0.375551 0.375553 
13.626770 0.371465 0.371537 0.371625 0.371537 0.371557 0.371534 0.371625 0.371534 0.371352 
13.648314 0.367784 0.367859 0.367877 0.367859 0.368124 0.367704 0.367877 0.367704 0.367822 
13.669858 0.364100 0.363919 0.364112 0.363919 0.364340 0.364179 0.364112 0.364179 0.364230 
13.691403 0.360366 0.360229 0.360336 0.360229 0.360553 0.360386 0.360336 0.360386 0.360149 
13.712947 0.356697 0.356783 0.356680 0.356783 0.356729 0.357055 0.356680 0.357055 0.356616 
13.734491 0.352964 0.353055 0.353032 0.353055 0.353007 0.353122 0.353032 0.353122 0.353056 
13.756035 0.349298 0.349367 0.349186 0.349367 0.349515 0.349611 0.349186 0.349611 0.349353 
13.777580 0.345563 0.345640 0.345530 0.345640 0.345643 0.345686 0.345530 0.345686 0.345944 
13.799124 0.341926 0.341947 0.341935 0.341947 0.341958 0.341596 0.341935 0.341596 0.342211 
13.820669 0.338383 0.338244 0.338203 0.338244 0.337924 0.338413 0.338203 0.338413 0.338289 
13.842213 0.334711 0.334750 0.334631 0.334750 0.334478 0.334664 0.334631 0.334664 0.334759 
13.863757 0.331080 0.331067 0.331080 0.331067 0.331422 0.330891 0.331080 0.330891 0.330818 
13.885301 0.327455 0.327263 0.327325 0.327263 0.327380 0.327288 0.327325 0.327288 0.327643 
13.906846 0.323847 0.323799 0.323820 0.323799 0.323515 0.323824 0.323820 0.323824 0.323838 
13.928390 0.320237 0.320152 0.320333 0.320152 0.320190 0.319972 0.320333 0.319972 0.319974 
13.949934 0.316621 0.316485 0.316608 0.316485 0.316610 0.316780 0.316608 0.316780 0.316977 
13.971479 0.313118 0.313036 0.313089 0.313036 0.313303 0.313067 0.313089 0.313067 0.313141 
13.993023 0.309472 0.309496 0.309521 0.309496 0.309799 0.309432 0.309521 0.309432 0.309924 
14.014567 0.305822 0.306008 0.306046 0.306008 0.305696 0.305633 0.306046 0.305633 0.305897 
14.036111 0.302441 0.302406 0.302310 0.302406 0.302407 0.302394 0.302310 0.302394 0.302364 
14.057656 0.298921 0.298868 0.298891 0.298868 0.298785 0.298881 0.298891 0.298881 0.298978 
14.079200 0.295432 0.295387 0.295366 0.295387 0.295399 0.295249 0.295366 0.295249 0.295519 
14.100745 0.291796 0.291958 0.291811 0.291958 0.292232 0.291879 0.291811 0.291879 0.291942 
14.122289 0.288419 0.288350 0.288335 0.288350 0.288422 0.288190 0.288335 0.288190 0.288293 
14.143833 0.284883 0.284788 0.284711 0.284788 0.284550 0.284710 0.284711 0.284710 0.284765 
14.165377 0.281344 0.281318 0.281449 0.281318 0.281485 0.281436 0.281449 0.281436 0.281664 
14.186922 0.277930 0.277839 0.278048 0.277839 0.278147 0.278037 0.278048 0.278037 0.278582 
14.208466 0.274502 0.274288 0.274376 0.274288 0.274379 0.274598 0.274376 0.274598 0.274756 
14.230011 0.271027 0.270994 0.271025 0.270994 0.270918 0.271138 0.271025 0.271138 0.271184 
14.251554 0.267612 0.267618 0.267499 0.267618 0.267761 0.267298 0.267499 0.267298 0.267700 
14.273098 0.264123 0.264163 0.264084 0.264163 0.264152 0.264001 0.264084 0.264001 0.264290 
14.294643 0.260820 0.260717 0.260757 0.260717 0.260612 0.260787 0.260757 0.260787 0.260646 
14.316187 0.257323 0.257276 0.257265 0.257276 0.257736 0.257694 0.257265 0.257694 0.257457 
14.337732 0.253983 0.253960 0.253895 0.253960 0.254202 0.253894 0.253895 0.253894 0.254039 
14.359276 0.250596 0.250558 0.250467 0.250558 0.250558 0.250553 0.250467 0.250553 0.250511 
14.380820 0.247196 0.247135 0.247259 0.247135 0.247487 0.247167 0.247259 0.247167 0.247075 
14.402364 0.243953 0.243774 0.243785 0.243774 0.243695 0.243841 0.243785 0.243841 0.244031 
14.423909 0.240518 0.240489 0.240425 0.240489 0.240611 0.240615 0.240425 0.240615 0.240840 
14.445453 0.237189 0.237181 0.237186 0.237181 0.237204 0.237400 0.237186 0.237400 0.237111 
14.466998 0.233807 0.233874 0.233841 0.233874 0.233857 0.233814 0.233841 0.233814 0.233944 
14.488542 0.230494 0.230470 0.230385 0.230470 0.230779 0.230728 0.230385 0.230728 0.230504 
14.510086 0.227225 0.227141 0.227194 0.227141 0.227286 0.227120 0.227194 0.227120 0.227348 
14.531630 0.223935 0.223907 0.223835 0.223907 0.224019 0.223809 0.223835 0.223809 0.224008 
14.553174 0.220580 0.220600 0.220597 0.220600 0.220299 0.220685 0.220597 0.220685 0.220250 
14.574719 0.217340 0.217409 0.217254 0.217409 0.217469 0.217280 0.217254 0.217280 0.217417 
14.596263 0.214107 0.213946 0.213976 0.213946 0.214344 0.213967 0.213976 0.213967 0.214101 
14.617808 0.210724 0.210719 0.210707 0.210719 0.211131 0.210677 0.210707 0.210677 0.210855 
14.639352 0.207535 0.207573 0.207533 0.207573 0.207777 0.207529 0.207533 0.207529 0.207695 
14.660896 0.204274 0.204226 0.204321 0.204226 0.204534 0.204306 0.204321 0.204306 0.204276 
14.682440 0.201035 0.200991 0.201109 0.200991 0.201224 0.201051 0.201109 0.201051 0.200947 
14.703985 0.197803 0.197811 0.197836 0.197811 0.197656 0.197741 0.197836 0.197741 0.198047 
14.725529 0.194615 0.194627 0.194590 0.194627 0.194430 0.194676 0.194590 0.194676 0.194381 
14.747074 0.191411 0.191487 0.191360 0.191487 0.191306 0.191351 0.191360 0.191351 0.191211 
14.768618 0.188229 0.188104 0.188318 0.188104 0.188199 0.188287 0.188318 0.188287 0.188244 
14.790162 0.185067 0.184979 0.185010 0.184979 0.184952 0.184927 0.185010 0.184927 0.185192 
14.811706 0.181817 0.181812 0.181848 0.181812 0.181917 0.181879 0.181848 0.181879 0.181709 
14.833251 0.178633 0.178672 0.178662 0.178672 0.178771 0.178706 0.178662 0.178706 0.178683 
14.854795 0.175506 0.175463 0.175457 0.175463 0.175556 0.175364 0.175457 0.175364 0.175565 
14.876339 0.172390 0.172350 0.172276 0.172350 0.172123 0.172253 0.172276 0.172253 0.172575 
14.897883 0.169224 0.169287 0.169261 0.169287 0.169469 0.169142 0.169261 0.169142 0.169402 
14.919427 0.166074 0.166088 0.166072 0.166088 0.166087 0.166046 0.166072 0.166046 0.166152 
14.940972 0.162936 0.162982 0.162946 0.162982 0.162799 0.162837 0.162946 0.162837 0.162891 
14.962516 0.159789 0.159791 0.159841 0.159791 0.159970 0.159712 0.159841 0.159712 0.159983 
14.984061 0.156704 0.156674 0.156695 0.156674 0.156490 0.156814 0.156695 0.156814 0.156855 
15.005605 0.153660 0.153572 0.153640 0.153572 0.153611 0.153642 0.153640 0.153642 0.153662 
15.027149 0.150544 0.150585 0.150520 0.150585 0.150569 0.150278 0.150520 0.150278 0.150537 
15.048693 0.147493 0.147427 0.147465 0.147427 0.147600 0.147474 0.147465 0.147474 0.147497 
15.070238 0.144368 0.144375 0.144435 0.144375 0.144235 0.144534 0.144435 0.144534 0.144496 
15.091782 0.141339 0.141268 0.141341 0.141268 0.141324 0.141339 0.141341 0.141339 0.141518 
15.113327 0.138315 0.138375 0.138276 0.138375 0.138381 0.138377 0.138276 0.138377 0.138376 
15.134871 0.135244 0.135320 0.135218 0.135320 0.135345 0.135157 0.135218 0.135157 0.135144 
15.156415 0.132234 0.132212 0.132203 0.132212 0.131940 0.132215 0.132203 0.132215 0.132281 
15.177959 0.129168 0.129190 0.129111 0.129190 0.129110 0.129194 0.129111 0.129194 0.129150 
15.199503 0.126195 0.126137 0.126162 0.126137 0.126109 0.126064 0.126162 0.126064 0.126369 
15.221048 0.123119 0.123158 0.123133 0.123158 0.123189 0.123144 0.123133 0.123144 0.123096 
15.242592 0.120188 0.120165 0.120174 0.120165 0.120115 0.120075 0.120174 0.120075 0.120194 
15.264137 0.117481 0.117439 0.117386 0.117439 0.117644 0.117360 0.117386 0.117360 0.117466 
15.285681 0.114852 0.114890 0.114884 0.114890 0.115085 0.114852 0.114884 0.114852 0.114826 
15.307225 0.112497 0.112389 0.112443 0.112389 0.112568 0.112464 0.112443 0.112464 0.112356 
15.328769 0.109985 0.109962 0.109997 0.109962 0.110078 0.110041 0.109997 0.110041 0.110163 
15.350314 0.107697 0.107627 0.107670 0.107627 0.107495 0.107671 0.107670 0.107671 0.107644 
15.371858 0.105318 0.105371 0.105354 0.105371 0.105529 0.105331 0.105354 0.105331 0.105224 
15.393403 0.103176 0.103101 0.103187 0.103101 0.103071 0.103351 0.103187 0.103351 0.103129 
15.414947 0.100994 0.101017 0.101006 0.101017 0.101090 0.101004 0.101006 0.101004 0.101054 
15.436491 0.098918 0.098879 0.098942 0.098879 0.099068 0.098833 0.098942 0.098833 0.098830 
15.458035 0.096836 0.096818 0.096826 0.096818 0.096787 0.097021 0.096826 0.097021 0.096948 
15.479579 0.094859 0.094814 0.094838 0.094814 0.094902 0.094876 0.094838 0.094876 0.094985 
15.501124 0.092907 0.092845 0.092880 0.092845 0.092824 0.092767 0.092880 0.092767 0.092983 
15.522668 0.090987 0.090940 0.091004 0.090940 0.090837 0.091003 0.091004 0.091003 0.090985 
15.544213 0.089084 0.089044 0.089093 0.089044 0.089091 0.089164 0.089093 0.089164 0.089054 
15.565757 0.087240 0.087296 0.087183 0.087296 0.087557 0.087323 0.087183 0.087323 0.087320 
15.587301 0.085465 0.085392 0.085442 0.085392 0.085592 0.085382 0.085442 0.085382 0.085476 
15.608845 0.083716 0.083660 0.083694 0.083660 0.083537 0.083691 0.083694 0.083691 0.083741 
15.630390 0.081941 0.081914 0.081961 0.081914 0.081982 0.082043 0.081961 0.082043 0.082018 
15.651934 0.080272 0.080335 0.080263 0.080335 0.080222 0.080239 0.080263 0.080239 0.080229 
15.673479 0.078580 0.078639 0.078577 0.078639 0.078632 0.078538 0.078577 0.078538 0.078736 
15.695023 0.077027 0.076992 0.076974 0.076992 0.076976 0.076941 0.076974 0.076941 0.076853 
15.716567 0.075384 0.075405 0.075343 0.075405 0.075253 0.075345 0.075343 0.075345 0.075413 
15.738111 0.073821 0.073758 0.073820 0.073758 0.073765 0.073868 0.073820 0.073868 0.073658 
15.759655 0.072239 0.072228 0.072285 0.072228 0.072411 0.072259 0.072285 0.072259 0.072385 
15.781200 0.070756 0.070696 0.070762 0.070696 0.070683 0.070706 0.070762 0.070706 0.070723 
15.802744 0.069279 0.069306 0.069264 0.069306 0.069295 0.069291 0.069264 0.069291 0.069364 
15.824288 0.067808 0.067779 0.067807 0.067779 0.067862 0.067742 0.067807 0.067742 0.067823 
15.845832 0.066404 0.066361 0.066367 0.066361 0.066343 0.066331 0.066367 0.066331 0.066260 
15.867377 0.064982 0.065016 0.064963 0.065016 0.065008 0.065060 0.064963 0.065060 0.064830 
15.888921 0.063614 0.063645 0.063611 0.063645 0.063776 0.063599 0.063611 0.063599 0.063546 
15.910466 0.062269 0.062272 0.062258 0.062272 0.062260 0.062296 0.062258 0.062296 0.062288 
15.932010 0.060947 0.060952 0.060971 0.060952 0.060889 0.061008 0.060971 0.061008 0.060965 
15.953554 0.059639 0.059644 0.059659 0.059644 0.059673 0.059638 0.059659 0.059638 0.059738 
15.975098 0.058358 0.058344 0.058335 0.058344 0.058420 0.058381 0.058335 0.058381 0.058357 
15.996643 0.057090 0.057067 0.057076 0.057067 0.057002 0.057132 0.057076 0.057132 0.057206 
16.018188 0.055861 0.055837 0.055820 0.055837 0.055859 0.055897 0.055820 0.055897 0.055908 
16.039731 0.054615 0.054695 0.054618 0.054695 0.054645 0.054716 0.054618 0.054716 0.054619 
16.061275 0.053444 0.053479 0.053464 0.053479 0.053397 0.053370 0.053464 0.053370 0.053573 
16.082820 0.052266 0.052280 0.052256 0.052280 0.052375 0.052301 0.052256 0.052301 0.052424 
16.104364 0.051123 0.051148 0.051126 0.051148 0.051138 0.051141 0.051126 0.051141 0.051178 
16.125909 0.049979 0.049988 0.049963 0.049988 0.050012 0.049981 0.049963 0.049981 0.049948 
16.147452 0.048933 0.048906 0.048888 0.048906 0.048962 0.048859 0.048888 0.048859 0.048959 
16.168997 0.047796 0.047789 0.047792 0.047789 0.047840 0.047764 0.047792 0.047764 0.047836 
16.190541 0.046712 0.046720 0.046690 0.046720 0.046682 0.046691 0.046690 0.046691 0.046741 
16.212086 0.045662 0.045617 0.045631 0.045617 0.045616 0.045600 0.045631 0.045600 0.045664 
16.233630 0.044628 0.044621 0.044646 0.044621 0.044602 0.044584 0.044646 0.044584 0.044631 
16.255175 0.043629 0.043604 0.043613 0.043604 0.043558 0.043553 0.043613 0.043553 0.043592 
16.276719 0.042623 0.042601 0.042595 0.042601 0.042605 0.042573 0.042595 0.042573 0.042542 
16.298263 0.041620 0.041568 0.041631 0.041568 0.041663 0.041647 0.041631 0.041647 0.041540 
16.319807 0.040664 0.040629 0.040635 0.040629 0.040633 0.040646 0.040635 0.040646 0.040813 
16.341352 0.039683 0.039696 0.039730 0.039696 0.039671 0.039771 0.039730 0.039771 0.039722 
16.362896 0.038767 0.038775 0.038787 0.038775 0.038804 0.038730 0.038787 0.038730 0.038793 
16.384440 0.037875 0.037855 0.037847 0.037855 0.037882 0.037795 0.037847 0.037795 0.037869 
16.405984 0.036945 0.036957 0.036973 0.036957 0.037037 0.036993 0.036973 0.036993 0.036904 
16.427528 0.036070 0.036072 0.036083 0.036072 0.036144 0.036063 0.036083 0.036063 0.036074 
16.449073 0.035212 0.035212 0.035225 0.035212 0.035160 0.035211 0.035225 0.035211 0.035208 
16.470617 0.034357 0.034360 0.034344 0.034360 0.034207 0.034353 0.034344 0.034353 0.034338 
16.492162 0.033538 0.033527 0.033516 0.033527 0.033503 0.033525 0.033516 0.033525 0.033507 
16.513706 0.032683 0.032692 0.032688 0.032692 0.032664 0.032652 0.032688 0.032652 0.032733 
16.535251 0.031884 0.031878 0.031866 0.031878 0.031919 0.031897 0.031866 0.031897 0.031916 
16.556794 0.031074 0.031075 0.031096 0.031075 0.031110 0.031058 0.031096 0.031058 0.031127 
16.578339 0.030300 0.030284 0.030316 0.030284 0.030293 0.030321 0.030316 0.030321 0.030325 
16.599883 0.029543 0.029528 0.029521 0.029528 0.029613 0.029558 0.029521 0.029558 0.029531 
16.621428 0.028796 0.028776 0.028758 0.028776 0.028799 0.028791 0.028758 0.028791 0.028755 
16.642972 0.028025 0.028058 0.028042 0.028058 0.028125 0.028040 0.028042 0.028040 0.028037 
16.664516 0.027317 0.027334 0.027307 0.027334 0.027330 0.027355 0.027307 0.027355 0.027300 
16.686061 0.026605 0.026612 0.026601 0.026612 0.026571 0.026621 0.026601 0.026621 0.026603 
16.707604 0.025894 0.025863 0.025911 0.025863 0.025913 0.025905 0.025911 0.025905 0.025927 
16.729149 0.025211 0.025185 0.025226 0.025185 0.025245 0.025204 0.025226 0.025204 0.025210 
16.750693 0.024549 0.024546 0.024526 0.024546 0.024503 0.024488 0.024526 0.024488 0.024536 
16.772238 0.023875 0.023872 0.023882 0.023872 0.023944 0.023882 0.023882 0.023882 0.023911 
16.793782 0.023208 0.023250 0.023249 0.023250 0.023226 0.023229 0.023249 0.023229 0.023227 
16.815326 0.022620 0.022575 0.022570 0.022575 0.022589 0.022593 0.022570 0.022593 0.022617 
16.836870 0.021964 0.021972 0.021986 0.021972 0.022005 0.021985 0.021986 0.021985 0.022003 
16.858415 0.021368 0.021333 0.021366 0.021333 0.021419 0.021396 0.021366 0.021396 0.021384 
16.879959 0.020753 0.020756 0.020736 0.020756 0.020829 0.020754 0.020736 0.020754 0.020740 
16.901504 0.020173 0.020143 0.020139 0.020143 0.020095 0.020177 0.020139 0.020177 0.020142 
16.923048 0.019580 0.019609 0.019554 0.019609 0.019578 0.019618 0.019554 0.019618 0.019609 
16.944592 0.019023 0.019015 0.019012 0.019015 0.019040 0.018981 0.019012 0.018981 0.019077 
16.966136 0.018469 0.018450 0.018447 0.018450 0.018510 0.018427 0.018447 0.018427 0.018424 
16.987680 0.017915 0.017918 0.017919 0.017918 0.017907 0.017927 0.017919 0.017927 0.017934 
17.009225 0.017369 0.017394 0.017387 0.017394 0.017440 0.017401 0.017387 0.017401 0.017343 
17.030769 0.016846 0.016844 0.016857 0.016844 0.016882 0.016841 0.016857 0.016841 0.016892 
17.052314 0.016335 0.016330 0.016335 0.016330 0.016324 0.016335 0.016335 0.016335 0.016268 
17.073857 0.015834 0.015831 0.015827 0.015831 0.015751 0.015854 0.015827 0.015854 0.015787 
17.095402 0.015343 0.015355 0.015328 0.015355 0.015328 0.015297 0.015328 0.015297 0.015320 
17.116946 0.014859 0.014857 0.014877 0.014857 0.014884 0.014873 0.014877 0.014873 0.014825 
17.138491 0.014359 0.014358 0.014388 0.014358 0.014381 0.014373 0.014388 0.014373 0.014364 
17.160035 0.013925 0.013916 0.013923 0.013916 0.013908 0.013916 0.013923 0.013916 0.013878 
17.181580 0.013443 0.013464 0.013445 0.013464 0.013452 0.013476 0.013445 0.013476 0.013472 
17.203124 0.013002 0.013003 0.013024 0.013003 0.013007 0.013036 0.013024 0.013036 0.013065 
17.224668 0.012575 0.012567 0.012590 0.012567 0.012583 0.012589 0.012590 0.012589 0.012598 
17.246212 0.012160 0.012144 0.012149 0.012144 0.012134 0.012180 0.012149 0.012180 0.012160 
17.267756 0.011741 0.011733 0.011742 0.011733 0.011753 0.011758 0.011742 0.011758 0.011730 
17.289301 0.011336 0.011323 0.011330 0.011323 0.011292 0.011307 0.011330 0.011307 0.011337 
17.310845 0.010924 0.010929 0.010919 0.010929 0.010954 0.010934 0.010919 0.010934 0.010957 
17.332389 0.010538 0.010528 0.010534 0.010528 0.010587 0.010537 0.010534 0.010537 0.010548 
17.353933 0.010141 0.010154 0.010146 0.010154 0.010153 0.010140 0.010146 0.010140 0.010154 
17.375478 0.009793 0.009780 0.009793 0.009780 0.009756 0.009776 0.009793 0.009776 0.009776 
17.397022 0.009405 0.009397 0.009424 0.009397 0.009413 0.009401 0.009424 0.009401 0.009451 
17.418567 0.009057 0.009070 0.009065 0.009070 0.009050 0.009012 0.009065 0.009012 0.009024 
17.440111 0.008711 0.008704 0.008692 0.008704 0.008677 0.008708 0.008692 0.008708 0.008717 
17.461656 0.008367 0.008365 0.008361 0.008365 0.008359 0.008390 0.008361 0.008390 0.008371 
17.483199 0.008036 0.008046 0.008036 0.008046 0.008029 0.008052 0.008036 0.008052 0.008060 
17.504744 0.007721 0.007723 0.007706 0.007723 0.007703 0.007728 0.007706 0.007728 0.007690 
17.526288 0.007389 0.007397 0.007398 0.007397 0.007430 0.007387 0.007398 0.007387 0.007426 
17.547832 0.007097 0.007079 0.007089 0.007079 0.007070 0.007099 0.007089 0.007099 0.007106 
17.569377 0.006788 0.006809 0.006779 0.006809 0.006776 0.006776 0.006779 0.006776 0.006798 
17.590920 0.006514 0.006498 0.006487 0.006498 0.006503 0.006493 0.006487 0.006493 0.006471 
17.612465 0.006205 0.006217 0.006220 0.006217 0.006238 0.006230 0.006220 0.006230 0.006163 
17.634009 0.005931 0.005938 0.005945 0.005938 0.005936 0.005965 0.005945 0.005965 0.005946 
17.655554 0.005671 0.005668 0.005683 0.005668 0.005687 0.005662 0.005683 0.005662 0.005683 
17.677098 0.005400 0.005411 0.005400 0.005411 0.005427 0.005387 0.005400 0.005387 0.005417 
17.698643 0.005156 0.005141 0.005159 0.005141 0.005168 0.005151 0.005159 0.005151 0.005148 
17.720187 0.004901 0.004902 0.004900 0.004902 0.004916 0.004887 0.004900 0.004887 0.004970 
17.741731 0.004667 0.004663 0.004662 0.004663 0.004652 0.004653 0.004662 0.004653 0.004662 
17.763275 0.004427 0.004431 0.004429 0.004431 0.004424 0.004413 0.004429 0.004413 0.004420 
17.784820 0.004201 0.004205 0.004195 0.004205 0.004194 0.004205 0.004195 0.004205 0.004205 
17.806364 0.003993 0.003980 0.003975 0.003980 0.003988 0.003953 0.003975 0.003953 0.003979 
17.827909 0.003766 0.003769 0.003768 0.003769 0.003776 0.003763 0.003768 0.003763 0.003769 
17.849452 0.003563 0.003558 0.003557 0.003558 0.003586 0.003570 0.003557 0.003570 0.003565 
17.870996 0.003362 0.003360 0.003366 0.003360 0.003365 0.003373 0.003366 0.003373 0.003358 
17.892541 0.003169 0.003172 0.003170 0.003172 0.003148 0.003163 0.003170 0.003163 0.003156 
17.914085 0.002976 0.002980 0.002984 0.002980 0.002958 0.002974 0.002984 0.002974 0.002973 
17.935630 0.002801 0.002807 0.002791 0.002807 0.002798 0.002791 0.002791 0.002791 0.002809 
17.957174 0.002622 0.002616 0.002628 0.002616 0.002611 0.002632 0.002628 0.002632 0.002631 
17.978719 0.002455 0.002450 0.002459 0.002450 0.002443 0.002464 0.002459 0.002464 0.002447 
18.000262 0.002290 0.002300 0.002291 0.002300 0.002312 0.002283 0.002291 0.002283 0.002294 
18.021807 0.002145 0.002148 0.002139 0.002148 0.002119 0.002151 0.002139 0.002151 0.002149 
18.043351 0.001984 0.001990 0.001993 0.001990 0.001988 0.001971 0.001993 0.001971 0.001990 
18.064896 0.001848 0.001844 0.001847 0.001844 0.001859 0.001846 0.001847 0.001846 0.001838 
18.086440 0.001710 0.001711 0.001705 0.001711 0.001712 0.001717 0.001705 0.001717 0.001681 
18.107985 0.001572 0.001571 0.001574 0.001571 0.001580 0.001575 0.001574 0.001575 0.001567 
18.129529 0.001446 0.001442 0.001445 0.001442 0.001452 0.001450 0.001445 0.001450 0.001459 
18.151073 0.001333 0.001331 0.001322 0.001331 0.001346 0.001323 0.001322 0.001323 0.001316 
18.172617 0.001216 0.001213 0.001205 0.001213 0.001215 0.001207 0.001205 0.001207 0.001205 
18.194161 0.001103 0.001102 0.001110 0.001102 0.001109 0.001105 0.001110 0.001105 0.001100 
18.215706 0.000997 0.000996 0.000999 0.000996 0.000999 0.001010 0.000999 0.001010 0.000994 
18.237250 0.000898 0.000898 0.000899 0.000898 0.000908 0.000897 0.000899 0.000897 0.000909 
18.258794 0.000806 0.000808 0.000813 0.000808 0.000802 0.000813 0.000813 0.000813 0.000824 
18.280338 0.000721 0.000723 0.000718 0.000723 0.000717 0.000725 0.000718 0.000725 0.000720 
18.301883 0.000642 0.000637 0.000638 0.000637 0.000643 0.000641 0.000638 0.000641 0.000636 
18.323427 0.000562 0.000561 0.000565 0.000561 0.000566 0.000572 0.000565 0.000572 0.000557 
18.344972 0.000489 0.000491 0.000489 0.000491 0.000491 0.000495 0.000489 0.000495 0.000497 
18.366516 0.000422 0.000426 0.000425 0.000426 0.000413 0.000422 0.000425 0.000422 0.000431 
18.388061 0.000362 0.000363 0.000366 0.000363 0.000361 0.000364 0.000366 0.000364 0.000367 
18.409604 0.000305 0.000303 0.000305 0.000303 0.000305 0.000302 0.000305 0.000302 0.000305 
18.431149 0.000255 0.000255 0.000252 0.000255 0.000251 0.000259 0.000252 0.000259 0.000252 
18.452693 0.000208 0.000206 0.000205 0.000206 0.000205 0.000212 0.000205 0.000212 0.000210 
18.474237 0.000165 0.000165 0.000166 0.000165 0.000168 0.000165 0.000166 0.000165 0.000172 
18.495782 0.000129 0.000127 0.000131 0.000127 0.000128 0.000124 0.000131 0.000124 0.000132 
18.517325 0.000096 0.000096 0.000095 0.000096 0.000099 0.000097 0.000095 0.000097 0.000091 
18.538870 0.000068 0.000069 0.000069 0.000069 0.000071 0.000069 0.000069 0.000069 0.000070 
18.560414 0.000047 0.000047 0.000045 0.000047 0.000045 0.000045 0.000045 0.000045 0.000044 
18.581959 0.000028 0.000029 0.000028 0.000029 0.000026 0.000028 0.000028 0.000028 0.000029 
18.603503 0.000015 0.000015 0.000015 0.000015 0.000015 0.000014 0.000015 0.000014 0.000012 
18.625048 0.000005 0.000005 0.000005 0.000005 0.000006 0.000004 0.000005 0.000004 0.000006 
18.646592 0.000001 0.000001 0.000001 0.000001 0.000001 0.000001 0.000001 0.000001 0.000001 
18.668136 0.000000 0.000000 0.000000 0.000000 0.000000 0.000000 0.000000 0.000000 0.000000 
18.689680 0.000000 0.000000 0.000000 0.000000 0.000000 0.000000 0.000000 0.000000 0.000000 
18.711225 0.000000 0.000000 0.000000 0.000000 0.000000 0.000000 0.000000 0.000000 0.000000 
18.732769 0.000000 0.000000 0.000000 0.000000 0.000000 0.000000 0.000000 0.000000 0.000000 
18.754313 0.000000 0.000000 0.000000 0.000000 0.000000 0.000000 0.000000 0.000000 0.000000 
18.775857 0.000000 0.000000 0.000000 0.000000 0.000000 0.000000 0.000000 0.000000 0.000000 
18.797401 0.000000 0.000000 0.000000 0.000000 0.000000 0.000000 0.000000 0.000000 0.000000 
18.818946 0.000000 0.000000 0.000000 0.000000 0.000000 0.000000 0.000000 0.000000 0.000000 
18.840490 0.000000 0.000000 0.000000 0.000000 0.000000 0.000000 0.000000 0.000000 0.000000 
18.862035 0.000000 0.000000 0.000000 0.000000 0.000000 0.000000 0.000000 0.000000 0.000000 
18.883579 0.000000 0.000000 0.000000 0.000000 0.000000 0.000000 0.000000 0.000000 0.000000 
18.905124 0.000000 0.000000 0.000000 0.000000 0.000000 0.000000 0.000000 0.000000 0.000000 
18.926667 0.000000 0.000000 0.000000 0.000000 0.000000 0.000000 0.000000 0.000000 0.000000 
18.948212 0.000000 0.000000 0.000000 0.000000 0.000000 0.000000 0.000000 0.000000 0.000000 
18.969756 0.000000 0.000000 0.000000 0.000000 0.000000 0.000000 0.000000 0.000000 0.000000 
18.991301 0.000000 0.000000 0.000000 0.000000 0.000000 0.000000 0.000000 0.000000 0.000000 
19.012845 0.000000 0.000000 0.000000 0.000000 0.000000 0.000000 0.000000 0.000000 0.000000 
19.034389 0.000000 0.000000 0.000000 0.000000 0.000000 0.000000 0.000000 0.000000 0.000000 
19.055933 0.000000 0.000000 0.000000 0.000000 0.000000 0.000000 0.000000 0.000000 0.000000 
19.077477 0.000000 0.000000 0.000000 0.000000 0.000000 0.000000 0.000000 0.000000 0.000000 
19.099022 0.000000 0.000000 0.000000 0.000000 0.000000 0.000000 0.000000 0.000000 0.000000 
19.120566 0.000000 0.000000 0.000000 0.000000 0.000000 0.000000 0.000000 0.000000 0.000000 
19.142111 0.000000 0.000000 0.000000 0.000000 0.000000 0.000000 0.000000 0.000000 0.000000 
19.163655 0.000000 0.000000 0.000000 0.000000 0.000000 0.000000 0.000000 0.000000 0.000000 
19.185199 0.000000 0.000000 0.000000 0.000000 0.000000 0.000000 0.000000 0.000000 0.000000 
19.206743 0.000000 0.000000 0.000000 0.000000 0.000000 0.000000 0.000000 0.000000 0.000000 
19.228288 0.000000 0.000000 0.000000 0.000000 0.000000 0.000000 0.000000 0.000000 0.000000 
19.249832 0.000000 0.000000 0.000000 0.000000 0.000000 0.000000 0.000000 0.000000 0.000000 
19.271377 0.000000 0.000000 0.000000 0.000000 0.000000 0.000000 0.000000 0.000000 0.000000 
19.292920 0.000000 0.000000 0.000000 0.000000 0.000000 0.000000 0.000000 0.000000 0.000000 
19.314465 0.000000 0.000000 0.000000 0.000000 0.000000 0.000000 0.000000 0.000000 0.000000 
19.336009 0.000000 0.000000 0.000000 0.000000 0.000000 0.000000 0.000000 0.000000 0.000000 
19.357553 0.000000 0.000000 0.000000 0.000000 0.000000 0.000000 0.000000 0.000000 0.000000 
19.379098 0.000000 0.000000 0.000000 0.000000 0.000000 0.000000 0.000000 0.000000 0.000000 
19.400642 0.000000 0.000000 0.000000 0.000000 0.000000 0.000000 0.000000 0.000000 0.000000 
19.422187 0.000000 0.000000 0.000000 0.000000 0.000000 0.000000 0.000000 0.000000 0.000000 
19.443730 0.000000 0.000000 0.000000 0.000000 0.000000 0.000000 0.000000 0.000000 0.000000 
19.465275 0.000000 0.000000 0.000000 0.000000 0.000000 0.000000 0.000000 0.000000 0.000000 
19.486819 0.000000 0.000000 0.000000 0.000000 0.000000 0.000000 0.000000 0.000000 0.000000 
19.508364 0.000000 0.000000 0.000000 0.000000 0.000000 0.000000 0.000000 0.000000 0.000000 
19.529908 0.000000 0.000000 0.000000 0.000000 0.000000 0.000000 0.000000 0.000000 0.000000 
19.551453 0.000000 0.000000 0.000000 0.000000 0.000000 0.000000 0.000000 0.000000 0.000000 
19.572997 0.000000 0.000000 0.000000 0.000000 0.000000 0.000000 0.000000 0.000000 0.000000 
19.594541 0.000000 0.000000 0.000000 0.000000 0.000000 0.000000 0.000000 0.000000 0.000000 
19.616085 0.000000 0.000000 0.000000 0.000000 0.000000 0.000000 0.000000 0.000000 0.000000 
19.637630 0.000000 0.000000 0.000000 0.000000 0.000000 0.000000 0.000000 0.000000 0.000000 
19.659174 0.000000 0.000000 0.000000 0.000000 0.000000 0.000000 0.000000 0.000000 0.000000 
19.680718 0.000000 0.000000 0.000000 0.000000 0.000000 0.000000 0.000000 0.000000 0.000000 
19.702262 0.000000 0.000000 0.000000 0.000000 0.000000 0.000000 0.000000 0.000000 0.000000 
19.723806 0.000000 0.000000 0.000000 0.000000 0.000000 0.000000 0.000000 0.000000 0.000000 
19.745351 0.000000 0.000000 0.000000 0.000000 0.000000 0.000000 0.000000 0.000000 0.000000 
19.766895 0.000000 0.000000 0.000000 0.000000 0.000000 0.000000 0.000000 0.000000 0.000000 
19.788440 0.000000 0.000000 0.000000 0.000000 0.000000 0.000000 0.000000 0.000000 0.000000 
19.809984 0.000000 0.000000 0.000000 0.000000 0.000000 0.000000 0.000000 0.000000 0.000000 
19.831529 0.000000 0.000000 0.000000 0.000000 0.000000 0.000000 0.000000 0.000000 0.000000 
19.853072 0.000000 0.000000 0.000000 0.000000 0.000000 0.000000 0.000000 0.000000 0.000000 
19.874617 0.000000 0.000000 0.000000 0.000000 0.000000 0.000000 0.000000 0.000000 0.000000 
19.896161 0.000000 0.000000 0.000000 0.000000 0.000000 0.000000 0.000000 0.000000 0.000000 
19.917706 0.000000 0.000000 0.000000 0.000000 0.000000 0.000000 0.000000 0.000000 0.000000 
19.939250 0.000000 0.000000 0.000000 0.000000 0.000000 0.000000 0.000000 0.000000 0.000000 
19.960793 0.000000 0.000000 0.000000 0.000000 0.000000 0.000000 0.000000 0.000000 0.000000 
19.982338 0.000000 0.000000 0.000000 0.000000 0.000000 0.000000 0.000000 0.000000 0.000000 
20.003882 0.000000 0.000000 0.000000 0.000000 0.000000 0.000000 0.000000 0.000000 0.000000 
20.025427 0.000000 0.000000 0.000000 0.000000 0.000000 0.000000 0.000000 0.000000 0.000000 
20.046971 0.000000 0.000000 0.000000 0.000000 0.000000 0.000000 0.000000 0.000000 0.000000 
20.068516 0.000000 0.000000 0.000000 0.000000 0.000000 0.000000 0.000000 0.000000 0.000000 
20.090060 0.000000 0.000000 0.000000 0.000000 0.000000 0.000000 0.000000 0.000000 0.000000 
20.111604 0.000000 0.000000 0.000000 0.000000 0.000000 0.000000 0.000000 0.000000 0.000000 
20.133148 0.000000 0.000000 0.000000 0.000000 0.000000 0.000000 0.000000 0.000000 0.000000 
20.154693 0.000000 0.000000 0.000000 0.000000 0.000000 0.000000 0.000000 0.000000 0.000000 
20.176237 0.000000 0.000000 0.000000 0.000000 0.000000 0.000000 0.000000 0.000000 0.000000 
20.197782 0.000000 0.000000 0.000000 0.000000 0.000000 0.000000 0.000000 0.000000 0.000000 
20.219325 0.000000 0.000000 0.000000 0.000000 0.000000 0.000000 0.000000 0.000000 0.000000 
20.240870 0.000000 0.000000 0.000000 0.000000 0.000000 0.000000 0.000000 0.000000 0.000000 
20.262414 0.000000 0.000000 0.000000 0.000000 0.000000 0.000000 0.000000 0.000000 0.000000 
20.283958 0.000000 0.000000 0.000000 0.000000 0.000000 0.000000 0.000000 0.000000 0.000000 
20.305503 0.000000 0.000000 0.000000 0.000000 0.000000 0.000000 0.000000 0.000000 0.000000 
20.327047 0.000000 0.000000 0.000000 0.000000 0.000000 0.000000 0.000000 0.000000 0.000000 
20.348592 0.000000 0.000000 0.000000 0.000000 0.000000 0.000000 0.000000 0.000000 0.000000 
20.370135 0.000000 0.000000 0.000000 0.000000 0.000000 0.000000 0.000000 0.000000 0.000000 
20.391680 0.000000 0.000000 0.000000 0.000000 0.000000 0.000000 0.000000 0.000000 0.000000 
20.413224 0.000000 0.000000 0.000000 0.000000 0.000000 0.000000 0.000000 0.000000 0.000000 
20.434769 0.000000 0.000000 0.000000 0.000000 0.000000 0.000000 0.000000 0.000000 0.000000 
20.456313 0.000000 0.000000 0.000000 0.000000 0.000000 0.000000 0.000000 0.000000 0.000000 
20.477857 0.000000 0.000000 0.000000 0.000000 0.000000 0.000000 0.000000 0.000000 0.000000 
20.499401 0.000000 0.000000 0.000000 0.000000 0.000000 0.000000 0.000000 0.000000 0.000000 
20.520946 0.000000 0.000000 0.000000 0.000000 0.000000 0.000000 0.000000 0.000000 0.000000 
20.542490 0.000000 0.000000 0.000000 0.000000 0.000000 0.000000 0.000000 0.000000 0.000000 
20.564034 0.000000 0.000000 0.000000 0.000000 0.000000 0.000000 0.000000 0.000000 0.000000 
20.585579 0.000000 0.000000 0.000000 0.000000 0.000000 0.000000 0.000000 0.000000 0.000000 
20.607123 0.000000 0.000000 0.000000 0.000000 0.000000 0.000000 0.000000 0.000000 0.000000 
20.628667 0.000000 0.000000 0.000000 0.000000 0.000000 0.000000 0.000000 0.000000 0.000000 
20.650211 0.000000 0.000000 0.000000 0.000000 0.000000 0.000000 0.000000 0.000000 0.000000 
20.671756 0.000000 0.000000 0.000000 0.000000 0.000000 0.000000 0.000000 0.000000 0.000000 
20.693300 0.000000 0.000000 0.000000 0.000000 0.000000 0.000000 0.000000 0.000000 0.000000 
20.714845 0.000000 0.000000 0.000000 0.000000 0.000000 0.000000 0.000000 0.000000 0.000000 
20.736389 0.000000 0.000000 0.000000 0.000000 0.000000 0.000000 0.000000 0.000000 0.000000 
20.757934 0.000000 0.000000 0.000000 0.000000 0.000000 0.000000 0.000000 0.000000 0.000000 
20.779477 0.000000 0.000000 0.000000 0.000000 0.000000 0.000000 0.000000 0.000000 0.000000 
20.801022 0.000000 0.000000 0.000000 0.000000 0.000000 0.000000 0.000000 0.000000 0.000000 
20.822566 0.000000 0.000000 0.000000 0.000000 0.000000 0.000000 0.000000 0.000000 0.000000 
20.844110 0.000000 0.000000 0.000000 0.000000 0.000000 0.000000 0.000000 0.000000 0.000000 
20.865655 0.000000 0.000000 0.000000 0.000000 0.000000 0.000000 0.000000 0.000000 0.000000 
20.887198 0.000000 0.000000 0.000000 0.000000 0.000000 0.000000 0.000000 0.000000 0.000000 
20.908743 0.000000 0.000000 0.000000 0.000000 0.000000 0.000000 0.000000 0.000000 0.000000 
20.930287 0.000000 0.000000 0.000000 0.000000 0.000000 0.000000 0.000000 0.000000 0.000000 
20.951832 0.000000 0.000000 0.000000 0.000000 0.000000 0.000000 0.000000 0.000000 0.000000 
20.973376 0.000000 0.000000 0.000000 0.000000 0.000000 0.000000 0.000000 0.000000 0.000000 
20.994921 0.000000 0.000000 0.000000 0.000000 0.000000 0.000000 0.000000 0.000000 0.000000 
21.016465 0.000000 0.000000 0.000000 0.000000 0.000000 0.000000 0.000000 0.000000 0.000000 
21.038009 0.000000 0.000000 0.000000 0.000000 0.000000 0.000000 0.000000 0.000000 0.000000 
21.059553 0.000000 0.000000 0.000000 0.000000 0.000000 0.000000 0.000000 0.000000 0.000000 
21.081098 0.000000 0.000000 0.000000 0.000000 0.000000 0.000000 0.000000 0.000000 0.000000 
21.102642 0.000000 0.000000 0.000000 0.000000 0.000000 0.000000 0.000000 0.000000 0.000000 
21.124187 0.000000 0.000000 0.000000 0.000000 0.000000 0.000000 0.000000 0.000000 0.000000 
21.145730 0.000000 0.000000 0.000000 0.000000 0.000000 0.000000 0.000000 0.000000 0.000000 
21.167274 0.000000 0.000000 0.000000 0.000000 0.000000 0.000000 0.000000 0.000000 0.000000 
21.188819 0.000000 0.000000 0.000000 0.000000 0.000000 0.000000 0.000000 0.000000 0.000000 
21.210363 0.000000 0.000000 0.000000 0.000000 0.000000 0.000000 0.000000 0.000000 0.000000 
21.231908 0.000000 0.000000 0.000000 0.000000 0.000000 0.000000 0.000000 0.000000 0.000000 
21.253452 0.000000 0.000000 0.000000 0.000000 0.000000 0.000000 0.000000 0.000000 0.000000 
21.274997 0.000000 0.000000 0.000000 0.000000 0.000000 0.000000 0.000000 0.000000 0.000000 
21.296540 0.000000 0.000000 0.000000 0.000000 0.000000 0.000000 0.000000 0.000000 0.000000 
21.318085 0.000000 0.000000 0.000000 0.000000 0.000000 0.000000 0.000000 0.000000 0.000000 
21.339629 0.000000 0.000000 0.000000 0.000000 0.000000 0.000000 0.000000 0.000000 0.000000 
21.361174 0.000000 0.000000 0.000000 0.000000 0.000000 0.000000 0.000000 0.000000 0.000000 
21.382718 0.000000 0.000000 0.000000 0.000000 0.000000 0.000000 0.000000 0.000000 0.000000 
21.404262 0.000000 0.000000 0.000000 0.000000 0.000000 0.000000 0.000000 0.000000 0.000000 
21.425806 0.000000 0.000000 0.000000 0.000000 0.000000 0.000000 0.000000 0.000000 0.000000 
21.447351 0.000000 0.000000 0.000000 0.000000 0.000000 0.000000 0.000000 0.000000 0.000000 
21.468895 0.000000 0.000000 0.000000 0.000000 0.000000 0.000000 0.000000 0.000000 0.000000 
21.490439 0.000000 0.000000 0.000000 0.000000 0.000000 0.000000 0.000000 0.000000 0.000000 
21.511984 0.000000 0.000000 0.000000 0.000000 0.000000 0.000000 0.000000 0.000000 0.000000 
21.533528 0.000000 0.000000 0.000000 0.000000 0.000000 0.000000 0.000000 0.000000 0.000000 
