# concentrations: 0.666667 0.166667 0.166667
0.010357 0.000000 0.000000 0.000000 0.000000 0.000000 0.000000 0.000000 0.000000 0.000000 
0.031072 0.000000 0.000000 0.000000 0.000000 0.000000 0.000000 0.000000 0.000000 0.000000 
0.051787 0.000000 0.000000 0.000000 0.000000 0.000000 0.000000 0.000000 0.000000 0.000000 
0.072502 0.000000 0.000000 0.000000 0.000000 0.000000 0.000000 0.000000 0.000000 0.000000 
0.093217 0.000000 0.000000 0.000000 0.000000 0.000000 0.000000 0.000000 0.000000 0.000000 
0.113932 0.000000 0.000000 0.000000 0.000000 0.000000 0.000000 0.000000 0.000000 0.000000 
0.134647 0.000000 0.000000 0.000000 0.000000 0.000000 0.000000 0.000000 0.000000 0.000000 
0.155362 0.000000 0.000000 0.000000 0.000000 0.000000 0.000000 0.000000 0.000000 0.000000 
0.176077 0.000000 0.000000 0.000000 0.000000 0.000000 0.000000 0.000000 0.000000 0.000000 
0.196792 0.000000 0.000000 0.000000 0.000000 0.000000 0.000000 0.000000 0.000000 0.000000 
0.217506 0.000000 0.000000 0.000000 0.000000 0.000000 0.000000 0.000000 0.000000 0.000000 
0.238221 0.000000 0.000000 0.000000 0.000000 0.000000 0.000000 0.000000 0.000000 0.000000 
0.258936 0.000000 0.000000 0.000000 0.000000 0.000000 0.000000 0.000000 0.000000 0.000000 
0.279651 0.000000 0.000000 0.000000 0.000000 0.000000 0.000000 0.000000 0.000000 0.000000 
0.300366 0.000000 0.000000 0.000000 0.000000 0.000000 0.000000 0.000000 0.000000 0.000000 
0.321081 0.000000 0.000000 0.000000 0.000000 0.000000 0.000000 0.000000 0.000000 0.000000 
0.341796 0.000000 0.000000 0.000000 0.000000 0.000000 0.000000 0.000000 0.000000 0.000000 
0.362511 0.000000 0.000000 0.000000 0.000000 0.000000 0.000000 0.000000 0.000000 0.000000 
0.383226 0.000000 0.000000 0.000000 0.000000 0.000000 0.000000 0.000000 0.000000 0.000000 
0.403941 0.000000 0.000000 0.000000 0.000000 0.000000 0.000000 0.000000 0.000000 0.000000 
0.424655 0.000000 0.000000 0.000000 0.000000 0.000000 0.000000 0.000000 0.000000 0.000000 
0.445370 0.000000 0.000000 0.000000 0.000000 0.000000 0.000000 0.000000 0.000000 0.000000 
0.466085 0.000000 0.000000 0.000000 0.000000 0.000000 0.000000 0.000000 0.000000 0.000000 
0.486800 0.000000 0.000000 0.000000 0.000000 0.000000 0.000000 0.000000 0.000000 0.000000 
0.507515 0.000000 0.000000 0.000000 0.000000 0.000000 0.000000 0.000000 0.000000 0.000000 
0.528230 0.000000 0.000000 0.000000 0.000000 0.000000 0.000000 0.000000 0.000000 0.000000 
0.548945 0.000000 0.000000 0.000000 0.000000 0.000000 0.000000 0.000000 0.000000 0.000000 
0.569660 0.000000 0.000000 0.000000 0.000000 0.000000 0.000000 0.000000 0.000000 0.000000 
0.590375 0.000000 0.000000 0.000000 0.000000 0.000000 0.000000 0.000000 0.000000 0.000000 
0.611090 0.000000 0.000000 0.000000 0.000000 0.000000 0.000000 0.000000 0.000000 0.000000 
0.631804 0.000000 0.000000 0.000000 0.000000 0.000000 0.000000 0.000000 0.000000 0.000000 
0.652519 0.000000 0.000000 0.000000 0.000000 0.000000 0.000000 0.000000 0.000000 0.000000 
0.673234 0.000000 0.000262 0.000000 0.000262 0.000000 0.000000 0.000000 0.000000 0.000000 
0.693949 0.000000 0.008982 0.000000 0.008982 0.000179 0.000328 0.000000 0.000328 0.000000 
0.714664 0.000000 0.102896 0.000000 0.102896 0.005067 0.007963 0.000000 0.007963 0.000000 
0.735379 0.000000 0.485336 0.000027 0.485336 0.030895 0.067605 0.000027 0.067605 0.000000 
0.756094 0.000000 1.270435 0.001238 1.270435 0.111618 0.274255 0.001238 0.274255 0.000201 
0.776809 0.000000 2.245942 0.022422 2.245942 0.290120 0.646204 0.022422 0.646204 0.004622 
0.797524 0.000006 3.028863 0.158640 3.028863 0.492621 1.107865 0.158640 1.107865 0.034180 
0.818239 0.000295 3.411374 0.578534 3.411374 0.696492 1.509207 0.578534 1.509207 0.151746 
0.838953 0.006157 3.450571 1.318616 3.450571 0.857492 1.778362 1.318616 1.778362 0.404559 
0.859668 0.053040 3.217053 2.192286 3.217053 0.976086 1.846422 2.192286 1.846422 0.755538 
0.880383 0.237975 2.885702 2.898834 2.885702 1.026229 1.845399 2.898834 1.845399 1.123435 
0.901098 0.654762 2.511577 3.265878 2.511577 1.050424 1.737130 3.265878 1.737130 1.404509 
0.921813 1.268609 2.163382 3.327984 2.163382 1.022089 1.600693 3.327984 1.600693 1.566874 
0.942528 1.913505 1.860472 3.133231 1.860472 1.002936 1.459197 3.133231 1.459197 1.620015 
0.963243 2.411684 1.596053 2.848438 1.596053 0.953325 1.335208 2.848438 1.335208 1.603875 
0.983958 2.685000 1.380345 2.514916 1.380345 0.922133 1.223607 2.514916 1.223607 1.504890 
1.004673 2.731003 1.202065 2.177683 1.202065 0.896295 1.114441 2.177683 1.114441 1.405896 
1.025388 2.625670 1.059623 1.882314 1.059623 0.859596 1.026918 1.882314 1.026918 1.290282 
1.046102 2.417163 0.939751 1.624870 0.939751 0.838929 0.948665 1.624870 0.948665 1.195339 
1.066817 2.172493 0.845168 1.400751 0.845168 0.826249 0.879376 1.400751 0.879376 1.077282 
1.087532 1.922254 0.770599 1.223206 0.770599 0.817418 0.833523 1.223206 0.833523 0.999167 
1.108247 1.694450 0.710279 1.069994 0.710279 0.807962 0.798057 1.069994 0.798057 0.911263 
1.128962 1.489923 0.662970 0.952888 0.662970 0.804035 0.767044 0.952888 0.767044 0.862404 
1.149677 1.308897 0.625483 0.851166 0.625483 0.819919 0.749521 0.851166 0.749521 0.798728 
1.170392 1.160663 0.595744 0.771224 0.595744 0.837763 0.735304 0.771224 0.735304 0.749885 
1.191107 1.036570 0.577703 0.710929 0.577703 0.843032 0.728702 0.710929 0.728702 0.723077 
1.211822 0.932165 0.561295 0.657405 0.561295 0.862689 0.728204 0.657405 0.728204 0.697824 
1.232536 0.848916 0.554819 0.618905 0.554819 0.881733 0.727593 0.618905 0.727593 0.671309 
1.253251 0.782032 0.551821 0.589385 0.551821 0.907059 0.746882 0.589385 0.746882 0.669203 
1.273966 0.729980 0.558315 0.568389 0.558315 0.940077 0.756037 0.568389 0.756037 0.663968 
1.294681 0.686072 0.565654 0.551636 0.565654 0.966068 0.783391 0.551636 0.783391 0.671100 
1.315396 0.654653 0.580033 0.541832 0.580033 0.994217 0.805417 0.541832 0.805417 0.679166 
1.336111 0.632831 0.597545 0.541583 0.597545 1.029046 0.831934 0.541583 0.831934 0.687153 
1.356826 0.619414 0.622517 0.547362 0.622517 1.057974 0.870020 0.547362 0.870020 0.710445 
1.377541 0.612198 0.651911 0.556970 0.651911 1.084612 0.905641 0.556970 0.905641 0.734713 
1.398256 0.613154 0.687362 0.573443 0.687362 1.100818 0.944388 0.573443 0.944388 0.766708 
1.418971 0.622036 0.728424 0.594311 0.728424 1.127656 0.979071 0.594311 0.979071 0.805301 
1.439686 0.635259 0.769315 0.621521 0.769315 1.147621 1.016083 0.621521 1.016083 0.845672 
1.460400 0.655206 0.814543 0.656341 0.814543 1.169527 1.050346 0.656341 1.050346 0.881854 
1.481115 0.684001 0.863709 0.693540 0.863709 1.191589 1.086199 0.693540 1.086199 0.936827 
1.501830 0.715306 0.913768 0.739841 0.913768 1.205335 1.108716 0.739841 1.108716 0.975506 
1.522545 0.751492 0.960677 0.789369 0.960677 1.234856 1.146558 0.789369 1.146558 1.026756 
1.543260 0.794074 1.010795 0.842623 1.010795 1.254936 1.170673 0.842623 1.170673 1.064218 
1.563975 0.836722 1.051019 0.894430 1.051019 1.255902 1.192230 0.894430 1.192230 1.109659 
1.584690 0.882644 1.091130 0.945243 1.091130 1.267669 1.211695 0.945243 1.211695 1.142413 
1.605405 0.927594 1.126658 0.996850 1.126658 1.264445 1.230072 0.996850 1.230072 1.179645 
1.626120 0.966874 1.159855 1.042474 1.159855 1.260226 1.251552 1.042474 1.251552 1.200640 
1.646835 1.008519 1.187787 1.086698 1.187787 1.226067 1.266899 1.086698 1.266899 1.224636 
1.667549 1.045670 1.212643 1.122462 1.212643 1.206127 1.272438 1.122462 1.272438 1.249159 
1.688264 1.079253 1.234776 1.151659 1.234776 1.175238 1.267811 1.151659 1.267811 1.265206 
1.708979 1.106701 1.252897 1.181799 1.252897 1.137852 1.260641 1.181799 1.260641 1.284760 
1.729694 1.129820 1.259836 1.205801 1.259836 1.091720 1.235541 1.205801 1.235541 1.299512 
1.750409 1.148418 1.263188 1.223105 1.263188 1.049799 1.210188 1.223105 1.210188 1.291164 
1.771124 1.161390 1.260419 1.237501 1.260419 1.009019 1.172436 1.237501 1.172436 1.288346 
1.791839 1.172349 1.241086 1.248892 1.241086 0.971708 1.134907 1.248892 1.134907 1.266370 
1.812554 1.180734 1.221945 1.255482 1.221945 0.948899 1.094439 1.255482 1.094439 1.241197 
1.833269 1.184258 1.195531 1.253170 1.195531 0.910266 1.056145 1.253170 1.056145 1.216412 
1.853983 1.187758 1.160300 1.244402 1.160300 0.889696 1.017306 1.244402 1.017306 1.186922 
1.874698 1.185128 1.125401 1.230473 1.125401 0.872920 0.980238 1.230473 0.980238 1.140472 
1.895413 1.182485 1.091158 1.204437 1.091158 0.849722 0.943194 1.204437 0.943194 1.101446 
1.916128 1.173105 1.050143 1.178443 1.050143 0.844107 0.914628 1.178443 0.914628 1.053510 
1.936843 1.162983 1.018323 1.146092 1.018323 0.835493 0.891085 1.146092 0.891085 1.021115 
1.957558 1.144591 0.983785 1.109963 0.983785 0.828996 0.870364 1.109963 0.870364 0.979004 
1.978273 1.125478 0.955669 1.075746 0.955669 0.826716 0.852813 1.075746 0.852813 0.944875 
1.998988 1.100336 0.930093 1.039716 0.930093 0.834516 0.842036 1.039716 0.842036 0.913068 
2.019703 1.073962 0.908599 1.003627 0.908599 0.834267 0.832606 1.003627 0.832606 0.889947 
2.040418 1.045619 0.889654 0.973920 0.889654 0.849144 0.827962 0.973920 0.827962 0.870239 
2.061133 1.017079 0.878586 0.945173 0.878586 0.859489 0.824360 0.945173 0.824360 0.844271 
2.081847 0.989005 0.869000 0.917084 0.869000 0.875629 0.828174 0.917084 0.828174 0.832128 
2.102562 0.961212 0.862181 0.895363 0.862181 0.892505 0.831523 0.895363 0.831523 0.822855 
2.123277 0.939428 0.861852 0.879906 0.861852 0.916195 0.846554 0.879906 0.846554 0.821603 
2.143992 0.918372 0.862539 0.869043 0.862539 0.931223 0.861124 0.869043 0.861124 0.824900 
2.164707 0.899447 0.867830 0.858479 0.867830 0.946545 0.876468 0.858479 0.876468 0.822781 
2.185422 0.887149 0.875479 0.852385 0.875479 0.966204 0.892409 0.852385 0.892409 0.833128 
2.206137 0.876609 0.886795 0.855865 0.886795 0.986356 0.912884 0.855865 0.912884 0.843616 
2.226852 0.870262 0.900552 0.855828 0.900552 1.003431 0.928843 0.855828 0.928843 0.859244 
2.247567 0.868132 0.913915 0.863231 0.913915 1.018187 0.950360 0.863231 0.950360 0.875889 
2.268281 0.870646 0.928545 0.872875 0.928545 1.041483 0.969290 0.872875 0.969290 0.893449 
2.288996 0.873492 0.944965 0.885517 0.944965 1.052812 0.995131 0.885517 0.995131 0.910547 
2.309711 0.881773 0.962186 0.899752 0.962186 1.063029 1.013018 0.899752 1.013018 0.930011 
2.330426 0.892278 0.980619 0.916187 0.980619 1.076067 1.027039 0.916187 1.027039 0.957666 
2.351141 0.904035 0.996873 0.933028 0.996873 1.076348 1.043091 0.933028 1.043091 0.973946 
2.371856 0.919554 1.010557 0.952936 1.010557 1.083390 1.057274 0.952936 1.057274 1.001073 
2.392571 0.934637 1.025683 0.968443 1.025683 1.092766 1.066459 0.968443 1.066459 1.015919 
2.413286 0.952199 1.037808 0.989087 1.037808 1.091824 1.079880 0.989087 1.079880 1.032965 
2.434001 0.969110 1.051083 1.004445 1.051083 1.093316 1.086372 1.004445 1.086372 1.048701 
2.454716 0.987306 1.058177 1.019708 1.058177 1.088034 1.093047 1.019708 1.093047 1.067612 
2.475430 1.003366 1.064824 1.036036 1.064824 1.085710 1.089625 1.036036 1.089625 1.078511 
2.496145 1.017777 1.067796 1.050624 1.067796 1.072165 1.091518 1.050624 1.091518 1.085028 
2.516860 1.032038 1.071929 1.059289 1.071929 1.067239 1.091313 1.059289 1.091313 1.086915 
2.537575 1.045063 1.071911 1.069542 1.071911 1.063714 1.083669 1.069542 1.083669 1.096945 
2.558290 1.054655 1.070786 1.073130 1.070786 1.051347 1.077616 1.073130 1.077616 1.096363 
2.579005 1.062855 1.069177 1.078966 1.069177 1.043894 1.073286 1.078966 1.073286 1.095139 
2.599720 1.068157 1.065909 1.079357 1.065909 1.030743 1.065026 1.079357 1.065026 1.093763 
2.620435 1.073406 1.059997 1.078267 1.059997 1.019393 1.057715 1.078267 1.057715 1.082959 
2.641150 1.076130 1.053394 1.076675 1.053394 1.014371 1.045935 1.076675 1.045935 1.077705 
2.661865 1.074445 1.046523 1.071870 1.046523 0.997427 1.032395 1.071870 1.032395 1.074029 
2.682580 1.071661 1.039344 1.065149 1.039344 0.991301 1.026166 1.065149 1.026166 1.064588 
2.703294 1.068808 1.030312 1.060889 1.030312 0.982833 1.014757 1.060889 1.014757 1.055741 
2.724009 1.062680 1.022646 1.053360 1.022646 0.973592 1.004496 1.053360 1.004496 1.043268 
2.744724 1.058324 1.013988 1.044846 1.013988 0.965621 0.997428 1.044846 0.997428 1.032859 
2.765439 1.049712 1.004127 1.037059 1.004127 0.958004 0.985881 1.037059 0.985881 1.020316 
2.786154 1.042254 0.995699 1.026568 0.995699 0.951054 0.972532 1.026568 0.972532 1.011169 
2.806869 1.035310 0.987315 1.017801 0.987315 0.951486 0.966895 1.017801 0.966895 0.999748 
2.827584 1.026184 0.981801 1.009512 0.981801 0.948765 0.961815 1.009512 0.961815 0.987313 
2.848299 1.017490 0.973491 1.000720 0.973491 0.946035 0.954437 1.000720 0.954437 0.976357 
2.869014 1.008827 0.967975 0.990607 0.967975 0.950462 0.948124 0.990607 0.948124 0.967987 
2.889728 1.000915 0.963046 0.982394 0.963046 0.955942 0.948581 0.982394 0.948581 0.962172 
2.910443 0.992315 0.958408 0.976789 0.958408 0.956631 0.945617 0.976789 0.945617 0.955772 
2.931158 0.985782 0.957050 0.968460 0.957050 0.958171 0.946996 0.968460 0.946996 0.954254 
2.951873 0.979081 0.955547 0.962515 0.955547 0.965878 0.947089 0.962515 0.947089 0.947706 
2.972588 0.972940 0.954265 0.959446 0.954265 0.969267 0.950817 0.959446 0.950817 0.943801 
2.993303 0.968124 0.955116 0.955168 0.955116 0.972199 0.953355 0.955168 0.953355 0.944792 
3.014018 0.962830 0.957964 0.952010 0.957964 0.980040 0.959691 0.952010 0.959691 0.943088 
3.034733 0.959867 0.961780 0.952025 0.961780 0.989828 0.964516 0.952025 0.964516 0.946049 
3.055448 0.958234 0.964533 0.952290 0.964533 0.995277 0.971681 0.952290 0.971681 0.949158 
3.076163 0.956557 0.968677 0.952777 0.968677 0.999990 0.978086 0.952777 0.978086 0.953517 
3.096877 0.955600 0.974376 0.956368 0.974376 1.004307 0.983445 0.956368 0.983445 0.963216 
3.117592 0.958094 0.979923 0.959097 0.979923 1.009776 0.992660 0.959097 0.992660 0.963157 
3.138307 0.959012 0.986785 0.964534 0.986785 1.018412 1.000953 0.964534 1.000953 0.974328 
3.159022 0.962189 0.993624 0.969468 0.993624 1.015915 1.005759 0.969468 1.005759 0.980856 
3.179737 0.965926 1.000227 0.975717 1.000227 1.026659 1.010857 0.975717 1.010857 0.991236 
3.200452 0.969724 1.004477 0.981556 1.004477 1.023844 1.017853 0.981556 1.017853 0.998192 
3.221167 0.976144 1.008909 0.987692 1.008909 1.027770 1.021326 0.987692 1.021326 1.004244 
3.241882 0.981371 1.013721 0.993728 1.013721 1.029048 1.023471 0.993728 1.023471 1.009133 
3.262597 0.986926 1.018388 1.001167 1.018388 1.029500 1.029647 1.001167 1.029647 1.016046 
3.283312 0.991763 1.022185 1.006105 1.022185 1.032502 1.031152 1.006105 1.031152 1.021927 
3.304026 0.998118 1.024822 1.012345 1.024822 1.028016 1.029461 1.012345 1.029461 1.026362 
3.324741 1.004801 1.026792 1.017240 1.026792 1.024936 1.031764 1.017240 1.031764 1.026809 
3.345456 1.008773 1.028136 1.022867 1.028136 1.021446 1.030336 1.022867 1.030336 1.031208 
3.366171 1.014080 1.028863 1.025738 1.028863 1.016438 1.030102 1.025738 1.030102 1.034247 
3.386886 1.018630 1.027856 1.027651 1.027856 1.019568 1.026210 1.027651 1.026210 1.033412 
3.407601 1.021234 1.027145 1.029938 1.027145 1.013798 1.025007 1.029938 1.025007 1.032732 
3.428316 1.024482 1.025189 1.029257 1.025189 1.007764 1.019715 1.029257 1.019715 1.030521 
3.449031 1.026856 1.023895 1.030383 1.023895 1.006620 1.019051 1.030383 1.019051 1.030096 
3.469746 1.027891 1.019760 1.030794 1.019760 1.003355 1.015556 1.030794 1.015556 1.028735 
3.490461 1.028537 1.018239 1.028203 1.018239 0.999755 1.013657 1.028203 1.013657 1.025778 
3.511176 1.028008 1.015030 1.027097 1.015030 0.995196 1.006953 1.027097 1.006953 1.020914 
3.531890 1.026879 1.011793 1.025565 1.011793 0.994535 1.003750 1.025565 1.003750 1.020200 
3.552605 1.025554 1.007096 1.021413 1.007096 0.988760 1.000646 1.021413 1.000646 1.013881 
3.573320 1.023331 1.004178 1.017951 1.004178 0.989920 0.995229 1.017951 0.995229 1.011620 
3.594035 1.020441 1.000631 1.014236 1.000631 0.985118 0.994703 1.014236 0.994703 1.009837 
3.614750 1.017130 0.998054 1.010519 0.998054 0.987382 0.992187 1.010519 0.992187 1.000488 
3.635465 1.013741 0.992494 1.005201 0.992494 0.982239 0.987783 1.005201 0.987783 0.999126 
3.656180 1.010484 0.991542 1.001778 0.991542 0.983549 0.986752 1.001778 0.986752 0.992718 
3.676895 1.007743 0.989670 0.998579 0.989670 0.981962 0.982703 0.998579 0.982703 0.992347 
3.697610 1.004150 0.987145 0.994990 0.987145 0.983160 0.985209 0.994990 0.985209 0.989625 
3.718324 1.001347 0.985711 0.993171 0.985711 0.985389 0.980842 0.993171 0.980842 0.986098 
3.739039 0.996897 0.983701 0.989252 0.983701 0.986393 0.981887 0.989252 0.981887 0.986389 
3.759754 0.994726 0.982667 0.987630 0.982667 0.986425 0.981410 0.987630 0.981410 0.981789 
3.780469 0.991399 0.981665 0.984338 0.981665 0.987484 0.983585 0.984338 0.983585 0.981974 
3.801184 0.989854 0.982285 0.983506 0.982285 0.990637 0.980969 0.983506 0.980969 0.977495 
3.821899 0.986335 0.983306 0.982455 0.983306 0.993063 0.985596 0.982455 0.985596 0.980776 
3.842614 0.985807 0.983664 0.981843 0.983664 0.995076 0.985630 0.981843 0.985630 0.981733 
3.863329 0.984036 0.985710 0.981702 0.985710 1.000767 0.988787 0.981702 0.988787 0.979888 
3.884044 0.984248 0.985948 0.982233 0.985948 0.998678 0.989550 0.982233 0.989550 0.980206 
3.904759 0.983488 0.987490 0.982485 0.987490 1.000999 0.994583 0.982485 0.994583 0.986350 
3.925473 0.983220 0.990208 0.982506 0.990208 1.002398 0.994271 0.982506 0.994271 0.986155 
3.946188 0.983938 0.993172 0.985150 0.993172 1.004584 0.997165 0.985150 0.997165 0.988911 
3.966903 0.985434 0.994512 0.986988 0.994512 1.005186 0.998657 0.986988 0.998657 0.990323 
3.987618 0.986703 0.996776 0.988561 0.996776 1.009067 1.001575 0.988561 1.001575 0.994304 
4.008333 0.986870 0.999110 0.989899 0.999110 1.008246 1.002993 0.989899 1.002993 0.994202 
4.029048 0.988568 1.002385 0.993644 1.002385 1.010218 1.006574 0.993644 1.006574 0.994697 
4.049763 0.991160 1.003298 0.994810 1.003298 1.010438 1.007668 0.994810 1.007668 0.999626 
4.070478 0.992825 1.005682 0.997696 1.005682 1.014153 1.010254 0.997696 1.010254 1.004140 
4.091193 0.995179 1.007145 1.000129 1.007145 1.011150 1.009648 1.000129 1.009648 1.003664 
4.111907 0.996937 1.008967 1.001965 1.008967 1.010834 1.011529 1.001965 1.011529 1.008318 
4.132622 0.998781 1.010001 1.004410 1.010001 1.010410 1.012196 1.004410 1.012196 1.012592 
4.153337 1.001595 1.010141 1.006657 1.010141 1.010182 1.011453 1.006657 1.011453 1.011569 
4.174052 1.002485 1.010055 1.007754 1.010055 1.008222 1.012778 1.007754 1.012778 1.012721 
4.194767 1.005386 1.011928 1.010502 1.011928 1.005704 1.012750 1.010502 1.012750 1.011193 
4.215482 1.006518 1.011511 1.011323 1.011511 1.005650 1.011015 1.011323 1.011015 1.016174 
4.236197 1.007920 1.010345 1.012213 1.010345 1.002391 1.010683 1.012213 1.010683 1.011647 
4.256912 1.010129 1.010114 1.012092 1.010114 1.005534 1.008730 1.012092 1.008730 1.009671 
4.277627 1.009841 1.008822 1.011660 1.008822 1.003208 1.007212 1.011660 1.007212 1.011298 
4.298342 1.010949 1.009519 1.011832 1.009519 0.999477 1.005936 1.011832 1.005936 1.012102 
4.319057 1.010669 1.006663 1.011110 1.006663 0.999901 1.005858 1.011110 1.005858 1.008534 
4.339772 1.010588 1.006170 1.010769 1.006170 0.997085 1.002371 1.010769 1.002371 1.011647 
4.360487 1.010507 1.005322 1.010081 1.005322 0.995868 1.000814 1.010081 1.000814 1.008217 
4.381201 1.010277 1.003562 1.008840 1.003562 0.994130 1.001993 1.008840 1.001993 1.003389 
4.401916 1.009004 1.002226 1.007292 1.002226 0.994087 1.000734 1.007292 1.000734 1.004087 
4.422631 1.008254 1.000598 1.006093 1.000598 0.992838 0.998472 1.006093 0.998472 1.002474 
4.443346 1.007329 0.999637 1.004150 0.999637 0.991610 0.997517 1.004150 0.997517 1.001803 
4.464061 1.006021 0.997844 1.002797 0.997844 0.995177 0.995132 1.002797 0.995132 0.998786 
4.484776 1.004552 0.996361 1.000671 0.996361 0.992217 0.994683 1.000671 0.994683 0.997288 
4.505491 1.003229 0.994654 0.999619 0.994654 0.992308 0.993428 0.999619 0.993428 0.996016 
4.526206 1.001879 0.994781 0.998547 0.994781 0.993226 0.991703 0.998547 0.991703 0.996571 
4.546920 1.000841 0.994146 0.997580 0.994146 0.992887 0.991922 0.997580 0.991922 0.996248 
4.567635 0.999226 0.993716 0.996331 0.993716 0.994500 0.992217 0.996331 0.992217 0.992178 
4.588350 0.998231 0.993005 0.994894 0.993005 0.995022 0.992092 0.994894 0.992092 0.992166 
4.609065 0.996823 0.993292 0.994331 0.993292 0.995776 0.994206 0.994331 0.994206 0.993641 
4.629780 0.995921 0.993746 0.993867 0.993746 0.997961 0.990945 0.993867 0.990945 0.991723 
4.650495 0.995176 0.993638 0.992937 0.993638 0.997875 0.993304 0.992937 0.993304 0.990928 
4.671210 0.994111 0.992660 0.992504 0.992660 0.999528 0.995195 0.992504 0.995195 0.993041 
4.691925 0.993679 0.993727 0.992802 0.993727 0.999417 0.994899 0.992802 0.994899 0.991230 
4.712640 0.993498 0.994423 0.992412 0.994423 0.998071 0.996466 0.992412 0.996466 0.993189 
4.733355 0.993091 0.996044 0.992812 0.996044 1.000563 0.997552 0.992812 0.997552 0.992270 
4.754069 0.993216 0.995508 0.993463 0.995508 1.003955 0.997216 0.993463 0.997216 0.995117 
4.774784 0.993401 0.996533 0.992992 0.996533 0.999020 0.998484 0.992992 0.998484 0.994320 
4.795499 0.993802 0.997682 0.994712 0.997682 1.004549 1.000993 0.994712 1.000993 0.998364 
4.816214 0.994422 0.998880 0.995162 0.998880 1.003137 1.001105 0.995162 1.001105 0.999262 
4.836929 0.995040 0.999343 0.995717 0.999343 1.002457 1.003355 0.995717 1.003355 0.998112 
4.857644 0.995089 0.999461 0.996512 0.999461 1.003808 1.001140 0.996512 1.001140 1.001128 
4.878359 0.997114 1.001654 0.998528 1.001654 1.007322 1.002846 0.998528 1.002846 1.002833 
4.899074 0.997454 1.002239 0.998460 1.002239 1.003215 1.005604 0.998460 1.005604 1.000806 
4.919789 0.998160 1.002821 0.998997 1.002821 1.004038 1.005226 0.998997 1.005226 1.002109 
4.940504 0.998996 1.003373 1.001176 1.003373 1.004392 1.005698 1.001176 1.005698 1.003452 
4.961218 0.999581 1.003815 1.001354 1.003815 1.005215 1.004337 1.001354 1.004337 1.003637 
4.981933 1.000912 1.003435 1.002735 1.003435 1.003207 1.004699 1.002735 1.004699 1.004675 
5.002648 1.001179 1.003777 1.003035 1.003777 1.000380 1.004801 1.003035 1.004801 1.004739 
5.023363 1.002483 1.004527 1.004099 1.004527 1.000998 1.005414 1.004099 1.005414 1.005351 
5.044078 1.002807 1.004986 1.005192 1.004986 1.003626 1.004709 1.005192 1.004709 1.005868 
5.064793 1.003404 1.004061 1.004462 1.004061 1.003493 1.004243 1.004462 1.004243 1.004410 
5.085508 1.003196 1.004660 1.005174 1.004660 1.000101 1.003880 1.005174 1.003880 1.004419 
5.106223 1.004654 1.004052 1.005437 1.004052 1.002467 1.003961 1.005437 1.003961 1.003151 
5.126938 1.003974 1.003854 1.004838 1.003854 1.001879 1.004038 1.004838 1.004038 1.005492 
5.147653 1.004683 1.002616 1.005332 1.002616 0.999465 1.003344 1.005332 1.003344 1.005835 
5.168367 1.004272 1.002462 1.004227 1.002462 0.997716 1.002177 1.004227 1.002177 1.002890 
5.189082 1.004611 1.001783 1.004270 1.001783 1.000302 1.002115 1.004270 1.002115 1.002699 
5.209797 1.004600 1.001909 1.003150 1.001909 0.997669 0.999955 1.003150 0.999955 1.003813 
5.230512 1.003834 1.000593 1.003455 1.000593 0.998953 1.000590 1.003455 1.000590 1.001575 
5.251227 1.003737 1.000730 1.002139 1.000730 0.998546 0.999372 1.002139 0.999372 1.001024 
5.271942 1.002851 0.999892 1.001880 0.999892 0.997292 0.995962 1.001880 0.995962 1.000848 
5.292657 1.002613 0.998202 1.001217 0.998202 0.997609 0.998257 1.001217 0.998257 1.000124 
5.313372 1.001748 0.999244 1.000635 0.999244 0.997102 0.998143 1.000635 0.998143 0.999717 
5.334087 1.001153 0.997881 1.000036 0.997881 0.996852 0.996618 1.000036 0.996618 0.998061 
5.354802 1.001039 0.998460 0.999278 0.998460 0.998009 0.996851 0.999278 0.996851 0.998551 
5.375516 1.000073 0.997362 0.998939 0.997362 0.998054 0.996068 0.998939 0.996068 0.997629 
5.396231 0.999504 0.998001 0.997933 0.998001 0.997158 0.995511 0.997933 0.995511 0.996546 
5.416946 0.999492 0.997339 0.998076 0.997339 0.997807 0.997001 0.998076 0.997001 0.997430 
5.437661 0.998537 0.996786 0.997603 0.996786 0.997262 0.996191 0.997603 0.996191 0.998175 
5.458376 0.998532 0.997641 0.997227 0.997641 0.997874 0.998317 0.997227 0.998317 0.997372 
5.479091 0.998046 0.996824 0.996629 0.996824 1.000522 0.997744 0.996629 0.997744 0.998136 
5.499806 0.997637 0.996768 0.996796 0.996768 1.000544 0.997646 0.996796 0.997646 0.996314 
5.520521 0.997145 0.997857 0.997543 0.997857 1.000356 0.998157 0.997543 0.998157 0.997111 
5.541236 0.997517 0.998331 0.996211 0.998331 0.999062 0.998776 0.996211 0.998776 0.996701 
5.561951 0.998011 0.998733 0.997093 0.998733 1.001220 0.999090 0.997093 0.999090 0.997445 
5.582665 0.997305 0.997624 0.997233 0.997624 1.000345 0.999437 0.997233 0.999437 0.997606 
5.603380 0.997605 0.998460 0.998420 0.998460 1.000270 0.999810 0.998420 0.999810 0.997193 
5.624095 0.997024 0.999202 0.997577 0.999202 1.001763 0.999510 0.997577 0.999510 0.997033 
5.644810 0.997689 0.999709 0.998353 0.999709 0.999501 1.001102 0.998353 1.001102 0.999996 
5.665525 0.998192 0.999958 0.998592 0.999958 1.001427 1.000828 0.998592 1.000828 0.999541 
5.686240 0.997911 0.999803 0.999025 0.999803 1.002096 1.001469 0.999025 1.001469 0.999179 
5.706955 0.998590 0.999982 0.998959 0.999982 1.002923 1.001067 0.998959 1.001067 1.001062 
5.727670 0.998536 1.000561 0.999508 1.000561 1.002270 1.001747 0.999508 1.001747 1.000176 
5.748384 0.998963 1.000998 0.999640 1.000998 1.003866 1.000994 0.999640 1.000994 1.000824 
5.769099 0.999744 1.000736 1.000466 1.000736 1.001533 1.001431 1.000466 1.001431 1.001517 
5.789814 0.999925 1.002005 1.000052 1.002005 1.003432 1.002737 1.000052 1.002737 1.000988 
5.810529 1.000112 1.002141 1.001025 1.002141 1.001931 1.001131 1.001025 1.001131 1.001856 
5.831244 1.000665 1.001702 1.001265 1.001702 1.001803 1.003702 1.001265 1.003702 1.002640 
5.851959 1.001000 1.001655 1.002533 1.001655 1.000846 1.002582 1.002533 1.002582 1.001864 
5.872674 1.001415 1.002370 1.002152 1.002370 1.003123 1.002374 1.002152 1.002374 1.002903 
5.893389 1.001547 1.001365 1.001655 1.001365 1.001403 1.001713 1.001655 1.001713 1.002137 
5.914104 1.001820 1.001189 1.002242 1.001189 1.000991 1.000609 1.002242 1.000609 1.002826 
5.934819 1.001966 1.001635 1.001990 1.001635 0.999965 1.000124 1.001990 1.000124 1.002982 
5.955534 1.002678 1.001758 1.002448 1.001758 1.001149 1.001307 1.002448 1.001307 1.002994 
5.976249 1.002026 1.001435 1.001960 1.001435 0.999455 1.001853 1.001960 1.001853 1.001834 
5.996964 1.001647 1.000626 1.002017 1.000626 1.000476 1.000604 1.002017 1.000604 1.001614 
6.017678 1.001843 1.000905 1.001943 1.000905 1.000445 1.000968 1.001943 1.000968 1.002722 
6.038393 1.001482 1.000402 1.001466 1.000402 0.997286 1.001896 1.001466 1.001896 1.000804 
6.059108 1.001453 1.000627 1.001006 1.000627 0.999570 0.999540 1.001006 0.999540 1.000986 
6.079823 1.001911 1.000282 1.001219 1.000282 0.999350 0.999404 1.001219 0.999404 1.001521 
6.100538 1.001366 0.999232 1.001287 0.999232 0.999127 0.998809 1.001287 0.998809 1.000854 
6.121253 1.001124 1.000022 1.000316 1.000022 0.997995 0.998886 1.000316 0.998886 1.000621 
6.141968 1.001231 0.999545 1.000693 0.999545 0.998816 1.000310 1.000693 1.000310 0.999004 
6.162683 1.000734 0.999406 0.999262 0.999406 1.000912 0.999337 0.999262 0.999337 0.999263 
6.183398 1.000678 0.999813 1.000336 0.999813 0.999717 0.999363 1.000336 0.999363 0.998662 
6.204113 1.000130 0.999573 0.999314 0.999573 1.000019 0.998347 0.999314 0.998347 1.000491 
6.224827 0.999871 0.998932 0.999168 0.998932 0.998828 0.997975 0.999168 0.997975 1.000186 
6.245542 1.000043 0.998823 0.998599 0.998823 0.999484 0.999399 0.998599 0.999399 0.999565 
6.266257 0.999348 0.999050 0.998519 0.999050 0.997548 0.999666 0.998519 0.999666 0.998420 
6.286972 0.999382 0.998135 0.999051 0.998135 0.999945 0.999215 0.999051 0.999215 0.998895 
6.307687 0.998866 0.998440 0.998581 0.998440 0.999338 0.998717 0.998581 0.998717 0.997012 
6.328402 0.998658 0.998523 0.998684 0.998523 1.000225 0.998728 0.998684 0.998728 0.999773 
6.349117 0.999296 0.999155 0.999076 0.999155 0.998800 1.000201 0.999076 1.000201 0.997920 
6.369832 0.998907 0.999187 0.998057 0.999187 1.001364 0.999174 0.998057 0.999174 0.999626 
6.390547 0.998412 0.998719 0.998480 0.998719 0.999070 0.999742 0.998480 0.999742 0.999261 
6.411262 0.998971 0.999308 0.998787 0.999308 1.000783 0.999982 0.998787 0.999982 0.999408 
6.431976 0.998801 0.999469 0.998991 0.999469 1.000216 1.000359 0.998991 1.000359 0.998907 
6.452691 0.999169 1.000095 0.998532 1.000095 0.999985 1.000372 0.998532 1.000372 1.000535 
6.473406 0.999295 1.000109 0.999253 1.000109 1.000596 1.000448 0.999253 1.000448 1.001340 
6.494121 0.999051 0.999531 0.999122 0.999531 1.001179 0.999676 0.999122 0.999676 0.999271 
6.514836 0.999644 1.000328 0.999302 1.000328 0.999967 1.000750 0.999302 1.000750 1.000326 
6.535551 0.999581 1.000008 0.999453 1.000008 0.998609 1.000858 0.999453 1.000858 0.999885 
6.556266 0.999619 1.000119 1.000253 1.000119 1.001862 1.000990 1.000253 1.000990 0.999368 
6.576981 0.999517 1.000490 1.000321 1.000490 1.002348 1.001630 1.000321 1.001630 0.999404 
6.597695 0.999973 1.000790 1.000385 1.000790 1.000531 1.000362 1.000385 1.000362 1.001577 
6.618410 1.000359 1.000237 1.000722 1.000237 1.000813 1.000646 1.000722 1.000646 1.000395 
6.639125 1.000175 1.000742 1.000202 1.000742 1.002005 1.001687 1.000202 1.001687 1.000864 
6.659840 1.000024 1.000857 1.000906 1.000857 0.999983 1.000194 1.000906 1.000194 0.999881 
6.680555 1.000505 1.000757 1.001142 1.000757 1.001230 1.000390 1.001142 1.000390 1.003045 
6.701270 1.000524 1.000942 1.000467 1.000942 1.000207 1.000461 1.000467 1.000461 1.000801 
6.721985 1.000545 1.000813 1.000915 1.000813 0.999489 1.001412 1.000915 1.001412 1.000400 
6.742700 1.001188 1.000761 1.000970 1.000761 1.001262 1.000594 1.000970 1.000594 1.001768 
6.763415 1.000905 1.000169 1.001141 1.000169 1.001019 0.999436 1.001141 0.999436 1.003767 
6.784130 1.000774 1.000770 1.000761 1.000770 0.999801 1.000821 1.000761 1.000821 1.001694 
6.804844 1.000890 1.001089 1.001230 1.001089 0.999036 1.001040 1.001230 1.001040 1.003228 
6.825559 1.001066 1.000184 1.001026 1.000184 1.000368 1.000472 1.001026 1.000472 1.000596 
6.846274 1.001124 1.000269 1.000401 1.000269 0.999918 1.000875 1.000401 1.000875 0.999572 
6.866989 1.000953 1.000217 1.000904 1.000217 1.000419 0.999897 1.000904 0.999897 1.001891 
6.887704 1.001035 1.000758 1.000653 1.000758 1.000594 0.999946 1.000653 0.999946 1.000356 
6.908419 1.000752 1.000421 1.000539 1.000421 0.998707 0.998627 1.000539 0.998627 0.999227 
6.929134 1.000450 1.000014 1.000227 1.000014 0.999180 1.000243 1.000227 1.000243 0.999610 
6.949849 1.000232 1.000402 0.999875 1.000402 0.999796 0.999348 0.999875 0.999348 1.001959 
6.970564 1.000301 0.999518 1.000199 0.999518 1.001468 0.998927 1.000199 0.998927 0.999889 
6.991279 1.000158 0.999664 1.000490 0.999664 0.998548 0.999294 1.000490 0.999294 0.999212 
7.011993 1.000210 0.999764 0.999519 0.999764 0.998690 0.998835 0.999519 0.998835 1.001084 
7.032708 1.000015 0.999888 0.999681 0.999888 0.999236 0.999055 0.999681 0.999055 0.999523 
7.053423 0.999771 0.999452 0.999409 0.999452 0.999338 0.999748 0.999409 0.999748 1.001368 
7.074138 1.000114 0.999790 0.999744 0.999790 0.999745 0.999802 0.999744 0.999802 1.000483 
7.094853 0.999866 0.999290 0.999556 0.999290 1.000047 0.999181 0.999556 0.999181 0.999640 
7.115568 1.000042 0.999238 0.999116 0.999238 1.000146 1.000240 0.999116 1.000240 0.999287 
7.136283 1.000036 0.999621 0.999882 0.999621 0.999189 1.000445 0.999882 1.000445 1.000796 
7.156998 0.999922 0.999481 0.999108 0.999481 1.001452 0.998839 0.999108 0.998839 0.999972 
7.177713 0.999920 0.999907 0.999783 0.999907 1.000959 0.999252 0.999783 0.999252 0.999847 
7.198428 0.999171 0.999114 0.999741 0.999114 1.000026 0.999657 0.999741 0.999657 0.999734 
7.219142 0.999179 0.999810 0.999667 0.999810 1.000505 1.000346 0.999667 1.000346 0.999479 
7.239857 0.999642 0.999590 0.999141 0.999590 1.000297 1.000544 0.999141 1.000544 0.998906 
7.260572 0.999741 0.999982 0.998880 0.999982 1.000857 0.999801 0.998880 0.999801 0.999039 
7.281287 0.999546 0.999728 0.999460 0.999728 1.000835 0.999582 0.999460 0.999582 0.999548 
7.302002 0.999810 1.000096 0.999639 1.000096 0.999508 0.999827 0.999639 0.999827 1.000415 
7.322717 0.999699 0.999826 0.999411 0.999826 1.002167 1.000323 0.999411 1.000323 0.998698 
7.343432 0.999427 0.999975 0.999668 0.999975 1.002027 0.999007 0.999668 0.999007 1.001077 
7.364147 0.999481 0.999866 0.999570 0.999866 1.002235 1.000276 0.999570 1.000276 1.000144 
7.384862 1.000047 0.999960 0.999857 0.999960 0.999566 0.999830 0.999857 0.999830 1.001109 
7.405577 0.999997 0.999964 1.000566 0.999964 1.001308 1.001005 1.000566 1.001005 0.999514 
7.426291 1.000159 1.000539 1.000699 1.000539 1.001556 1.000151 1.000699 1.000151 0.999573 
7.447006 1.000394 0.999948 0.999924 0.999948 1.001129 1.000411 0.999924 1.000411 0.999945 
7.467721 1.000171 1.000518 1.000217 1.000518 0.999799 1.000547 1.000217 1.000547 0.999855 
7.488436 1.000057 1.000414 1.000183 1.000414 1.000408 1.000606 1.000183 1.000606 1.000037 
7.509151 1.000253 1.000103 1.000997 1.000103 1.000688 1.001291 1.000997 1.001291 1.000889 
7.529866 1.000786 1.000518 1.000463 1.000518 0.999926 1.000755 1.000463 1.000755 1.000641 
7.550581 1.000565 1.000246 1.000393 1.000246 0.999686 1.000464 1.000393 1.000464 1.000650 
7.571296 1.000503 1.000254 1.000741 1.000254 1.001325 1.000724 1.000741 1.000724 1.000632 
7.592011 1.000605 0.999967 1.000423 0.999967 1.000142 1.000059 1.000423 1.000059 1.002115 
7.612726 1.000358 0.999879 1.000357 0.999879 1.001551 1.000242 1.000357 1.000242 1.001120 
7.633440 1.000447 1.000649 1.000652 1.000649 0.999480 0.999611 1.000652 0.999611 1.001247 
7.654155 1.000588 1.000000 1.000293 1.000000 1.000227 1.001147 1.000293 1.001147 0.999142 
7.674870 1.000360 0.999727 0.999870 0.999727 1.000179 1.000726 0.999870 1.000726 1.000549 
7.695585 1.000387 0.999899 1.000500 0.999899 1.000497 0.999802 1.000500 0.999802 0.999883 
7.716300 1.000445 0.999677 1.000816 0.999677 1.000099 0.998761 1.000816 0.998761 0.999723 
7.737015 1.000311 1.000464 1.000271 1.000464 1.000138 0.999745 1.000271 0.999745 1.000223 
7.757730 1.000205 1.000356 1.000353 1.000356 1.000462 1.000257 1.000353 1.000257 0.999371 
7.778445 1.000351 1.000105 1.000613 1.000105 1.000202 1.000134 1.000613 1.000134 0.999904 
7.799160 1.000125 0.999809 1.000190 0.999809 1.000095 0.999804 1.000190 0.999804 1.000741 
7.819875 1.000225 0.999456 1.000260 0.999456 0.998340 1.000222 1.000260 1.000222 1.000929 
7.840590 1.000234 1.000322 0.999653 1.000322 1.000998 0.999204 0.999653 0.999204 0.999835 
7.861304 1.000048 0.999932 1.000066 0.999932 0.999726 1.000077 1.000066 1.000077 1.000787 
7.882019 1.000028 1.000051 0.999820 1.000051 0.999329 0.999944 0.999820 0.999944 0.999650 
7.902734 0.999968 1.000427 0.999573 1.000427 0.999434 0.999377 0.999573 0.999377 1.000091 
7.923449 0.999958 1.000023 0.999993 1.000023 1.000279 0.999532 0.999993 0.999532 1.001824 
7.944164 0.999745 0.999981 0.999741 0.999981 0.999952 1.000576 0.999741 1.000576 1.000560 
7.964879 1.000141 0.999544 0.999235 0.999544 1.000520 1.000268 0.999235 1.000268 0.999561 
7.985594 0.999643 1.000155 0.999917 1.000155 0.999541 0.999836 0.999917 0.999836 0.998191 
8.006309 0.999760 0.999761 0.999802 0.999761 1.000418 1.000176 0.999802 1.000176 1.000242 
8.027024 0.999874 0.999536 0.999699 0.999536 1.000467 1.000016 0.999699 1.000016 1.000022 
8.047739 0.999970 0.999654 0.999513 0.999654 1.000993 0.999470 0.999513 0.999470 0.999883 
8.068453 0.999838 0.999918 0.999794 0.999918 1.000286 1.000131 0.999794 1.000131 1.000042 
8.089168 1.000114 1.000138 0.999449 1.000138 0.999218 1.000264 0.999449 1.000264 1.000645 
8.109883 0.999821 0.999933 0.999576 0.999933 0.999933 1.000297 0.999576 1.000297 1.000230 
8.130598 0.999931 1.000182 0.999653 1.000182 1.000299 1.000620 0.999653 1.000620 1.000076 
8.151313 1.000027 0.999935 0.999820 0.999935 0.999257 1.000340 0.999820 1.000340 1.000581 
8.172028 0.999880 1.000085 0.999550 1.000085 0.999493 1.000167 0.999550 1.000167 1.000468 
8.192743 1.000115 0.999931 0.999999 0.999931 1.000150 0.999813 0.999999 0.999813 1.000193 
8.213458 0.999747 1.000214 1.000072 1.000214 0.999991 1.000544 1.000072 1.000544 1.001456 
8.234172 1.000068 0.999975 0.999365 0.999975 0.999868 1.000849 0.999365 1.000849 0.999980 
8.254887 1.000067 0.999942 1.000392 0.999942 0.999357 1.001023 1.000392 1.001023 0.999725 
8.275602 1.000200 1.000338 0.999915 1.000338 1.001260 1.000370 0.999915 1.000370 0.999753 
8.296318 1.000282 1.000334 1.000159 1.000334 1.001580 0.999681 1.000159 0.999681 1.000983 
8.317032 1.000139 1.000289 0.999866 1.000289 1.000003 1.000751 0.999866 1.000751 0.999561 
8.337747 1.000206 0.999571 1.000231 0.999571 1.000736 1.000325 1.000231 1.000325 0.999643 
8.358462 1.000473 1.000059 1.000195 1.000059 0.999894 1.000146 1.000195 1.000146 1.001828 
8.379177 1.000319 1.000337 1.000471 1.000337 0.999807 0.999668 1.000471 0.999668 1.000897 
8.399891 1.000482 1.000049 1.000841 1.000049 1.001228 1.000419 1.000841 1.000419 1.000431 
8.420607 0.999838 1.000303 1.000081 1.000303 1.001073 1.000362 1.000081 1.000362 1.000383 
8.441322 1.000170 1.000152 1.000094 1.000152 1.000812 0.999997 1.000094 0.999997 1.000454 
8.462037 1.000177 0.999620 0.999944 0.999620 0.999522 0.998683 0.999944 0.998683 1.001309 
8.482751 1.000262 1.000261 1.000089 1.000261 1.000080 1.000280 1.000089 1.000280 1.000328 
8.503466 1.000491 0.999753 1.000291 0.999753 1.000644 1.000048 1.000291 1.000048 0.999508 
8.524181 1.000189 1.000256 0.999975 1.000256 0.998643 0.999516 0.999975 0.999516 1.000787 
8.544896 1.000507 1.000092 1.000403 1.000092 0.999536 1.000022 1.000403 1.000022 1.000091 
8.565611 1.000427 0.999828 1.000170 0.999828 0.999930 0.999942 1.000170 0.999942 1.000456 
8.586326 1.000526 0.999750 1.000196 0.999750 1.000602 1.000904 1.000196 1.000904 1.000861 
8.607041 1.000419 1.000115 1.000274 1.000115 0.998951 1.000085 1.000274 1.000085 1.000329 
8.627756 1.000378 0.999963 1.000600 0.999963 1.000291 1.000832 1.000600 1.000832 1.001847 
8.648470 0.999971 1.000060 0.999968 1.000060 1.001934 1.000294 0.999968 1.000294 1.000182 
8.669185 0.999967 0.999722 1.000116 0.999722 1.001305 1.000092 1.000116 1.000092 1.000623 
8.689900 1.000042 0.999964 1.000259 0.999964 0.999714 1.000548 1.000259 1.000548 0.999380 
8.710616 1.000520 0.999941 1.000098 0.999941 0.999927 1.000192 1.000098 1.000192 1.000814 
8.731330 0.999976 1.000082 0.999962 1.000082 1.000587 0.999881 0.999962 0.999881 1.000238 
8.752045 0.999788 1.000001 1.000075 1.000001 1.000725 1.000092 1.000075 1.000092 1.001040 
8.772760 1.000002 0.999326 1.000352 0.999326 1.000809 1.000394 1.000352 1.000394 1.000206 
8.793475 0.999687 1.000124 0.999489 1.000124 0.999445 0.999604 0.999489 0.999604 0.999796 
8.814189 0.999771 1.000409 0.999269 1.000409 0.999831 1.000003 0.999269 1.000003 1.000668 
8.834905 1.000130 0.999602 0.999298 0.999602 1.000372 1.001008 0.999298 1.001008 0.998783 
8.855620 0.999975 0.999765 0.999996 0.999765 0.999345 0.999900 0.999996 0.999900 0.998429 
8.876335 1.000132 0.999874 0.999978 0.999874 1.000924 0.999885 0.999978 0.999885 0.998481 
8.897049 0.999922 0.999920 1.000237 0.999920 0.998424 0.999767 1.000237 0.999767 0.999121 
8.917764 0.999892 1.000111 0.999510 1.000111 0.999298 1.000429 0.999510 1.000429 0.999889 
8.938479 0.999945 0.999558 0.999993 0.999558 1.001445 1.000119 0.999993 1.000119 0.999760 
8.959194 0.999863 0.999874 0.999732 0.999874 1.001007 1.000113 0.999732 1.000113 0.999390 
8.979909 0.999877 1.000168 0.999943 1.000168 1.000617 1.000377 0.999943 1.000377 0.999952 
9.000624 0.999793 0.999476 1.000166 0.999476 0.999673 0.999782 1.000166 0.999782 1.000567 
9.021339 1.000069 1.000296 0.999764 1.000296 0.999959 0.999870 0.999764 0.999870 1.000957 
9.042054 1.000244 1.000346 1.000176 1.000346 0.999936 1.000048 1.000176 1.000048 1.000927 
9.062768 1.000336 1.000299 1.000166 1.000299 1.001816 1.000259 1.000166 1.000259 0.999734 
9.083483 1.000098 1.000060 0.999867 1.000060 0.999254 1.000053 0.999867 1.000053 1.000633 
9.104198 1.000301 1.000030 1.000160 1.000030 1.000279 1.000713 1.000160 1.000713 1.000349 
9.124913 1.000060 1.000269 1.000103 1.000269 1.001295 0.999244 1.000103 0.999244 0.999910 
9.145628 0.999943 1.000246 1.000067 1.000246 0.999748 0.999775 1.000067 0.999775 1.000787 
9.166343 1.000258 1.000148 1.000189 1.000148 0.999660 1.000452 1.000189 1.000452 1.000679 
9.187058 1.000243 1.000150 1.000156 1.000150 1.001264 0.999658 1.000156 0.999658 1.000890 
9.207773 0.999988 1.000134 1.000260 1.000134 1.001057 1.000179 1.000260 1.000179 0.999442 
9.228487 1.000263 1.000142 1.000170 1.000142 1.001105 1.000441 1.000170 1.000441 1.000986 
9.249202 0.999844 1.000184 1.000105 1.000184 0.999623 0.999320 1.000105 0.999320 1.001268 
9.269917 1.000185 1.000018 1.000372 1.000018 1.000445 1.000378 1.000372 1.000378 1.000464 
9.290633 1.000319 1.000124 1.000008 1.000124 1.001447 1.000715 1.000008 1.000715 0.999864 
9.311347 1.000471 1.000216 1.000362 1.000216 0.999182 0.999737 1.000362 0.999737 1.000118 
9.332062 1.000267 0.999474 1.000173 0.999474 1.000708 1.000115 1.000173 1.000115 0.999813 
9.352777 1.000257 0.999781 1.000054 0.999781 0.999363 1.000219 1.000054 1.000219 1.000994 
9.373492 1.000212 0.999916 1.000246 0.999916 1.001123 0.999181 1.000246 0.999181 0.999612 
9.394207 1.000234 0.999680 1.000049 0.999680 1.000671 0.999996 1.000049 0.999996 1.000668 
9.414922 1.000255 1.000112 1.000154 1.000112 1.000443 1.000612 1.000154 1.000612 1.000019 
9.435637 1.000247 0.999784 0.999973 0.999784 0.999819 1.000990 0.999973 1.000990 1.000706 
9.456352 1.000074 0.999760 0.999869 0.999760 1.000138 0.999722 0.999869 0.999722 0.999690 
9.477067 1.000459 0.999979 0.999838 0.999979 1.000246 1.000552 0.999838 1.000552 1.000319 
9.497781 1.000048 0.999835 0.999945 0.999835 0.999093 0.999904 0.999945 0.999904 1.000377 
9.518496 1.000370 0.999785 1.000251 0.999785 0.999440 1.000096 1.000251 1.000096 1.000694 
9.539211 1.000538 1.000115 1.000086 1.000115 1.001015 0.999975 1.000086 0.999975 1.000358 
9.559927 1.000151 1.000322 1.000295 1.000322 1.002237 1.000161 1.000295 1.000161 1.000193 
9.580641 0.999871 1.000161 1.000000 1.000161 1.000046 1.001122 1.000000 1.001122 0.999881 
9.601356 0.999885 0.999940 1.000219 0.999940 1.000260 0.999810 1.000219 0.999810 1.000588 
9.622071 0.999919 0.999766 0.999914 0.999766 0.999773 1.000396 0.999914 1.000396 0.999472 
9.642786 1.000127 1.000044 0.999771 1.000044 1.000581 1.000069 0.999771 1.000069 0.999826 
9.663500 0.999789 0.999831 1.000079 0.999831 0.999835 0.999817 1.000079 0.999817 1.000586 
9.684216 0.999883 0.999903 0.999493 0.999903 0.999726 0.999630 0.999493 0.999630 1.000978 
9.704931 0.999838 0.999838 0.999722 0.999838 0.998526 1.000120 0.999722 1.000120 1.000215 
9.725646 0.999894 0.999932 1.000002 0.999932 0.999916 0.999708 1.000002 0.999708 0.999314 
9.746360 0.999939 0.999921 0.999676 0.999921 0.999064 1.000311 0.999676 1.000311 1.000705 
9.767075 1.000088 1.000396 0.999920 1.000396 0.999604 1.000075 0.999920 1.000075 1.000224 
9.787790 1.000134 0.999821 0.999657 0.999821 0.999930 0.999092 0.999657 0.999092 1.000393 
9.808505 1.000025 1.000167 0.999896 1.000167 1.001639 0.999645 0.999896 0.999645 1.000824 
9.829220 0.999801 0.999889 1.000177 0.999889 1.000174 1.000644 1.000177 1.000644 0.999708 
9.849935 1.000330 0.999923 1.000145 0.999923 1.000307 0.999639 1.000145 0.999639 1.000816 
9.870650 1.000060 1.000083 0.999964 1.000083 1.000589 1.000830 0.999964 1.000830 1.000340 
9.891365 1.000160 1.000357 0.999790 1.000357 1.000284 1.000037 0.999790 1.000037 1.000136 
9.912079 1.000103 0.999980 1.000395 0.999980 1.001287 0.999512 1.000395 0.999512 1.000768 
9.932794 1.000226 1.000118 1.000029 1.000118 0.999914 1.000433 1.000029 1.000433 1.001289 
9.953509 1.000030 1.000061 1.000027 1.000061 0.999252 1.001128 1.000027 1.001128 1.000686 
9.974224 0.999994 0.999842 1.000514 0.999842 1.000014 1.000415 1.000514 1.000415 0.999875 
9.994939 1.000407 1.000147 0.999578 1.000147 1.000060 1.000249 0.999578 1.000249 1.000770 
10.015654 0.999863 0.999642 1.000269 0.999642 1.000210 0.999737 1.000269 0.999737 1.000074 
10.036369 1.000415 1.000392 0.999980 1.000392 1.000649 1.000300 0.999980 1.000300 0.999826 
10.057084 1.000391 1.000037 0.999988 1.000037 0.999423 1.000332 0.999988 1.000332 1.000454 
10.077798 1.000428 1.000116 1.000417 1.000116 1.000650 1.000844 1.000417 1.000844 1.000205 
10.098513 1.000222 1.000065 1.000157 1.000065 1.000598 1.000110 1.000157 1.000110 1.000921 
10.119228 1.000148 1.000103 0.999640 1.000103 1.000987 1.000405 0.999640 1.000405 1.000580 
10.139944 0.999901 1.000116 1.000165 1.000116 0.999948 0.999427 1.000165 0.999427 1.000984 
10.160658 1.000092 1.000194 1.000333 1.000194 1.000391 1.000317 1.000333 1.000317 0.998693 
10.181373 1.000217 1.000334 0.999902 1.000334 0.999813 0.999543 0.999902 0.999543 0.999988 
10.202088 1.000384 0.999831 1.000051 0.999831 1.000870 0.999814 1.000051 0.999814 1.000206 
10.222803 1.000171 1.000387 1.000095 1.000387 1.000000 0.999982 1.000095 0.999982 0.999153 
10.243518 1.000153 1.000031 0.999989 1.000031 1.000259 1.000465 0.999989 1.000465 0.999460 
10.264233 1.000367 1.000015 1.000269 1.000015 1.000411 1.000094 1.000269 1.000094 0.999557 
10.284948 0.999972 0.999942 0.999886 0.999942 1.000015 0.999011 0.999886 0.999011 1.000486 
10.305663 1.000076 0.999910 1.000065 0.999910 1.000076 1.000161 1.000065 1.000161 1.000629 
10.326377 1.000106 0.999870 1.000280 0.999870 1.000540 1.000629 1.000280 1.000629 0.999808 
10.347092 1.000044 0.999580 1.000306 0.999580 1.000015 1.000374 1.000306 1.000374 0.999653 
10.367807 0.997324 0.996815 0.996703 0.996815 0.997101 0.997268 0.996703 0.997268 0.997009 
10.388522 0.990916 0.990971 0.991153 0.990971 0.991600 0.991440 0.991153 0.991440 0.990717 
10.409237 0.985118 0.984829 0.985048 0.984829 0.984729 0.985027 0.985048 0.985027 0.986106 
10.429952 0.979304 0.978994 0.979247 0.978994 0.979705 0.979085 0.979247 0.979085 0.978120 
10.450667 0.972960 0.973238 0.972859 0.973238 0.972956 0.973731 0.972859 0.973731 0.973590 
10.471382 0.967578 0.967489 0.967178 0.967489 0.967390 0.966866 0.967178 0.966866 0.967835 
10.492096 0.961580 0.961419 0.961793 0.961419 0.961888 0.962058 0.961793 0.962058 0.962257 
10.512811 0.955704 0.955514 0.955803 0.955514 0.955216 0.955168 0.955803 0.955168 0.956031 
10.533526 0.949966 0.949856 0.949852 0.949856 0.950118 0.949772 0.949852 0.949772 0.949652 
10.554242 0.944115 0.943810 0.943763 0.943810 0.944106 0.944605 0.943763 0.944605 0.944009 
10.574956 0.938519 0.938342 0.938363 0.938342 0.939211 0.937653 0.938363 0.937653 0.937786 
10.595671 0.932458 0.932761 0.932370 0.932761 0.933607 0.932630 0.932370 0.932630 0.933083 
10.616386 0.926621 0.927062 0.926913 0.927062 0.926778 0.927375 0.926913 0.927375 0.926825 
10.637101 0.921176 0.921097 0.921239 0.921097 0.921019 0.921010 0.921239 0.921010 0.921266 
10.657815 0.915548 0.915596 0.915450 0.915596 0.916687 0.915447 0.915450 0.915447 0.915684 
10.678531 0.910014 0.909915 0.910002 0.909915 0.909338 0.910001 0.910002 0.910001 0.909678 
10.699246 0.904175 0.904068 0.904520 0.904068 0.904868 0.904322 0.904520 0.904322 0.904104 
10.719961 0.898705 0.898352 0.898598 0.898352 0.898557 0.898772 0.898598 0.898772 0.899070 
10.740675 0.893144 0.893184 0.893153 0.893184 0.892891 0.893571 0.893153 0.893571 0.893252 
10.761390 0.887319 0.887680 0.887430 0.887680 0.887705 0.887353 0.887430 0.887353 0.887125 
10.782105 0.881948 0.881734 0.882238 0.881734 0.881969 0.882418 0.882238 0.882418 0.882817 
10.802820 0.876408 0.876329 0.876455 0.876329 0.876454 0.876036 0.876455 0.876036 0.876836 
10.823535 0.870959 0.870628 0.870760 0.870628 0.871669 0.870938 0.870760 0.870938 0.869798 
10.844250 0.865502 0.865386 0.865341 0.865386 0.864653 0.865681 0.865341 0.865681 0.865131 
10.864965 0.859893 0.860042 0.859940 0.860042 0.860709 0.860039 0.859940 0.860039 0.859654 
10.885680 0.854593 0.854270 0.854394 0.854270 0.854327 0.854620 0.854394 0.854620 0.854654 
10.906394 0.849163 0.849324 0.848901 0.849324 0.849127 0.848993 0.848901 0.848993 0.850276 
10.927109 0.843839 0.843780 0.843732 0.843780 0.844239 0.843450 0.843732 0.843450 0.843263 
10.947824 0.838453 0.838240 0.838427 0.838240 0.837947 0.838229 0.838427 0.838229 0.838473 
10.968539 0.833103 0.832481 0.832959 0.832481 0.833091 0.832628 0.832959 0.832628 0.833482 
10.989254 0.827448 0.827721 0.827725 0.827721 0.827826 0.827525 0.827725 0.827525 0.827063 
11.009969 0.822504 0.822367 0.822183 0.822367 0.822682 0.822514 0.822183 0.822514 0.822912 
11.030684 0.817015 0.816878 0.816928 0.816878 0.817123 0.816977 0.816928 0.816977 0.817242 
11.051399 0.811655 0.811498 0.811657 0.811498 0.811421 0.812084 0.811657 0.812084 0.810870 
11.072114 0.806312 0.806534 0.806310 0.806534 0.806162 0.806609 0.806310 0.806609 0.806686 
11.092829 0.801174 0.801098 0.800957 0.801098 0.800597 0.801355 0.800957 0.801355 0.801326 
11.113544 0.796188 0.795699 0.795928 0.795699 0.795840 0.795929 0.795928 0.795929 0.795859 
11.134259 0.790740 0.790640 0.790750 0.790640 0.790300 0.791053 0.790750 0.791053 0.790789 
11.154974 0.785793 0.785028 0.785337 0.785028 0.785973 0.785566 0.785337 0.785566 0.785170 
11.175688 0.780584 0.780320 0.780467 0.780320 0.780017 0.780396 0.780467 0.780396 0.779953 
11.196403 0.775079 0.775080 0.774976 0.775080 0.775888 0.775686 0.774976 0.775686 0.775590 
11.217118 0.770111 0.769818 0.769980 0.769818 0.770838 0.770168 0.769980 0.770168 0.771244 
11.237833 0.765114 0.764937 0.764761 0.764937 0.765155 0.764622 0.764761 0.764622 0.765152 
11.258548 0.759924 0.760130 0.759967 0.760130 0.760068 0.760274 0.759967 0.760274 0.760391 
11.279263 0.754845 0.755294 0.754841 0.755294 0.754366 0.755294 0.754841 0.755294 0.755517 
11.299978 0.749714 0.749746 0.750039 0.749746 0.749793 0.749639 0.750039 0.749639 0.750145 
11.320693 0.744864 0.744382 0.744715 0.744382 0.745321 0.745306 0.744715 0.745306 0.745191 
11.341407 0.739610 0.739788 0.739385 0.739788 0.738771 0.740094 0.739385 0.740094 0.740308 
11.362122 0.734928 0.734664 0.734501 0.734664 0.735416 0.734878 0.734501 0.734878 0.734915 
11.382837 0.729637 0.729801 0.729932 0.729801 0.729973 0.730039 0.729932 0.730039 0.729201 
11.403553 0.725020 0.724925 0.724791 0.724925 0.724539 0.724716 0.724791 0.724716 0.724583 
11.424267 0.719902 0.720010 0.720096 0.720010 0.719567 0.719753 0.720096 0.719753 0.719453 
11.444982 0.715047 0.714782 0.714750 0.714782 0.715052 0.714783 0.714750 0.714783 0.715762 
11.465697 0.710006 0.710028 0.710056 0.710028 0.710716 0.709987 0.710056 0.709987 0.710352 
11.486412 0.705281 0.705158 0.705335 0.705158 0.704944 0.705768 0.705335 0.705768 0.705145 
11.507126 0.700370 0.700239 0.700376 0.700239 0.700069 0.700294 0.700376 0.700294 0.700448 
11.527842 0.695498 0.695441 0.695725 0.695441 0.695436 0.695591 0.695725 0.695591 0.695764 
11.548557 0.690800 0.690609 0.690845 0.690609 0.691171 0.690877 0.690845 0.690877 0.690248 
11.569272 0.685814 0.685833 0.685842 0.685833 0.685650 0.685908 0.685842 0.685908 0.685789 
11.589986 0.681182 0.680646 0.680761 0.680646 0.680452 0.680991 0.680761 0.680991 0.681181 
11.610701 0.676305 0.676207 0.676103 0.676207 0.676855 0.675924 0.676103 0.675924 0.676849 
11.631416 0.671481 0.671682 0.671623 0.671682 0.671648 0.671185 0.671623 0.671185 0.671974 
11.652131 0.666728 0.666417 0.666627 0.666417 0.666504 0.666657 0.666627 0.666657 0.667351 
11.672846 0.661983 0.661847 0.661624 0.661847 0.661441 0.661869 0.661624 0.661869 0.661971 
11.693561 0.657390 0.657145 0.657203 0.657145 0.657879 0.657991 0.657203 0.657991 0.657241 
11.714276 0.652700 0.652766 0.652426 0.652766 0.652460 0.653023 0.652426 0.653023 0.652348 
11.734991 0.647908 0.648185 0.647686 0.648185 0.647805 0.648019 0.647686 0.648019 0.648311 
11.755705 0.643047 0.643224 0.643400 0.643224 0.642913 0.643386 0.643400 0.643386 0.643971 
11.776420 0.638629 0.638662 0.638455 0.638662 0.638282 0.638865 0.638455 0.638865 0.638948 
11.797135 0.633967 0.634105 0.633865 0.634105 0.634457 0.633595 0.633865 0.633595 0.634372 
11.817850 0.629477 0.629213 0.629481 0.629213 0.629217 0.629010 0.629481 0.629010 0.629040 
11.838565 0.624666 0.624881 0.624829 0.624881 0.624388 0.624685 0.624829 0.624685 0.624328 
11.859280 0.620187 0.620151 0.620010 0.620151 0.619973 0.619635 0.620010 0.619635 0.620595 
11.879995 0.615579 0.615470 0.615538 0.615470 0.616181 0.615422 0.615538 0.615422 0.615958 
11.900710 0.611124 0.610990 0.611023 0.610990 0.611601 0.610894 0.611023 0.610894 0.611251 
11.921424 0.606449 0.606242 0.606503 0.606242 0.606999 0.606702 0.606503 0.606702 0.606440 
11.942140 0.601808 0.601801 0.602022 0.601801 0.602032 0.601764 0.602022 0.601764 0.601717 
11.962855 0.597286 0.597444 0.597332 0.597444 0.597151 0.597479 0.597332 0.597479 0.597922 
11.983570 0.593044 0.592941 0.592698 0.592941 0.593690 0.593137 0.592698 0.593137 0.592121 
12.004284 0.588564 0.588623 0.588511 0.588623 0.588556 0.588342 0.588511 0.588342 0.588458 
12.024999 0.584157 0.583906 0.583991 0.583906 0.584235 0.583869 0.583991 0.583869 0.584018 
12.045714 0.579624 0.579580 0.579616 0.579580 0.579752 0.579183 0.579616 0.579183 0.580124 
12.066429 0.575191 0.574914 0.575192 0.574914 0.574874 0.575074 0.575192 0.575074 0.574777 
12.087144 0.570700 0.570674 0.570332 0.570674 0.570748 0.570625 0.570332 0.570625 0.570858 
12.107859 0.566311 0.566428 0.566159 0.566428 0.566137 0.565915 0.566159 0.565915 0.566337 
12.128574 0.561843 0.561763 0.562120 0.561763 0.562318 0.562064 0.562120 0.562064 0.561517 
12.149289 0.557802 0.557529 0.557380 0.557529 0.558037 0.558052 0.557380 0.558052 0.558258 
12.170003 0.553171 0.553157 0.553287 0.553157 0.553323 0.553141 0.553287 0.553141 0.553283 
12.190718 0.548906 0.548648 0.548890 0.548648 0.549056 0.548799 0.548890 0.548799 0.548978 
12.211433 0.544430 0.544436 0.544516 0.544436 0.544695 0.544343 0.544516 0.544343 0.545119 
12.232148 0.540269 0.540432 0.540166 0.540432 0.540748 0.540513 0.540166 0.540513 0.540317 
12.252863 0.535834 0.536033 0.536249 0.536033 0.536134 0.536171 0.536249 0.536171 0.536553 
12.273578 0.531685 0.531290 0.531801 0.531290 0.531028 0.531923 0.531801 0.531923 0.532482 
12.294293 0.527521 0.527357 0.527548 0.527357 0.527453 0.527678 0.527548 0.527678 0.527274 
12.315008 0.523215 0.523180 0.523180 0.523180 0.523315 0.523367 0.523180 0.523367 0.522898 
12.335722 0.518960 0.518994 0.518906 0.518994 0.518497 0.519352 0.518906 0.519352 0.518946 
12.356437 0.514776 0.514689 0.514554 0.514689 0.514795 0.514523 0.514554 0.514523 0.514619 
12.377152 0.510452 0.510459 0.510402 0.510459 0.510534 0.510445 0.510402 0.510445 0.510528 
12.397868 0.506469 0.506313 0.506220 0.506313 0.506771 0.506735 0.506220 0.506735 0.506517 
12.418582 0.502238 0.502110 0.502238 0.502110 0.502093 0.501971 0.502238 0.501971 0.502235 
12.439297 0.498066 0.497975 0.497958 0.497975 0.497925 0.497925 0.497958 0.497925 0.498385 
12.460012 0.493877 0.493592 0.493743 0.493592 0.494133 0.494415 0.493743 0.494415 0.493673 
12.480727 0.489669 0.489617 0.489511 0.489617 0.489100 0.489387 0.489511 0.489387 0.489689 
12.501441 0.485749 0.485522 0.485582 0.485522 0.485632 0.485247 0.485582 0.485247 0.485687 
12.522157 0.481363 0.481395 0.481521 0.481395 0.481841 0.481510 0.481521 0.481510 0.480922 
12.542872 0.477285 0.477226 0.477186 0.477226 0.477301 0.477888 0.477186 0.477888 0.477175 
12.563587 0.473262 0.473317 0.473281 0.473317 0.473827 0.473587 0.473281 0.473587 0.472790 
12.584301 0.469310 0.468907 0.469123 0.468907 0.469115 0.469397 0.469123 0.469397 0.469039 
12.605016 0.465261 0.465106 0.465003 0.465106 0.465204 0.465188 0.465003 0.465188 0.465678 
12.625731 0.461091 0.461040 0.461094 0.461040 0.460953 0.461420 0.461094 0.461420 0.460468 
12.646446 0.456927 0.457042 0.456993 0.457042 0.456806 0.456856 0.456993 0.456856 0.457196 
12.667161 0.453004 0.453059 0.453093 0.453059 0.453507 0.453056 0.453093 0.453056 0.453479 
12.687876 0.448972 0.449125 0.448847 0.449125 0.448847 0.448664 0.448847 0.448664 0.449250 
12.708591 0.445037 0.444826 0.445047 0.444826 0.444970 0.444878 0.445047 0.444878 0.445668 
12.729306 0.441119 0.440644 0.441028 0.440644 0.441582 0.441178 0.441028 0.441178 0.441193 
12.750021 0.437088 0.437013 0.437048 0.437013 0.437567 0.437291 0.437048 0.437291 0.436798 
12.770735 0.433137 0.433254 0.433058 0.433254 0.433333 0.432693 0.433058 0.432693 0.433277 
12.791451 0.429259 0.429443 0.429206 0.429443 0.429372 0.429217 0.429206 0.429217 0.429305 
12.812166 0.425136 0.425312 0.425111 0.425312 0.425203 0.425361 0.425111 0.425361 0.425124 
12.832880 0.421389 0.421383 0.421346 0.421383 0.421551 0.420863 0.421346 0.420863 0.421626 
12.853595 0.417508 0.417496 0.417520 0.417496 0.417475 0.417560 0.417520 0.417560 0.417351 
12.874310 0.413466 0.413424 0.413458 0.413424 0.413475 0.413185 0.413458 0.413185 0.414408 
12.895025 0.409787 0.409606 0.409712 0.409606 0.408869 0.409484 0.409712 0.409484 0.409926 
12.915740 0.405726 0.405990 0.405726 0.405990 0.406459 0.406147 0.405726 0.406147 0.405728 
12.936455 0.401931 0.401842 0.401949 0.401842 0.401906 0.401945 0.401949 0.401945 0.402219 
12.957170 0.398043 0.397918 0.398085 0.397918 0.398455 0.397773 0.398085 0.397773 0.398329 
12.977885 0.394240 0.394165 0.394195 0.394165 0.394144 0.394222 0.394195 0.394222 0.394700 
12.998600 0.390481 0.390410 0.390502 0.390410 0.390249 0.390668 0.390502 0.390668 0.391125 
13.019314 0.386654 0.386795 0.386463 0.386795 0.386223 0.387018 0.386463 0.387018 0.386279 
13.040029 0.382888 0.382821 0.383003 0.382821 0.382786 0.382514 0.383003 0.382514 0.382618 
13.060744 0.379035 0.379233 0.379000 0.379233 0.378984 0.379079 0.379000 0.379079 0.378707 
13.081459 0.375325 0.375354 0.375124 0.375354 0.375194 0.375415 0.375124 0.375415 0.375359 
13.102174 0.371669 0.371711 0.371528 0.371711 0.371730 0.371464 0.371528 0.371464 0.371919 
13.122889 0.367803 0.367877 0.367855 0.367877 0.367500 0.368192 0.367855 0.368192 0.367876 
13.143604 0.364155 0.364208 0.364057 0.364208 0.363957 0.364239 0.364057 0.364239 0.364053 
13.164319 0.360337 0.360309 0.360349 0.360309 0.360023 0.360412 0.360349 0.360412 0.360928 
13.185033 0.356733 0.356424 0.356741 0.356424 0.356483 0.356502 0.356741 0.356502 0.356302 
13.205748 0.353048 0.353070 0.353102 0.353070 0.353081 0.353201 0.353102 0.353201 0.352939 
13.226463 0.349344 0.349252 0.349283 0.349252 0.349366 0.349235 0.349283 0.349235 0.349557 
13.247179 0.345578 0.345474 0.345712 0.345474 0.345731 0.345498 0.345712 0.345498 0.345714 
13.267893 0.341939 0.341791 0.341879 0.341791 0.342335 0.341651 0.341879 0.341651 0.342195 
13.288608 0.338354 0.338399 0.338174 0.338399 0.338406 0.338172 0.338174 0.338172 0.338195 
13.309323 0.334620 0.334674 0.334695 0.334674 0.334881 0.334866 0.334695 0.334866 0.334532 
13.330038 0.331071 0.331021 0.330854 0.331021 0.330700 0.331297 0.330854 0.331297 0.331310 
13.350752 0.327472 0.327420 0.327447 0.327420 0.327420 0.327402 0.327447 0.327402 0.327635 
13.371468 0.323794 0.323736 0.323779 0.323736 0.323729 0.323719 0.323779 0.323719 0.323551 
13.392183 0.320252 0.320170 0.320306 0.320170 0.320639 0.320043 0.320306 0.320043 0.320716 
13.412898 0.316608 0.316559 0.316619 0.316559 0.316655 0.316500 0.316619 0.316500 0.316453 
13.433612 0.313157 0.312977 0.313144 0.312977 0.313809 0.312854 0.313144 0.312854 0.313093 
13.454327 0.309520 0.309569 0.309472 0.309569 0.309856 0.309450 0.309472 0.309450 0.309013 
13.475042 0.305917 0.305883 0.305966 0.305883 0.306306 0.305736 0.305966 0.305736 0.305693 
13.495757 0.302472 0.302198 0.302472 0.302198 0.302399 0.302967 0.302472 0.302967 0.302412 
13.516472 0.298736 0.298817 0.298799 0.298817 0.299120 0.298640 0.298799 0.298640 0.298690 
13.537187 0.295425 0.295173 0.295308 0.295173 0.295547 0.295784 0.295308 0.295784 0.295155 
13.557902 0.291881 0.291830 0.291886 0.291830 0.292354 0.291937 0.291886 0.291937 0.292229 
13.578617 0.288409 0.288367 0.288173 0.288367 0.288498 0.288442 0.288173 0.288442 0.288441 
13.599331 0.284817 0.284785 0.284817 0.284785 0.285407 0.284885 0.284817 0.284885 0.285128 
13.620046 0.281392 0.281467 0.281343 0.281467 0.281255 0.281668 0.281343 0.281668 0.281421 
13.640761 0.278015 0.277869 0.277880 0.277869 0.277683 0.278001 0.277880 0.278001 0.278256 
13.661477 0.274517 0.274447 0.274564 0.274447 0.274347 0.274525 0.274564 0.274525 0.274356 
13.682191 0.270950 0.271009 0.270926 0.271009 0.271233 0.270788 0.270926 0.270788 0.271144 
13.702906 0.267535 0.267580 0.267510 0.267580 0.267352 0.267547 0.267510 0.267547 0.267632 
13.723621 0.264155 0.264048 0.264102 0.264048 0.264471 0.264195 0.264102 0.264195 0.264417 
13.744336 0.260815 0.260770 0.260733 0.260770 0.260930 0.260572 0.260733 0.260572 0.260764 
13.765050 0.257321 0.257300 0.257450 0.257300 0.257386 0.257287 0.257450 0.257287 0.257021 
13.785766 0.253882 0.254125 0.253986 0.254125 0.254183 0.254059 0.253986 0.254059 0.253646 
13.806481 0.250666 0.250536 0.250602 0.250536 0.250215 0.250410 0.250602 0.250410 0.250642 
13.827196 0.247156 0.247115 0.247272 0.247115 0.246992 0.247065 0.247272 0.247065 0.247006 
13.847910 0.243885 0.243893 0.243800 0.243893 0.243919 0.243697 0.243800 0.243697 0.244274 
13.868625 0.240500 0.240454 0.240445 0.240454 0.240275 0.240558 0.240445 0.240558 0.240717 
13.889340 0.237177 0.237179 0.237250 0.237179 0.237216 0.237217 0.237250 0.237217 0.237383 
13.910055 0.233899 0.233872 0.233964 0.233872 0.234226 0.234019 0.233964 0.234019 0.233715 
13.930770 0.230419 0.230341 0.230484 0.230341 0.230405 0.230705 0.230484 0.230705 0.230331 
13.951485 0.227187 0.227204 0.227175 0.227204 0.227434 0.227053 0.227175 0.227053 0.226929 
13.972200 0.223890 0.223896 0.223846 0.223896 0.224265 0.223803 0.223846 0.223803 0.224141 
13.992915 0.220656 0.220605 0.220614 0.220605 0.220139 0.220455 0.220614 0.220455 0.220998 
14.013629 0.217346 0.217261 0.217245 0.217261 0.217509 0.217361 0.217245 0.217361 0.217542 
14.034344 0.214072 0.214048 0.214027 0.214048 0.214190 0.213821 0.214027 0.213821 0.214325 
14.055059 0.210886 0.210820 0.210668 0.210820 0.210567 0.210691 0.210668 0.210691 0.210988 
14.075774 0.207503 0.207457 0.207472 0.207457 0.207012 0.207671 0.207472 0.207671 0.207568 
14.096489 0.204362 0.204339 0.204339 0.204339 0.204603 0.204256 0.204339 0.204256 0.204131 
14.117204 0.201065 0.201140 0.201060 0.201140 0.200866 0.201074 0.201060 0.201074 0.200942 
14.137919 0.197840 0.197815 0.197739 0.197815 0.198009 0.198030 0.197739 0.198030 0.197876 
14.158634 0.194624 0.194535 0.194614 0.194535 0.194368 0.194719 0.194614 0.194719 0.194607 
14.179348 0.191312 0.191453 0.191484 0.191453 0.191091 0.191288 0.191484 0.191288 0.191189 
14.200063 0.188163 0.188246 0.188184 0.188246 0.188260 0.188428 0.188184 0.188428 0.188126 
14.220778 0.184974 0.184956 0.185009 0.184956 0.185147 0.184914 0.185009 0.184914 0.184901 
14.241494 0.181824 0.181814 0.181895 0.181814 0.181776 0.181971 0.181895 0.181971 0.181769 
14.262208 0.178613 0.178698 0.178617 0.178698 0.178671 0.178455 0.178617 0.178455 0.178917 
14.282923 0.175544 0.175516 0.175449 0.175516 0.175483 0.175609 0.175449 0.175609 0.175209 
14.303638 0.172322 0.172364 0.172341 0.172364 0.172463 0.172532 0.172341 0.172532 0.172264 
14.324353 0.169187 0.169124 0.169208 0.169124 0.169432 0.169327 0.169208 0.169327 0.169476 
14.345068 0.166148 0.165947 0.166143 0.165947 0.166185 0.166112 0.166143 0.166112 0.165992 
14.365783 0.162931 0.162789 0.162942 0.162789 0.162986 0.162949 0.162942 0.162949 0.163172 
14.386498 0.159858 0.159899 0.159836 0.159899 0.160081 0.159913 0.159836 0.159913 0.160274 
14.407213 0.156756 0.156739 0.156716 0.156739 0.156656 0.156831 0.156716 0.156831 0.156739 
14.427927 0.153674 0.153642 0.153535 0.153642 0.153738 0.153547 0.153535 0.153547 0.154013 
14.448642 0.150617 0.150495 0.150582 0.150495 0.150615 0.150678 0.150582 0.150678 0.150739 
14.469357 0.147420 0.147414 0.147417 0.147414 0.147430 0.147476 0.147417 0.147476 0.147221 
14.490072 0.144424 0.144402 0.144322 0.144402 0.144459 0.144391 0.144322 0.144391 0.144475 
14.510787 0.141287 0.141401 0.141240 0.141401 0.141277 0.141314 0.141240 0.141314 0.141470 
14.531502 0.138275 0.138269 0.138277 0.138269 0.138289 0.138115 0.138277 0.138115 0.138082 
14.552217 0.135279 0.135221 0.135287 0.135221 0.135209 0.134995 0.135287 0.134995 0.135573 
14.572932 0.132195 0.132199 0.132256 0.132199 0.132080 0.132147 0.132256 0.132147 0.132132 
14.593647 0.129260 0.129135 0.129084 0.129135 0.129377 0.129206 0.129084 0.129206 0.129175 
14.614361 0.126141 0.126043 0.126060 0.126043 0.126098 0.126222 0.126060 0.126222 0.126398 
14.635077 0.123182 0.123173 0.123094 0.123173 0.123180 0.123143 0.123094 0.123143 0.123341 
14.655792 0.120182 0.120241 0.120157 0.120241 0.119913 0.120250 0.120157 0.120250 0.120263 
14.676507 0.117488 0.117496 0.117451 0.117496 0.117556 0.117361 0.117451 0.117361 0.117580 
14.697221 0.114921 0.114835 0.114885 0.114835 0.114869 0.114754 0.114885 0.114754 0.114917 
14.717936 0.112389 0.112443 0.112338 0.112443 0.112354 0.112352 0.112338 0.112352 0.112509 
14.738651 0.109951 0.109975 0.110004 0.109975 0.110027 0.110116 0.110004 0.110116 0.109885 
14.759366 0.107628 0.107703 0.107631 0.107703 0.107683 0.107707 0.107631 0.107707 0.107724 
14.780081 0.105386 0.105349 0.105467 0.105349 0.105536 0.105165 0.105467 0.105165 0.105294 
14.800796 0.103160 0.103183 0.103164 0.103183 0.103167 0.103238 0.103164 0.103238 0.102915 
14.821511 0.100965 0.100865 0.101055 0.100865 0.100895 0.100993 0.101055 0.100993 0.100886 
14.842226 0.098901 0.098849 0.098927 0.098849 0.098929 0.098853 0.098927 0.098853 0.098852 
14.862940 0.096811 0.096783 0.096871 0.096783 0.097167 0.096885 0.096871 0.096885 0.096818 
14.883655 0.094875 0.094914 0.094885 0.094914 0.094908 0.094807 0.094885 0.094807 0.094818 
14.904370 0.092936 0.092913 0.092812 0.092913 0.092922 0.092695 0.092812 0.092695 0.092998 
14.925085 0.090972 0.091003 0.090957 0.091003 0.091200 0.091011 0.090957 0.091011 0.090904 
14.945800 0.089103 0.089112 0.089111 0.089112 0.089001 0.089018 0.089111 0.089018 0.089106 
14.966515 0.087260 0.087254 0.087270 0.087254 0.087214 0.087284 0.087270 0.087284 0.087318 
14.987230 0.085470 0.085379 0.085448 0.085379 0.085492 0.085471 0.085448 0.085471 0.085263 
15.007945 0.083731 0.083717 0.083726 0.083717 0.083624 0.083700 0.083726 0.083700 0.084029 
15.028659 0.081949 0.081943 0.081896 0.081943 0.081906 0.081983 0.081896 0.081983 0.081995 
15.049374 0.080270 0.080319 0.080323 0.080319 0.080356 0.080289 0.080323 0.080289 0.080342 
15.070089 0.078608 0.078587 0.078641 0.078587 0.078563 0.078436 0.078641 0.078436 0.078508 
15.090805 0.076987 0.077024 0.077007 0.077024 0.076836 0.076799 0.077007 0.076799 0.077125 
15.111519 0.075342 0.075417 0.075356 0.075417 0.075478 0.075549 0.075356 0.075549 0.075415 
15.132234 0.073767 0.073789 0.073832 0.073789 0.073877 0.073874 0.073832 0.073874 0.073776 
15.152949 0.072302 0.072313 0.072216 0.072313 0.072235 0.072142 0.072216 0.072142 0.072166 
15.173664 0.070769 0.070743 0.070753 0.070743 0.070799 0.070891 0.070753 0.070891 0.070630 
15.194379 0.069289 0.069336 0.069336 0.069336 0.069294 0.069278 0.069336 0.069278 0.069360 
15.215094 0.067781 0.067765 0.067803 0.067765 0.067805 0.067780 0.067803 0.067780 0.067850 
15.235809 0.066416 0.066312 0.066367 0.066312 0.066393 0.066486 0.066367 0.066486 0.066407 
15.256524 0.064963 0.064953 0.064964 0.064953 0.064777 0.064897 0.064964 0.064897 0.065048 
15.277238 0.063622 0.063668 0.063647 0.063668 0.063632 0.063631 0.063647 0.063631 0.063589 
15.297953 0.062289 0.062199 0.062288 0.062199 0.062289 0.062301 0.062288 0.062301 0.062073 
15.318668 0.060947 0.060927 0.060930 0.060927 0.061167 0.060969 0.060930 0.060969 0.060882 
15.339383 0.059636 0.059616 0.059557 0.059616 0.059549 0.059736 0.059557 0.059736 0.059563 
15.360098 0.058366 0.058339 0.058366 0.058339 0.058541 0.058406 0.058366 0.058406 0.058335 
15.380813 0.057103 0.057147 0.057063 0.057147 0.057043 0.057205 0.057063 0.057205 0.057042 
15.401528 0.055853 0.055811 0.055886 0.055811 0.055848 0.055882 0.055886 0.055882 0.055878 
15.422243 0.054638 0.054576 0.054681 0.054576 0.054700 0.054683 0.054681 0.054683 0.054500 
15.442957 0.053454 0.053452 0.053449 0.053452 0.053427 0.053385 0.053449 0.053385 0.053374 
15.463672 0.052268 0.052302 0.052261 0.052302 0.052506 0.052217 0.052261 0.052217 0.052392 
15.484387 0.051108 0.051122 0.051106 0.051122 0.051079 0.051162 0.051106 0.051162 0.051093 
15.505103 0.049956 0.050011 0.049993 0.050011 0.049980 0.050064 0.049993 0.050064 0.050045 
15.525817 0.048861 0.048817 0.048863 0.048817 0.048771 0.048829 0.048863 0.048829 0.048863 
15.546532 0.047769 0.047774 0.047797 0.047774 0.047756 0.047779 0.047797 0.047779 0.047814 
15.567247 0.046719 0.046738 0.046733 0.046738 0.046766 0.046806 0.046733 0.046806 0.046647 
15.587962 0.045629 0.045666 0.045689 0.045666 0.045563 0.045649 0.045689 0.045649 0.045764 
15.608676 0.044636 0.044610 0.044628 0.044610 0.044753 0.044621 0.044628 0.044621 0.044601 
15.629392 0.043595 0.043621 0.043570 0.043621 0.043553 0.043551 0.043570 0.043551 0.043668 
15.650107 0.042604 0.042602 0.042655 0.042602 0.042580 0.042655 0.042655 0.042655 0.042565 
15.670822 0.041626 0.041656 0.041632 0.041656 0.041632 0.041630 0.041632 0.041630 0.041710 
15.691536 0.040677 0.040617 0.040586 0.040617 0.040704 0.040578 0.040586 0.040578 0.040765 
15.712251 0.039716 0.039677 0.039694 0.039677 0.039633 0.039610 0.039694 0.039610 0.039821 
15.732966 0.038820 0.038726 0.038748 0.038726 0.038903 0.038774 0.038748 0.038774 0.038907 
15.753681 0.037846 0.037846 0.037807 0.037846 0.037737 0.037810 0.037807 0.037810 0.037871 
15.774396 0.036931 0.036951 0.036943 0.036951 0.036942 0.036870 0.036943 0.036870 0.036850 
15.795111 0.036112 0.036068 0.036103 0.036068 0.036035 0.036107 0.036103 0.036107 0.036027 
15.815826 0.035217 0.035175 0.035207 0.035175 0.035264 0.035257 0.035207 0.035257 0.035115 
15.836541 0.034336 0.034380 0.034364 0.034380 0.034382 0.034366 0.034364 0.034366 0.034381 
15.857255 0.033533 0.033511 0.033486 0.033511 0.033505 0.033572 0.033486 0.033572 0.033507 
15.877970 0.032690 0.032718 0.032699 0.032718 0.032762 0.032826 0.032699 0.032826 0.032730 
15.898685 0.031900 0.031887 0.031842 0.031887 0.031933 0.031849 0.031842 0.031849 0.031963 
15.919400 0.031097 0.031118 0.031031 0.031118 0.031065 0.031105 0.031031 0.031105 0.031123 
15.940115 0.030306 0.030307 0.030303 0.030307 0.030288 0.030291 0.030303 0.030291 0.030443 
15.960830 0.029576 0.029538 0.029558 0.029538 0.029554 0.029528 0.029558 0.029528 0.029584 
15.981545 0.028804 0.028763 0.028789 0.028763 0.028844 0.028819 0.028789 0.028819 0.028771 
16.002260 0.028038 0.028043 0.028065 0.028043 0.027989 0.027989 0.028065 0.027989 0.028114 
16.022975 0.027298 0.027316 0.027302 0.027316 0.027317 0.027304 0.027302 0.027304 0.027265 
16.043690 0.026610 0.026608 0.026575 0.026608 0.026634 0.026656 0.026575 0.026656 0.026625 
16.064404 0.025891 0.025889 0.025932 0.025889 0.025941 0.025905 0.025932 0.025905 0.025912 
16.085119 0.025217 0.025219 0.025218 0.025219 0.025226 0.025206 0.025218 0.025206 0.025281 
16.105834 0.024542 0.024579 0.024557 0.024579 0.024473 0.024501 0.024557 0.024501 0.024543 
16.126550 0.023862 0.023881 0.023867 0.023881 0.023937 0.023866 0.023867 0.023866 0.023827 
16.147264 0.023204 0.023227 0.023233 0.023227 0.023224 0.023167 0.023233 0.023167 0.023155 
16.167979 0.022602 0.022627 0.022616 0.022627 0.022639 0.022581 0.022616 0.022581 0.022481 
16.188694 0.021958 0.021946 0.022009 0.021946 0.021962 0.021960 0.022009 0.021960 0.022009 
16.209409 0.021376 0.021342 0.021372 0.021342 0.021379 0.021384 0.021372 0.021384 0.021345 
16.230124 0.020749 0.020716 0.020712 0.020716 0.020858 0.020792 0.020712 0.020792 0.020741 
16.250838 0.020168 0.020145 0.020156 0.020145 0.020216 0.020164 0.020156 0.020164 0.020203 
16.271554 0.019599 0.019543 0.019582 0.019543 0.019545 0.019577 0.019582 0.019577 0.019503 
16.292269 0.019035 0.018996 0.019041 0.018996 0.019019 0.019055 0.019041 0.019055 0.019014 
16.312984 0.018465 0.018439 0.018474 0.018439 0.018489 0.018500 0.018474 0.018500 0.018445 
16.333698 0.017905 0.017898 0.017921 0.017898 0.017931 0.017917 0.017921 0.017917 0.017904 
16.354413 0.017375 0.017386 0.017383 0.017386 0.017436 0.017475 0.017383 0.017475 0.017379 
16.375128 0.016845 0.016854 0.016855 0.016854 0.016856 0.016851 0.016855 0.016851 0.016852 
16.395843 0.016324 0.016330 0.016328 0.016330 0.016370 0.016338 0.016328 0.016338 0.016302 
16.416558 0.015820 0.015847 0.015819 0.015847 0.015850 0.015834 0.015819 0.015834 0.015835 
16.437273 0.015342 0.015328 0.015337 0.015328 0.015343 0.015271 0.015337 0.015271 0.015342 
16.457988 0.014858 0.014858 0.014852 0.014858 0.014905 0.014859 0.014852 0.014859 0.014801 
16.478703 0.014377 0.014388 0.014370 0.014388 0.014279 0.014431 0.014370 0.014431 0.014369 
16.499417 0.013915 0.013904 0.013913 0.013904 0.013906 0.013905 0.013913 0.013905 0.013894 
16.520132 0.013459 0.013451 0.013455 0.013451 0.013481 0.013506 0.013455 0.013506 0.013471 
16.540847 0.013004 0.012993 0.013013 0.012993 0.012998 0.012972 0.013013 0.012972 0.012977 
16.561563 0.012565 0.012588 0.012566 0.012588 0.012558 0.012613 0.012566 0.012613 0.012597 
16.582277 0.012141 0.012140 0.012146 0.012140 0.012208 0.012157 0.012146 0.012157 0.012120 
16.602992 0.011715 0.011717 0.011748 0.011717 0.011713 0.011708 0.011748 0.011708 0.011710 
16.623707 0.011326 0.011319 0.011309 0.011319 0.011279 0.011272 0.011309 0.011272 0.011300 
16.644422 0.010930 0.010923 0.010915 0.010923 0.010947 0.010943 0.010915 0.010943 0.010968 
16.665136 0.010542 0.010552 0.010536 0.010552 0.010605 0.010558 0.010536 0.010558 0.010491 
16.685851 0.010162 0.010139 0.010165 0.010139 0.010185 0.010094 0.010165 0.010094 0.010139 
16.706567 0.009781 0.009793 0.009762 0.009793 0.009764 0.009783 0.009762 0.009783 0.009779 
16.727282 0.009424 0.009430 0.009440 0.009430 0.009474 0.009406 0.009440 0.009406 0.009399 
16.747996 0.009049 0.009075 0.009058 0.009075 0.009061 0.009056 0.009058 0.009056 0.009104 
16.768711 0.008694 0.008716 0.008713 0.008716 0.008659 0.008699 0.008713 0.008699 0.008765 
16.789426 0.008384 0.008380 0.008365 0.008380 0.008414 0.008363 0.008365 0.008363 0.008397 
16.810141 0.008049 0.008040 0.008032 0.008040 0.008070 0.008030 0.008032 0.008030 0.008046 
16.830855 0.007716 0.007700 0.007722 0.007700 0.007704 0.007710 0.007722 0.007710 0.007751 
16.851571 0.007404 0.007409 0.007390 0.007409 0.007421 0.007409 0.007390 0.007409 0.007386 
16.872286 0.007102 0.007093 0.007088 0.007093 0.007137 0.007104 0.007088 0.007104 0.007083 
16.893001 0.006791 0.006794 0.006823 0.006794 0.006750 0.006788 0.006823 0.006788 0.006794 
16.913715 0.006506 0.006504 0.006483 0.006504 0.006473 0.006518 0.006483 0.006518 0.006516 
16.934430 0.006220 0.006207 0.006218 0.006207 0.006231 0.006233 0.006218 0.006233 0.006224 
16.955145 0.005938 0.005925 0.005933 0.005925 0.005949 0.005938 0.005933 0.005938 0.005917 
16.975860 0.005667 0.005675 0.005686 0.005675 0.005653 0.005668 0.005686 0.005668 0.005626 
16.996575 0.005394 0.005396 0.005407 0.005396 0.005403 0.005435 0.005407 0.005435 0.005367 
17.017290 0.005158 0.005141 0.005159 0.005141 0.005105 0.005174 0.005159 0.005174 0.005155 
17.038005 0.004909 0.004902 0.004897 0.004902 0.004898 0.004903 0.004897 0.004903 0.004908 
17.058720 0.004665 0.004661 0.004659 0.004661 0.004667 0.004647 0.004659 0.004647 0.004670 
17.079434 0.004424 0.004432 0.004435 0.004432 0.004414 0.004426 0.004435 0.004426 0.004430 
17.100149 0.004203 0.004198 0.004192 0.004198 0.004217 0.004222 0.004192 0.004222 0.004221 
17.120864 0.003985 0.003974 0.003980 0.003974 0.004005 0.003995 0.003980 0.003995 0.003975 
17.141580 0.003751 0.003764 0.003761 0.003764 0.003726 0.003766 0.003761 0.003766 0.003794 
17.162294 0.003558 0.003542 0.003555 0.003542 0.003560 0.003554 0.003555 0.003554 0.003559 
17.183009 0.003359 0.003362 0.003366 0.003362 0.003339 0.003388 0.003366 0.003388 0.003317 
17.203724 0.003169 0.003169 0.003169 0.003169 0.003145 0.003173 0.003169 0.003173 0.003171 
17.224439 0.002980 0.002985 0.002986 0.002985 0.003000 0.002996 0.002986 0.002996 0.002984 
17.245154 0.002797 0.002794 0.002791 0.002794 0.002807 0.002807 0.002791 0.002807 0.002819 
17.265869 0.002630 0.002616 0.002626 0.002616 0.002636 0.002608 0.002626 0.002608 0.002616 
17.286584 0.002454 0.002462 0.002446 0.002462 0.002442 0.002449 0.002446 0.002449 0.002457 
17.307299 0.002294 0.002296 0.002289 0.002296 0.002284 0.002303 0.002289 0.002303 0.002279 
17.328013 0.002128 0.002131 0.002142 0.002131 0.002120 0.002136 0.002142 0.002136 0.002160 
17.348728 0.001997 0.001995 0.001993 0.001995 0.001995 0.001988 0.001993 0.001988 0.001978 
17.369443 0.001846 0.001849 0.001835 0.001849 0.001850 0.001871 0.001835 0.001871 0.001867 
17.390159 0.001706 0.001716 0.001709 0.001716 0.001702 0.001719 0.001709 0.001719 0.001701 
17.410873 0.001578 0.001577 0.001581 0.001577 0.001568 0.001579 0.001581 0.001579 0.001569 
17.431588 0.001445 0.001442 0.001450 0.001442 0.001452 0.001454 0.001450 0.001454 0.001436 
17.452303 0.001334 0.001327 0.001331 0.001327 0.001326 0.001327 0.001331 0.001327 0.001332 
17.473018 0.001215 0.001219 0.001211 0.001219 0.001206 0.001194 0.001211 0.001194 0.001211 
17.493732 0.001106 0.001102 0.001102 0.001102 0.001108 0.001103 0.001102 0.001103 0.001083 
17.514447 0.001003 0.000999 0.000991 0.000999 0.001004 0.001002 0.000991 0.001002 0.000993 
17.535163 0.000902 0.000901 0.000901 0.000901 0.000922 0.000900 0.000901 0.000900 0.000922 
17.555878 0.000807 0.000813 0.000810 0.000813 0.000816 0.000815 0.000810 0.000815 0.000798 
17.576592 0.000725 0.000727 0.000724 0.000727 0.000720 0.000720 0.000724 0.000720 0.000717 
17.597307 0.000640 0.000642 0.000640 0.000642 0.000638 0.000643 0.000640 0.000643 0.000631 
17.618022 0.000561 0.000562 0.000564 0.000562 0.000556 0.000551 0.000564 0.000551 0.000560 
17.638737 0.000491 0.000488 0.000493 0.000488 0.000484 0.000490 0.000493 0.000490 0.000500 
17.659451 0.000422 0.000422 0.000424 0.000422 0.000429 0.000418 0.000424 0.000418 0.000432 
17.680167 0.000362 0.000356 0.000360 0.000356 0.000359 0.000357 0.000360 0.000357 0.000355 
17.700882 0.000304 0.000304 0.000305 0.000304 0.000311 0.000300 0.000305 0.000300 0.000308 
17.721597 0.000251 0.000253 0.000254 0.000253 0.000253 0.000251 0.000254 0.000251 0.000259 
17.742311 0.000207 0.000206 0.000208 0.000206 0.000208 0.000209 0.000208 0.000209 0.000216 
17.763026 0.000166 0.000165 0.000164 0.000165 0.000166 0.000171 0.000164 0.000171 0.000172 
17.783741 0.000130 0.000126 0.000128 0.000126 0.000132 0.000125 0.000128 0.000125 0.000128 
17.804456 0.000097 0.000096 0.000098 0.000096 0.000091 0.000099 0.000098 0.000099 0.000098 
17.825171 0.000068 0.000069 0.000069 0.000069 0.000064 0.000068 0.000069 0.000068 0.000061 
17.845886 0.000046 0.000047 0.000046 0.000047 0.000047 0.000048 0.000046 0.000048 0.000046 
17.866601 0.000028 0.000027 0.000030 0.000027 0.000029 0.000027 0.000030 0.000027 0.000027 
17.887316 0.000013 0.000015 0.000014 0.000015 0.000017 0.000014 0.000014 0.000014 0.000016 
17.908031 0.000005 0.000005 0.000006 0.000005 0.000005 0.000005 0.000006 0.000005 0.000005 
17.928745 0.000001 0.000001 0.000001 0.000001 0.000001 0.000001 0.000001 0.000001 0.000001 
17.949460 0.000000 0.000000 0.000000 0.000000 0.000000 0.000000 0.000000 0.000000 0.000000 
17.970176 0.000000 0.000000 0.000000 0.000000 0.000000 0.000000 0.000000 0.000000 0.000000 
17.990891 0.000000 0.000000 0.000000 0.000000 0.000000 0.000000 0.000000 0.000000 0.000000 
18.011605 0.000000 0.000000 0.000000 0.000000 0.000000 0.000000 0.000000 0.000000 0.000000 
18.032320 0.000000 0.000000 0.000000 0.000000 0.000000 0.000000 0.000000 0.000000 0.000000 
18.053035 0.000000 0.000000 0.000000 0.000000 0.000000 0.000000 0.000000 0.000000 0.000000 
18.073750 0.000000 0.000000 0.000000 0.000000 0.000000 0.000000 0.000000 0.000000 0.000000 
18.094464 0.000000 0.000000 0.000000 0.000000 0.000000 0.000000 0.000000 0.000000 0.000000 
18.115180 0.000000 0.000000 0.000000 0.000000 0.000000 0.000000 0.000000 0.000000 0.000000 
18.135895 0.000000 0.000000 0.000000 0.000000 0.000000 0.000000 0.000000 0.000000 0.000000 
18.156610 0.000000 0.000000 0.000000 0.000000 0.000000 0.000000 0.000000 0.000000 0.000000 
18.177324 0.000000 0.000000 0.000000 0.000000 0.000000 0.000000 0.000000 0.000000 0.000000 
18.198039 0.000000 0.000000 0.000000 0.000000 0.000000 0.000000 0.000000 0.000000 0.000000 
18.218754 0.000000 0.000000 0.000000 0.000000 0.000000 0.000000 0.000000 0.000000 0.000000 
18.239469 0.000000 0.000000 0.000000 0.000000 0.000000 0.000000 0.000000 0.000000 0.000000 
18.260184 0.000000 0.000000 0.000000 0.000000 0.000000 0.000000 0.000000 0.000000 0.000000 
18.280899 0.000000 0.000000 0.000000 0.000000 0.000000 0.000000 0.000000 0.000000 0.000000 
18.301614 0.000000 0.000000 0.000000 0.000000 0.000000 0.000000 0.000000 0.000000 0.000000 
18.322329 0.000000 0.000000 0.000000 0.000000 0.000000 0.000000 0.000000 0.000000 0.000000 
18.343043 0.000000 0.000000 0.000000 0.000000 0.000000 0.000000 0.000000 0.000000 0.000000 
18.363758 0.000000 0.000000 0.000000 0.000000 0.000000 0.000000 0.000000 0.000000 0.000000 
18.384473 0.000000 0.000000 0.000000 0.000000 0.000000 0.000000 0.000000 0.000000 0.000000 
18.405189 0.000000 0.000000 0.000000 0.000000 0.000000 0.000000 0.000000 0.000000 0.000000 
18.425903 0.000000 0.000000 0.000000 0.000000 0.000000 0.000000 0.000000 0.000000 0.000000 
18.446618 0.000000 0.000000 0.000000 0.000000 0.000000 0.000000 0.000000 0.000000 0.000000 
18.467333 0.000000 0.000000 0.000000 0.000000 0.000000 0.000000 0.000000 0.000000 0.000000 
18.488048 0.000000 0.000000 0.000000 0.000000 0.000000 0.000000 0.000000 0.000000 0.000000 
18.508762 0.000000 0.000000 0.000000 0.000000 0.000000 0.000000 0.000000 0.000000 0.000000 
18.529477 0.000000 0.000000 0.000000 0.000000 0.000000 0.000000 0.000000 0.000000 0.000000 
18.550193 0.000000 0.000000 0.000000 0.000000 0.000000 0.000000 0.000000 0.000000 0.000000 
18.570908 0.000000 0.000000 0.000000 0.000000 0.000000 0.000000 0.000000 0.000000 0.000000 
18.591622 0.000000 0.000000 0.000000 0.000000 0.000000 0.000000 0.000000 0.000000 0.000000 
18.612337 0.000000 0.000000 0.000000 0.000000 0.000000 0.000000 0.000000 0.000000 0.000000 
18.633052 0.000000 0.000000 0.000000 0.000000 0.000000 0.000000 0.000000 0.000000 0.000000 
18.653767 0.000000 0.000000 0.000000 0.000000 0.000000 0.000000 0.000000 0.000000 0.000000 
18.674481 0.000000 0.000000 0.000000 0.000000 0.000000 0.000000 0.000000 0.000000 0.000000 
18.695197 0.000000 0.000000 0.000000 0.000000 0.000000 0.000000 0.000000 0.000000 0.000000 
18.715912 0.000000 0.000000 0.000000 0.000000 0.000000 0.000000 0.000000 0.000000 0.000000 
18.736627 0.000000 0.000000 0.000000 0.000000 0.000000 0.000000 0.000000 0.000000 0.000000 
18.757341 0.000000 0.000000 0.000000 0.000000 0.000000 0.000000 0.000000 0.000000 0.000000 
18.778056 0.000000 0.000000 0.000000 0.000000 0.000000 0.000000 0.000000 0.000000 0.000000 
18.798772 0.000000 0.000000 0.000000 0.000000 0.000000 0.000000 0.000000 0.000000 0.000000 
18.819487 0.000000 0.000000 0.000000 0.000000 0.000000 0.000000 0.000000 0.000000 0.000000 
18.840201 0.000000 0.000000 0.000000 0.000000 0.000000 0.000000 0.000000 0.000000 0.000000 
18.860916 0.000000 0.000000 0.000000 0.000000 0.000000 0.000000 0.000000 0.000000 0.000000 
18.881631 0.000000 0.000000 0.000000 0.000000 0.000000 0.000000 0.000000 0.000000 0.000000 
18.902346 0.000000 0.000000 0.000000 0.000000 0.000000 0.000000 0.000000 0.000000 0.000000 
18.923060 0.000000 0.000000 0.000000 0.000000 0.000000 0.000000 0.000000 0.000000 0.000000 
18.943776 0.000000 0.000000 0.000000 0.000000 0.000000 0.000000 0.000000 0.000000 0.000000 
18.964491 0.000000 0.000000 0.000000 0.000000 0.000000 0.000000 0.000000 0.000000 0.000000 
18.985206 0.000000 0.000000 0.000000 0.000000 0.000000 0.000000 0.000000 0.000000 0.000000 
19.005920 0.000000 0.000000 0.000000 0.000000 0.000000 0.000000 0.000000 0.000000 0.000000 
19.026635 0.000000 0.000000 0.000000 0.000000 0.000000 0.000000 0.000000 0.000000 0.000000 
19.047350 0.000000 0.000000 0.000000 0.000000 0.000000 0.000000 0.000000 0.000000 0.000000 
19.068065 0.000000 0.000000 0.000000 0.000000 0.000000 0.000000 0.000000 0.000000 0.000000 
19.088780 0.000000 0.000000 0.000000 0.000000 0.000000 0.000000 0.000000 0.000000 0.000000 
19.109495 0.000000 0.000000 0.000000 0.000000 0.000000 0.000000 0.000000 0.000000 0.000000 
19.130210 0.000000 0.000000 0.000000 0.000000 0.000000 0.000000 0.000000 0.000000 0.000000 
19.150925 0.000000 0.000000 0.000000 0.000000 0.000000 0.000000 0.000000 0.000000 0.000000 
19.171639 0.000000 0.000000 0.000000 0.000000 0.000000 0.000000 0.000000 0.000000 0.000000 
19.192354 0.000000 0.000000 0.000000 0.000000 0.000000 0.000000 0.000000 0.000000 0.000000 
19.213069 0.000000 0.000000 0.000000 0.000000 0.000000 0.000000 0.000000 0.000000 0.000000 
19.233785 0.000000 0.000000 0.000000 0.000000 0.000000 0.000000 0.000000 0.000000 0.000000 
19.254499 0.000000 0.000000 0.000000 0.000000 0.000000 0.000000 0.000000 0.000000 0.000000 
19.275214 0.000000 0.000000 0.000000 0.000000 0.000000 0.000000 0.000000 0.000000 0.000000 
19.295929 0.000000 0.000000 0.000000 0.000000 0.000000 0.000000 0.000000 0.000000 0.000000 
19.316644 0.000000 0.000000 0.000000 0.000000 0.000000 0.000000 0.000000 0.000000 0.000000 
19.337358 0.000000 0.000000 0.000000 0.000000 0.000000 0.000000 0.000000 0.000000 0.000000 
19.358073 0.000000 0.000000 0.000000 0.000000 0.000000 0.000000 0.000000 0.000000 0.000000 
19.378789 0.000000 0.000000 0.000000 0.000000 0.000000 0.000000 0.000000 0.000000 0.000000 
19.399504 0.000000 0.000000 0.000000 0.000000 0.000000 0.000000 0.000000 0.000000 0.000000 
19.420218 0.000000 0.000000 0.000000 0.000000 0.000000 0.000000 0.000000 0.000000 0.000000 
19.440933 0.000000 0.000000 0.000000 0.000000 0.000000 0.000000 0.000000 0.000000 0.000000 
19.461648 0.000000 0.000000 0.000000 0.000000 0.000000 0.000000 0.000000 0.000000 0.000000 
19.482363 0.000000 0.000000 0.000000 0.000000 0.000000 0.000000 0.000000 0.000000 0.000000 
19.503078 0.000000 0.000000 0.000000 0.000000 0.000000 0.000000 0.000000 0.000000 0.000000 
19.523793 0.000000 0.000000 0.000000 0.000000 0.000000 0.000000 0.000000 0.000000 0.000000 
19.544508 0.000000 0.000000 0.000000 0.000000 0.000000 0.000000 0.000000 0.000000 0.000000 
19.565223 0.000000 0.000000 0.000000 0.000000 0.000000 0.000000 0.000000 0.000000 0.000000 
19.585938 0.000000 0.000000 0.000000 0.000000 0.000000 0.000000 0.000000 0.000000 0.000000 
19.606652 0.000000 0.000000 0.000000 0.000000 0.000000 0.000000 0.000000 0.000000 0.000000 
19.627367 0.000000 0.000000 0.000000 0.000000 0.000000 0.000000 0.000000 0.000000 0.000000 
19.648082 0.000000 0.000000 0.000000 0.000000 0.000000 0.000000 0.000000 0.000000 0.000000 
19.668797 0.000000 0.000000 0.000000 0.000000 0.000000 0.000000 0.000000 0.000000 0.000000 
19.689512 0.000000 0.000000 0.000000 0.000000 0.000000 0.000000 0.000000 0.000000 0.000000 
19.710227 0.000000 0.000000 0.000000 0.000000 0.000000 0.000000 0.000000 0.000000 0.000000 
19.730942 0.000000 0.000000 0.000000 0.000000 0.000000 0.000000 0.000000 0.000000 0.000000 
19.751657 0.000000 0.000000 0.000000 0.000000 0.000000 0.000000 0.000000 0.000000 0.000000 
19.772371 0.000000 0.000000 0.000000 0.000000 0.000000 0.000000 0.000000 0.000000 0.000000 
19.793086 0.000000 0.000000 0.000000 0.000000 0.000000 0.000000 0.000000 0.000000 0.000000 
19.813802 0.000000 0.000000 0.000000 0.000000 0.000000 0.000000 0.000000 0.000000 0.000000 
19.834517 0.000000 0.000000 0.000000 0.000000 0.000000 0.000000 0.000000 0.000000 0.000000 
19.855231 0.000000 0.000000 0.000000 0.000000 0.000000 0.000000 0.000000 0.000000 0.000000 
19.875946 0.000000 0.000000 0.000000 0.000000 0.000000 0.000000 0.000000 0.000000 0.000000 
19.896661 0.000000 0.000000 0.000000 0.000000 0.000000 0.000000 0.000000 0.000000 0.000000 
19.917376 0.000000 0.000000 0.000000 0.000000 0.000000 0.000000 0.000000 0.000000 0.000000 
19.938090 0.000000 0.000000 0.000000 0.000000 0.000000 0.000000 0.000000 0.000000 0.000000 
19.958806 0.000000 0.000000 0.000000 0.000000 0.000000 0.000000 0.000000 0.000000 0.000000 
19.979521 0.000000 0.000000 0.000000 0.000000 0.000000 0.000000 0.000000 0.000000 0.000000 
20.000236 0.000000 0.000000 0.000000 0.000000 0.000000 0.000000 0.000000 0.000000 0.000000 
20.020950 0.000000 0.000000 0.000000 0.000000 0.000000 0.000000 0.000000 0.000000 0.000000 
20.041665 0.000000 0.000000 0.000000 0.000000 0.000000 0.000000 0.000000 0.000000 0.000000 
20.062380 0.000000 0.000000 0.000000 0.000000 0.000000 0.000000 0.000000 0.000000 0.000000 
20.083095 0.000000 0.000000 0.000000 0.000000 0.000000 0.000000 0.000000 0.000000 0.000000 
20.103810 0.000000 0.000000 0.000000 0.000000 0.000000 0.000000 0.000000 0.000000 0.000000 
20.124525 0.000000 0.000000 0.000000 0.000000 0.000000 0.000000 0.000000 0.000000 0.000000 
20.145240 0.000000 0.000000 0.000000 0.000000 0.000000 0.000000 0.000000 0.000000 0.000000 
20.165955 0.000000 0.000000 0.000000 0.000000 0.000000 0.000000 0.000000 0.000000 0.000000 
20.186669 0.000000 0.000000 0.000000 0.000000 0.000000 0.000000 0.000000 0.000000 0.000000 
20.207384 0.000000 0.000000 0.000000 0.000000 0.000000 0.000000 0.000000 0.000000 0.000000 
20.228099 0.000000 0.000000 0.000000 0.000000 0.000000 0.000000 0.000000 0.000000 0.000000 
20.248815 0.000000 0.000000 0.000000 0.000000 0.000000 0.000000 0.000000 0.000000 0.000000 
20.269529 0.000000 0.000000 0.000000 0.000000 0.000000 0.000000 0.000000 0.000000 0.000000 
20.290244 0.000000 0.000000 0.000000 0.000000 0.000000 0.000000 0.000000 0.000000 0.000000 
20.310959 0.000000 0.000000 0.000000 0.000000 0.000000 0.000000 0.000000 0.000000 0.000000 
20.331674 0.000000 0.000000 0.000000 0.000000 0.000000 0.000000 0.000000 0.000000 0.000000 
20.352388 0.000000 0.000000 0.000000 0.000000 0.000000 0.000000 0.000000 0.000000 0.000000 
20.373103 0.000000 0.000000 0.000000 0.000000 0.000000 0.000000 0.000000 0.000000 0.000000 
20.393819 0.000000 0.000000 0.000000 0.000000 0.000000 0.000000 0.000000 0.000000 0.000000 
20.414534 0.000000 0.000000 0.000000 0.000000 0.000000 0.000000 0.000000 0.000000 0.000000 
20.435248 0.000000 0.000000 0.000000 0.000000 0.000000 0.000000 0.000000 0.000000 0.000000 
20.455963 0.000000 0.000000 0.000000 0.000000 0.000000 0.000000 0.000000 0.000000 0.000000 
20.476678 0.000000 0.000000 0.000000 0.000000 0.000000 0.000000 0.000000 0.000000 0.000000 
20.497394 0.000000 0.000000 0.000000 0.000000 0.000000 0.000000 0.000000 0.000000 0.000000 
20.518108 0.000000 0.000000 0.000000 0.000000 0.000000 0.000000 0.000000 0.000000 0.000000 
20.538823 0.000000 0.000000 0.000000 0.000000 0.000000 0.000000 0.000000 0.000000 0.000000 
20.559538 0.000000 0.000000 0.000000 0.000000 0.000000 0.000000 0.000000 0.000000 0.000000 
20.580253 0.000000 0.000000 0.000000 0.000000 0.000000 0.000000 0.000000 0.000000 0.000000 
20.600967 0.000000 0.000000 0.000000 0.000000 0.000000 0.000000 0.000000 0.000000 0.000000 
20.621682 0.000000 0.000000 0.000000 0.000000 0.000000 0.000000 0.000000 0.000000 0.000000 
20.642398 0.000000 0.000000 0.000000 0.000000 0.000000 0.000000 0.000000 0.000000 0.000000 
20.663113 0.000000 0.000000 0.000000 0.000000 0.000000 0.000000 0.000000 0.000000 0.000000 
20.683827 0.000000 0.000000 0.000000 0.000000 0.000000 0.000000 0.000000 0.000000 0.000000 
20.704542 0.000000 0.000000 0.000000 0.000000 0.000000 0.000000 0.000000 0.000000 0.000000 
