# concentrations: 0.666667 0.166667 0.166667
0.010000 0.000000 0.000000 0.000000 0.000000 0.000000 0.000000 0.000000 0.000000 0.000000 
0.030000 0.000000 0.000000 0.000000 0.000000 0.000000 0.000000 0.000000 0.000000 0.000000 
0.050000 0.000000 0.000000 0.000000 0.000000 0.000000 0.000000 0.000000 0.000000 0.000000 
0.070000 0.000000 0.000000 0.000000 0.000000 0.000000 0.000000 0.000000 0.000000 0.000000 
0.090000 0.000000 0.000000 0.000000 0.000000 0.000000 0.000000 0.000000 0.000000 0.000000 
0.110000 0.000000 0.000000 0.000000 0.000000 0.000000 0.000000 0.000000 0.000000 0.000000 
0.130000 0.000000 0.000000 0.000000 0.000000 0.000000 0.000000 0.000000 0.000000 0.000000 
0.150000 0.000000 0.000000 0.000000 0.000000 0.000000 0.000000 0.000000 0.000000 0.000000 
0.170000 0.000000 0.000000 0.000000 0.000000 0.000000 0.000000 0.000000 0.000000 0.000000 
0.190000 0.000000 0.000000 0.000000 0.000000 0.000000 0.000000 0.000000 0.000000 0.000000 
0.210000 0.000000 0.000000 0.000000 0.000000 0.000000 0.000000 0.000000 0.000000 0.000000 
0.230000 0.000000 0.000000 0.000000 0.000000 0.000000 0.000000 0.000000 0.000000 0.000000 
0.250000 0.000000 0.000000 0.000000 0.000000 0.000000 0.000000 0.000000 0.000000 0.000000 
0.270000 0.000000 0.000000 0.000000 0.000000 0.000000 0.000000 0.000000 0.000000 0.000000 
0.290000 0.000000 0.000000 0.000000 0.000000 0.000000 0.000000 0.000000 0.000000 0.000000 
0.310000 0.000000 0.000000 0.000000 0.000000 0.000000 0.000000 0.000000 0.000000 0.000000 
0.330000 0.000000 0.000000 0.000000 0.000000 0.000000 0.000000 0.000000 0.000000 0.000000 
0.350000 0.000000 0.000000 0.000000 0.000000 0.000000 0.000000 0.000000 0.000000 0.000000 
0.370000 0.000000 0.000000 0.000000 0.000000 0.000000 0.000000 0.000000 0.000000 0.000000 
0.390000 0.000000 0.000000 0.000000 0.000000 0.000000 0.000000 0.000000 0.000000 0.000000 
0.410000 0.000000 0.000000 0.000000 0.000000 0.000000 0.000000 0.000000 0.000000 0.000000 
0.430000 0.000000 0.000000 0.000000 0.000000 0.000000 0.000000 0.000000 0.000000 0.000000 
0.450000 0.000000 0.000000 0.000000 0.000000 0.000000 0.000000 0.000000 0.000000 0.000000 
0.470000 0.000000 0.000000 0.000000 0.000000 0.000000 0.000000 0.000000 0.000000 0.000000 
0.490000 0.000000 0.000000 0.000000 0.000000 0.000000 0.000000 0.000000 0.000000 0.000000 
0.510000 0.000000 0.000000 0.000000 0.000000 0.000000 0.000000 0.000000 0.000000 0.000000 
0.530000 0.000000 0.000000 0.000000 0.000000 0.000000 0.000000 0.000000 0.000000 0.000000 
0.550000 0.000000 0.000000 0.000000 0.000000 0.000000 0.000000 0.000000 0.000000 0.000000 
0.570000 0.000000 0.000000 0.000000 0.000000 0.000000 0.000000 0.000000 0.000000 0.000000 
0.590000 0.000000 0.000000 0.000000 0.000000 0.000000 0.000000 0.000000 0.000000 0.000000 
0.610000 0.000000 0.000000 0.000000 0.000000 0.000000 0.000000 0.000000 0.000000 0.000000 
0.630000 0.000000 0.000000 0.000000 0.000000 0.000000 0.000000 0.000000 0.000000 0.000000 
0.650000 0.000000 0.000057 0.000000 0.000057 0.000000 0.000000 0.000000 0.000000 0.000000 
0.670000 0.000000 0.001361 0.000000 0.001361 0.000000 0.000036 0.000000 0.000036 0.000000 
0.690000 0.000000 0.028784 0.000000 0.028784 0.000676 0.001283 0.000000 0.001283 0.000000 
0.710000 0.000000 0.211503 0.000016 0.211503 0.009316 0.020377 0.000016 0.020377 0.000000 
0.730000 0.000000 0.786076 0.000158 0.786076 0.050945 0.120300 0.000158 0.120300 0.000000 
0.750000 0.000000 1.738035 0.004623 1.738035 0.159433 0.385979 0.004623 0.385979 0.000801 
0.770000 0.000000 2.747251 0.053440 2.747251 0.338107 0.825730 0.053440 0.825730 0.008572 
0.790000 0.000010 3.438087 0.290348 3.438087 0.540668 1.269626 0.290348 1.269626 0.063035 
0.810000 0.000965 3.686496 0.882255 3.686496 0.723988 1.622756 0.882255 1.622756 0.226409 
0.830000 0.014621 3.580560 1.784406 3.580560 0.887688 1.817168 1.784406 1.817168 0.523853 
0.850000 0.101027 3.263800 2.691617 3.263800 0.956422 1.866097 2.691617 1.866097 0.915862 
0.870000 0.377941 2.851997 3.330100 2.851997 0.992085 1.809170 3.330100 1.809170 1.260548 
0.890000 0.913722 2.435932 3.578657 2.435932 0.982724 1.694259 3.578657 1.694259 1.504646 
0.910000 1.625706 2.071079 3.496196 2.071079 0.959349 1.531640 3.496196 1.531640 1.618195 
0.930000 2.292266 1.753424 3.220353 1.753424 0.949361 1.395803 3.220353 1.395803 1.635552 
0.950000 2.734151 1.488737 2.837923 1.488737 0.908993 1.264127 2.837923 1.264127 1.564247 
0.970000 2.917403 1.271051 2.446821 1.271051 0.882632 1.135926 2.446821 1.135926 1.455281 
0.990000 2.876126 1.096524 2.082613 1.096524 0.852252 1.045911 2.082613 1.045911 1.352798 
1.010000 2.680368 0.957256 1.763888 0.957256 0.828297 0.961866 1.763888 0.961866 1.231330 
1.030000 2.405978 0.846183 1.494801 0.846183 0.811422 0.883614 1.494801 0.883614 1.112571 
1.050000 2.111288 0.760713 1.275904 0.760713 0.797670 0.827323 1.275904 0.827323 1.002639 
1.070000 1.834446 0.686034 1.096747 0.686034 0.800779 0.785354 1.096747 0.785354 0.912294 
1.090000 1.586584 0.629346 0.955390 0.629346 0.794563 0.758513 0.955390 0.758513 0.845383 
1.110000 1.374712 0.589199 0.842618 0.589199 0.806113 0.728090 0.842618 0.728090 0.787707 
1.130000 1.195214 0.557871 0.750352 0.557871 0.811286 0.714494 0.750352 0.714494 0.728732 
1.150000 1.046755 0.531683 0.678143 0.531683 0.831280 0.704980 0.678143 0.704980 0.711486 
1.170000 0.928697 0.517686 0.619712 0.517686 0.844532 0.701859 0.619712 0.701859 0.672472 
1.190000 0.830795 0.507652 0.576188 0.507652 0.879102 0.713386 0.576188 0.713386 0.654556 
1.210000 0.752648 0.504649 0.539925 0.504649 0.913026 0.723055 0.539925 0.723055 0.639026 
1.230000 0.693757 0.507341 0.517532 0.507341 0.940501 0.743441 0.517532 0.743441 0.634811 
1.250000 0.646484 0.518090 0.500123 0.518090 0.972120 0.760276 0.500123 0.760276 0.627733 
1.270000 0.610956 0.530135 0.491453 0.530135 1.006662 0.791508 0.491453 0.791508 0.642262 
1.290000 0.585977 0.549931 0.488092 0.549931 1.042594 0.837232 0.488092 0.837232 0.661144 
1.310000 0.572701 0.574364 0.493209 0.574364 1.074060 0.862468 0.493209 0.862468 0.676107 
1.330000 0.563718 0.607323 0.503732 0.607323 1.102940 0.903459 0.503732 0.903459 0.716302 
1.350000 0.563160 0.640859 0.517670 0.640859 1.124683 0.945394 0.517670 0.945394 0.744723 
1.370000 0.570745 0.684885 0.540891 0.684885 1.144401 0.987034 0.540891 0.987034 0.783575 
1.390000 0.586355 0.731002 0.570905 0.731002 1.171976 1.031115 0.570905 1.031115 0.818179 
1.410000 0.607578 0.781687 0.606564 0.781687 1.184415 1.068604 0.606564 1.068604 0.871893 
1.430000 0.636455 0.833026 0.646926 0.833026 1.199654 1.106901 0.646926 1.106901 0.927525 
1.450000 0.672636 0.891351 0.694885 0.891351 1.212994 1.134221 0.694885 1.134221 0.977391 
1.470000 0.712979 0.948241 0.748086 0.948241 1.232472 1.157729 0.748086 1.157729 1.030345 
1.490000 0.761752 0.999355 0.808132 0.999355 1.244706 1.180109 0.808132 1.180109 1.085264 
1.510000 0.811524 1.046936 0.870026 1.046936 1.257029 1.211220 0.870026 1.211220 1.118359 
1.530000 0.864929 1.093108 0.925519 1.093108 1.286328 1.228053 0.925519 1.228053 1.167915 
1.550000 0.918171 1.131287 0.988553 1.131287 1.289941 1.242075 0.988553 1.242075 1.197433 
1.570000 0.971057 1.167242 1.042206 1.167242 1.287028 1.253253 1.042206 1.253253 1.226056 
1.590000 1.019685 1.198419 1.092609 1.198419 1.275429 1.279491 1.092609 1.279491 1.252971 
1.610000 1.062896 1.221434 1.137475 1.221434 1.250757 1.289625 1.137475 1.289625 1.267039 
1.630000 1.101874 1.241955 1.174077 1.241955 1.222378 1.302550 1.174077 1.302550 1.283654 
1.650000 1.135139 1.260562 1.202039 1.260562 1.184441 1.295853 1.202039 1.295853 1.308588 
1.670000 1.161052 1.281664 1.225907 1.281664 1.136783 1.285412 1.225907 1.285412 1.308265 
1.690000 1.180224 1.285831 1.245522 1.285831 1.091362 1.254566 1.245522 1.254566 1.322502 
1.710000 1.195127 1.287856 1.259442 1.287856 1.043354 1.222967 1.259442 1.222967 1.312847 
1.730000 1.201731 1.280809 1.271190 1.280809 0.998426 1.178770 1.271190 1.178770 1.308983 
1.750000 1.205397 1.266013 1.273991 1.266013 0.954040 1.137904 1.273991 1.137904 1.284903 
1.770000 1.205205 1.239307 1.276485 1.239307 0.913134 1.092887 1.276485 1.092887 1.262232 
1.790000 1.204372 1.207919 1.277901 1.207919 0.888406 1.044909 1.277901 1.044909 1.227226 
1.810000 1.199856 1.167166 1.267123 1.167166 0.853897 0.999073 1.267123 0.999073 1.189425 
1.830000 1.196028 1.126120 1.247512 1.126120 0.832895 0.958528 1.247512 0.958528 1.136577 
1.850000 1.188778 1.085874 1.221557 1.085874 0.820431 0.911173 1.221557 0.911173 1.092936 
1.870000 1.178834 1.043220 1.187735 1.043220 0.804240 0.884911 1.187735 0.884911 1.043812 
1.890000 1.166451 1.002063 1.147257 1.002063 0.796837 0.853626 1.147257 0.853626 0.994741 
1.910000 1.144634 0.963481 1.106974 0.963481 0.792388 0.829934 1.106974 0.829934 0.957282 
1.930000 1.122326 0.931218 1.067463 0.931218 0.789540 0.810112 1.067463 0.810112 0.912250 
1.950000 1.092977 0.900546 1.024525 0.900546 0.801980 0.797799 1.024525 0.797799 0.872991 
1.970000 1.064125 0.879233 0.982773 0.879233 0.807313 0.789996 0.982773 0.789996 0.841737 
1.990000 1.028546 0.859620 0.945931 0.859620 0.822640 0.792082 0.945931 0.792082 0.824459 
2.010000 0.997904 0.846225 0.916014 0.846225 0.838960 0.788467 0.916014 0.788467 0.805941 
2.030000 0.964594 0.838199 0.886513 0.838199 0.851370 0.796430 0.886513 0.796430 0.789522 
2.050000 0.935492 0.833902 0.862904 0.833902 0.881081 0.807288 0.862904 0.807288 0.785812 
2.070000 0.908599 0.832546 0.843611 0.832546 0.905458 0.824780 0.843611 0.824780 0.778568 
2.090000 0.886034 0.837619 0.834286 0.837619 0.925306 0.837560 0.834286 0.837560 0.779101 
2.110000 0.866502 0.847812 0.825935 0.847812 0.952675 0.857108 0.825935 0.857108 0.789423 
2.130000 0.850388 0.856591 0.820935 0.856591 0.972901 0.879042 0.820935 0.879042 0.802058 
2.150000 0.842236 0.872831 0.822588 0.872831 0.995157 0.904922 0.822588 0.904922 0.811667 
2.170000 0.836677 0.889595 0.830333 0.889595 1.018434 0.933928 0.830333 0.933928 0.838265 
2.190000 0.836475 0.909038 0.839652 0.909038 1.044210 0.953022 0.839652 0.953022 0.862412 
2.210000 0.841623 0.928144 0.853830 0.928144 1.053033 0.980771 0.853830 0.980771 0.881392 
2.230000 0.849889 0.947945 0.870629 0.947945 1.074510 1.000418 0.870629 1.000418 0.914913 
2.250000 0.860749 0.972526 0.890479 0.972526 1.082816 1.029954 0.890479 1.029954 0.932983 
2.270000 0.878198 0.990041 0.913029 0.990041 1.093261 1.050606 0.913029 1.050606 0.963030 
2.290000 0.895064 1.010807 0.935941 1.010807 1.105238 1.070605 0.935941 1.070605 0.983590 
2.310000 0.915653 1.028515 0.957668 1.028515 1.106486 1.085157 0.957668 1.085157 1.020225 
2.330000 0.937367 1.045292 0.980949 1.045292 1.108264 1.097660 0.980949 1.097660 1.039553 
2.350000 0.959093 1.059631 1.003697 1.059631 1.107765 1.100411 1.003697 1.100411 1.061095 
2.370000 0.981486 1.070009 1.024085 1.070009 1.104233 1.111726 1.024085 1.111726 1.076697 
2.390000 1.003102 1.079673 1.044782 1.079673 1.101232 1.114185 1.044782 1.114185 1.095234 
2.410000 1.024427 1.086510 1.060928 1.086510 1.096782 1.115014 1.060928 1.115014 1.101296 
2.430000 1.042526 1.089673 1.074821 1.089673 1.085959 1.111386 1.074821 1.111386 1.117997 
2.450000 1.056952 1.089546 1.085237 1.089546 1.077628 1.109132 1.085237 1.109132 1.117538 
2.470000 1.071231 1.089764 1.094473 1.089764 1.068030 1.103857 1.094473 1.103857 1.119450 
2.490000 1.082811 1.084863 1.097752 1.084863 1.062823 1.091034 1.097752 1.091034 1.122946 
2.510000 1.090803 1.080141 1.099801 1.080141 1.043829 1.086807 1.099801 1.086807 1.119593 
2.530000 1.096619 1.074359 1.097702 1.074359 1.035141 1.074756 1.097702 1.074756 1.110264 
2.550000 1.098148 1.065996 1.096043 1.065996 1.019977 1.064641 1.096043 1.064641 1.099946 
2.570000 1.097815 1.057983 1.090641 1.057983 1.006516 1.052351 1.090641 1.052351 1.088217 
2.590000 1.094116 1.047656 1.084054 1.047656 0.992249 1.037750 1.084054 1.037750 1.079143 
2.610000 1.089237 1.038837 1.075208 1.038837 0.978177 1.024757 1.075208 1.024757 1.067201 
2.630000 1.080571 1.027608 1.065385 1.027608 0.970751 1.013745 1.065385 1.013745 1.059864 
2.650000 1.071236 1.019353 1.055973 1.019353 0.966644 0.999339 1.055973 0.999339 1.040344 
2.670000 1.064150 1.008408 1.044787 1.008408 0.955168 0.988282 1.044787 0.988282 1.032686 
2.690000 1.052908 0.998176 1.034218 0.998176 0.949039 0.974680 1.034218 0.974680 1.014077 
2.710000 1.043187 0.986614 1.022934 0.986614 0.936811 0.960975 1.022934 0.960975 0.999036 
2.730000 1.031685 0.979203 1.011464 0.979203 0.933840 0.955284 1.011464 0.955284 0.992070 
2.750000 1.019664 0.970642 1.000769 0.970642 0.934645 0.946497 1.000769 0.946497 0.979628 
2.770000 1.010990 0.959789 0.991279 0.959789 0.937833 0.939910 0.991279 0.939910 0.966711 
2.790000 1.000098 0.955608 0.980712 0.955608 0.931903 0.935361 0.980712 0.935361 0.957773 
2.810000 0.989789 0.950115 0.970218 0.950115 0.938028 0.935936 0.970218 0.935936 0.948563 
2.830000 0.981116 0.946478 0.963076 0.946478 0.944044 0.932086 0.963076 0.932086 0.939566 
2.850000 0.971692 0.943239 0.954953 0.943239 0.947772 0.933671 0.954953 0.933671 0.929669 
2.870000 0.965083 0.941121 0.948747 0.941121 0.953288 0.936323 0.948747 0.936323 0.927286 
2.890000 0.958955 0.942110 0.944141 0.942110 0.966041 0.938630 0.944141 0.938630 0.927976 
2.910000 0.952099 0.944231 0.938810 0.944231 0.970461 0.943473 0.938810 0.943473 0.928317 
2.930000 0.948898 0.946028 0.939039 0.946028 0.980115 0.951891 0.939039 0.951891 0.930365 
2.950000 0.946169 0.952210 0.936907 0.952210 0.986224 0.957397 0.936907 0.957397 0.931336 
2.970000 0.943511 0.958061 0.937760 0.958061 0.996590 0.967230 0.937760 0.967230 0.943404 
2.990000 0.943088 0.964997 0.940795 0.964997 1.006698 0.976274 0.940795 0.976274 0.943757 
3.010000 0.943610 0.971751 0.945678 0.971751 1.016329 0.983859 0.945678 0.983859 0.953605 
3.030000 0.945493 0.980093 0.951906 0.980093 1.020865 0.997573 0.951906 0.997573 0.958675 
3.050000 0.949621 0.986289 0.957438 0.986289 1.025979 1.001910 0.957438 1.001910 0.971712 
3.070000 0.954870 0.995277 0.965397 0.995277 1.031520 1.008995 0.965397 1.008995 0.979544 
3.090000 0.959069 1.003489 0.974650 1.003489 1.035665 1.020563 0.974650 1.020563 0.987703 
3.110000 0.965621 1.010483 0.981626 1.010483 1.036007 1.024901 0.981626 1.024901 0.994320 
3.130000 0.972274 1.018801 0.990959 1.018801 1.037937 1.032326 0.990959 1.032326 1.010730 
3.150000 0.982185 1.023758 1.000431 1.023758 1.036376 1.036117 1.000431 1.036117 1.020023 
3.170000 0.989590 1.029925 1.007398 1.029925 1.040537 1.038367 1.007398 1.038367 1.026800 
3.190000 0.996537 1.032831 1.016219 1.032831 1.037460 1.041745 1.016219 1.041745 1.027047 
3.210000 1.004683 1.037364 1.022830 1.037364 1.035258 1.042620 1.022830 1.042620 1.037946 
3.230000 1.013450 1.038898 1.028999 1.038898 1.033448 1.039989 1.028999 1.039989 1.046824 
3.250000 1.020618 1.039382 1.034482 1.039382 1.026430 1.040079 1.034482 1.040079 1.045559 
3.270000 1.024374 1.040664 1.037857 1.040664 1.021181 1.039813 1.037857 1.039813 1.043677 
3.290000 1.029269 1.037099 1.040600 1.037099 1.017534 1.034424 1.040600 1.034424 1.045432 
3.310000 1.032663 1.036848 1.043062 1.036848 1.013197 1.029246 1.043062 1.029246 1.046049 
3.330000 1.037152 1.032669 1.042501 1.032669 1.006929 1.026369 1.042501 1.026369 1.046797 
3.350000 1.039629 1.027832 1.041561 1.027832 1.002985 1.021134 1.041561 1.021134 1.039105 
3.370000 1.039044 1.026200 1.038983 1.026200 1.003966 1.015400 1.038983 1.015400 1.037447 
3.390000 1.038372 1.021208 1.037805 1.021208 0.996513 1.012295 1.037805 1.012295 1.030297 
3.410000 1.037869 1.014791 1.033802 1.014791 0.989835 1.007105 1.033802 1.007105 1.027246 
3.430000 1.035138 1.010352 1.029265 1.010352 0.986143 1.000039 1.029265 1.000039 1.016573 
3.450000 1.032585 1.005949 1.025394 1.005949 0.984042 0.999437 1.025394 0.999437 1.015046 
3.470000 1.028610 1.001685 1.019739 1.001685 0.982718 0.990688 1.019739 0.990688 1.009862 
3.490000 1.024224 0.996779 1.014227 0.996779 0.982807 0.992106 1.014227 0.992106 1.005700 
3.510000 1.019191 0.992904 1.010151 0.992904 0.978890 0.982393 1.010151 0.982393 0.998269 
3.530000 1.015893 0.988350 1.004518 0.988350 0.977386 0.979099 1.004518 0.979099 0.994437 
3.550000 1.009879 0.985111 0.998669 0.985111 0.978792 0.978819 0.998669 0.978819 0.987210 
3.570000 1.005878 0.981675 0.994283 0.981675 0.977061 0.976881 0.994283 0.976881 0.984640 
3.590000 0.999914 0.979812 0.988813 0.979812 0.975540 0.975066 0.988813 0.975066 0.979526 
3.610000 0.996581 0.977576 0.986060 0.977576 0.979003 0.973942 0.986060 0.973942 0.977078 
3.630000 0.991403 0.976992 0.982748 0.976992 0.981184 0.974629 0.982748 0.974629 0.975986 
3.650000 0.987865 0.975170 0.979074 0.975170 0.981230 0.977501 0.979074 0.977501 0.975437 
3.670000 0.984332 0.976553 0.976638 0.976553 0.984581 0.976974 0.976638 0.976974 0.972088 
3.690000 0.980784 0.977666 0.975258 0.977666 0.988578 0.978099 0.975258 0.978099 0.973987 
3.710000 0.979210 0.976622 0.972982 0.976622 0.993600 0.981966 0.972982 0.981966 0.973999 
3.730000 0.977645 0.978562 0.972974 0.978562 0.993549 0.981847 0.972974 0.981847 0.974680 
3.750000 0.976457 0.981157 0.973925 0.981157 0.996840 0.985389 0.973925 0.985389 0.976067 
3.770000 0.976605 0.983271 0.974723 0.983271 1.000761 0.988587 0.974723 0.988587 0.974144 
3.790000 0.976192 0.984208 0.977320 0.984208 1.003673 0.990523 0.977320 0.990523 0.980005 
3.810000 0.976445 0.988675 0.977967 0.988675 1.006218 0.993930 0.977967 0.993930 0.982931 
3.830000 0.977377 0.991990 0.980446 0.991990 1.007000 0.997886 0.980446 0.997886 0.987355 
3.850000 0.979653 0.995260 0.983504 0.995260 1.010413 1.001894 0.983504 1.001894 0.989114 
3.870000 0.981902 0.998014 0.985677 0.998014 1.012729 1.006330 0.985677 1.006330 0.995078 
3.890000 0.984966 1.000298 0.988946 1.000298 1.018601 1.009257 0.988946 1.009257 0.998182 
3.910000 0.987347 1.004553 0.992812 1.004553 1.016754 1.013466 0.992812 1.013466 0.999376 
3.930000 0.990397 1.005858 0.996084 1.005858 1.018052 1.016086 0.996084 1.016086 1.001941 
3.950000 0.993201 1.009075 1.000144 1.009075 1.014518 1.016864 1.000144 1.016864 1.007521 
3.970000 0.995843 1.010659 1.003212 1.010659 1.015369 1.016912 1.003212 1.016912 1.012280 
3.990000 0.998781 1.013213 1.006750 1.013213 1.015843 1.016712 1.006750 1.016712 1.015627 
4.010000 1.002050 1.014564 1.009322 1.014564 1.014014 1.016813 1.009322 1.016813 1.015064 
4.030000 1.005098 1.016177 1.010936 1.016177 1.013848 1.017536 1.010936 1.017536 1.017888 
4.050000 1.007833 1.016187 1.012976 1.016187 1.011394 1.016787 1.012976 1.016787 1.015379 
4.070000 1.009706 1.016098 1.014927 1.016098 1.009227 1.015708 1.014927 1.015708 1.018317 
4.090000 1.012121 1.016359 1.016930 1.016359 1.009065 1.016018 1.016930 1.016018 1.018132 
4.110000 1.014601 1.015728 1.016533 1.015728 1.004433 1.012126 1.016533 1.012126 1.020620 
4.130000 1.015411 1.014908 1.018128 1.014908 1.003283 1.010900 1.018128 1.010900 1.019495 
4.150000 1.015709 1.012992 1.017789 1.012992 1.002294 1.009643 1.017789 1.009643 1.016323 
4.170000 1.016260 1.011501 1.016505 1.011501 0.998425 1.005943 1.016505 1.005943 1.017041 
4.190000 1.016367 1.009188 1.016282 1.009188 0.997841 1.004813 1.016282 1.004813 1.015736 
4.210000 1.015660 1.007768 1.014266 1.007768 0.996770 1.003782 1.014266 1.003782 1.008948 
4.230000 1.014794 1.004793 1.013062 1.004793 0.993134 1.000709 1.013062 1.000709 1.012310 
4.250000 1.013120 1.003105 1.011532 1.003105 0.995125 0.999471 1.011532 0.999471 1.006094 
4.270000 1.012249 1.001785 1.009751 1.001785 0.992958 0.995818 1.009751 0.995818 1.003784 
4.290000 1.010338 0.999445 1.006297 0.999445 0.990521 0.993674 1.006297 0.993674 1.000622 
4.310000 1.008523 0.997761 1.004607 0.997761 0.990526 0.993599 1.004607 0.993599 0.997920 
4.330000 1.007318 0.995233 1.002998 0.995233 0.989689 0.989492 1.002998 0.989492 0.997025 
4.350000 1.005022 0.993282 1.000753 0.993282 0.988679 0.989825 1.000753 0.989825 0.996178 
4.370000 1.003010 0.992310 0.998032 0.992310 0.989523 0.989312 0.998032 0.989312 0.995472 
4.390000 1.000352 0.991560 0.996537 0.991560 0.988843 0.989449 0.996537 0.989449 0.988851 
4.410000 0.998513 0.990445 0.993422 0.990445 0.991001 0.987585 0.993422 0.987585 0.987797 
4.430000 0.997226 0.989920 0.992521 0.989920 0.993500 0.987770 0.992521 0.987770 0.990535 
4.450000 0.994135 0.989855 0.991413 0.989855 0.993557 0.988790 0.991413 0.988790 0.987010 
4.470000 0.992710 0.989712 0.989404 0.989712 0.994842 0.990856 0.989404 0.990856 0.989865 
4.490000 0.992198 0.990044 0.988094 0.990044 0.994050 0.989813 0.988094 0.989813 0.987625 
4.510000 0.991345 0.989859 0.989895 0.989859 0.995211 0.990776 0.989895 0.990776 0.985949 
4.530000 0.990341 0.989709 0.988566 0.989709 0.995114 0.992312 0.988566 0.992312 0.988578 
4.550000 0.989236 0.991092 0.988858 0.991092 1.001195 0.992767 0.988858 0.992767 0.990244 
4.570000 0.989551 0.991896 0.989018 0.991896 1.000561 0.994808 0.989018 0.994808 0.990785 
4.590000 0.990111 0.993978 0.989217 0.993978 1.003361 0.993960 0.989217 0.993960 0.991520 
4.610000 0.989383 0.994674 0.990965 0.994674 1.003076 0.999674 0.990965 0.999674 0.993422 
4.630000 0.990183 0.996369 0.990644 0.996369 1.005487 0.999325 0.990644 0.999325 0.990813 
4.650000 0.991600 0.997692 0.993322 0.997692 1.006681 1.003287 0.993322 1.003287 0.996377 
4.670000 0.992503 0.999755 0.994160 0.999755 1.005199 1.001864 0.994160 1.001864 0.997791 
4.690000 0.993235 1.000036 0.994735 1.000036 1.006419 1.001492 0.994735 1.001492 1.001558 
4.710000 0.994371 1.002156 0.997398 1.002156 1.007350 1.005982 0.997398 1.005982 1.003439 
4.730000 0.995356 1.003316 0.999077 1.003316 1.005965 1.004636 0.999077 1.004636 1.003195 
4.750000 0.996521 1.003777 1.000463 1.003777 1.007507 1.007079 1.000463 1.007079 1.002964 
4.770000 0.998818 1.005041 1.001280 1.005041 1.005408 1.008233 1.001280 1.008233 1.006669 
4.790000 0.999411 1.005788 1.002364 1.005788 1.008874 1.006875 1.002364 1.006875 1.004005 
4.810000 1.000988 1.006836 1.003387 1.006836 1.003422 1.008864 1.003387 1.008864 1.006846 
4.830000 1.002207 1.007300 1.005393 1.007300 1.004962 1.008300 1.005393 1.008300 1.005727 
4.850000 1.003261 1.006977 1.005889 1.006977 1.006334 1.006290 1.005889 1.006290 1.007387 
4.870000 1.004887 1.006837 1.007082 1.006837 1.003660 1.007598 1.007082 1.007598 1.006758 
4.890000 1.005510 1.005994 1.007978 1.005994 1.004201 1.008431 1.007978 1.008431 1.008961 
4.910000 1.005521 1.006535 1.007209 1.006535 1.004490 1.006678 1.007209 1.006678 1.008579 
4.930000 1.006808 1.006360 1.007764 1.006360 1.005120 1.004915 1.007764 1.004915 1.007370 
4.950000 1.006595 1.005832 1.007210 1.005832 1.001192 1.005157 1.007210 1.005157 1.007195 
4.970000 1.007438 1.005967 1.007613 1.005967 1.000631 1.004709 1.007613 1.004709 1.006761 
4.990000 1.007870 1.003139 1.006839 1.003139 0.997292 1.002492 1.006839 1.002492 1.004900 
5.010000 1.007095 1.003332 1.005001 1.003332 0.999550 1.000666 1.005001 1.000666 1.003446 
5.030000 1.007576 1.002099 1.006144 1.002099 0.998863 1.002126 1.006144 1.002126 1.003439 
5.050000 1.006600 1.001201 1.005517 1.001201 0.996464 0.999995 1.005517 0.999995 1.004624 
5.070000 1.005681 1.000330 1.004314 1.000330 0.996081 0.998069 1.004314 0.998069 0.999624 
5.090000 1.004657 0.999548 1.002127 0.999548 0.998398 0.999408 1.002127 0.999408 1.001060 
5.110000 1.004374 0.998593 1.002081 0.998593 0.994889 0.998601 1.002081 0.998601 1.000995 
5.130000 1.002751 0.998289 1.000744 0.998289 0.994019 0.997309 1.000744 0.997309 0.998489 
5.150000 1.002034 0.997406 1.000687 0.997406 0.994856 0.995579 1.000687 0.995579 0.997545 
5.170000 1.000889 0.997045 0.998922 0.997045 0.997314 0.997593 0.998922 0.997593 0.996530 
5.190000 1.000086 0.996686 0.998315 0.996686 0.996209 0.994759 0.998315 0.994759 0.997709 
5.210000 0.999015 0.996339 0.997835 0.996339 0.995254 0.995645 0.997835 0.995645 0.995351 
5.230000 0.998544 0.995497 0.996415 0.995497 0.994836 0.994091 0.996415 0.994091 0.995454 
5.250000 0.997858 0.995912 0.995983 0.995912 0.997463 0.994617 0.995983 0.994617 0.995064 
5.270000 0.997543 0.994657 0.995965 0.994657 0.994954 0.995244 0.995965 0.995244 0.994144 
5.290000 0.996545 0.995200 0.995311 0.995200 0.998177 0.994345 0.995311 0.994345 0.993236 
5.310000 0.996066 0.995841 0.993870 0.995841 0.999623 0.993940 0.993870 0.993940 0.994505 
5.330000 0.995363 0.995500 0.995625 0.995500 0.999532 0.995628 0.995625 0.995628 0.995680 
5.350000 0.996314 0.995791 0.993832 0.995791 1.001374 0.997416 0.993832 0.997416 0.996952 
5.370000 0.995086 0.996473 0.994963 0.996473 0.999562 0.997344 0.994963 0.997344 0.994964 
5.390000 0.995294 0.997214 0.995629 0.997214 1.002291 0.999947 0.995629 0.999947 0.998073 
5.410000 0.995330 0.997838 0.996094 0.997838 1.000955 0.998258 0.996094 0.998258 0.995394 
5.430000 0.995849 0.997946 0.996891 0.997946 1.002862 0.998841 0.996891 0.998841 1.000664 
5.450000 0.996563 0.998684 0.996903 0.998684 1.001253 1.000502 0.996903 1.000502 0.998355 
5.470000 0.996048 0.998797 0.996807 0.998797 1.001896 0.999904 0.996807 0.999904 0.999007 
5.490000 0.996617 1.000397 0.998523 1.000397 1.004553 1.001357 0.998523 1.001357 0.999457 
5.510000 0.997450 1.001151 0.999048 1.001151 1.003101 1.004036 0.999048 1.004036 1.000274 
5.530000 0.997983 1.000723 0.999649 1.000723 1.003195 1.003628 0.999649 1.003628 1.002617 
5.550000 0.998816 1.001377 1.000098 1.001377 1.004897 1.003296 1.000098 1.003296 1.000878 
5.570000 0.999912 1.002151 0.999864 1.002151 1.002817 1.002999 0.999864 1.002999 1.002103 
5.590000 0.999191 1.003153 1.001042 1.003153 1.004250 1.002317 1.001042 1.002317 1.002947 
5.610000 1.000462 1.003063 1.002417 1.003063 1.002618 1.004058 1.002417 1.004058 1.003778 
5.630000 1.001546 1.003237 1.002273 1.003237 1.005390 1.003287 1.002273 1.003287 1.003669 
5.650000 1.001581 1.003219 1.002356 1.003219 1.000568 1.002839 1.002356 1.002839 1.003685 
5.670000 1.002296 1.002839 1.002673 1.002839 1.003042 1.003196 1.002673 1.003196 1.003515 
5.690000 1.002625 1.003442 1.003232 1.003442 1.002762 1.004979 1.003232 1.004979 1.006053 
5.710000 1.002857 1.002423 1.003064 1.002423 1.000410 1.002446 1.003064 1.002446 1.004533 
5.730000 1.002976 1.003524 1.003685 1.003524 1.000166 1.002587 1.003685 1.002587 1.001950 
5.750000 1.003403 1.002810 1.003271 1.002810 1.000190 1.001774 1.003271 1.001774 1.001898 
5.770000 1.003085 1.002552 1.003563 1.002552 0.999021 1.002034 1.003563 1.002034 1.002406 
5.790000 1.003238 1.002249 1.002691 1.002249 1.000937 1.000410 1.002691 1.000410 1.002609 
5.810000 1.002627 1.001356 1.003332 1.001356 0.999712 1.000451 1.003332 1.000451 1.004287 
5.830000 1.003692 1.001833 1.002930 1.001833 0.997675 1.000801 1.002930 1.000801 1.001537 
5.850000 1.003293 1.000449 1.002451 1.000449 0.998802 1.000002 1.002451 1.000002 1.001418 
5.870000 1.002496 1.000694 1.001990 1.000694 0.996109 0.998913 1.001990 0.998913 1.001589 
5.890000 1.002205 0.999569 1.002120 0.999569 0.999009 0.999539 1.002120 0.999539 0.999642 
5.910000 1.001900 0.999766 1.000696 0.999766 0.997531 0.997380 1.000696 0.997380 1.000468 
5.930000 1.001857 0.999170 1.000724 0.999170 0.998753 0.998731 1.000724 0.998731 0.998209 
5.950000 1.000876 0.998333 0.999995 0.998333 0.997641 0.997309 0.999995 0.997309 1.000750 
5.970000 1.000629 0.998405 0.999015 0.998405 0.998506 0.998089 0.999015 0.998089 0.999194 
5.990000 1.000280 0.998161 0.998689 0.998161 0.998727 0.997931 0.998689 0.997931 0.998315 
6.010000 0.999951 0.997498 0.998466 0.997498 0.999916 0.997881 0.998466 0.997881 0.998201 
6.030000 0.999380 0.998318 0.998220 0.998318 1.000834 0.997226 0.998220 0.997226 0.997376 
6.050000 0.998946 0.997618 0.998471 0.997618 0.998611 0.998618 0.998471 0.998618 0.998753 
6.070000 0.998834 0.998396 0.998121 0.998396 0.997797 0.998567 0.998121 0.998567 0.997157 
6.090000 0.998243 0.997721 0.997751 0.997721 0.997498 0.998551 0.997751 0.998551 0.998081 
6.110000 0.998189 0.997937 0.998040 0.997937 0.998581 0.998111 0.998040 0.998111 0.995838 
6.130000 0.997944 0.998008 0.997474 0.998008 0.998998 0.998574 0.997474 0.998574 0.998405 
6.150000 0.997877 0.998498 0.997899 0.998498 1.000917 0.999185 0.997899 0.999185 0.997032 
6.170000 0.997588 0.999180 0.997912 0.999180 1.000436 1.000395 0.997912 1.000395 0.997250 
6.190000 0.997761 0.998590 0.998561 0.998590 1.000309 0.998534 0.998561 0.998534 0.999998 
6.210000 0.998362 0.999071 0.997105 0.999071 1.000230 1.000380 0.997105 1.000380 0.997904 
6.230000 0.998141 0.999168 0.998076 0.999168 1.002085 1.000185 0.998076 1.000185 0.999815 
6.250000 0.998377 0.998565 0.999038 0.998565 1.001424 0.999499 0.999038 0.999499 0.998738 
6.270000 0.999025 0.999669 0.999187 0.999669 1.002983 1.000068 0.999187 1.000068 1.001695 
6.290000 0.998878 0.999739 0.999191 0.999739 1.000881 1.000715 0.999191 1.000715 1.000324 
6.310000 0.998720 1.000480 0.999263 1.000480 1.001972 0.999778 0.999263 0.999778 0.999674 
6.330000 0.999279 1.000751 0.999711 1.000751 1.002946 1.001362 0.999711 1.001362 0.999916 
6.350000 0.999746 1.000126 0.999695 1.000126 1.002051 1.002136 0.999695 1.002136 1.001378 
6.370000 0.999288 1.000898 1.000775 1.000898 1.000218 1.000136 1.000775 1.000136 1.000563 
6.390000 0.999863 1.001210 1.000830 1.001210 1.001740 1.002935 1.000830 1.002935 1.001903 
6.410000 1.000243 1.001573 1.000941 1.001573 1.000617 1.002298 1.000941 1.002298 1.003172 
6.430000 1.000710 1.001160 1.000738 1.001160 1.001686 1.001144 1.000738 1.001144 1.001007 
6.450000 1.000571 1.000928 1.000737 1.000928 1.001348 1.003715 1.000737 1.003715 1.001618 
6.470000 1.000905 1.001008 1.001693 1.001008 1.002075 1.002738 1.001693 1.002738 1.001909 
6.490000 1.000922 1.001617 1.001882 1.001617 1.000832 1.001164 1.001882 1.001164 1.001707 
6.510000 1.001171 1.001154 1.002032 1.001154 0.999984 1.000486 1.002032 1.000486 1.002358 
6.530000 1.001397 1.001789 1.001341 1.001789 1.001974 0.999981 1.001341 0.999981 1.000782 
6.550000 1.001882 1.001132 1.001048 1.001132 1.000951 1.000379 1.001048 1.000379 1.003873 
6.570000 1.001881 1.001323 1.002152 1.001323 1.000570 1.000815 1.002152 1.000815 1.000987 
6.590000 1.001928 1.001301 1.001038 1.001301 1.001658 1.002110 1.001038 1.002110 1.001515 
6.610000 1.001833 1.001251 1.001012 1.001251 0.998615 0.999851 1.001012 0.999851 1.001270 
6.630000 1.001447 1.000703 1.001566 1.000703 0.999961 1.000055 1.001566 1.000055 1.002067 
6.650000 1.001163 1.000049 1.000918 1.000049 1.000125 1.000919 1.000918 1.000919 1.000798 
6.670000 1.001398 1.000354 1.000800 1.000354 1.000743 0.999899 1.000800 0.999899 1.001416 
6.690000 1.000975 1.000086 1.000669 1.000086 0.998740 0.999730 1.000669 0.999730 1.000433 
6.710000 1.001462 0.999815 1.000224 0.999815 0.998357 0.999957 1.000224 0.999957 0.999895 
6.730000 1.000540 0.999505 1.000659 0.999505 0.999894 0.999603 1.000659 0.999603 0.997496 
6.750000 1.000498 0.999825 1.000037 0.999825 1.000317 0.999240 1.000037 0.999240 0.999150 
6.770000 0.999993 0.999447 0.999938 0.999447 0.999201 0.998831 0.999938 0.998831 0.998667 
6.790000 1.000182 0.999204 0.999298 0.999204 0.998562 1.000233 0.999298 1.000233 0.998912 
6.810000 0.999999 0.999447 0.999965 0.999447 0.999159 0.998738 0.999965 0.998738 1.001427 
6.830000 0.999878 0.999433 0.999804 0.999433 1.000579 0.997231 0.999804 0.997231 0.999624 
6.850000 0.999299 0.998951 0.998662 0.998951 0.999699 0.998796 0.998662 0.998796 1.000393 
6.870000 0.999537 0.998397 0.998947 0.998397 0.999364 0.998706 0.998947 0.998706 0.999238 
6.890000 0.999449 0.998774 0.998649 0.998774 0.999331 1.000365 0.998649 1.000365 0.999214 
6.910000 0.999127 0.999112 0.998647 0.999112 1.000047 0.998644 0.998647 0.998644 0.998990 
6.930000 0.999482 0.998521 0.998715 0.998521 0.998952 0.999223 0.998715 0.999223 0.999419 
6.950000 0.999202 0.999057 0.999096 0.999057 0.999948 1.000715 0.999096 1.000715 0.997029 
6.970000 0.998662 0.999183 0.998887 0.999183 1.001050 0.999514 0.998887 0.999514 0.997616 
6.990000 0.999149 0.998902 0.999528 0.998902 1.000061 1.000113 0.999528 1.000113 0.997896 
7.010000 0.999417 0.999604 0.999346 0.999604 1.000133 0.998959 0.999346 0.998959 0.999960 
7.030000 0.999229 0.999392 0.999581 0.999392 0.999398 0.999061 0.999581 0.999061 1.000136 
7.050000 0.998983 1.000060 0.999383 1.000060 0.999982 1.000814 0.999383 1.000814 0.999604 
7.070000 0.999822 0.999634 0.999544 0.999634 1.000071 0.999241 0.999544 0.999241 1.001844 
7.090000 0.999654 1.000188 0.999846 1.000188 1.000606 0.999916 0.999846 0.999916 1.000651 
7.110000 0.999187 1.000358 0.999249 1.000358 1.000807 1.000625 0.999249 1.000625 0.997416 
7.130000 0.999491 1.000113 0.999919 1.000113 1.001635 1.000390 0.999919 1.000390 1.000399 
7.150000 0.999707 1.000443 0.999710 1.000443 1.002821 1.001348 0.999710 1.001348 1.000650 
7.170000 0.999849 0.999778 1.000227 0.999778 1.001771 1.001327 1.000227 1.001327 1.000226 
7.190000 1.000080 1.000651 1.000999 1.000651 1.002294 1.000854 1.000999 1.000854 0.998955 
7.210000 1.000367 1.000826 1.000378 1.000826 1.000889 1.000951 1.000378 1.000951 1.002336 
7.230000 1.000415 1.000384 1.000696 1.000384 1.001658 1.000776 1.000696 1.000776 1.001823 
7.250000 1.000461 1.000579 1.000430 1.000579 1.001153 1.001812 1.000430 1.001812 1.001427 
7.270000 1.000950 1.000970 1.000621 1.000970 1.001020 1.001511 1.000621 1.001511 1.001602 
7.290000 1.000420 1.000666 1.001292 1.000666 1.000350 0.999823 1.001292 0.999823 1.000884 
7.310000 1.000647 1.000802 1.000925 1.000802 1.000569 1.000666 1.000925 1.000666 1.001522 
7.330000 1.000946 1.000366 1.000901 1.000366 1.000030 1.001170 1.000901 1.001170 1.000411 
7.350000 1.000520 1.001040 1.000295 1.001040 1.000361 1.001034 1.000295 1.001034 0.999913 
7.370000 1.000613 1.000888 1.000623 1.000888 0.999460 1.000277 1.000623 1.000277 1.001298 
7.390000 1.000706 1.000126 1.000703 1.000126 1.001039 0.999772 1.000703 0.999772 1.001935 
7.410000 1.000842 1.000409 1.000536 1.000409 1.000478 0.998799 1.000536 0.998799 1.000975 
7.430000 1.000673 1.000892 1.000447 1.000892 0.998859 0.999597 1.000447 0.999597 1.001296 
7.450000 1.000909 1.000376 1.000642 1.000376 1.000142 0.999535 1.000642 0.999535 1.001389 
7.470000 1.000829 0.999910 1.000415 0.999910 0.999310 0.999370 1.000415 0.999370 1.000159 
7.490000 1.000565 0.999527 1.000512 0.999527 1.000532 1.000089 1.000512 1.000089 0.999430 
7.510000 1.000830 0.999861 1.000192 0.999861 0.998289 0.999655 1.000192 0.999655 1.001729 
7.530000 1.000403 0.999782 0.999663 0.999782 1.000413 1.000542 0.999663 1.000542 1.000951 
7.550000 1.000405 0.999910 0.999984 0.999910 1.000103 1.000065 0.999984 1.000065 1.001157 
7.570000 1.000074 0.999750 0.999975 0.999750 1.001381 0.999482 0.999975 0.999482 1.000134 
7.590000 0.999964 0.999585 1.000025 0.999585 0.999250 1.000196 1.000025 1.000196 1.000498 
7.610000 1.000143 0.999970 0.999661 0.999970 0.999047 0.999179 0.999661 0.999179 0.999275 
7.630000 0.999963 0.999268 0.999996 0.999268 1.000341 1.000022 0.999996 1.000022 0.998749 
7.650000 0.999651 0.999715 0.999806 0.999715 1.000947 0.999407 0.999806 0.999407 0.999540 
7.670000 1.000036 0.999646 0.999317 0.999646 0.999559 0.999283 0.999317 0.999283 0.998847 
7.690000 0.999686 0.999882 0.999527 0.999882 1.000256 0.998918 0.999527 0.998918 1.000312 
7.710000 0.999404 0.999744 0.999165 0.999744 1.000092 0.999501 0.999165 0.999501 0.999159 
7.730000 0.999826 0.999618 0.999156 0.999618 1.001180 1.000401 0.999156 1.000401 0.999151 
7.750000 0.999887 0.999400 0.999150 0.999400 0.997535 1.000393 0.999150 1.000393 0.999121 
7.770000 0.999510 0.999123 0.999754 0.999123 0.999333 0.999583 0.999754 0.999583 1.000491 
7.790000 0.999771 0.999693 0.999753 0.999693 1.000649 1.000267 0.999753 1.000267 1.000450 
7.810000 0.999090 1.000107 0.999271 1.000107 0.999239 0.999669 0.999271 0.999669 0.999366 
7.830000 0.999508 0.999298 0.999656 0.999298 1.000037 0.999766 0.999656 0.999766 0.999890 
7.850000 0.999600 1.000338 0.999316 1.000338 1.000519 0.999859 0.999316 0.999859 0.999722 
7.870000 0.999874 0.999608 0.999847 0.999608 1.001570 1.000364 0.999847 1.000364 0.999897 
7.890000 1.000119 0.999794 0.999759 0.999794 1.000918 0.999620 0.999759 0.999620 1.000744 
7.910000 0.999604 0.999964 1.000445 0.999964 1.000404 1.001121 1.000445 1.001121 0.999373 
7.930000 1.000196 1.000124 0.999647 1.000124 1.000324 1.000627 0.999647 1.000627 1.002736 
7.950000 1.000163 0.999745 1.000618 0.999745 1.001468 1.000451 1.000618 1.000451 0.999833 
7.970000 1.000193 1.000593 0.999847 1.000593 0.999795 1.000740 0.999847 1.000740 1.001411 
7.990000 1.000137 0.999971 0.999768 0.999971 0.999427 1.000652 0.999768 1.000652 1.001669 
8.010000 1.000319 1.000304 1.000444 1.000304 1.000265 1.000235 1.000444 1.000235 0.999735 
8.030000 1.000175 1.000212 1.000116 1.000212 1.000457 0.999865 1.000116 0.999865 1.000852 
8.050000 1.000180 1.000206 1.000463 1.000206 1.000710 1.000143 1.000463 1.000143 1.000161 
8.070000 1.000739 1.000300 1.000442 1.000300 1.000055 1.000827 1.000442 1.000827 1.002001 
8.090000 1.000551 1.000575 1.001002 1.000575 0.999915 1.000743 1.001002 1.000743 1.000732 
8.110000 1.000463 1.000304 1.000083 1.000304 1.002518 1.000739 1.000083 1.000739 1.002181 
8.130000 1.000139 1.000549 1.000149 1.000549 1.000722 1.000288 1.000149 1.000288 0.999991 
8.150000 0.999877 0.999965 1.000363 0.999965 1.001043 1.000152 1.000363 1.000152 0.999738 
8.170000 1.000493 1.000525 1.000340 1.000525 0.998763 1.001276 1.000340 1.001276 0.999168 
8.190000 1.000548 1.000978 1.000573 1.000978 1.000958 1.000231 1.000573 1.000231 1.000858 
8.210000 1.000386 1.000031 1.000133 1.000031 0.999879 1.000454 1.000133 1.000454 1.000167 
8.230000 1.000331 1.000538 1.000560 1.000538 1.000374 1.000825 1.000560 1.000825 0.999298 
8.250000 1.000479 0.999834 1.000546 0.999834 0.999750 0.999867 1.000546 0.999867 1.000146 
8.270000 1.000553 1.000542 0.999992 1.000542 0.999401 1.000329 0.999992 1.000329 1.000861 
8.290000 1.000052 0.999809 1.000249 0.999809 0.998265 0.999433 1.000249 0.999433 0.999233 
8.310000 1.000009 0.999467 0.999880 0.999467 0.999144 0.999147 0.999880 0.999147 1.001003 
8.330000 1.000161 0.999616 1.000140 0.999616 0.999986 0.999850 1.000140 0.999850 1.001389 
8.350000 1.000109 1.000072 1.000357 1.000072 0.999394 1.000328 1.000357 1.000328 1.000428 
8.370000 1.000499 0.999756 1.000059 0.999756 1.000027 0.999937 1.000059 0.999937 1.000020 
8.390000 0.999816 0.999657 1.000506 0.999657 1.000122 0.999922 1.000506 0.999922 0.998991 
8.410000 1.000451 0.999913 0.999796 0.999913 0.999263 0.999365 0.999796 0.999365 1.000522 
8.430000 0.999967 1.000090 1.000237 1.000090 1.001418 0.999689 1.000237 0.999689 0.999492 
8.450000 1.000143 0.999579 0.999374 0.999579 0.999858 0.999766 0.999374 0.999766 1.000275 
8.470000 1.000027 0.999671 0.999603 0.999671 1.000080 0.999549 0.999603 0.999549 1.000199 
8.490000 1.000063 0.999653 0.999952 0.999653 1.002382 0.998489 0.999952 0.998489 0.999741 
8.510000 0.999846 1.000281 0.999823 1.000281 0.999750 0.999730 0.999823 0.999730 1.000460 
8.530000 0.999851 0.999763 0.999709 0.999763 1.000543 0.999296 0.999709 0.999296 1.001404 
8.550000 0.999943 0.999652 0.999714 0.999652 1.000937 0.999895 0.999714 0.999895 1.000992 
8.570000 0.999740 0.999836 0.999788 0.999836 1.000013 1.000414 0.999788 1.000414 0.999182 
8.590000 1.000095 0.999848 0.999499 0.999848 1.000446 0.999880 0.999499 0.999880 0.998819 
8.610000 0.999799 1.000157 0.999701 1.000157 1.000537 1.000531 0.999701 1.000531 1.000247 
8.630000 0.999945 0.999858 0.999835 0.999858 1.000361 1.000075 0.999835 1.000075 0.997768 
8.650000 0.999953 0.999885 0.999818 0.999885 1.000157 0.999894 0.999818 0.999894 0.999017 
8.670000 0.999734 1.000486 1.000162 1.000486 0.999191 1.001875 1.000162 1.001875 1.001098 
8.690000 1.000033 1.000084 0.999632 1.000084 1.000401 0.999975 0.999632 0.999975 0.998858 
8.710000 1.000143 1.000055 0.999897 1.000055 0.999310 1.000346 0.999897 1.000346 1.000394 
8.730000 1.000017 0.999989 1.000127 0.999989 1.000893 1.000879 1.000127 1.000879 1.000586 
8.750000 0.999825 0.999512 1.000445 0.999512 1.000115 1.000774 1.000445 1.000774 1.000517 
8.770000 0.999975 1.000240 1.000102 1.000240 0.999049 0.999742 1.000102 0.999742 1.000155 
8.790000 1.000081 1.000459 0.999858 1.000459 0.999727 1.000633 0.999858 1.000633 1.001431 
8.810000 0.999944 1.000007 1.000299 1.000007 1.000293 0.999857 1.000299 0.999857 1.000490 
8.830000 0.999928 1.000138 1.000380 1.000138 1.000414 1.000293 1.000380 1.000293 1.001085 
8.850000 1.000241 0.999864 1.000039 0.999864 1.000724 1.000615 1.000039 1.000615 1.000840 
8.870000 1.000492 0.999414 1.000306 0.999414 1.001079 0.999995 1.000306 0.999995 1.000294 
8.890000 1.000314 1.000211 1.000386 1.000211 1.001412 1.001305 1.000386 1.001305 0.999805 
8.910000 1.000278 1.000223 1.000311 1.000223 1.000459 1.000199 1.000311 1.000199 1.001409 
8.930000 1.000429 1.000408 1.000008 1.000408 0.999984 1.000476 1.000008 1.000476 1.000957 
8.950000 1.000412 0.999971 0.999963 0.999971 1.000024 1.000092 0.999963 1.000092 0.999392 
8.970000 1.000240 1.000406 0.999552 1.000406 0.999869 1.000655 0.999552 1.000655 1.001201 
8.990000 1.000421 1.000258 1.000001 1.000258 0.999714 1.000174 1.000001 1.000174 1.000916 
9.010000 1.000308 0.999851 1.000207 0.999851 1.000559 1.000517 1.000207 1.000517 1.000484 
9.030000 1.000256 0.999996 1.000170 0.999996 1.000442 1.000909 1.000170 1.000909 1.000126 
9.050000 1.000305 1.000112 1.000012 1.000112 1.000643 1.001296 1.000012 1.001296 1.000810 
9.070000 1.000259 0.999499 1.000055 0.999499 0.999963 0.999904 1.000055 0.999904 0.999532 
9.090000 1.000062 1.000427 1.000246 1.000427 1.000266 0.999922 1.000246 0.999922 1.001389 
9.110000 1.000275 0.999707 1.000340 0.999707 1.000749 0.999486 1.000340 0.999486 1.001905 
9.130000 1.000014 1.000020 0.999915 1.000020 1.001288 1.000188 0.999915 1.000188 0.999479 
9.150000 1.000359 1.000005 0.999907 1.000005 1.000106 0.999154 0.999907 0.999154 0.999846 
9.170000 1.000020 0.999909 0.999968 0.999909 0.999470 1.000058 0.999968 1.000058 0.999629 
9.190000 1.000161 1.000279 0.999819 1.000279 0.999700 1.000251 0.999819 1.000251 1.000610 
9.210000 1.000009 1.000127 0.999764 1.000127 0.999700 0.999056 0.999764 0.999056 0.999295 
9.230000 1.000200 0.999984 0.999970 0.999984 1.000003 0.999799 0.999970 0.999799 1.000160 
9.250000 1.000106 0.999710 0.999731 0.999710 1.000368 0.998565 0.999731 0.998565 0.999996 
9.270000 1.000263 1.000341 0.999674 1.000341 1.001224 1.000188 0.999674 1.000188 1.001027 
9.290000 0.999812 0.999677 0.999900 0.999677 1.000428 1.000225 0.999900 1.000225 1.000252 
9.310000 1.000283 0.999443 1.000309 0.999443 1.000390 0.999914 1.000309 0.999914 0.999491 
9.330000 0.999726 0.999968 0.999930 0.999968 0.998839 1.000470 0.999930 1.000470 1.000890 
9.350000 1.000048 0.999937 0.999975 0.999937 1.001266 0.999941 0.999975 0.999941 1.000032 
9.370000 1.000042 0.999913 0.999988 0.999913 1.000073 1.000442 0.999988 1.000442 1.000322 
9.390000 1.000104 1.000281 0.999472 1.000281 1.000457 0.999412 0.999472 0.999412 0.999181 
9.410000 1.000200 0.999634 1.000204 0.999634 1.000876 0.999750 1.000204 0.999750 1.000871 
9.430000 1.000026 1.000138 0.999937 1.000138 0.999929 0.999716 0.999937 0.999716 1.000439 
9.450000 0.999864 0.999840 0.999854 0.999840 0.998793 1.000977 0.999854 1.000977 1.000465 
9.470000 1.000191 1.000094 0.999880 1.000094 1.001619 0.998984 0.999880 0.998984 1.000193 
9.490000 1.000267 1.000316 1.000061 1.000316 0.999867 0.999835 1.000061 0.999835 0.999706 
9.510000 1.000001 0.999622 0.999820 0.999622 0.999071 1.000352 0.999820 1.000352 0.999309 
9.530000 0.999829 0.999889 1.000124 0.999889 0.999969 1.000074 1.000124 1.000074 1.000611 
9.550000 1.000206 1.000099 1.000363 1.000099 1.000668 1.000533 1.000363 1.000533 0.999802 
9.570000 1.000068 0.999889 1.000111 0.999889 1.000848 0.999932 1.000111 0.999932 1.001211 
9.590000 0.999788 1.000351 1.000137 1.000351 1.000635 1.000584 1.000137 1.000584 1.000705 
9.610000 0.999888 1.000377 1.000244 1.000377 0.998843 1.000431 1.000244 1.000431 1.000403 
9.630000 1.000193 1.000573 1.000203 1.000573 1.000045 1.000597 1.000203 1.000597 1.000807 
9.650000 1.000217 1.000025 1.000321 1.000025 0.999327 1.000054 1.000321 1.000054 1.000802 
9.670000 1.000253 0.999972 0.999950 0.999972 1.000307 0.999061 0.999950 0.999061 1.000880 
9.690000 0.999987 1.000025 1.000346 1.000025 1.001554 1.000140 1.000346 1.000140 1.000548 
9.710000 1.000252 1.000359 1.000071 1.000359 1.002255 0.999862 1.000071 0.999862 1.000266 
9.730000 1.000185 1.000118 1.000243 1.000118 1.000771 0.999893 1.000243 0.999893 1.000388 
9.750000 1.000101 1.000118 0.999810 1.000118 1.000212 1.000211 0.999810 1.000211 1.000223 
9.770000 1.000320 1.000420 1.000215 1.000420 0.998798 1.000916 1.000215 1.000916 1.000719 
9.790000 1.000005 0.999547 0.999878 0.999547 0.999083 1.000564 0.999878 1.000564 1.000551 
9.810000 1.000190 1.000212 0.999863 1.000212 1.002218 1.000261 0.999863 1.000261 1.000149 
9.830000 1.000148 0.999961 0.999913 0.999961 0.999581 1.000477 0.999913 1.000477 1.000874 
9.850000 0.999887 0.999849 1.000125 0.999849 0.999825 0.999779 1.000125 0.999779 1.001236 
9.870000 1.000219 1.000237 0.999994 1.000237 1.001161 1.000117 0.999994 1.000117 0.999383 
9.890000 1.000135 0.999830 1.000152 0.999830 1.000195 1.000194 1.000152 1.000194 1.001097 
9.910000 1.000015 0.999856 0.999732 0.999856 0.998908 0.999441 0.999732 0.999441 0.999294 
9.930000 1.000331 1.000347 1.000082 1.000347 1.000480 1.000240 1.000082 1.000240 0.999927 
9.950000 1.000146 0.999591 1.000209 0.999591 1.001021 1.000533 1.000209 1.000533 0.999555 
9.970000 1.000676 0.999746 0.999772 0.999746 0.999603 0.999521 0.999772 0.999521 1.000313 
9.990000 0.999951 0.999948 1.000004 0.999948 1.001281 0.999693 1.000004 0.999693 1.000720 
10.010000 0.997124 0.996762 0.996909 0.996762 0.997727 0.996981 0.996909 0.996981 0.997104 
10.030000 0.991372 0.990793 0.990888 0.990793 0.990772 0.990670 0.990888 0.990670 0.991900 
10.050000 0.985183 0.985086 0.985090 0.985086 0.985057 0.985521 0.985090 0.985521 0.986175 
10.070000 0.979227 0.979070 0.978912 0.979070 0.978759 0.978557 0.978912 0.978557 0.978812 
10.090000 0.973077 0.972869 0.973235 0.972869 0.972447 0.973380 0.973235 0.973380 0.973584 
10.110000 0.967404 0.967437 0.967262 0.967437 0.967313 0.967733 0.967262 0.967733 0.967918 
10.130000 0.961658 0.961776 0.961470 0.961776 0.961966 0.961919 0.961470 0.961919 0.962319 
10.150000 0.955647 0.955600 0.955630 0.955600 0.957482 0.955534 0.955630 0.955534 0.955292 
10.170000 0.950099 0.949460 0.949718 0.949460 0.949351 0.949816 0.949718 0.949816 0.949499 
10.190000 0.944416 0.943846 0.944154 0.943846 0.944195 0.944889 0.944154 0.944889 0.943487 
10.210000 0.938083 0.938463 0.938520 0.938463 0.938915 0.938297 0.938520 0.938297 0.937588 
10.230000 0.932559 0.932613 0.932532 0.932613 0.932615 0.932409 0.932532 0.932409 0.933121 
10.250000 0.926795 0.926465 0.926959 0.926465 0.926528 0.926930 0.926959 0.926930 0.927345 
10.270000 0.921364 0.921475 0.921213 0.921475 0.921533 0.921152 0.921213 0.921152 0.922552 
10.290000 0.915503 0.915284 0.915699 0.915284 0.916416 0.915668 0.915699 0.915668 0.916054 
10.310000 0.910112 0.909858 0.910153 0.909858 0.909531 0.910053 0.910153 0.910053 0.910961 
10.330000 0.904333 0.904451 0.904415 0.904451 0.904092 0.904199 0.904415 0.904199 0.904561 
10.350000 0.898637 0.898752 0.898711 0.898752 0.899708 0.898954 0.898711 0.898954 0.898280 
10.370000 0.893100 0.893042 0.892950 0.893042 0.893082 0.892677 0.892950 0.892677 0.892436 
10.390000 0.887635 0.887425 0.887287 0.887425 0.887390 0.887301 0.887287 0.887301 0.886978 
10.410000 0.881877 0.881910 0.881838 0.881910 0.881553 0.882692 0.881838 0.882692 0.881338 
10.430000 0.876349 0.876637 0.876494 0.876637 0.876601 0.876381 0.876494 0.876381 0.876545 
10.450000 0.870863 0.870874 0.870799 0.870874 0.871624 0.870815 0.870799 0.870815 0.869617 
10.470000 0.865417 0.865525 0.865642 0.865525 0.864648 0.865473 0.865642 0.865473 0.865685 
10.490000 0.859985 0.860161 0.859929 0.860161 0.859348 0.859943 0.859929 0.859943 0.860283 
10.510000 0.854642 0.854510 0.854984 0.854510 0.855480 0.854732 0.854984 0.854732 0.854730 
10.530000 0.848877 0.848627 0.848674 0.848627 0.849436 0.849781 0.848674 0.849781 0.849570 
10.550000 0.843586 0.843706 0.843503 0.843706 0.844125 0.843711 0.843503 0.843711 0.844965 
10.570000 0.838205 0.838120 0.838213 0.838120 0.838267 0.838359 0.838213 0.838359 0.838409 
10.590000 0.832801 0.832839 0.832657 0.832839 0.832855 0.833120 0.832657 0.833120 0.832584 
10.610000 0.827382 0.827577 0.827732 0.827577 0.827545 0.827903 0.827732 0.827903 0.827180 
10.630000 0.822479 0.822015 0.821919 0.822015 0.821877 0.821903 0.821919 0.821903 0.822310 
10.650000 0.817210 0.816796 0.816658 0.816796 0.816280 0.816599 0.816658 0.816599 0.817593 
10.670000 0.812022 0.811448 0.811772 0.811448 0.812646 0.811919 0.811772 0.811919 0.811983 
10.690000 0.806251 0.806620 0.806275 0.806620 0.806160 0.806443 0.806275 0.806443 0.805826 
10.710000 0.801142 0.801044 0.801083 0.801044 0.800285 0.800973 0.801083 0.800973 0.800555 
10.730000 0.795956 0.796071 0.795742 0.796071 0.795172 0.796166 0.795742 0.796166 0.796086 
10.750000 0.790584 0.790653 0.790522 0.790653 0.791186 0.790532 0.790522 0.790532 0.790876 
10.770000 0.785748 0.785468 0.785603 0.785468 0.785699 0.785714 0.785603 0.785714 0.786887 
10.790000 0.780221 0.780375 0.780309 0.780375 0.780129 0.779960 0.780309 0.779960 0.780508 
10.810000 0.775592 0.775364 0.775456 0.775364 0.775802 0.775337 0.775456 0.775337 0.776378 
10.830000 0.770043 0.770019 0.770125 0.770019 0.770869 0.769822 0.770125 0.769822 0.769680 
10.850000 0.764988 0.765157 0.765210 0.765157 0.765329 0.764571 0.765210 0.764571 0.764457 
10.870000 0.760231 0.759867 0.760295 0.759867 0.761001 0.759991 0.760295 0.759991 0.760312 
10.890000 0.755049 0.754481 0.755010 0.754481 0.755206 0.755107 0.755010 0.755107 0.754879 
10.910000 0.749845 0.749806 0.749885 0.749806 0.749997 0.750233 0.749885 0.750233 0.750161 
10.930000 0.744869 0.744555 0.744640 0.744555 0.745006 0.744582 0.744640 0.744582 0.745856 
10.950000 0.739879 0.739545 0.739710 0.739545 0.739107 0.740017 0.739710 0.740017 0.739514 
10.970000 0.734914 0.734555 0.734793 0.734555 0.734969 0.734906 0.734793 0.734906 0.733910 
10.990000 0.729806 0.729875 0.729753 0.729875 0.729779 0.729973 0.729753 0.729973 0.729917 
11.010000 0.724552 0.724765 0.724649 0.724765 0.725187 0.725111 0.724649 0.725111 0.724835 
11.030000 0.719800 0.719906 0.719643 0.719906 0.720097 0.719936 0.719643 0.719936 0.719342 
11.050000 0.714949 0.715138 0.714860 0.715138 0.714566 0.714988 0.714860 0.714988 0.714955 
11.070000 0.710361 0.709889 0.710123 0.709889 0.709885 0.710154 0.710123 0.710154 0.710516 
11.090000 0.705467 0.705369 0.705318 0.705369 0.705145 0.704807 0.705318 0.704807 0.704654 
11.110000 0.700570 0.700368 0.700240 0.700368 0.701010 0.700628 0.700240 0.700628 0.700313 
11.130000 0.695419 0.695357 0.695023 0.695357 0.694545 0.696067 0.695023 0.696067 0.695853 
11.150000 0.690469 0.690488 0.690501 0.690488 0.689691 0.690720 0.690501 0.690720 0.690802 
11.170000 0.685858 0.685856 0.685826 0.685856 0.686136 0.685955 0.685826 0.685955 0.685748 
11.190000 0.680934 0.681067 0.681085 0.681067 0.681585 0.681255 0.681085 0.681255 0.681451 
11.210000 0.676440 0.675986 0.676315 0.675986 0.675995 0.676552 0.676315 0.676552 0.675474 
11.230000 0.671420 0.671464 0.671596 0.671464 0.671354 0.671494 0.671596 0.671494 0.671467 
11.250000 0.666853 0.666286 0.666528 0.666286 0.666449 0.667619 0.666528 0.667619 0.667141 
11.270000 0.662035 0.662064 0.662215 0.662064 0.662645 0.662391 0.662215 0.662391 0.663043 
11.290000 0.657213 0.657362 0.657082 0.657362 0.657675 0.657420 0.657082 0.657420 0.657059 
11.310000 0.652646 0.652644 0.652476 0.652644 0.652360 0.653093 0.652476 0.653093 0.653037 
11.330000 0.647938 0.647975 0.647670 0.647975 0.648280 0.647832 0.647670 0.647832 0.648876 
11.350000 0.643188 0.643023 0.643184 0.643023 0.643812 0.642650 0.643184 0.642650 0.644057 
11.370000 0.638448 0.638438 0.638390 0.638438 0.639046 0.638399 0.638390 0.638399 0.638009 
11.390000 0.634043 0.633900 0.634131 0.633900 0.634094 0.634529 0.634131 0.634529 0.634512 
11.410000 0.629356 0.629310 0.629202 0.629310 0.629812 0.629196 0.629202 0.629196 0.629631 
11.430000 0.624782 0.624516 0.624524 0.624516 0.624653 0.624820 0.624524 0.624820 0.624423 
11.450000 0.619973 0.620261 0.619964 0.620261 0.619781 0.620183 0.619964 0.620183 0.620098 
11.470000 0.615677 0.615551 0.615471 0.615551 0.615718 0.615213 0.615471 0.615213 0.615776 
11.490000 0.610899 0.610742 0.610901 0.610742 0.610409 0.610859 0.610901 0.610859 0.611677 
11.510000 0.606576 0.606444 0.606386 0.606444 0.606721 0.606602 0.606386 0.606602 0.606724 
11.530000 0.602073 0.601688 0.602017 0.601688 0.602065 0.601802 0.602017 0.601802 0.602367 
11.550000 0.597460 0.597445 0.597763 0.597445 0.596627 0.597705 0.597763 0.597705 0.597272 
11.570000 0.592999 0.592982 0.592875 0.592982 0.593430 0.592914 0.592875 0.592914 0.592964 
11.590000 0.588589 0.588535 0.588530 0.588535 0.589271 0.588447 0.588530 0.588447 0.588336 
11.610000 0.583995 0.584067 0.583965 0.584067 0.584433 0.584082 0.583965 0.584082 0.584110 
11.630000 0.579690 0.579717 0.579508 0.579717 0.580037 0.579209 0.579508 0.579209 0.579806 
11.650000 0.574978 0.575271 0.575052 0.575271 0.575356 0.575114 0.575052 0.575114 0.575296 
11.670000 0.570582 0.570832 0.570927 0.570832 0.570756 0.570880 0.570927 0.570880 0.570850 
11.690000 0.566466 0.566286 0.566217 0.566286 0.566281 0.565922 0.566217 0.565922 0.566620 
11.710000 0.561998 0.562044 0.562090 0.562044 0.562085 0.562345 0.562090 0.562345 0.561807 
11.730000 0.557377 0.557502 0.557404 0.557502 0.558074 0.557263 0.557404 0.557263 0.558315 
11.750000 0.553325 0.553142 0.553347 0.553142 0.552929 0.553002 0.553347 0.553002 0.553682 
11.770000 0.549047 0.549165 0.549017 0.549165 0.548978 0.548716 0.549017 0.548716 0.549657 
11.790000 0.544696 0.544038 0.544419 0.544038 0.543543 0.544501 0.544419 0.544501 0.544504 
11.810000 0.540389 0.540011 0.540419 0.540011 0.540529 0.540017 0.540419 0.540017 0.540854 
11.830000 0.536113 0.535999 0.535937 0.535999 0.536330 0.535395 0.535937 0.535395 0.535531 
11.850000 0.531612 0.531611 0.531651 0.531611 0.532176 0.531438 0.531651 0.531438 0.531865 
11.870000 0.527466 0.527105 0.527351 0.527105 0.527688 0.527211 0.527351 0.527211 0.527171 
11.890000 0.523222 0.523195 0.523160 0.523195 0.523646 0.523280 0.523160 0.523280 0.523417 
11.910000 0.518903 0.518877 0.518866 0.518877 0.519055 0.518545 0.518866 0.518545 0.518956 
11.930000 0.514865 0.514891 0.514689 0.514891 0.514846 0.514392 0.514689 0.514392 0.514542 
11.950000 0.510523 0.510783 0.510401 0.510783 0.510519 0.510909 0.510401 0.510909 0.510659 
11.970000 0.506203 0.506254 0.506217 0.506254 0.505478 0.506373 0.506217 0.506373 0.505819 
11.990000 0.502126 0.502228 0.502155 0.502228 0.501675 0.502356 0.502155 0.502356 0.502360 
12.010000 0.497819 0.497877 0.497879 0.497877 0.498585 0.497911 0.497879 0.497911 0.497648 
12.030000 0.493647 0.493645 0.493698 0.493645 0.494435 0.494093 0.493698 0.494093 0.494427 
12.050000 0.489678 0.489632 0.489651 0.489632 0.489710 0.489537 0.489651 0.489537 0.489931 
12.070000 0.485555 0.485504 0.485494 0.485504 0.485338 0.485472 0.485494 0.485472 0.484940 
12.090000 0.481469 0.481159 0.481616 0.481159 0.480985 0.481746 0.481616 0.481746 0.481122 
12.110000 0.477299 0.477257 0.477274 0.477257 0.476669 0.477311 0.477274 0.477311 0.477634 
12.130000 0.473231 0.473266 0.473177 0.473266 0.472915 0.473198 0.473177 0.473198 0.472972 
12.150000 0.469213 0.468954 0.469431 0.468954 0.468772 0.469301 0.469431 0.469301 0.469067 
12.170000 0.465217 0.465000 0.465133 0.465000 0.465214 0.465111 0.465133 0.465111 0.465231 
12.190000 0.460986 0.461147 0.460976 0.461147 0.461270 0.461405 0.460976 0.461405 0.460881 
12.210000 0.457247 0.457054 0.457034 0.457054 0.457508 0.456767 0.457034 0.456767 0.456935 
12.230000 0.453085 0.453138 0.452941 0.453138 0.453232 0.453586 0.452941 0.453586 0.453081 
12.250000 0.449004 0.449022 0.448963 0.449022 0.449668 0.449401 0.448963 0.449401 0.448932 
12.270000 0.445056 0.444936 0.445274 0.444936 0.445173 0.445528 0.445274 0.445528 0.444364 
12.290000 0.441017 0.441064 0.441181 0.441064 0.441087 0.441545 0.441181 0.441545 0.441449 
12.310000 0.437220 0.436990 0.437142 0.436990 0.437597 0.436820 0.437142 0.436820 0.437152 
12.330000 0.433149 0.433224 0.432959 0.433224 0.433362 0.433204 0.432959 0.433204 0.433275 
12.350000 0.429298 0.429107 0.428888 0.429107 0.429258 0.429218 0.428888 0.429218 0.429194 
12.370000 0.425304 0.425270 0.425094 0.425270 0.425423 0.425251 0.425094 0.425251 0.425513 
12.390000 0.421422 0.421300 0.421241 0.421300 0.421654 0.421124 0.421241 0.421124 0.421242 
12.410000 0.417331 0.417209 0.417306 0.417209 0.417264 0.417815 0.417306 0.417815 0.417817 
12.430000 0.413473 0.413319 0.413664 0.413319 0.413412 0.413827 0.413664 0.413827 0.413147 
12.450000 0.409776 0.409765 0.409573 0.409765 0.409776 0.409660 0.409573 0.409660 0.410111 
12.470000 0.405790 0.405956 0.405674 0.405956 0.405543 0.405514 0.405674 0.405514 0.405854 
12.490000 0.402074 0.401787 0.401983 0.401787 0.402093 0.401845 0.401983 0.401845 0.402008 
12.510000 0.398202 0.397863 0.398206 0.397863 0.397384 0.398011 0.398206 0.398011 0.398322 
12.530000 0.394341 0.394182 0.394112 0.394182 0.393949 0.394216 0.394112 0.394216 0.393875 
12.550000 0.390451 0.390388 0.390338 0.390388 0.391136 0.390264 0.390338 0.390264 0.390614 
12.570000 0.386550 0.386703 0.386815 0.386703 0.386813 0.386592 0.386815 0.386592 0.386582 
12.590000 0.382914 0.382900 0.382812 0.382900 0.382892 0.383094 0.382812 0.383094 0.383254 
12.610000 0.379050 0.379252 0.379135 0.379252 0.378951 0.379530 0.379135 0.379530 0.378968 
12.630000 0.375254 0.375240 0.375411 0.375240 0.375339 0.375127 0.375411 0.375127 0.375539 
12.650000 0.371541 0.371617 0.371753 0.371617 0.371543 0.371631 0.371753 0.371631 0.371315 
12.670000 0.367866 0.367887 0.367927 0.367887 0.368197 0.368064 0.367927 0.368064 0.367936 
12.690000 0.364100 0.363982 0.363844 0.363982 0.364485 0.364700 0.363844 0.364700 0.364952 
12.710000 0.360382 0.360314 0.360342 0.360314 0.360001 0.360146 0.360342 0.360146 0.360551 
12.730000 0.356674 0.356566 0.356676 0.356566 0.356680 0.356706 0.356676 0.356706 0.357056 
12.750000 0.352961 0.352778 0.352919 0.352778 0.352889 0.352539 0.352919 0.352539 0.353085 
12.770000 0.349313 0.349135 0.349221 0.349135 0.349186 0.349480 0.349221 0.349480 0.349115 
12.789999 0.345612 0.345727 0.345432 0.345727 0.345936 0.345763 0.345432 0.345763 0.345777 
12.809999 0.341944 0.341794 0.341809 0.341794 0.341877 0.341920 0.341809 0.341920 0.342251 
12.830000 0.338387 0.338542 0.338199 0.338542 0.338121 0.338269 0.338199 0.338269 0.338348 
12.850000 0.334788 0.334867 0.334615 0.334867 0.334818 0.334646 0.334615 0.334646 0.334583 
12.870000 0.331116 0.330958 0.331152 0.330958 0.330810 0.331168 0.331152 0.331168 0.331357 
12.890000 0.327328 0.327557 0.327458 0.327557 0.327187 0.327319 0.327458 0.327319 0.327439 
12.910000 0.323674 0.323643 0.323841 0.323643 0.323857 0.323831 0.323841 0.323831 0.323610 
12.930000 0.320315 0.320290 0.320206 0.320290 0.320226 0.320110 0.320206 0.320110 0.320199 
12.950000 0.316542 0.316698 0.316575 0.316698 0.316838 0.316264 0.316575 0.316264 0.316997 
12.970000 0.313071 0.313068 0.312906 0.313068 0.313262 0.313163 0.312906 0.313163 0.313288 
12.990000 0.309523 0.309542 0.309486 0.309542 0.309233 0.309415 0.309486 0.309415 0.309277 
13.010000 0.305907 0.305984 0.306121 0.305984 0.305975 0.305971 0.306121 0.305971 0.305882 
13.030000 0.302462 0.302316 0.302349 0.302316 0.302318 0.302527 0.302349 0.302527 0.302353 
13.050000 0.298978 0.298775 0.298796 0.298775 0.299192 0.299197 0.298796 0.299197 0.298667 
13.070000 0.295275 0.295283 0.295299 0.295283 0.295370 0.295379 0.295299 0.295379 0.295573 
13.090000 0.291957 0.291948 0.291860 0.291948 0.291833 0.291747 0.291860 0.291747 0.291488 
13.110000 0.288421 0.288381 0.288460 0.288381 0.288836 0.288380 0.288460 0.288380 0.288420 
13.130000 0.284876 0.284850 0.284776 0.284850 0.284765 0.284952 0.284776 0.284952 0.284790 
13.150000 0.281361 0.281350 0.281562 0.281350 0.281786 0.281022 0.281562 0.281022 0.281631 
13.170000 0.277850 0.277771 0.277945 0.277771 0.277790 0.277877 0.277945 0.277877 0.277494 
13.190000 0.274432 0.274416 0.274319 0.274416 0.274737 0.274653 0.274319 0.274653 0.274572 
13.210000 0.271092 0.271110 0.270927 0.271110 0.271519 0.270942 0.270927 0.270942 0.271145 
13.230000 0.267671 0.267549 0.267512 0.267549 0.267757 0.267575 0.267512 0.267575 0.267477 
13.250000 0.264120 0.264157 0.264293 0.264157 0.264483 0.264007 0.264293 0.264007 0.264471 
13.270000 0.260858 0.260644 0.260632 0.260644 0.260755 0.261000 0.260632 0.261000 0.260704 
13.289999 0.257356 0.257380 0.257459 0.257380 0.257810 0.257305 0.257459 0.257305 0.257188 
13.309999 0.253948 0.253792 0.253979 0.253792 0.253849 0.253791 0.253979 0.253791 0.254045 
13.330000 0.250522 0.250424 0.250574 0.250424 0.250748 0.250365 0.250574 0.250365 0.250731 
13.350000 0.247241 0.247270 0.247189 0.247270 0.247109 0.247181 0.247189 0.247181 0.247443 
13.370000 0.243777 0.243650 0.243728 0.243650 0.244290 0.243840 0.243728 0.243840 0.243837 
13.390000 0.240473 0.240411 0.240558 0.240411 0.240583 0.240470 0.240558 0.240470 0.240740 
13.410000 0.237162 0.237245 0.237272 0.237245 0.237247 0.236973 0.237272 0.236973 0.237511 
13.430000 0.233862 0.233833 0.233642 0.233833 0.233521 0.233936 0.233642 0.233936 0.233874 
13.450000 0.230413 0.230413 0.230639 0.230413 0.229995 0.230833 0.230639 0.230833 0.230565 
13.470000 0.227217 0.227285 0.227017 0.227285 0.227457 0.227414 0.227017 0.227414 0.227274 
13.490000 0.223901 0.223802 0.224018 0.223802 0.224305 0.223985 0.224018 0.223985 0.224144 
13.510000 0.220552 0.220634 0.220770 0.220634 0.220641 0.220833 0.220770 0.220833 0.220440 
13.530000 0.217377 0.217261 0.217345 0.217261 0.217146 0.217208 0.217345 0.217208 0.217378 
13.550000 0.214065 0.214054 0.214070 0.214054 0.214227 0.214129 0.214070 0.214129 0.214197 
13.570000 0.210757 0.210655 0.210627 0.210655 0.211021 0.210705 0.210627 0.210705 0.210872 
13.590000 0.207559 0.207665 0.207527 0.207665 0.207632 0.207397 0.207527 0.207397 0.207237 
13.610000 0.204232 0.204348 0.204157 0.204348 0.204725 0.203946 0.204157 0.203946 0.204155 
13.630000 0.201037 0.201003 0.201072 0.201003 0.201094 0.200919 0.201072 0.200919 0.200885 
13.650000 0.197940 0.197732 0.197775 0.197732 0.197801 0.197836 0.197775 0.197836 0.197626 
13.670000 0.194599 0.194529 0.194640 0.194529 0.194481 0.194661 0.194640 0.194661 0.194982 
13.690000 0.191490 0.191380 0.191329 0.191380 0.191408 0.191348 0.191329 0.191348 0.191079 
13.710000 0.188210 0.188205 0.188145 0.188205 0.188336 0.188297 0.188145 0.188297 0.188436 
13.730000 0.184913 0.185051 0.185062 0.185051 0.184805 0.185222 0.185062 0.185222 0.185062 
13.750000 0.181883 0.181886 0.181784 0.181886 0.181564 0.181713 0.181784 0.181713 0.182117 
13.770000 0.178660 0.178788 0.178593 0.178788 0.178469 0.178568 0.178593 0.178568 0.178266 
13.789999 0.175638 0.175443 0.175651 0.175443 0.175263 0.175441 0.175651 0.175441 0.175944 
13.809999 0.172314 0.172371 0.172392 0.172371 0.172498 0.172385 0.172392 0.172385 0.172479 
13.830000 0.169177 0.169168 0.169255 0.169168 0.169093 0.169385 0.169255 0.169385 0.169042 
13.850000 0.166123 0.166031 0.165984 0.166031 0.166053 0.166268 0.165984 0.166268 0.165973 
13.870000 0.162996 0.162864 0.162820 0.162864 0.162972 0.163134 0.162820 0.163134 0.162971 
13.890000 0.159802 0.159764 0.159763 0.159764 0.159592 0.160178 0.159763 0.160178 0.159727 
13.910000 0.156750 0.156790 0.156763 0.156790 0.157058 0.156758 0.156763 0.156758 0.156690 
13.930000 0.153651 0.153642 0.153573 0.153642 0.153681 0.153676 0.153573 0.153676 0.153653 
13.950000 0.150540 0.150518 0.150574 0.150518 0.150193 0.150581 0.150574 0.150581 0.150490 
13.970000 0.147478 0.147454 0.147326 0.147454 0.147577 0.147551 0.147326 0.147551 0.147595 
13.990000 0.144444 0.144383 0.144436 0.144383 0.144187 0.144217 0.144436 0.144217 0.144682 
14.010000 0.141304 0.141400 0.141409 0.141400 0.141581 0.141267 0.141409 0.141267 0.141475 
14.030000 0.138249 0.138287 0.138197 0.138287 0.138365 0.138434 0.138197 0.138434 0.138118 
14.050000 0.135235 0.135082 0.135170 0.135082 0.135282 0.135397 0.135170 0.135397 0.135387 
14.070000 0.132231 0.132176 0.132258 0.132176 0.132378 0.132189 0.132258 0.132189 0.132321 
14.090000 0.129186 0.129203 0.129143 0.129203 0.129237 0.129171 0.129143 0.129171 0.129037 
14.110000 0.126134 0.126223 0.126172 0.126223 0.126181 0.126070 0.126172 0.126070 0.126508 
14.130000 0.123150 0.123075 0.123095 0.123075 0.123417 0.123022 0.123095 0.123022 0.123150 
14.150000 0.120224 0.120126 0.120233 0.120126 0.120089 0.120202 0.120233 0.120202 0.120298 
14.170000 0.117413 0.117527 0.117443 0.117527 0.117637 0.117532 0.117443 0.117532 0.117270 
14.190000 0.114941 0.114831 0.114838 0.114831 0.114863 0.114569 0.114838 0.114569 0.115177 
14.210000 0.112440 0.112442 0.112438 0.112442 0.112497 0.112595 0.112438 0.112595 0.112382 
14.230000 0.109915 0.109997 0.109923 0.109997 0.110117 0.109941 0.109923 0.109941 0.110165 
14.250000 0.107635 0.107633 0.107659 0.107633 0.107718 0.107952 0.107659 0.107952 0.107737 
14.270000 0.105415 0.105254 0.105375 0.105254 0.105088 0.105383 0.105375 0.105383 0.105518 
14.289999 0.103178 0.103228 0.103201 0.103228 0.102915 0.103059 0.103201 0.103059 0.103008 
14.309999 0.101062 0.101003 0.101051 0.101003 0.100918 0.100973 0.101051 0.100973 0.101205 
14.330000 0.098885 0.098903 0.098826 0.098903 0.098926 0.098880 0.098826 0.098880 0.098679 
14.350000 0.096835 0.096744 0.096788 0.096744 0.097051 0.096917 0.096788 0.096917 0.096660 
14.370000 0.094850 0.094855 0.094849 0.094855 0.094387 0.094817 0.094849 0.094817 0.094708 
14.390000 0.092915 0.092896 0.092829 0.092896 0.093070 0.092855 0.092829 0.092855 0.092802 
14.410000 0.090929 0.091007 0.091002 0.091007 0.090757 0.091042 0.091002 0.091042 0.090799 
14.430000 0.089115 0.089082 0.089072 0.089082 0.089273 0.089220 0.089072 0.089220 0.088867 
14.450000 0.087271 0.087236 0.087263 0.087236 0.087474 0.087333 0.087263 0.087333 0.087433 
14.470000 0.085454 0.085434 0.085473 0.085434 0.085556 0.085570 0.085473 0.085570 0.085202 
14.490000 0.083667 0.083743 0.083701 0.083743 0.083634 0.083672 0.083701 0.083672 0.083821 
14.510000 0.081973 0.082002 0.082014 0.082002 0.081788 0.082013 0.082014 0.082013 0.082032 
14.530000 0.080267 0.080276 0.080334 0.080276 0.080339 0.080276 0.080334 0.080276 0.080367 
14.550000 0.078632 0.078534 0.078670 0.078534 0.078539 0.078475 0.078670 0.078475 0.078520 
14.570000 0.076939 0.076965 0.076911 0.076965 0.076936 0.076975 0.076911 0.076975 0.076969 
14.590000 0.075357 0.075292 0.075366 0.075292 0.075617 0.075391 0.075366 0.075391 0.075152 
14.610000 0.073884 0.073827 0.073787 0.073827 0.073556 0.073860 0.073787 0.073860 0.073910 
14.630000 0.072285 0.072262 0.072303 0.072262 0.072265 0.072111 0.072303 0.072111 0.072541 
14.650000 0.070759 0.070800 0.070736 0.070800 0.070811 0.070870 0.070736 0.070870 0.070836 
14.670000 0.069281 0.069260 0.069256 0.069260 0.069118 0.069158 0.069256 0.069158 0.069312 
14.690000 0.067802 0.067798 0.067794 0.067798 0.067789 0.067670 0.067794 0.067670 0.067743 
14.710000 0.066398 0.066409 0.066367 0.066409 0.066372 0.066389 0.066367 0.066389 0.066426 
14.730000 0.064981 0.065019 0.064911 0.065019 0.065013 0.064800 0.064911 0.064800 0.065173 
14.750000 0.063607 0.063528 0.063596 0.063528 0.063506 0.063622 0.063596 0.063622 0.063694 
14.770000 0.062249 0.062278 0.062322 0.062278 0.062248 0.062381 0.062322 0.062381 0.062370 
14.789999 0.060937 0.060890 0.060931 0.060890 0.060968 0.061018 0.060931 0.061018 0.060974 
14.809999 0.059647 0.059586 0.059642 0.059586 0.059400 0.059634 0.059642 0.059634 0.059762 
14.829999 0.058361 0.058480 0.058330 0.058480 0.058579 0.058455 0.058330 0.058455 0.058580 
14.849999 0.057108 0.057060 0.057104 0.057060 0.057186 0.057067 0.057104 0.057067 0.057107 
14.870000 0.055850 0.055830 0.055854 0.055830 0.055894 0.055945 0.055854 0.055945 0.055656 
14.890000 0.054698 0.054682 0.054592 0.054682 0.054906 0.054727 0.054592 0.054727 0.054627 
14.910000 0.053382 0.053400 0.053468 0.053400 0.053421 0.053361 0.053468 0.053361 0.053598 
14.930000 0.052279 0.052301 0.052318 0.052301 0.052297 0.052358 0.052318 0.052358 0.052353 
14.950000 0.051094 0.051101 0.051131 0.051101 0.051222 0.051184 0.051131 0.051184 0.051121 
14.970000 0.050028 0.049993 0.049948 0.049993 0.049989 0.050023 0.049948 0.050023 0.049902 
14.990000 0.048883 0.048825 0.048859 0.048825 0.048939 0.048809 0.048859 0.048809 0.048978 
15.010000 0.047788 0.047833 0.047732 0.047833 0.047938 0.047796 0.047732 0.047796 0.047723 
15.030000 0.046705 0.046681 0.046689 0.046681 0.046748 0.046669 0.046689 0.046669 0.046585 
15.050000 0.045664 0.045672 0.045643 0.045672 0.045538 0.045672 0.045643 0.045672 0.045725 
15.070000 0.044624 0.044630 0.044653 0.044630 0.044626 0.044672 0.044653 0.044672 0.044543 
15.090000 0.043622 0.043635 0.043543 0.043635 0.043641 0.043539 0.043543 0.043539 0.043569 
15.110000 0.042618 0.042654 0.042557 0.042654 0.042515 0.042586 0.042557 0.042586 0.042851 
15.130000 0.041647 0.041593 0.041637 0.041593 0.041580 0.041647 0.041637 0.041647 0.041792 
15.150000 0.040673 0.040668 0.040678 0.040668 0.040539 0.040667 0.040678 0.040667 0.040814 
15.170000 0.039731 0.039747 0.039736 0.039747 0.039692 0.039733 0.039736 0.039733 0.039695 
15.190000 0.038750 0.038751 0.038800 0.038751 0.038707 0.038804 0.038800 0.038804 0.038741 
15.210000 0.037852 0.037843 0.037860 0.037843 0.037865 0.037872 0.037860 0.037872 0.037710 
15.230000 0.036955 0.036970 0.036957 0.036970 0.037143 0.036958 0.036957 0.036958 0.036996 
15.250000 0.036073 0.036074 0.036056 0.036074 0.036042 0.036066 0.036056 0.036066 0.036074 
15.270000 0.035219 0.035172 0.035178 0.035172 0.035162 0.035199 0.035178 0.035199 0.035366 
15.289999 0.034343 0.034310 0.034338 0.034310 0.034310 0.034270 0.034338 0.034270 0.034523 
15.309999 0.033529 0.033507 0.033527 0.033507 0.033451 0.033459 0.033527 0.033459 0.033393 
15.329999 0.032703 0.032658 0.032740 0.032658 0.032683 0.032629 0.032740 0.032629 0.032463 
15.349999 0.031838 0.031907 0.031863 0.031907 0.031886 0.031786 0.031863 0.031786 0.031855 
15.370000 0.031069 0.031091 0.031049 0.031091 0.031145 0.031145 0.031049 0.031145 0.031208 
15.390000 0.030274 0.030285 0.030321 0.030285 0.030438 0.030258 0.030321 0.030258 0.030255 
15.410000 0.029534 0.029487 0.029473 0.029487 0.029484 0.029436 0.029473 0.029436 0.029564 
15.430000 0.028790 0.028810 0.028773 0.028810 0.028783 0.028835 0.028773 0.028835 0.028752 
15.450000 0.028056 0.028045 0.028033 0.028045 0.028074 0.028105 0.028033 0.028105 0.028090 
15.470000 0.027331 0.027315 0.027349 0.027315 0.027189 0.027376 0.027349 0.027376 0.027329 
15.490000 0.026591 0.026540 0.026591 0.026540 0.026653 0.026603 0.026591 0.026603 0.026516 
15.510000 0.025880 0.025917 0.025957 0.025917 0.025912 0.025915 0.025957 0.025915 0.025903 
15.530000 0.025215 0.025218 0.025206 0.025218 0.025147 0.025171 0.025206 0.025171 0.025209 
15.550000 0.024520 0.024463 0.024574 0.024463 0.024461 0.024624 0.024574 0.024624 0.024552 
15.570000 0.023905 0.023909 0.023875 0.023909 0.023869 0.023881 0.023875 0.023881 0.023927 
15.590000 0.023234 0.023240 0.023241 0.023240 0.023214 0.023205 0.023241 0.023205 0.023246 
15.610000 0.022628 0.022599 0.022624 0.022599 0.022674 0.022619 0.022624 0.022619 0.022546 
15.630000 0.021974 0.022070 0.021951 0.022070 0.021992 0.021975 0.021951 0.021975 0.022019 
15.650000 0.021380 0.021346 0.021380 0.021346 0.021474 0.021353 0.021380 0.021353 0.021433 
15.670000 0.020755 0.020743 0.020780 0.020743 0.020752 0.020743 0.020780 0.020743 0.020706 
15.690000 0.020204 0.020182 0.020183 0.020182 0.020226 0.020122 0.020183 0.020122 0.020170 
15.710000 0.019571 0.019573 0.019568 0.019573 0.019559 0.019555 0.019568 0.019555 0.019539 
15.730000 0.019004 0.018987 0.019026 0.018987 0.019061 0.019016 0.019026 0.019016 0.019032 
15.750000 0.018470 0.018484 0.018443 0.018484 0.018544 0.018378 0.018443 0.018378 0.018520 
15.770000 0.017889 0.017936 0.017880 0.017936 0.017907 0.017899 0.017880 0.017899 0.017828 
15.789999 0.017375 0.017361 0.017419 0.017361 0.017396 0.017434 0.017419 0.017434 0.017293 
15.809999 0.016840 0.016825 0.016833 0.016825 0.016741 0.016843 0.016833 0.016843 0.016881 
15.829999 0.016323 0.016324 0.016373 0.016324 0.016408 0.016391 0.016373 0.016391 0.016398 
15.849999 0.015844 0.015857 0.015818 0.015857 0.015805 0.015834 0.015818 0.015834 0.015782 
15.870000 0.015355 0.015327 0.015310 0.015327 0.015324 0.015343 0.015310 0.015343 0.015340 
15.890000 0.014838 0.014821 0.014836 0.014821 0.014834 0.014871 0.014836 0.014871 0.014838 
15.910000 0.014380 0.014415 0.014371 0.014415 0.014420 0.014380 0.014371 0.014380 0.014331 
15.930000 0.013922 0.013927 0.013902 0.013927 0.013921 0.013949 0.013902 0.013949 0.013920 
15.950000 0.013446 0.013441 0.013471 0.013441 0.013539 0.013414 0.013471 0.013414 0.013490 
15.970000 0.013019 0.013006 0.013020 0.013006 0.012967 0.012970 0.013020 0.012970 0.012982 
15.990000 0.012570 0.012612 0.012540 0.012612 0.012506 0.012551 0.012540 0.012551 0.012583 
16.010000 0.012151 0.012115 0.012145 0.012115 0.012107 0.012161 0.012145 0.012161 0.012159 
16.030000 0.011733 0.011735 0.011746 0.011735 0.011723 0.011684 0.011746 0.011684 0.011801 
16.049999 0.011328 0.011296 0.011336 0.011296 0.011294 0.011349 0.011336 0.011349 0.011296 
16.070000 0.010920 0.010934 0.010912 0.010934 0.010986 0.010952 0.010912 0.010952 0.010910 
16.090000 0.010537 0.010536 0.010518 0.010536 0.010538 0.010516 0.010518 0.010516 0.010520 
16.110000 0.010127 0.010170 0.010159 0.010170 0.010198 0.010180 0.010159 0.010180 0.010171 
16.129999 0.009786 0.009758 0.009774 0.009758 0.009841 0.009769 0.009774 0.009769 0.009767 
16.150000 0.009413 0.009420 0.009422 0.009420 0.009467 0.009422 0.009422 0.009422 0.009401 
16.170000 0.009061 0.009058 0.009053 0.009058 0.009004 0.009047 0.009053 0.009047 0.009011 
16.190000 0.008714 0.008693 0.008706 0.008693 0.008691 0.008732 0.008706 0.008732 0.008784 
16.209999 0.008380 0.008350 0.008381 0.008350 0.008405 0.008318 0.008381 0.008318 0.008408 
16.230000 0.008041 0.008035 0.008037 0.008035 0.008081 0.008038 0.008037 0.008038 0.008067 
16.250000 0.007708 0.007721 0.007706 0.007721 0.007755 0.007689 0.007706 0.007689 0.007712 
16.270000 0.007380 0.007402 0.007412 0.007402 0.007380 0.007406 0.007412 0.007406 0.007401 
16.289999 0.007100 0.007109 0.007092 0.007109 0.007166 0.007056 0.007092 0.007056 0.007134 
16.309999 0.006799 0.006781 0.006792 0.006781 0.006755 0.006812 0.006792 0.006812 0.006839 
16.330000 0.006506 0.006504 0.006495 0.006504 0.006519 0.006522 0.006495 0.006522 0.006465 
16.349999 0.006212 0.006225 0.006231 0.006225 0.006211 0.006219 0.006231 0.006219 0.006218 
16.369999 0.005947 0.005944 0.005934 0.005944 0.005935 0.005958 0.005934 0.005958 0.005920 
16.389999 0.005680 0.005664 0.005671 0.005664 0.005730 0.005691 0.005671 0.005691 0.005669 
16.410000 0.005404 0.005407 0.005403 0.005407 0.005388 0.005433 0.005403 0.005433 0.005423 
16.430000 0.005148 0.005138 0.005146 0.005138 0.005149 0.005147 0.005146 0.005147 0.005196 
16.450000 0.004908 0.004906 0.004911 0.004906 0.004895 0.004906 0.004911 0.004906 0.004880 
16.469999 0.004656 0.004668 0.004654 0.004668 0.004621 0.004651 0.004654 0.004651 0.004666 
16.490000 0.004437 0.004435 0.004428 0.004435 0.004470 0.004437 0.004428 0.004437 0.004413 
16.510000 0.004194 0.004193 0.004202 0.004193 0.004160 0.004193 0.004202 0.004193 0.004224 
16.530000 0.003996 0.003980 0.003984 0.003980 0.003993 0.003970 0.003984 0.003970 0.003999 
16.549999 0.003763 0.003770 0.003774 0.003770 0.003746 0.003747 0.003774 0.003747 0.003773 
16.570000 0.003566 0.003559 0.003562 0.003559 0.003575 0.003541 0.003562 0.003541 0.003583 
16.590000 0.003372 0.003355 0.003373 0.003355 0.003375 0.003341 0.003373 0.003341 0.003392 
16.610000 0.003170 0.003159 0.003157 0.003159 0.003182 0.003184 0.003157 0.003184 0.003167 
16.629999 0.002975 0.002971 0.002976 0.002971 0.002968 0.002986 0.002976 0.002986 0.003000 
16.650000 0.002794 0.002804 0.002789 0.002804 0.002766 0.002801 0.002789 0.002801 0.002852 
16.670000 0.002623 0.002637 0.002623 0.002637 0.002684 0.002641 0.002623 0.002641 0.002629 
16.690000 0.002454 0.002463 0.002454 0.002463 0.002449 0.002458 0.002454 0.002458 0.002449 
16.709999 0.002296 0.002296 0.002280 0.002296 0.002271 0.002290 0.002280 0.002290 0.002276 
16.730000 0.002137 0.002142 0.002132 0.002142 0.002167 0.002122 0.002132 0.002122 0.002145 
16.750000 0.001984 0.001988 0.001988 0.001988 0.001993 0.002007 0.001988 0.002007 0.001970 
16.770000 0.001841 0.001849 0.001852 0.001849 0.001838 0.001841 0.001852 0.001841 0.001843 
16.789999 0.001709 0.001706 0.001700 0.001706 0.001696 0.001712 0.001700 0.001712 0.001709 
16.809999 0.001573 0.001577 0.001561 0.001577 0.001561 0.001592 0.001561 0.001592 0.001580 
16.830000 0.001451 0.001449 0.001444 0.001449 0.001452 0.001444 0.001444 0.001444 0.001454 
16.849999 0.001330 0.001321 0.001325 0.001321 0.001340 0.001318 0.001325 0.001318 0.001341 
16.869999 0.001215 0.001211 0.001221 0.001211 0.001201 0.001215 0.001221 0.001215 0.001214 
16.889999 0.001098 0.001106 0.001100 0.001106 0.001105 0.001090 0.001100 0.001090 0.001092 
16.910000 0.000997 0.001000 0.001002 0.001000 0.001002 0.001010 0.001002 0.001010 0.000974 
16.930000 0.000900 0.000904 0.000902 0.000904 0.000906 0.000907 0.000902 0.000907 0.000922 
16.950000 0.000812 0.000810 0.000817 0.000810 0.000787 0.000805 0.000817 0.000805 0.000808 
16.969999 0.000718 0.000723 0.000722 0.000723 0.000737 0.000711 0.000722 0.000711 0.000718 
16.990000 0.000639 0.000636 0.000645 0.000636 0.000620 0.000635 0.000645 0.000635 0.000627 
17.010000 0.000565 0.000556 0.000561 0.000556 0.000561 0.000563 0.000561 0.000563 0.000571 
17.030000 0.000490 0.000493 0.000491 0.000493 0.000482 0.000499 0.000491 0.000499 0.000496 
17.049999 0.000423 0.000422 0.000424 0.000422 0.000419 0.000417 0.000424 0.000417 0.000425 
17.070000 0.000361 0.000366 0.000363 0.000366 0.000364 0.000359 0.000363 0.000359 0.000355 
17.090000 0.000304 0.000304 0.000303 0.000304 0.000310 0.000296 0.000303 0.000296 0.000302 
17.110000 0.000252 0.000250 0.000257 0.000250 0.000250 0.000257 0.000257 0.000257 0.000256 
17.129999 0.000209 0.000206 0.000205 0.000206 0.000205 0.000216 0.000205 0.000216 0.000200 
17.150000 0.000167 0.000166 0.000166 0.000166 0.000173 0.000167 0.000166 0.000167 0.000154 
17.170000 0.000129 0.000129 0.000128 0.000129 0.000128 0.000132 0.000128 0.000132 0.000126 
17.190000 0.000095 0.000098 0.000097 0.000098 0.000096 0.000096 0.000097 0.000096 0.000103 
17.209999 0.000070 0.000068 0.000068 0.000068 0.000070 0.000067 0.000068 0.000067 0.000066 
17.230000 0.000047 0.000046 0.000046 0.000046 0.000045 0.000044 0.000046 0.000044 0.000050 
17.250000 0.000029 0.000028 0.000029 0.000028 0.000030 0.000024 0.000029 0.000024 0.000026 
17.270000 0.000014 0.000014 0.000015 0.000014 0.000013 0.000015 0.000015 0.000015 0.000016 
17.289999 0.000005 0.000005 0.000005 0.000005 0.000005 0.000005 0.000005 0.000005 0.000004 
17.309999 0.000001 0.000001 0.000001 0.000001 0.000000 0.000000 0.000001 0.000000 0.000000 
17.330000 0.000000 0.000000 0.000000 0.000000 0.000000 0.000000 0.000000 0.000000 0.000000 
17.349999 0.000000 0.000000 0.000000 0.000000 0.000000 0.000000 0.000000 0.000000 0.000000 
17.369999 0.000000 0.000000 0.000000 0.000000 0.000000 0.000000 0.000000 0.000000 0.000000 
17.389999 0.000000 0.000000 0.000000 0.000000 0.000000 0.000000 0.000000 0.000000 0.000000 
17.410000 0.000000 0.000000 0.000000 0.000000 0.000000 0.000000 0.000000 0.000000 0.000000 
17.430000 0.000000 0.000000 0.000000 0.000000 0.000000 0.000000 0.000000 0.000000 0.000000 
17.450000 0.000000 0.000000 0.000000 0.000000 0.000000 0.000000 0.000000 0.000000 0.000000 
17.469999 0.000000 0.000000 0.000000 0.000000 0.000000 0.000000 0.000000 0.000000 0.000000 
17.490000 0.000000 0.000000 0.000000 0.000000 0.000000 0.000000 0.000000 0.000000 0.000000 
17.510000 0.000000 0.000000 0.000000 0.000000 0.000000 0.000000 0.000000 0.000000 0.000000 
17.530000 0.000000 0.000000 0.000000 0.000000 0.000000 0.000000 0.000000 0.000000 0.000000 
17.549999 0.000000 0.000000 0.000000 0.000000 0.000000 0.000000 0.000000 0.000000 0.000000 
17.570000 0.000000 0.000000 0.000000 0.000000 0.000000 0.000000 0.000000 0.000000 0.000000 
17.590000 0.000000 0.000000 0.000000 0.000000 0.000000 0.000000 0.000000 0.000000 0.000000 
17.610000 0.000000 0.000000 0.000000 0.000000 0.000000 0.000000 0.000000 0.000000 0.000000 
17.629999 0.000000 0.000000 0.000000 0.000000 0.000000 0.000000 0.000000 0.000000 0.000000 
17.650000 0.000000 0.000000 0.000000 0.000000 0.000000 0.000000 0.000000 0.000000 0.000000 
17.670000 0.000000 0.000000 0.000000 0.000000 0.000000 0.000000 0.000000 0.000000 0.000000 
17.690000 0.000000 0.000000 0.000000 0.000000 0.000000 0.000000 0.000000 0.000000 0.000000 
17.709999 0.000000 0.000000 0.000000 0.000000 0.000000 0.000000 0.000000 0.000000 0.000000 
17.730000 0.000000 0.000000 0.000000 0.000000 0.000000 0.000000 0.000000 0.000000 0.000000 
17.750000 0.000000 0.000000 0.000000 0.000000 0.000000 0.000000 0.000000 0.000000 0.000000 
17.770000 0.000000 0.000000 0.000000 0.000000 0.000000 0.000000 0.000000 0.000000 0.000000 
17.789999 0.000000 0.000000 0.000000 0.000000 0.000000 0.000000 0.000000 0.000000 0.000000 
17.809999 0.000000 0.000000 0.000000 0.000000 0.000000 0.000000 0.000000 0.000000 0.000000 
17.830000 0.000000 0.000000 0.000000 0.000000 0.000000 0.000000 0.000000 0.000000 0.000000 
17.849999 0.000000 0.000000 0.000000 0.000000 0.000000 0.000000 0.000000 0.000000 0.000000 
17.869999 0.000000 0.000000 0.000000 0.000000 0.000000 0.000000 0.000000 0.000000 0.000000 
17.889999 0.000000 0.000000 0.000000 0.000000 0.000000 0.000000 0.000000 0.000000 0.000000 
17.910000 0.000000 0.000000 0.000000 0.000000 0.000000 0.000000 0.000000 0.000000 0.000000 
17.930000 0.000000 0.000000 0.000000 0.000000 0.000000 0.000000 0.000000 0.000000 0.000000 
17.950000 0.000000 0.000000 0.000000 0.000000 0.000000 0.000000 0.000000 0.000000 0.000000 
17.969999 0.000000 0.000000 0.000000 0.000000 0.000000 0.000000 0.000000 0.000000 0.000000 
17.990000 0.000000 0.000000 0.000000 0.000000 0.000000 0.000000 0.000000 0.000000 0.000000 
18.010000 0.000000 0.000000 0.000000 0.000000 0.000000 0.000000 0.000000 0.000000 0.000000 
18.030000 0.000000 0.000000 0.000000 0.000000 0.000000 0.000000 0.000000 0.000000 0.000000 
18.049999 0.000000 0.000000 0.000000 0.000000 0.000000 0.000000 0.000000 0.000000 0.000000 
18.070000 0.000000 0.000000 0.000000 0.000000 0.000000 0.000000 0.000000 0.000000 0.000000 
18.090000 0.000000 0.000000 0.000000 0.000000 0.000000 0.000000 0.000000 0.000000 0.000000 
18.110000 0.000000 0.000000 0.000000 0.000000 0.000000 0.000000 0.000000 0.000000 0.000000 
18.129999 0.000000 0.000000 0.000000 0.000000 0.000000 0.000000 0.000000 0.000000 0.000000 
18.150000 0.000000 0.000000 0.000000 0.000000 0.000000 0.000000 0.000000 0.000000 0.000000 
18.170000 0.000000 0.000000 0.000000 0.000000 0.000000 0.000000 0.000000 0.000000 0.000000 
18.190000 0.000000 0.000000 0.000000 0.000000 0.000000 0.000000 0.000000 0.000000 0.000000 
18.209999 0.000000 0.000000 0.000000 0.000000 0.000000 0.000000 0.000000 0.000000 0.000000 
18.230000 0.000000 0.000000 0.000000 0.000000 0.000000 0.000000 0.000000 0.000000 0.000000 
18.250000 0.000000 0.000000 0.000000 0.000000 0.000000 0.000000 0.000000 0.000000 0.000000 
18.270000 0.000000 0.000000 0.000000 0.000000 0.000000 0.000000 0.000000 0.000000 0.000000 
18.289999 0.000000 0.000000 0.000000 0.000000 0.000000 0.000000 0.000000 0.000000 0.000000 
18.309999 0.000000 0.000000 0.000000 0.000000 0.000000 0.000000 0.000000 0.000000 0.000000 
18.330000 0.000000 0.000000 0.000000 0.000000 0.000000 0.000000 0.000000 0.000000 0.000000 
18.349999 0.000000 0.000000 0.000000 0.000000 0.000000 0.000000 0.000000 0.000000 0.000000 
18.369999 0.000000 0.000000 0.000000 0.000000 0.000000 0.000000 0.000000 0.000000 0.000000 
18.389999 0.000000 0.000000 0.000000 0.000000 0.000000 0.000000 0.000000 0.000000 0.000000 
18.410000 0.000000 0.000000 0.000000 0.000000 0.000000 0.000000 0.000000 0.000000 0.000000 
18.430000 0.000000 0.000000 0.000000 0.000000 0.000000 0.000000 0.000000 0.000000 0.000000 
18.450000 0.000000 0.000000 0.000000 0.000000 0.000000 0.000000 0.000000 0.000000 0.000000 
18.469999 0.000000 0.000000 0.000000 0.000000 0.000000 0.000000 0.000000 0.000000 0.000000 
18.490000 0.000000 0.000000 0.000000 0.000000 0.000000 0.000000 0.000000 0.000000 0.000000 
18.510000 0.000000 0.000000 0.000000 0.000000 0.000000 0.000000 0.000000 0.000000 0.000000 
18.530000 0.000000 0.000000 0.000000 0.000000 0.000000 0.000000 0.000000 0.000000 0.000000 
18.549999 0.000000 0.000000 0.000000 0.000000 0.000000 0.000000 0.000000 0.000000 0.000000 
18.570000 0.000000 0.000000 0.000000 0.000000 0.000000 0.000000 0.000000 0.000000 0.000000 
18.590000 0.000000 0.000000 0.000000 0.000000 0.000000 0.000000 0.000000 0.000000 0.000000 
18.610000 0.000000 0.000000 0.000000 0.000000 0.000000 0.000000 0.000000 0.000000 0.000000 
18.629999 0.000000 0.000000 0.000000 0.000000 0.000000 0.000000 0.000000 0.000000 0.000000 
18.650000 0.000000 0.000000 0.000000 0.000000 0.000000 0.000000 0.000000 0.000000 0.000000 
18.670000 0.000000 0.000000 0.000000 0.000000 0.000000 0.000000 0.000000 0.000000 0.000000 
18.690000 0.000000 0.000000 0.000000 0.000000 0.000000 0.000000 0.000000 0.000000 0.000000 
18.709999 0.000000 0.000000 0.000000 0.000000 0.000000 0.000000 0.000000 0.000000 0.000000 
18.730000 0.000000 0.000000 0.000000 0.000000 0.000000 0.000000 0.000000 0.000000 0.000000 
18.750000 0.000000 0.000000 0.000000 0.000000 0.000000 0.000000 0.000000 0.000000 0.000000 
18.770000 0.000000 0.000000 0.000000 0.000000 0.000000 0.000000 0.000000 0.000000 0.000000 
18.789999 0.000000 0.000000 0.000000 0.000000 0.000000 0.000000 0.000000 0.000000 0.000000 
18.809999 0.000000 0.000000 0.000000 0.000000 0.000000 0.000000 0.000000 0.000000 0.000000 
18.830000 0.000000 0.000000 0.000000 0.000000 0.000000 0.000000 0.000000 0.000000 0.000000 
18.849999 0.000000 0.000000 0.000000 0.000000 0.000000 0.000000 0.000000 0.000000 0.000000 
18.869999 0.000000 0.000000 0.000000 0.000000 0.000000 0.000000 0.000000 0.000000 0.000000 
18.889999 0.000000 0.000000 0.000000 0.000000 0.000000 0.000000 0.000000 0.000000 0.000000 
18.910000 0.000000 0.000000 0.000000 0.000000 0.000000 0.000000 0.000000 0.000000 0.000000 
18.929999 0.000000 0.000000 0.000000 0.000000 0.000000 0.000000 0.000000 0.000000 0.000000 
18.949999 0.000000 0.000000 0.000000 0.000000 0.000000 0.000000 0.000000 0.000000 0.000000 
18.969999 0.000000 0.000000 0.000000 0.000000 0.000000 0.000000 0.000000 0.000000 0.000000 
18.990000 0.000000 0.000000 0.000000 0.000000 0.000000 0.000000 0.000000 0.000000 0.000000 
19.010000 0.000000 0.000000 0.000000 0.000000 0.000000 0.000000 0.000000 0.000000 0.000000 
19.030000 0.000000 0.000000 0.000000 0.000000 0.000000 0.000000 0.000000 0.000000 0.000000 
19.049999 0.000000 0.000000 0.000000 0.000000 0.000000 0.000000 0.000000 0.000000 0.000000 
19.070000 0.000000 0.000000 0.000000 0.000000 0.000000 0.000000 0.000000 0.000000 0.000000 
19.090000 0.000000 0.000000 0.000000 0.000000 0.000000 0.000000 0.000000 0.000000 0.000000 
19.110000 0.000000 0.000000 0.000000 0.000000 0.000000 0.000000 0.000000 0.000000 0.000000 
19.129999 0.000000 0.000000 0.000000 0.000000 0.000000 0.000000 0.000000 0.000000 0.000000 
19.150000 0.000000 0.000000 0.000000 0.000000 0.000000 0.000000 0.000000 0.000000 0.000000 
19.170000 0.000000 0.000000 0.000000 0.000000 0.000000 0.000000 0.000000 0.000000 0.000000 
19.190000 0.000000 0.000000 0.000000 0.000000 0.000000 0.000000 0.000000 0.000000 0.000000 
19.209999 0.000000 0.000000 0.000000 0.000000 0.000000 0.000000 0.000000 0.000000 0.000000 
19.230000 0.000000 0.000000 0.000000 0.000000 0.000000 0.000000 0.000000 0.000000 0.000000 
19.250000 0.000000 0.000000 0.000000 0.000000 0.000000 0.000000 0.000000 0.000000 0.000000 
19.270000 0.000000 0.000000 0.000000 0.000000 0.000000 0.000000 0.000000 0.000000 0.000000 
19.289999 0.000000 0.000000 0.000000 0.000000 0.000000 0.000000 0.000000 0.000000 0.000000 
19.309999 0.000000 0.000000 0.000000 0.000000 0.000000 0.000000 0.000000 0.000000 0.000000 
19.330000 0.000000 0.000000 0.000000 0.000000 0.000000 0.000000 0.000000 0.000000 0.000000 
19.349999 0.000000 0.000000 0.000000 0.000000 0.000000 0.000000 0.000000 0.000000 0.000000 
19.369999 0.000000 0.000000 0.000000 0.000000 0.000000 0.000000 0.000000 0.000000 0.000000 
19.389999 0.000000 0.000000 0.000000 0.000000 0.000000 0.000000 0.000000 0.000000 0.000000 
19.410000 0.000000 0.000000 0.000000 0.000000 0.000000 0.000000 0.000000 0.000000 0.000000 
19.429999 0.000000 0.000000 0.000000 0.000000 0.000000 0.000000 0.000000 0.000000 0.000000 
19.449999 0.000000 0.000000 0.000000 0.000000 0.000000 0.000000 0.000000 0.000000 0.000000 
19.469999 0.000000 0.000000 0.000000 0.000000 0.000000 0.000000 0.000000 0.000000 0.000000 
19.490000 0.000000 0.000000 0.000000 0.000000 0.000000 0.000000 0.000000 0.000000 0.000000 
19.510000 0.000000 0.000000 0.000000 0.000000 0.000000 0.000000 0.000000 0.000000 0.000000 
19.530000 0.000000 0.000000 0.000000 0.000000 0.000000 0.000000 0.000000 0.000000 0.000000 
19.549999 0.000000 0.000000 0.000000 0.000000 0.000000 0.000000 0.000000 0.000000 0.000000 
19.570000 0.000000 0.000000 0.000000 0.000000 0.000000 0.000000 0.000000 0.000000 0.000000 
19.590000 0.000000 0.000000 0.000000 0.000000 0.000000 0.000000 0.000000 0.000000 0.000000 
19.610000 0.000000 0.000000 0.000000 0.000000 0.000000 0.000000 0.000000 0.000000 0.000000 
19.629999 0.000000 0.000000 0.000000 0.000000 0.000000 0.000000 0.000000 0.000000 0.000000 
19.650000 0.000000 0.000000 0.000000 0.000000 0.000000 0.000000 0.000000 0.000000 0.000000 
19.670000 0.000000 0.000000 0.000000 0.000000 0.000000 0.000000 0.000000 0.000000 0.000000 
19.690000 0.000000 0.000000 0.000000 0.000000 0.000000 0.000000 0.000000 0.000000 0.000000 
19.709999 0.000000 0.000000 0.000000 0.000000 0.000000 0.000000 0.000000 0.000000 0.000000 
19.730000 0.000000 0.000000 0.000000 0.000000 0.000000 0.000000 0.000000 0.000000 0.000000 
19.750000 0.000000 0.000000 0.000000 0.000000 0.000000 0.000000 0.000000 0.000000 0.000000 
19.770000 0.000000 0.000000 0.000000 0.000000 0.000000 0.000000 0.000000 0.000000 0.000000 
19.789999 0.000000 0.000000 0.000000 0.000000 0.000000 0.000000 0.000000 0.000000 0.000000 
19.809999 0.000000 0.000000 0.000000 0.000000 0.000000 0.000000 0.000000 0.000000 0.000000 
19.830000 0.000000 0.000000 0.000000 0.000000 0.000000 0.000000 0.000000 0.000000 0.000000 
19.849999 0.000000 0.000000 0.000000 0.000000 0.000000 0.000000 0.000000 0.000000 0.000000 
19.869999 0.000000 0.000000 0.000000 0.000000 0.000000 0.000000 0.000000 0.000000 0.000000 
19.889999 0.000000 0.000000 0.000000 0.000000 0.000000 0.000000 0.000000 0.000000 0.000000 
19.910000 0.000000 0.000000 0.000000 0.000000 0.000000 0.000000 0.000000 0.000000 0.000000 
19.929999 0.000000 0.000000 0.000000 0.000000 0.000000 0.000000 0.000000 0.000000 0.000000 
19.949999 0.000000 0.000000 0.000000 0.000000 0.000000 0.000000 0.000000 0.000000 0.000000 
19.969999 0.000000 0.000000 0.000000 0.000000 0.000000 0.000000 0.000000 0.000000 0.000000 
19.990000 0.000000 0.000000 0.000000 0.000000 0.000000 0.000000 0.000000 0.000000 0.000000 
