# concentrations: 0.666667 0.166667 0.166667
0.010357 0.000000 0.000000 0.000000 0.000000 0.000000 0.000000 0.000000 0.000000 0.000000 
0.031072 0.000000 0.000000 0.000000 0.000000 0.000000 0.000000 0.000000 0.000000 0.000000 
0.051787 0.000000 0.000000 0.000000 0.000000 0.000000 0.000000 0.000000 0.000000 0.000000 
0.072502 0.000000 0.000000 0.000000 0.000000 0.000000 0.000000 0.000000 0.000000 0.000000 
0.093217 0.000000 0.000000 0.000000 0.000000 0.000000 0.000000 0.000000 0.000000 0.000000 
0.113932 0.000000 0.000000 0.000000 0.000000 0.000000 0.000000 0.000000 0.000000 0.000000 
0.134647 0.000000 0.000000 0.000000 0.000000 0.000000 0.000000 0.000000 0.000000 0.000000 
0.155362 0.000000 0.000000 0.000000 0.000000 0.000000 0.000000 0.000000 0.000000 0.000000 
0.176077 0.000000 0.000000 0.000000 0.000000 0.000000 0.000000 0.000000 0.000000 0.000000 
0.196792 0.000000 0.000000 0.000000 0.000000 0.000000 0.000000 0.000000 0.000000 0.000000 
0.217506 0.000000 0.000000 0.000000 0.000000 0.000000 0.000000 0.000000 0.000000 0.000000 
0.238221 0.000000 0.000000 0.000000 0.000000 0.000000 0.000000 0.000000 0.000000 0.000000 
0.258936 0.000000 0.000000 0.000000 0.000000 0.000000 0.000000 0.000000 0.000000 0.000000 
0.279651 0.000000 0.000000 0.000000 0.000000 0.000000 0.000000 0.000000 0.000000 0.000000 
0.300366 0.000000 0.000000 0.000000 0.000000 0.000000 0.000000 0.000000 0.000000 0.000000 
0.321081 0.000000 0.000000 0.000000 0.000000 0.000000 0.000000 0.000000 0.000000 0.000000 
0.341796 0.000000 0.000000 0.000000 0.000000 0.000000 0.000000 0.000000 0.000000 0.000000 
0.362511 0.000000 0.000000 0.000000 0.000000 0.000000 0.000000 0.000000 0.000000 0.000000 
0.383226 0.000000 0.000000 0.000000 0.000000 0.000000 0.000000 0.000000 0.000000 0.000000 
0.403941 0.000000 0.000000 0.000000 0.000000 0.000000 0.000000 0.000000 0.000000 0.000000 
0.424655 0.000000 0.000000 0.000000 0.000000 0.000000 0.000000 0.000000 0.000000 0.000000 
0.445370 0.000000 0.000000 0.000000 0.000000 0.000000 0.000000 0.000000 0.000000 0.000000 
0.466085 0.000000 0.000000 0.000000 0.000000 0.000000 0.000000 0.000000 0.000000 0.000000 
0.486800 0.000000 0.000000 0.000000 0.000000 0.000000 0.000000 0.000000 0.000000 0.000000 
0.507515 0.000000 0.000000 0.000000 0.000000 0.000000 0.000000 0.000000 0.000000 0.000000 
0.528230 0.000000 0.000000 0.000000 0.000000 0.000000 0.000000 0.000000 0.000000 0.000000 
0.548945 0.000000 0.000000 0.000000 0.000000 0.000000 0.000000 0.000000 0.000000 0.000000 
0.569660 0.000000 0.000000 0.000000 0.000000 0.000000 0.000000 0.000000 0.000000 0.000000 
0.590375 0.000000 0.000000 0.000000 0.000000 0.000000 0.000000 0.000000 0.000000 0.000000 
0.611090 0.000000 0.000000 0.000000 0.000000 0.000000 0.000000 0.000000 0.000000 0.000000 
0.631804 0.000000 0.000000 0.000000 0.000000 0.000000 0.000000 0.000000 0.000000 0.000000 
0.652519 0.000000 0.000000 0.000000 0.000000 0.000000 0.000000 0.000000 0.000000 0.000000 
0.673234 0.000000 0.000000 0.000000 0.000000 0.000000 0.000000 0.000000 0.000000 0.000000 
0.693949 0.000000 0.000000 0.000000 0.000000 0.000000 0.000000 0.000000 0.000000 0.000000 
0.714664 0.000000 0.000007 0.000000 0.000007 0.000000 0.000000 0.000000 0.000000 0.000000 
0.735379 0.000000 0.000820 0.000000 0.000820 0.000000 0.000000 0.000000 0.000000 0.000000 
0.756094 0.000000 0.033691 0.000000 0.033691 0.000075 0.000327 0.000000 0.000327 0.000000 
0.776809 0.000000 0.348343 0.000000 0.348343 0.001096 0.009276 0.000000 0.009276 0.000000 
0.797524 0.000000 1.460397 0.000014 1.460397 0.011303 0.084593 0.000014 0.084593 0.000000 
0.818239 0.000000 3.279795 0.001323 3.279795 0.054848 0.351421 0.001323 0.351421 0.000000 
0.838953 0.000000 4.853557 0.034488 4.853557 0.149309 0.837003 0.034488 0.837003 0.001369 
0.859668 0.000000 5.433963 0.298404 5.433963 0.293196 1.375269 0.298404 1.375269 0.016479 
0.880383 0.000045 5.098666 1.186007 5.098666 0.442473 1.760024 1.186007 1.760024 0.094294 
0.901098 0.002671 4.283529 2.718742 4.283529 0.554572 1.903491 2.718742 1.903491 0.295118 
0.921813 0.040851 3.379521 4.210580 3.379521 0.639051 1.868806 4.210580 1.868806 0.632773 
0.942528 0.264108 2.585023 5.015463 2.585023 0.687048 1.718582 5.015463 1.718582 0.972362 
0.963243 0.898410 1.955739 4.993810 1.955739 0.712336 1.526062 4.993810 1.526062 1.228701 
0.983958 1.931950 1.484811 4.414865 1.484811 0.717589 1.340004 4.414865 1.340004 1.351849 
1.004673 2.994974 1.143640 3.631657 1.143640 0.708375 1.176981 3.631657 1.176981 1.353816 
1.025388 3.668491 0.894481 2.863763 0.894481 0.702413 1.034025 2.863763 1.034025 1.286043 
1.046102 3.822607 0.720365 2.215872 0.720365 0.699392 0.922144 2.215872 0.922144 1.175775 
1.066817 3.564370 0.593721 1.706150 0.593721 0.709412 0.834176 1.706150 0.834176 1.054946 
1.087532 3.092190 0.500239 1.321349 0.500239 0.722544 0.767039 1.321349 0.767039 0.956009 
1.108247 2.572702 0.431730 1.037302 0.431730 0.748210 0.709650 1.037302 0.709650 0.861181 
1.128962 2.086260 0.384814 0.829553 0.384814 0.790069 0.681598 0.829553 0.681598 0.781439 
1.149677 1.677618 0.352865 0.679653 0.352865 0.845342 0.659983 0.679653 0.659983 0.719110 
1.170392 1.352986 0.329853 0.566718 0.329853 0.907472 0.648115 0.566718 0.648115 0.676964 
1.191107 1.100061 0.315128 0.483166 0.315128 0.968572 0.651133 0.483166 0.651133 0.636728 
1.211822 0.910980 0.306224 0.424785 0.306224 1.041047 0.664593 0.424785 0.664593 0.617281 
1.232536 0.761039 0.305075 0.381603 0.305075 1.117221 0.687898 0.381603 0.687898 0.604222 
1.253251 0.653040 0.308491 0.349292 0.308491 1.197837 0.725887 0.349292 0.725887 0.594611 
1.273966 0.568776 0.317743 0.330059 0.317743 1.273975 0.773220 0.330059 0.773220 0.595150 
1.294681 0.508896 0.331084 0.316686 0.331084 1.337166 0.830654 0.316686 0.830654 0.602158 
1.315396 0.465094 0.350642 0.311009 0.350642 1.385148 0.897002 0.311009 0.897002 0.616200 
1.336111 0.433873 0.376327 0.310940 0.376327 1.419701 0.968999 0.310940 0.968999 0.640325 
1.356826 0.415007 0.409520 0.317339 0.409520 1.435877 1.050080 0.317339 1.050080 0.671409 
1.377541 0.406476 0.449873 0.327773 0.449873 1.442232 1.117627 0.327773 1.117627 0.711800 
1.398256 0.406742 0.499047 0.343331 0.499047 1.415504 1.186381 0.343331 1.186381 0.763215 
1.418971 0.415241 0.558664 0.363804 0.558664 1.389696 1.248264 0.363804 1.248264 0.826489 
1.439686 0.433895 0.626710 0.389324 0.626710 1.346469 1.299478 0.389324 1.299478 0.895031 
1.460400 0.462091 0.702961 0.422918 0.702961 1.291028 1.333865 0.422918 1.333865 0.978761 
1.481115 0.496039 0.783967 0.466209 0.783967 1.231696 1.351414 0.466209 1.351414 1.068403 
1.501830 0.542684 0.872731 0.519924 0.872731 1.194013 1.356444 0.519924 1.356444 1.146392 
1.522545 0.596048 0.962290 0.582621 0.962290 1.155617 1.344486 0.582621 1.344486 1.227475 
1.543260 0.662262 1.046195 0.661015 1.046195 1.135494 1.312584 0.661015 1.312584 1.308468 
1.563975 0.734958 1.121950 0.752422 1.121950 1.137146 1.276820 0.752422 1.276820 1.360620 
1.584690 0.816356 1.187037 0.851133 1.187037 1.166484 1.234092 0.851133 1.234092 1.405877 
1.605405 0.904069 1.236313 0.952621 1.236313 1.217604 1.201993 0.952621 1.201993 1.425950 
1.626120 0.991900 1.266357 1.054011 1.266357 1.276446 1.175446 1.054011 1.175446 1.433068 
1.646835 1.073941 1.283460 1.147254 1.283460 1.330449 1.168165 1.147254 1.168165 1.419142 
1.667549 1.147845 1.288715 1.225062 1.288715 1.364526 1.178303 1.225062 1.178303 1.383529 
1.688264 1.206660 1.287168 1.283989 1.287168 1.368735 1.217073 1.283989 1.217073 1.348152 
1.708979 1.251333 1.284871 1.325415 1.284871 1.338359 1.251505 1.325415 1.251505 1.306988 
1.729694 1.283123 1.287191 1.343734 1.287191 1.270378 1.305928 1.343734 1.305928 1.276895 
1.750409 1.299528 1.301472 1.348390 1.301472 1.193843 1.348913 1.348390 1.348913 1.262434 
1.771124 1.304363 1.323111 1.336171 1.323111 1.093659 1.362139 1.336171 1.362139 1.265684 
1.791839 1.297157 1.351479 1.318374 1.351479 1.003084 1.345429 1.318374 1.345429 1.283075 
1.812554 1.280988 1.379706 1.302923 1.379706 0.905395 1.299872 1.302923 1.299872 1.320186 
1.833269 1.257339 1.396140 1.291799 1.396140 0.824525 1.226686 1.291799 1.226686 1.352423 
1.853983 1.226728 1.391992 1.292250 1.391992 0.753967 1.137263 1.292250 1.137263 1.360346 
1.874698 1.194080 1.366180 1.302109 1.366180 0.695690 1.045882 1.302109 1.045882 1.352698 
1.895413 1.162914 1.315701 1.320792 1.315701 0.652211 0.951872 1.320792 0.951872 1.316932 
1.916128 1.137015 1.250842 1.335220 1.250842 0.620315 0.868365 1.335220 0.868365 1.257592 
1.936843 1.122821 1.171574 1.339073 1.171574 0.600379 0.792209 1.339073 0.792209 1.178132 
1.957558 1.117520 1.088089 1.324089 1.088089 0.591515 0.731585 1.324089 0.731585 1.088011 
1.978273 1.122686 1.009098 1.291090 1.009098 0.589333 0.680099 1.291090 0.680099 0.997473 
1.998988 1.131885 0.935845 1.236807 0.935845 0.596512 0.644125 1.236807 0.644125 0.915108 
2.019703 1.138975 0.871764 1.170334 0.871764 0.613694 0.616891 1.170334 0.616891 0.830340 
2.040418 1.135839 0.817966 1.094802 0.817966 0.634981 0.599515 1.094802 0.599515 0.760985 
2.061133 1.120227 0.775498 1.019450 0.775498 0.662013 0.594748 1.019450 0.594748 0.705221 
2.081847 1.091137 0.744367 0.946718 0.744367 0.703328 0.598775 0.946718 0.598775 0.662989 
2.102562 1.048617 0.723547 0.880771 0.723547 0.745177 0.609404 0.880771 0.609404 0.629793 
2.123277 0.999030 0.714111 0.822907 0.714111 0.795130 0.628105 0.822907 0.628105 0.606017 
2.143992 0.946021 0.711978 0.776928 0.711978 0.840450 0.656967 0.776928 0.656967 0.598000 
2.164707 0.892678 0.719265 0.740685 0.719265 0.892402 0.689964 0.740685 0.689964 0.593401 
2.185422 0.844252 0.732751 0.716881 0.732751 0.945957 0.727751 0.716881 0.727751 0.599748 
2.206137 0.802317 0.751762 0.702422 0.751762 0.998064 0.773799 0.702422 0.773799 0.614512 
2.226852 0.767993 0.778220 0.697271 0.778220 1.049005 0.820447 0.697271 0.820447 0.641867 
2.247567 0.743239 0.807206 0.701721 0.807206 1.089332 0.871100 0.701721 0.871100 0.675562 
2.268281 0.728876 0.840325 0.714928 0.840325 1.131961 0.922544 0.714928 0.922544 0.709464 
2.288996 0.724515 0.875808 0.734747 0.875808 1.163544 0.972142 0.734747 0.972142 0.750955 
2.309711 0.730485 0.912202 0.760325 0.912202 1.189980 1.025199 0.760325 1.025199 0.795947 
2.330426 0.744128 0.947733 0.793225 0.947733 1.212529 1.070410 0.793225 1.070410 0.850310 
2.351141 0.766243 0.984036 0.829566 0.984036 1.223284 1.115088 0.829566 1.115088 0.899572 
2.371856 0.796199 1.018095 0.868413 1.018095 1.224938 1.152244 0.868413 1.152244 0.951033 
2.392571 0.832086 1.050303 0.909025 1.050303 1.227853 1.184765 0.909025 1.184765 1.003707 
2.413286 0.872008 1.077186 0.951478 1.077186 1.223515 1.208931 0.951478 1.208931 1.051884 
2.434001 0.915413 1.102186 0.991924 1.102186 1.211226 1.223687 0.991924 1.223687 1.098774 
2.454716 0.960175 1.121563 1.029974 1.121563 1.198125 1.235321 1.029974 1.235321 1.138890 
2.475430 1.003177 1.136846 1.065377 1.136846 1.179927 1.236510 1.065377 1.236510 1.174617 
2.496145 1.044615 1.145772 1.096956 1.145772 1.163509 1.230178 1.096956 1.230178 1.205797 
2.516860 1.082472 1.147685 1.124651 1.147685 1.145617 1.222164 1.124651 1.222164 1.225153 
2.537575 1.114955 1.148117 1.144244 1.148117 1.128223 1.208979 1.144244 1.208979 1.237201 
2.558290 1.141068 1.143119 1.159781 1.143119 1.110342 1.192744 1.159781 1.192744 1.243421 
2.579005 1.163719 1.133488 1.167324 1.133488 1.093822 1.169892 1.167324 1.169892 1.239061 
2.599720 1.178120 1.122021 1.170681 1.122021 1.076116 1.149937 1.170681 1.149937 1.231168 
2.620435 1.185690 1.107686 1.168839 1.107686 1.059862 1.128268 1.168839 1.128268 1.218065 
2.641150 1.186938 1.090775 1.161177 1.090775 1.044684 1.107645 1.161177 1.107645 1.195582 
2.661865 1.182942 1.074891 1.150792 1.074891 1.026693 1.089171 1.150792 1.089171 1.179958 
2.682580 1.173879 1.058965 1.135569 1.058965 1.007190 1.069221 1.135569 1.069221 1.157169 
2.703294 1.159520 1.042187 1.119353 1.042187 0.987959 1.051341 1.119353 1.051341 1.129872 
2.724009 1.142613 1.028176 1.100044 1.028176 0.967246 1.034636 1.100044 1.034636 1.106861 
2.744724 1.123382 1.014866 1.080672 1.014866 0.944787 1.018753 1.080672 1.018753 1.081363 
2.765439 1.101475 1.004060 1.059947 1.004060 0.926491 0.999921 1.059947 0.999921 1.060394 
2.786154 1.079499 0.993727 1.041455 0.993727 0.903775 0.984430 1.041455 0.984430 1.042765 
2.806869 1.056511 0.982456 1.022373 0.982456 0.888991 0.962461 1.022373 0.962461 1.026891 
2.827584 1.035780 0.974201 1.006362 0.974201 0.872777 0.942963 1.006362 0.942963 1.006029 
2.848299 1.014041 0.965562 0.991371 0.965562 0.864874 0.923131 0.991371 0.923131 0.993453 
2.869014 0.995537 0.955616 0.979869 0.955616 0.859476 0.906854 0.979869 0.906854 0.976918 
2.889728 0.977597 0.945197 0.969042 0.945197 0.859271 0.888772 0.969042 0.888772 0.959308 
2.910443 0.962806 0.934617 0.959487 0.934617 0.863777 0.875526 0.959487 0.875526 0.940885 
2.931158 0.949723 0.924168 0.951709 0.924168 0.871146 0.865171 0.951709 0.865171 0.920911 
2.951873 0.940237 0.915939 0.943505 0.915939 0.880426 0.860221 0.943505 0.860221 0.904744 
2.972588 0.931840 0.909493 0.934738 0.909493 0.894306 0.860358 0.934738 0.860358 0.888698 
2.993303 0.926272 0.903159 0.925306 0.903159 0.915072 0.862428 0.925306 0.862428 0.874898 
3.014018 0.922153 0.901083 0.917188 0.901083 0.930455 0.869651 0.917188 0.869651 0.864861 
3.034733 0.918504 0.903283 0.909241 0.903283 0.950233 0.881513 0.909241 0.881513 0.858413 
3.055448 0.916115 0.906764 0.902582 0.906764 0.967754 0.896526 0.902582 0.896526 0.858295 
3.076163 0.914755 0.914773 0.898167 0.914773 0.990042 0.914393 0.898167 0.914393 0.862557 
3.096877 0.912704 0.926812 0.896762 0.926812 1.007499 0.931610 0.896762 0.931610 0.867237 
3.117592 0.912258 0.939820 0.898386 0.939820 1.022290 0.953673 0.898386 0.953673 0.879552 
3.138307 0.911919 0.956173 0.902054 0.956173 1.036998 0.974388 0.902054 0.974388 0.894865 
3.159022 0.914240 0.971745 0.909752 0.971745 1.048723 0.994103 0.909752 0.994103 0.913427 
3.179737 0.917732 0.989840 0.921531 0.989840 1.060106 1.013166 0.921531 1.013166 0.932532 
3.200452 0.923400 1.007393 0.935166 1.007393 1.065271 1.030436 0.935166 1.030436 0.954656 
3.221167 0.931744 1.023941 0.951229 1.023941 1.071793 1.044142 0.951229 1.044142 0.977703 
3.241882 0.942525 1.039479 0.969510 1.039479 1.074706 1.056883 0.969510 1.056883 0.994967 
3.262597 0.954416 1.050857 0.988679 1.050857 1.078546 1.068867 0.988679 1.068867 1.017256 
3.283312 0.969063 1.063660 1.008083 1.063660 1.074618 1.074374 1.008083 1.074374 1.039115 
3.304026 0.984285 1.071506 1.025385 1.071506 1.072915 1.080471 1.025385 1.080471 1.055054 
3.324741 1.000036 1.078448 1.042482 1.078448 1.067786 1.081149 1.042482 1.081149 1.068139 
3.345456 1.015906 1.081738 1.057738 1.081738 1.061119 1.083367 1.057738 1.083367 1.077288 
3.366171 1.031710 1.082074 1.070637 1.082074 1.055077 1.079209 1.070637 1.079209 1.085427 
3.386886 1.044991 1.081787 1.079666 1.081787 1.046343 1.077348 1.079666 1.077348 1.088019 
3.407601 1.057928 1.077203 1.086749 1.077203 1.037616 1.069767 1.086749 1.069767 1.091721 
3.428316 1.068086 1.071961 1.090766 1.071961 1.029691 1.062499 1.090766 1.062499 1.093565 
3.449031 1.076366 1.065282 1.092071 1.065282 1.019470 1.053890 1.092071 1.053890 1.087618 
3.469746 1.080899 1.056844 1.089233 1.056844 1.013239 1.044360 1.089233 1.044360 1.082066 
3.490461 1.083319 1.047291 1.086237 1.047291 1.000545 1.034889 1.086237 1.034889 1.074966 
3.511176 1.083459 1.037039 1.079486 1.037039 0.995204 1.025920 1.079486 1.025920 1.067348 
3.531890 1.081318 1.026674 1.072432 1.026674 0.986253 1.015316 1.072432 1.015316 1.054042 
3.552605 1.076806 1.016029 1.062441 1.016029 0.978637 1.005493 1.062441 1.005493 1.045291 
3.573320 1.070231 1.004602 1.051661 1.004602 0.974867 0.995711 1.051661 0.995711 1.033234 
3.594035 1.062028 0.994737 1.040661 0.994737 0.969357 0.987348 1.040661 0.987348 1.024960 
3.614750 1.052834 0.985157 1.028458 0.985157 0.965343 0.977851 1.028458 0.977851 1.011181 
3.635465 1.043071 0.976963 1.016584 0.976963 0.961038 0.972890 1.016584 0.972890 1.001226 
3.656180 1.031982 0.968973 1.006348 0.968973 0.957681 0.966126 1.006348 0.966126 0.989087 
3.676895 1.021104 0.961819 0.993909 0.961819 0.955023 0.960956 0.993909 0.960956 0.978985 
3.697610 1.010175 0.956495 0.983386 0.956495 0.959127 0.958230 0.983386 0.958230 0.974156 
3.718324 0.999170 0.952303 0.973688 0.952303 0.958508 0.955551 0.973688 0.955551 0.967033 
3.739039 0.988532 0.949364 0.966225 0.949364 0.960080 0.953375 0.966225 0.953375 0.957607 
3.759754 0.979249 0.948166 0.958739 0.948166 0.962365 0.951332 0.958739 0.951332 0.952556 
3.780469 0.970382 0.948150 0.952574 0.948150 0.965826 0.953766 0.952574 0.953766 0.949608 
3.801184 0.962280 0.949080 0.947848 0.949080 0.969494 0.954416 0.947848 0.954416 0.946888 
3.821899 0.956905 0.951208 0.944195 0.951208 0.973747 0.955897 0.944195 0.955897 0.946727 
3.842614 0.952152 0.953625 0.942589 0.953625 0.979611 0.958626 0.942589 0.958626 0.945792 
3.863329 0.948086 0.957150 0.942352 0.957150 0.983279 0.962513 0.942352 0.962513 0.946496 
3.884044 0.946264 0.960767 0.943344 0.960767 0.993819 0.967326 0.943344 0.967326 0.949857 
3.904759 0.945124 0.966714 0.945543 0.966714 1.001342 0.973567 0.945543 0.973567 0.952563 
3.925473 0.946257 0.972115 0.948626 0.972115 1.008405 0.979619 0.948626 0.979619 0.956711 
3.946188 0.948390 0.977519 0.953741 0.977519 1.012926 0.988334 0.953741 0.988334 0.961845 
3.966903 0.951477 0.984886 0.958235 0.984886 1.017992 0.994899 0.958235 0.994899 0.966522 
3.987618 0.955916 0.991282 0.963693 0.991282 1.023986 1.002470 0.963693 1.002470 0.973218 
4.008333 0.961371 0.997425 0.969512 0.997425 1.030913 1.009358 0.969512 1.009358 0.981007 
4.029048 0.966959 1.004292 0.977502 1.004292 1.033052 1.017825 0.977502 1.017825 0.989450 
4.049763 0.973636 1.010450 0.984418 1.010450 1.033816 1.023564 0.984418 1.023564 0.996394 
4.070478 0.980420 1.016526 0.990786 1.016526 1.036008 1.029182 0.990786 1.029182 1.006394 
4.091193 0.987488 1.022890 0.999040 1.022890 1.036162 1.034508 0.999040 1.034508 1.009802 
4.111907 0.993792 1.027758 1.005683 1.027758 1.035482 1.038132 1.005683 1.038132 1.020029 
4.132622 1.001114 1.032059 1.012305 1.032059 1.034464 1.040373 1.012305 1.040373 1.027765 
4.153337 1.006785 1.035213 1.019501 1.035213 1.030946 1.039942 1.019501 1.039942 1.034575 
4.174052 1.013627 1.038020 1.025595 1.038020 1.028693 1.041466 1.025595 1.041466 1.039146 
4.194767 1.019064 1.040122 1.030894 1.040122 1.023172 1.040266 1.030894 1.040266 1.041005 
4.215482 1.023840 1.039756 1.034904 1.039756 1.019610 1.037027 1.034904 1.037027 1.046722 
4.236197 1.028289 1.038696 1.038545 1.038696 1.016676 1.035188 1.038545 1.035188 1.045373 
4.256912 1.031928 1.036780 1.040882 1.036780 1.010108 1.031354 1.040882 1.031354 1.045167 
4.277627 1.034330 1.035244 1.042156 1.035244 1.005185 1.027675 1.042156 1.027675 1.045003 
4.298342 1.036656 1.031486 1.042813 1.031486 0.999714 1.022895 1.042813 1.022895 1.043153 
4.319057 1.036842 1.026806 1.042002 1.026806 0.994658 1.017270 1.042002 1.017270 1.040005 
4.339772 1.037400 1.022288 1.040135 1.022288 0.989684 1.011261 1.040135 1.011261 1.035913 
4.360487 1.036203 1.018224 1.037621 1.018224 0.984913 1.005313 1.037621 1.005313 1.028905 
4.381201 1.034306 1.012137 1.033262 1.012137 0.981445 0.999545 1.033262 0.999545 1.023167 
4.401916 1.031869 1.006809 1.028923 1.006809 0.979870 0.993873 1.028923 0.993873 1.019180 
4.422631 1.028600 1.001222 1.023757 1.001222 0.976961 0.988199 1.023757 0.988199 1.009004 
4.443346 1.024776 0.996146 1.018283 0.996146 0.974113 0.984024 1.018283 0.984024 1.005330 
4.464061 1.020324 0.991748 1.012327 0.991748 0.973000 0.979661 1.012327 0.979661 0.999308 
4.484776 1.015942 0.986163 1.007032 0.986163 0.971810 0.976651 1.007032 0.976651 0.993342 
4.505491 1.010624 0.982146 1.001340 0.982146 0.973529 0.974407 1.001340 0.974407 0.986680 
4.526206 1.005309 0.979342 0.995147 0.979342 0.973205 0.971479 0.995147 0.971479 0.981878 
4.546920 1.000981 0.976101 0.990139 0.976101 0.975088 0.969779 0.990139 0.969779 0.976636 
4.567635 0.996064 0.973755 0.985262 0.973755 0.975804 0.969689 0.985262 0.969689 0.973296 
4.588350 0.990877 0.972268 0.980667 0.972268 0.979665 0.968925 0.980667 0.968925 0.969993 
4.609065 0.987132 0.971221 0.976649 0.971221 0.983658 0.971460 0.976649 0.971460 0.968220 
4.629780 0.982880 0.971244 0.973521 0.971244 0.984641 0.972295 0.973521 0.972295 0.967526 
4.650495 0.979727 0.971867 0.971731 0.971867 0.989228 0.975328 0.971731 0.975328 0.966190 
4.671210 0.976772 0.973614 0.969568 0.973614 0.995047 0.977182 0.969568 0.977182 0.966730 
4.691925 0.974497 0.975062 0.969012 0.975062 0.997375 0.981122 0.969012 0.981122 0.967905 
4.712640 0.973545 0.977862 0.968824 0.977862 1.000313 0.984727 0.968824 0.984727 0.969994 
4.733355 0.972388 0.980836 0.969800 0.980836 1.003662 0.988901 0.969800 0.988901 0.972678 
4.754069 0.971938 0.984276 0.971032 0.984276 1.008186 0.992293 0.971032 0.992293 0.976375 
4.774784 0.973066 0.987849 0.973103 0.987849 1.009663 0.995573 0.973103 0.995573 0.980345 
4.795499 0.973885 0.991699 0.975968 0.991699 1.012738 1.001712 0.975968 1.001712 0.981944 
4.816214 0.976260 0.995781 0.979152 0.995781 1.016905 1.005154 0.979152 1.005154 0.986336 
4.836929 0.978467 1.000160 0.983065 1.000160 1.016968 1.007691 0.983065 1.007691 0.993621 
4.857644 0.981431 1.003872 0.988006 1.003872 1.017521 1.012401 0.988006 1.012401 0.995650 
4.878359 0.984879 1.006897 0.991137 1.006897 1.019730 1.014075 0.991137 1.014075 0.998098 
4.899074 0.988428 1.009935 0.995775 1.009935 1.021025 1.018019 0.995775 1.018019 1.003805 
4.919789 0.992521 1.012724 1.000341 1.012724 1.019700 1.019741 1.000341 1.019741 1.009097 
4.940504 0.996644 1.015674 1.004726 1.015674 1.019622 1.020710 1.004726 1.020710 1.013421 
4.961218 1.000671 1.017064 1.008298 1.017064 1.018187 1.022505 1.008298 1.022505 1.016315 
4.981933 1.004415 1.018676 1.012271 1.018676 1.018489 1.023452 1.012271 1.023452 1.020093 
5.002648 1.008017 1.019351 1.015139 1.019351 1.015920 1.021727 1.015139 1.021727 1.021139 
5.023363 1.011387 1.019856 1.017897 1.019856 1.012795 1.020926 1.017897 1.020926 1.023109 
5.044078 1.014153 1.020338 1.019390 1.020338 1.012171 1.020870 1.019390 1.020870 1.024877 
5.064793 1.016622 1.018533 1.020647 1.018533 1.009396 1.019732 1.020647 1.019732 1.023884 
5.085508 1.018599 1.018237 1.022041 1.018237 1.007371 1.016970 1.022041 1.016970 1.023796 
5.106223 1.019831 1.016924 1.022281 1.016924 1.002896 1.016089 1.022281 1.016089 1.023683 
5.126938 1.020473 1.015322 1.022466 1.015322 1.000968 1.013177 1.022466 1.013177 1.021448 
5.147653 1.020466 1.013268 1.021293 1.013268 0.997882 1.010125 1.021293 1.010125 1.019786 
5.168367 1.020651 1.010868 1.019700 1.010868 0.994905 1.007201 1.019700 1.007201 1.019613 
5.189082 1.019449 1.008441 1.017965 1.008441 0.993057 1.003789 1.017965 1.003789 1.016177 
5.209797 1.018011 1.005617 1.016082 1.005617 0.989644 1.000633 1.016082 1.000633 1.012464 
5.230512 1.016319 1.002686 1.013946 1.002686 0.991100 0.997607 1.013946 0.997607 1.010986 
5.251227 1.014633 1.000516 1.010739 1.000516 0.986613 0.994418 1.010739 0.994418 1.005920 
5.271942 1.012206 0.997913 1.008003 0.997913 0.985988 0.992567 1.008003 0.992567 1.004476 
5.292657 1.010243 0.995135 1.005557 0.995135 0.984516 0.989714 1.005557 0.989714 1.001262 
5.313372 1.007650 0.993331 1.002946 0.993331 0.985940 0.988035 1.002946 0.988035 0.995254 
5.334087 1.004553 0.990868 1.000135 0.990868 0.984745 0.985076 1.000135 0.985076 0.994375 
5.354802 1.002173 0.989423 0.997190 0.989423 0.984796 0.985248 0.997190 0.985248 0.991037 
5.375516 0.999273 0.988162 0.994359 0.988162 0.985959 0.984320 0.994359 0.984320 0.988363 
5.396231 0.996955 0.987056 0.991819 0.987056 0.986745 0.984151 0.991819 0.984151 0.988642 
5.416946 0.994367 0.986196 0.989757 0.986196 0.989591 0.983862 0.989757 0.983862 0.984458 
5.437661 0.992317 0.985029 0.987958 0.985029 0.990316 0.984057 0.987958 0.984057 0.984299 
5.458376 0.990394 0.985057 0.986470 0.985057 0.992052 0.984611 0.986470 0.984611 0.982229 
5.479091 0.988765 0.986244 0.985597 0.986244 0.994375 0.985306 0.985597 0.985306 0.983057 
5.499806 0.987580 0.986588 0.984925 0.986588 0.994331 0.988204 0.984925 0.988204 0.982962 
5.520521 0.986533 0.987478 0.984046 0.987478 0.998468 0.988290 0.984046 0.988290 0.982166 
5.541236 0.985810 0.988618 0.983705 0.988618 0.999380 0.991230 0.983705 0.991230 0.983425 
5.561951 0.985619 0.989717 0.984493 0.989717 1.002097 0.993328 0.984493 0.993328 0.984225 
5.582665 0.985658 0.991448 0.985074 0.991448 1.003578 0.995457 0.985074 0.995457 0.986188 
5.603380 0.986087 0.993858 0.986281 0.993858 1.004405 0.996676 0.986281 0.996676 0.988486 
5.624095 0.986630 0.995555 0.988131 0.995555 1.006864 0.999206 0.988131 0.999206 0.990843 
5.644810 0.987983 0.997643 0.989472 0.997643 1.007233 1.001654 0.989472 1.001654 0.992749 
5.665525 0.988955 0.999782 0.991459 0.999782 1.008519 1.004196 0.991459 1.004196 0.995714 
5.686240 0.990571 1.001342 0.993290 1.001342 1.011239 1.006677 0.993290 1.006677 0.997880 
5.706955 0.992545 1.003416 0.995534 1.003416 1.012361 1.007952 0.995534 1.007952 0.999668 
5.727670 0.994522 1.005094 0.997834 1.005094 1.011784 1.009122 0.997834 1.009122 1.002521 
5.748384 0.996509 1.007360 1.000038 1.007360 1.011178 1.010435 1.000038 1.010435 1.003859 
5.769099 0.998190 1.008694 1.002871 1.008694 1.010635 1.011835 1.002871 1.011835 1.006413 
5.789814 1.000223 1.009240 1.004035 1.009240 1.010969 1.011828 1.004035 1.011828 1.009564 
5.810529 1.002238 1.010372 1.006396 1.010372 1.010077 1.011868 1.006396 1.011868 1.010484 
5.831244 1.003956 1.010688 1.008043 1.010688 1.009628 1.012424 1.008043 1.012424 1.011714 
5.851959 1.005536 1.011145 1.009360 1.011145 1.008527 1.011655 1.009360 1.011655 1.013997 
5.872674 1.007497 1.010649 1.010623 1.010649 1.004917 1.011507 1.010623 1.011507 1.013302 
5.893389 1.008773 1.010590 1.011444 1.010590 1.004960 1.009983 1.011444 1.009983 1.014343 
5.914104 1.010117 1.009965 1.011484 1.009965 1.002276 1.008769 1.011484 1.008769 1.012807 
5.934819 1.011099 1.008916 1.012156 1.008916 1.002207 1.007993 1.012156 1.007993 1.013532 
5.955534 1.010939 1.008636 1.012036 1.008636 0.999335 1.005913 1.012036 1.005913 1.012184 
5.976249 1.011509 1.007303 1.011856 1.007303 0.999923 1.004254 1.011856 1.004254 1.011102 
5.996964 1.010956 1.005569 1.011530 1.005569 0.998026 1.004014 1.011530 1.004014 1.009991 
6.017678 1.010647 1.004441 1.010127 1.004441 0.997309 1.001436 1.010127 1.001436 1.009228 
6.038393 1.010128 1.002871 1.008757 1.002871 0.995195 1.000359 1.008757 1.000359 1.008760 
6.059108 1.009337 1.000813 1.007426 1.000813 0.995072 0.998151 1.007426 0.998151 1.006417 
6.079823 1.008474 0.999751 1.006133 0.999751 0.992632 0.997355 1.006133 0.997355 1.002429 
6.100538 1.007248 0.998841 1.004138 0.998841 0.993330 0.996183 1.004138 0.996183 1.001740 
6.121253 1.005519 0.997295 1.002703 0.997295 0.992593 0.994758 1.002703 0.994758 0.999645 
6.141968 1.004163 0.995918 1.001119 0.995918 0.992206 0.993261 1.001119 0.993261 0.998047 
6.162683 1.002455 0.994580 0.999138 0.994580 0.992507 0.993384 0.999138 0.993384 0.996619 
6.183398 1.000682 0.993850 0.998056 0.993850 0.991866 0.991730 0.998056 0.991730 0.996247 
6.204113 0.999462 0.993527 0.996620 0.993527 0.992743 0.991193 0.996620 0.991193 0.993083 
6.224827 0.998215 0.992666 0.995357 0.992666 0.993704 0.991743 0.995357 0.991743 0.993784 
6.245542 0.996743 0.992312 0.993877 0.992312 0.994126 0.991427 0.993877 0.991427 0.992191 
6.266257 0.995609 0.991878 0.992913 0.991878 0.994815 0.991514 0.992913 0.991514 0.992843 
6.286972 0.994715 0.991695 0.992167 0.991695 0.995894 0.991757 0.992167 0.991757 0.990520 
6.307687 0.993623 0.992535 0.991619 0.992535 0.996729 0.993162 0.991619 0.993162 0.990442 
6.328402 0.993070 0.992957 0.991324 0.992957 0.997955 0.993613 0.991324 0.993613 0.991077 
6.349117 0.992434 0.993353 0.991448 0.993353 0.998344 0.994958 0.991448 0.994958 0.989878 
6.369832 0.992403 0.993733 0.991273 0.993733 1.000431 0.995132 0.991273 0.995132 0.991126 
6.390547 0.992201 0.994863 0.991338 0.994863 1.001414 0.996925 0.991338 0.996925 0.991661 
6.411262 0.992104 0.996013 0.992146 0.996013 1.001422 0.998314 0.992146 0.998314 0.992959 
6.431976 0.992440 0.996783 0.992626 0.996783 1.002444 0.998732 0.992626 0.998732 0.994372 
6.452691 0.992692 0.997925 0.993995 0.997925 1.004010 0.999585 0.993995 0.999585 0.994400 
6.473406 0.993255 0.998509 0.994338 0.998509 1.004988 1.001181 0.994338 1.001181 0.996517 
6.494121 0.993967 0.999689 0.995650 0.999689 1.005828 1.001774 0.995650 1.001774 0.997494 
6.514836 0.995189 1.000992 0.996908 1.000992 1.006386 1.003848 0.996908 1.003848 0.999183 
6.535551 0.996128 1.002101 0.997980 1.002101 1.005760 1.003795 0.997980 1.003795 0.999951 
6.556266 0.997058 1.003057 0.999242 1.003057 1.006290 1.004963 0.999242 1.004963 1.002588 
6.576981 0.998353 1.003831 1.000747 1.003831 1.006004 1.006813 1.000747 1.006813 1.002590 
6.597695 0.999439 1.004688 1.001635 1.004688 1.005605 1.006238 1.001635 1.006238 1.003709 
6.618410 1.000303 1.004926 1.002520 1.004926 1.005509 1.006229 1.002520 1.006229 1.005780 
6.639125 1.001525 1.005276 1.003376 1.005276 1.006209 1.006573 1.003376 1.006573 1.004687 
6.659840 1.002482 1.006018 1.004269 1.006018 1.005198 1.006698 1.004269 1.006698 1.005862 
6.680555 1.003692 1.005856 1.005225 1.005856 1.005573 1.006001 1.005225 1.006001 1.007508 
6.701270 1.004142 1.005935 1.005864 1.005935 1.003915 1.006309 1.005864 1.006309 1.006840 
6.721985 1.004985 1.006030 1.006386 1.006030 1.003159 1.005482 1.006386 1.005482 1.008883 
6.742700 1.005503 1.005610 1.006555 1.005610 1.002179 1.004926 1.006555 1.004926 1.007462 
6.763415 1.005863 1.005135 1.006590 1.005135 1.001725 1.003876 1.006590 1.003876 1.006673 
6.784130 1.006096 1.004323 1.006498 1.004323 0.999899 1.003632 1.006498 1.003632 1.006577 
6.804844 1.006141 1.003824 1.006294 1.003824 0.999231 1.002955 1.006294 1.002955 1.006412 
6.825559 1.006283 1.003226 1.006394 1.003226 0.998534 1.001769 1.006394 1.001769 1.006778 
6.846274 1.005913 1.002389 1.005360 1.002389 0.997888 1.000755 1.005360 1.000755 1.004789 
6.866989 1.005740 1.001608 1.004598 1.001608 0.996484 1.000296 1.004598 1.000296 1.003933 
6.887704 1.005238 1.000460 1.004029 1.000460 0.996628 0.998982 1.004029 0.998982 1.002445 
6.908419 1.004464 0.999690 1.003574 0.999690 0.996666 0.999082 1.003574 0.999082 1.002364 
6.929134 1.003709 0.999276 1.002202 0.999276 0.996587 0.998287 1.002202 0.998287 1.000654 
6.949849 1.003071 0.998320 1.001378 0.998320 0.995788 0.996241 1.001378 0.996241 0.999043 
6.970564 1.002303 0.997702 1.000619 0.997702 0.994423 0.995594 1.000619 0.995594 0.999375 
6.991279 1.001571 0.997185 0.999514 0.997185 0.995684 0.996017 0.999514 0.996017 0.999256 
7.011993 1.000518 0.996308 0.999057 0.996308 0.995326 0.995333 0.999057 0.995333 0.998263 
7.032708 0.999791 0.996544 0.997533 0.996544 0.995913 0.995551 0.997533 0.995551 0.996131 
7.053423 0.998996 0.995796 0.997702 0.995796 0.996493 0.995467 0.997702 0.995467 0.996281 
7.074138 0.998212 0.995693 0.996628 0.995693 0.995833 0.995763 0.996628 0.995763 0.995196 
7.094853 0.997480 0.995961 0.996149 0.995961 0.997540 0.995008 0.996149 0.995008 0.994810 
7.115568 0.996942 0.995692 0.996080 0.995692 0.997705 0.995993 0.996080 0.995993 0.994163 
7.136283 0.996449 0.995604 0.995443 0.995604 0.998179 0.996253 0.995443 0.996253 0.994571 
7.156998 0.995973 0.995974 0.994907 0.995974 1.000253 0.997113 0.994907 0.997113 0.995155 
7.177713 0.995524 0.996260 0.994965 0.996260 0.999071 0.996747 0.994965 0.996747 0.995665 
7.198428 0.995751 0.996851 0.995209 0.996851 1.000991 0.997708 0.995209 0.997708 0.995310 
7.219142 0.995661 0.997060 0.995193 0.997060 1.001611 0.997933 0.995193 0.997933 0.995295 
7.239857 0.995695 0.997483 0.995594 0.997483 1.001615 0.999208 0.995594 0.999208 0.997327 
7.260572 0.995618 0.998298 0.995930 0.998298 1.001246 0.998726 0.995930 0.998726 0.996662 
7.281287 0.996169 0.998597 0.996437 0.998597 1.002653 1.000463 0.996437 1.000463 0.996866 
7.302002 0.996619 0.999588 0.997076 0.999588 1.002501 1.000799 0.997076 1.000799 0.997908 
7.322717 0.997008 1.000338 0.997386 1.000338 1.002546 1.001643 0.997386 1.001643 0.999432 
7.343432 0.997454 1.000829 0.998343 1.000829 1.002045 1.001944 0.998343 1.001944 1.000571 
7.364147 0.997833 1.001182 0.998829 1.001182 1.002910 1.002479 0.998829 1.002479 1.001043 
7.384862 0.998560 1.001680 0.999814 1.001680 1.004234 1.002908 0.999814 1.002908 1.001603 
7.405577 0.999114 1.002130 1.000169 1.002130 1.003422 1.003532 1.000169 1.003532 1.002352 
7.426291 0.999775 1.002427 1.001002 1.002427 1.004845 1.004241 1.001002 1.004241 1.002533 
7.447006 1.000417 1.002812 1.001090 1.002812 1.003013 1.003672 1.001090 1.003672 1.004050 
7.467721 1.001079 1.003049 1.002124 1.003049 1.003514 1.003022 1.002124 1.003022 1.003493 
7.488436 1.001598 1.003312 1.002580 1.003312 1.002506 1.003556 1.002580 1.003556 1.004039 
7.509151 1.002047 1.003212 1.002998 1.003212 1.003454 1.003721 1.002998 1.003721 1.003595 
7.529866 1.002597 1.003196 1.003126 1.003196 1.001739 1.003639 1.003126 1.003639 1.004128 
7.550581 1.002755 1.003069 1.003689 1.003069 1.001247 1.003998 1.003689 1.003998 1.004643 
7.571296 1.003214 1.002844 1.003829 1.002844 0.999900 1.003234 1.003829 1.003234 1.004174 
7.592011 1.003370 1.002644 1.003556 1.002644 1.000338 1.002915 1.003556 1.002915 1.003928 
7.612726 1.003486 1.002298 1.003652 1.002298 1.001220 1.002256 1.003652 1.002256 1.004478 
7.633440 1.003620 1.002272 1.003636 1.002272 1.000262 1.001295 1.003636 1.001295 1.003189 
7.654155 1.003488 1.001585 1.003093 1.001585 0.999361 1.000574 1.003093 1.000574 1.002533 
7.674870 1.003320 1.001550 1.003324 1.001550 0.998484 1.000441 1.003324 1.000441 1.002389 
7.695585 1.003220 1.000777 1.002754 1.000777 0.998349 1.000204 1.002754 1.000204 1.001963 
7.716300 1.002857 1.000539 1.002394 1.000539 0.998588 0.999543 1.002394 0.999543 1.002125 
7.737015 1.002486 1.000002 1.001681 1.000002 0.998923 0.999148 1.001681 0.999148 1.001421 
7.757730 1.002372 0.999030 1.001384 0.999030 0.998422 0.998303 1.001384 0.998303 0.999339 
7.778445 1.001573 0.999352 1.000662 0.999352 0.997609 0.998235 1.000662 0.998235 1.000008 
7.799160 1.001167 0.998669 1.000656 0.998669 0.997977 0.998826 1.000656 0.998826 0.999833 
7.819875 1.000820 0.998022 0.999768 0.998022 0.997025 0.997966 0.999768 0.997966 0.999074 
7.840590 1.000367 0.998270 0.999099 0.998270 0.997968 0.997018 0.999099 0.997018 0.998885 
7.861304 0.999835 0.998044 0.999033 0.998044 0.998665 0.998214 0.999033 0.998214 0.999458 
7.882019 0.999382 0.997452 0.998203 0.997452 0.997874 0.996541 0.998203 0.996541 0.998521 
7.902734 0.999131 0.997642 0.997974 0.997642 0.998708 0.996924 0.997974 0.996924 0.997655 
7.923449 0.998663 0.997571 0.998339 0.997571 0.999566 0.998079 0.998339 0.998079 0.997801 
7.944164 0.998278 0.997483 0.997458 0.997483 0.998749 0.996670 0.997458 0.996670 0.997855 
7.964879 0.998043 0.997496 0.997188 0.997496 0.998573 0.997975 0.997188 0.997975 0.996990 
7.985594 0.997656 0.997991 0.996976 0.997991 0.999252 0.997950 0.996976 0.997950 0.998309 
8.006309 0.997633 0.998069 0.997410 0.998069 0.999650 0.998467 0.997410 0.998467 0.997464 
8.027024 0.997674 0.998095 0.996970 0.998095 1.000162 0.998293 0.996970 0.998293 0.997629 
8.047739 0.997454 0.998489 0.997325 0.998489 1.000616 0.999015 0.997325 0.999015 0.997149 
8.068453 0.997553 0.998643 0.997562 0.998643 1.001036 0.998984 0.997562 0.998984 0.998386 
8.089168 0.997509 0.999205 0.997943 0.999205 1.002099 0.999857 0.997943 0.999857 0.998800 
8.109883 0.997813 0.999684 0.997707 0.999684 1.001815 1.000041 0.997707 1.000041 0.998511 
8.130598 0.998060 0.999741 0.998339 0.999741 1.001627 1.000882 0.998339 1.000882 0.999741 
8.151313 0.998432 0.999950 0.998861 0.999950 1.001700 1.000511 0.998861 1.000511 0.999364 
8.172028 0.998629 1.000083 0.999164 1.000083 1.001808 1.000992 0.999164 1.000992 1.000416 
8.192743 0.998870 1.000748 0.999429 1.000748 1.002082 1.001404 0.999429 1.001404 1.000226 
8.213458 0.999433 1.001020 0.999671 1.001020 1.002188 1.001469 0.999671 1.001469 1.000662 
8.234172 0.999571 1.001511 1.000055 1.001511 1.001592 1.002470 1.000055 1.002470 1.001200 
8.254887 0.999878 1.001560 1.000655 1.001560 1.001440 1.001992 1.000655 1.001992 1.002424 
8.275602 1.000384 1.001665 1.000880 1.001665 1.001251 1.002335 1.000880 1.002335 1.001946 
8.296318 1.000761 1.002057 1.000999 1.002057 1.001323 1.002385 1.000999 1.002385 1.002055 
8.317032 1.001197 1.001969 1.001399 1.001969 1.000797 1.002396 1.001399 1.002396 1.002587 
8.337747 1.001246 1.001991 1.001490 1.001991 1.000747 1.002129 1.001490 1.002129 1.002346 
8.358462 1.001559 1.001526 1.001774 1.001526 1.001557 1.002458 1.001774 1.002458 1.002736 
8.379177 1.001937 1.001569 1.002308 1.001569 1.000608 1.001748 1.002308 1.001748 1.001904 
8.399891 1.001807 1.002120 1.002094 1.002120 0.999809 1.001371 1.002094 1.001371 1.001875 
8.420607 1.001934 1.001551 1.002297 1.001551 1.000207 1.001801 1.002297 1.001801 1.002669 
8.441322 1.002034 1.001366 1.002443 1.001366 1.000510 1.000966 1.002443 1.000966 1.002561 
8.462037 1.002075 1.001024 1.002224 1.001024 1.000954 1.000720 1.002224 1.000720 1.002627 
8.482751 1.001986 1.001303 1.001994 1.001303 1.000543 1.000661 1.001994 1.000661 1.002521 
8.503466 1.001751 1.000569 1.001370 1.000569 0.999595 1.000121 1.001370 1.000121 1.001098 
8.524181 1.001566 0.999998 1.001457 0.999998 0.998885 1.000075 1.001457 1.000075 1.001024 
8.544896 1.001644 1.000085 1.000886 1.000085 0.998772 0.999480 1.000886 0.999480 1.000924 
8.565611 1.001608 0.999765 1.001043 0.999765 0.998871 0.999702 1.001043 0.999702 1.001038 
8.586326 1.001340 0.999448 1.000963 0.999448 0.999613 0.999437 1.000963 0.999437 1.000243 
8.607041 1.000961 0.999137 1.000510 0.999137 0.998735 0.999661 1.000510 0.999661 1.000168 
8.627756 1.001048 0.999116 1.000351 0.999116 0.999286 0.999104 1.000351 0.999104 1.000045 
8.648470 1.000640 0.999315 0.999621 0.999315 0.998896 0.999316 0.999621 0.999316 0.999108 
8.669185 1.000254 0.998890 0.999958 0.998890 0.999701 0.998804 0.999958 0.998804 0.999178 
8.689900 0.999962 0.998796 0.999024 0.998796 0.999110 0.998537 0.999024 0.998537 0.998716 
8.710616 0.999645 0.998746 0.999027 0.998746 0.999205 0.998880 0.999027 0.998880 0.998883 
8.731330 0.999320 0.998669 0.998969 0.998669 0.998488 0.998886 0.998969 0.998886 0.998834 
8.752045 0.999196 0.998800 0.998700 0.998800 0.998946 0.998414 0.998700 0.998414 0.999241 
8.772760 0.998863 0.998545 0.998862 0.998545 0.999886 0.998647 0.998862 0.998647 0.998146 
8.793475 0.998854 0.998748 0.998308 0.998748 0.998756 0.998879 0.998308 0.998879 0.998310 
8.814189 0.998918 0.998631 0.998193 0.998631 0.999602 0.998701 0.998193 0.998701 0.998642 
8.834905 0.998599 0.998717 0.998489 0.998717 0.998991 0.999270 0.998489 0.999270 0.998651 
8.855620 0.998556 0.998930 0.998529 0.998930 1.001168 0.999416 0.998529 0.999416 0.998450 
8.876335 0.998626 0.998928 0.998735 0.998928 1.000941 0.999621 0.998735 0.999621 0.998870 
8.897049 0.998682 0.999211 0.998725 0.999211 1.000812 0.999510 0.998725 0.999510 0.998971 
8.917764 0.998536 0.999294 0.998804 0.999294 1.000845 1.000007 0.998804 1.000007 0.999557 
8.938479 0.998988 0.999646 0.998925 0.999646 1.001454 1.000155 0.998925 1.000155 0.999312 
8.959194 0.999179 0.999885 0.998979 0.999885 1.000765 1.000035 0.998979 1.000035 1.000049 
8.979909 0.999028 1.000096 0.999386 1.000096 1.000785 1.000675 0.999386 1.000675 1.000136 
9.000624 0.999470 1.000588 0.999315 1.000588 1.001239 1.000464 0.999315 1.000464 1.000212 
9.021339 0.999328 1.000586 0.999594 1.000586 1.000665 1.001125 0.999594 1.001125 1.000545 
9.042054 0.999701 1.000707 1.000059 1.000707 1.000985 1.000655 1.000059 1.000655 1.000903 
9.062768 0.999833 1.000894 1.000189 1.000894 1.001265 1.001267 1.000189 1.001267 1.000975 
9.083483 0.999959 1.000788 1.000356 1.000788 1.001648 1.001324 1.000356 1.001324 1.000870 
9.104198 1.000419 1.000920 1.000385 1.000920 1.001002 1.001914 1.000385 1.001914 1.002090 
9.124913 1.000441 1.000956 1.000555 1.000956 1.001153 1.001437 1.000555 1.001437 1.000843 
9.145628 1.000605 1.001171 1.000873 1.001171 1.000637 1.001606 1.000873 1.001606 1.001919 
9.166343 1.000780 1.000927 1.001167 1.000927 1.000790 1.001697 1.001167 1.001697 1.000595 
9.187058 1.000993 1.001129 1.001062 1.001129 1.000695 1.000951 1.001062 1.000951 1.001343 
9.207773 1.000860 1.001045 1.001286 1.001045 1.000680 1.001109 1.001286 1.001109 1.000769 
9.228487 1.001134 1.001126 1.001036 1.001126 1.000794 1.000730 1.001036 1.000730 1.001683 
9.249202 1.001220 1.001272 1.001421 1.001272 1.000360 1.000257 1.001421 1.000257 1.000856 
9.269917 1.001228 1.000613 1.001143 1.000613 1.000767 1.000578 1.001143 1.000578 1.001836 
9.290633 1.001175 1.000629 1.000881 1.000629 1.000072 1.000388 1.000881 1.000388 1.001829 
9.311347 1.001513 1.000371 1.001401 1.000371 1.000235 1.000641 1.001401 1.000641 1.002156 
9.332062 1.001215 1.000355 1.001036 1.000355 0.999052 1.000376 1.001036 1.000376 1.001095 
9.352777 1.001240 1.000006 1.001160 1.000006 0.999308 0.999979 1.001160 0.999979 0.999725 
9.373492 1.000881 1.000276 1.000638 1.000276 0.999460 1.000514 1.000638 1.000514 1.001207 
9.394207 1.000791 0.999646 1.000533 0.999646 0.998915 0.999685 1.000533 0.999685 0.999884 
9.414922 1.000725 0.999704 1.000629 0.999704 0.999140 0.999214 1.000629 0.999214 1.000642 
9.435637 1.000638 0.999452 1.000198 0.999452 0.999807 0.999565 1.000198 0.999565 1.001148 
9.456352 1.000371 0.999553 1.000227 0.999553 0.999658 0.999028 1.000227 0.999028 0.999507 
9.477067 1.000458 0.999477 0.999839 0.999477 0.999294 0.999270 0.999839 0.999270 1.000139 
9.497781 0.999962 0.999202 0.999817 0.999202 0.999878 0.999175 0.999817 0.999175 1.000193 
9.518496 1.000046 0.999443 0.999607 0.999443 0.999761 0.999600 0.999607 0.999600 1.000391 
9.539211 0.999789 0.999400 0.999300 0.999400 0.999599 0.999399 0.999300 0.999399 0.999618 
9.559927 0.999573 0.999033 0.999169 0.999033 0.999177 0.999113 0.999169 0.999113 0.999579 
9.580641 0.999673 0.999126 0.999439 0.999126 0.999853 0.999383 0.999439 0.999383 0.998912 
9.601356 0.999448 0.999482 0.998881 0.999482 1.000018 0.998962 0.998881 0.998962 0.999608 
9.622071 0.999373 0.999251 0.999433 0.999251 1.000336 0.999220 0.999433 0.999220 0.999413 
9.642786 0.999562 0.999242 0.998945 0.999242 1.000100 0.999299 0.998945 0.999299 0.999083 
9.663500 0.999336 0.999475 0.999191 0.999475 0.999750 0.999886 0.999191 0.999886 0.999413 
9.684216 0.999144 0.999301 0.998922 0.999301 0.999292 0.999005 0.998922 0.999005 0.999334 
9.704931 0.999342 0.999431 0.998610 0.999431 1.000216 1.000126 0.998610 1.000126 0.999819 
9.725646 0.999331 0.999504 0.999352 0.999504 1.000508 1.000490 0.999352 1.000490 0.999087 
9.746360 0.999436 0.999680 0.999348 0.999680 1.000869 0.999531 0.999348 0.999531 0.999403 
9.767075 0.999293 0.999953 0.999329 0.999953 1.001018 0.999747 0.999329 0.999747 1.000334 
9.787790 0.999481 0.999928 0.999340 0.999928 1.001054 1.000517 0.999340 1.000517 0.999872 
9.808505 0.999528 1.000133 0.999637 1.000133 1.001426 1.000524 0.999637 1.000524 1.000212 
9.829220 0.999760 1.000224 0.999883 1.000224 1.000858 1.000562 0.999883 1.000562 0.999787 
9.849935 0.999649 1.000385 0.999801 1.000385 1.000669 1.000675 0.999801 1.000675 1.000084 
9.870650 0.999959 1.000161 0.999925 1.000161 1.000554 1.000559 0.999925 1.000559 1.000693 
9.891365 1.000043 1.000443 1.000391 1.000443 1.002206 1.000759 1.000391 1.000759 1.000696 
9.912079 0.999997 1.000457 1.000138 1.000457 1.000804 1.000912 1.000138 1.000912 1.001501 
9.932794 1.000244 1.000620 1.000269 1.000620 1.000777 1.001039 1.000269 1.001039 1.000534 
9.953509 1.000245 1.000900 1.000579 1.000900 1.000603 1.000599 1.000579 1.000599 1.001500 
9.974224 1.000430 1.000366 1.000636 1.000366 1.001638 1.000491 1.000636 1.000491 1.001352 
9.994939 1.000429 1.000503 1.000652 1.000503 1.001269 1.001126 1.000652 1.001126 1.001038 
10.015654 1.000499 1.000429 1.000837 1.000429 1.001110 1.000948 1.000837 1.000948 1.001051 
10.036369 1.000607 1.000617 1.000673 1.000617 1.000836 1.001163 1.000673 1.001163 1.001034 
10.057084 1.000848 1.000570 1.000994 1.000570 0.999572 1.000908 1.000994 1.000908 1.000917 
10.077798 1.000922 1.000480 1.000454 1.000480 1.000631 1.000304 1.000454 1.000304 1.001609 
10.098513 1.000741 1.000458 1.000779 1.000458 0.999505 1.000134 1.000779 1.000134 1.001465 
10.119228 1.000573 1.000339 1.000530 1.000339 1.000004 1.000351 1.000530 1.000351 0.999847 
10.139944 1.000795 1.000396 1.000792 1.000396 1.000309 1.000449 1.000792 1.000449 1.000480 
10.160658 1.000884 1.000185 1.000573 1.000185 0.999297 0.999744 1.000573 0.999744 1.000258 
10.181373 1.000721 0.999998 1.000572 0.999998 0.999480 0.999343 1.000572 0.999343 1.000157 
10.202088 1.000650 0.999930 1.000413 0.999930 0.999309 1.000464 1.000413 1.000464 1.000685 
10.222803 1.000598 1.000188 1.000231 1.000188 0.999545 0.999854 1.000231 0.999854 1.000519 
10.243518 1.000533 0.999806 1.000070 0.999806 1.000209 0.999803 1.000070 0.999803 1.000528 
10.264233 1.000174 0.999993 1.000098 0.999993 0.999798 0.999360 1.000098 0.999360 1.000010 
10.284948 1.000352 0.999694 1.000268 0.999694 0.999422 0.999387 1.000268 0.999387 1.000270 
10.305663 1.000236 0.999527 0.999857 0.999527 1.000322 0.999625 0.999857 0.999625 0.999993 
10.326377 1.000198 0.999720 0.999845 0.999720 0.999924 1.000050 0.999845 1.000050 0.999164 
10.347092 1.000006 0.999705 0.999931 0.999705 1.000036 0.999757 0.999931 0.999757 1.000429 
10.367807 0.996826 0.996489 0.996692 0.996489 0.997406 0.996624 0.996692 0.996624 0.996592 
10.388522 0.990826 0.990373 0.990612 0.990373 0.991226 0.990802 0.990612 0.990802 0.990702 
10.409237 0.984958 0.984585 0.984750 0.984585 0.985564 0.984700 0.984750 0.984700 0.985665 
10.429952 0.978986 0.978513 0.978747 0.978513 0.979245 0.978734 0.978747 0.978734 0.979240 
10.450667 0.972948 0.972976 0.972712 0.972976 0.973072 0.972975 0.972712 0.972975 0.973467 
10.471382 0.966986 0.966928 0.966709 0.966928 0.967975 0.966917 0.966709 0.966917 0.967149 
10.492096 0.961119 0.961139 0.960850 0.961139 0.961687 0.961068 0.960850 0.961068 0.961575 
10.512811 0.955310 0.955263 0.955122 0.955263 0.955976 0.954679 0.955122 0.954679 0.956048 
10.533526 0.949415 0.949433 0.949312 0.949433 0.950604 0.949653 0.949312 0.949653 0.949793 
10.554242 0.943755 0.943919 0.943702 0.943919 0.944654 0.944136 0.943702 0.944136 0.944618 
10.574956 0.938128 0.938383 0.938081 0.938383 0.938770 0.938331 0.938081 0.938331 0.938130 
10.595671 0.932306 0.932555 0.932116 0.932555 0.933619 0.932829 0.932116 0.932829 0.932265 
10.616386 0.926770 0.926868 0.926495 0.926868 0.927259 0.927306 0.926495 0.927306 0.926669 
10.637101 0.920865 0.921299 0.920801 0.921299 0.921322 0.921435 0.920801 0.921435 0.920791 
10.657815 0.915250 0.915467 0.915287 0.915467 0.915932 0.915829 0.915287 0.915829 0.916025 
10.678531 0.909723 0.909871 0.909668 0.909871 0.910810 0.910356 0.909668 0.910356 0.909821 
10.699246 0.904307 0.904404 0.904098 0.904404 0.904252 0.904676 0.904098 0.904676 0.905211 
10.719961 0.898536 0.898765 0.898612 0.898765 0.899364 0.899255 0.898612 0.899255 0.898892 
10.740675 0.893052 0.893222 0.893206 0.893222 0.893248 0.893274 0.893206 0.893274 0.893434 
10.761390 0.887494 0.887714 0.887740 0.887714 0.887575 0.887694 0.887740 0.887694 0.888071 
10.782105 0.882052 0.882225 0.881837 0.882225 0.882699 0.882239 0.881837 0.882239 0.882734 
10.802820 0.876586 0.876677 0.876662 0.876677 0.876151 0.876975 0.876662 0.876975 0.876980 
10.823535 0.871122 0.871067 0.871080 0.871067 0.870830 0.871062 0.871080 0.871062 0.871282 
10.844250 0.865590 0.865716 0.865869 0.865716 0.865880 0.865702 0.865869 0.865702 0.866408 
10.864965 0.860278 0.860203 0.860288 0.860203 0.859744 0.859716 0.860288 0.859716 0.860186 
10.885680 0.854774 0.854651 0.855038 0.854651 0.855392 0.854632 0.855038 0.854632 0.855004 
10.906394 0.849500 0.849286 0.849376 0.849286 0.849003 0.848967 0.849376 0.848967 0.849871 
10.927109 0.843935 0.843880 0.843960 0.843880 0.843818 0.843516 0.843960 0.843516 0.844410 
10.947824 0.838558 0.838496 0.838491 0.838496 0.838215 0.838204 0.838491 0.838204 0.838751 
10.968539 0.833185 0.832840 0.832913 0.832840 0.833172 0.833018 0.832913 0.833018 0.834268 
10.989254 0.827980 0.827578 0.827912 0.827578 0.827852 0.827555 0.827912 0.827555 0.828148 
11.009969 0.822493 0.822314 0.822303 0.822314 0.822127 0.822142 0.822303 0.822142 0.821897 
11.030684 0.817101 0.816950 0.817222 0.816950 0.816659 0.816977 0.817222 0.816977 0.817115 
11.051399 0.812099 0.811462 0.811794 0.811462 0.811944 0.811483 0.811794 0.811483 0.812296 
11.072114 0.806707 0.806214 0.806355 0.806214 0.806101 0.806291 0.806355 0.806291 0.807175 
11.092829 0.801250 0.800913 0.801060 0.800913 0.800804 0.800799 0.801060 0.800799 0.801563 
11.113544 0.796087 0.795806 0.795948 0.795806 0.795868 0.796022 0.795948 0.796022 0.795765 
11.134259 0.790970 0.790571 0.790638 0.790571 0.790744 0.790853 0.790638 0.790853 0.790863 
11.154974 0.785575 0.785347 0.785454 0.785347 0.785363 0.785727 0.785454 0.785727 0.785482 
11.175688 0.780386 0.780278 0.780252 0.780278 0.780185 0.780112 0.780252 0.780112 0.780140 
11.196403 0.775231 0.775141 0.775036 0.775141 0.774751 0.775558 0.775036 0.775558 0.775061 
11.217118 0.770102 0.769693 0.769884 0.769693 0.770177 0.770556 0.769884 0.770556 0.769521 
11.237833 0.764851 0.764894 0.764793 0.764894 0.765212 0.764669 0.764793 0.764669 0.765224 
11.258548 0.759778 0.759802 0.759635 0.759802 0.760503 0.759937 0.759635 0.759937 0.759950 
11.279263 0.754656 0.754711 0.754253 0.754711 0.755394 0.754927 0.754253 0.754927 0.754418 
11.299978 0.749650 0.749429 0.749626 0.749429 0.749030 0.749838 0.749626 0.749838 0.749857 
11.320693 0.744625 0.744539 0.744502 0.744539 0.745352 0.744701 0.744502 0.744701 0.745362 
11.341407 0.739669 0.739616 0.739556 0.739616 0.739818 0.739535 0.739556 0.739535 0.740009 
11.362122 0.734686 0.734660 0.734813 0.734660 0.735419 0.734542 0.734813 0.734542 0.734540 
11.382837 0.729583 0.729604 0.729739 0.729604 0.730033 0.730111 0.729739 0.730111 0.729520 
11.403553 0.724637 0.724603 0.724810 0.724603 0.724688 0.724911 0.724810 0.724911 0.725022 
11.424267 0.719723 0.719581 0.719983 0.719581 0.719662 0.719929 0.719983 0.719929 0.719908 
11.444982 0.714856 0.714860 0.714784 0.714860 0.715643 0.715002 0.714784 0.715002 0.714927 
11.465697 0.710021 0.709967 0.709917 0.709967 0.710606 0.710107 0.709917 0.710107 0.710294 
11.486412 0.705187 0.705214 0.705031 0.705214 0.705079 0.704965 0.705031 0.704965 0.705007 
11.507126 0.700278 0.700397 0.700263 0.700397 0.700655 0.700278 0.700263 0.700278 0.700675 
11.527842 0.695510 0.695606 0.695403 0.695606 0.695143 0.695631 0.695403 0.695631 0.695576 
11.548557 0.690678 0.690756 0.690490 0.690756 0.690911 0.691198 0.690490 0.691198 0.690557 
11.569272 0.685931 0.686017 0.685659 0.686017 0.686410 0.685802 0.685659 0.685802 0.686039 
11.589986 0.681092 0.681115 0.680937 0.681115 0.681425 0.681038 0.680937 0.681038 0.681720 
11.610701 0.676353 0.676241 0.676389 0.676241 0.676711 0.676651 0.676389 0.676651 0.676642 
11.631416 0.671597 0.671803 0.671585 0.671803 0.671835 0.671883 0.671585 0.671883 0.671837 
11.652131 0.666946 0.666801 0.666841 0.666801 0.667057 0.666660 0.666841 0.666660 0.667810 
11.672846 0.661949 0.662019 0.662046 0.662019 0.662264 0.662010 0.662046 0.662010 0.662100 
11.693561 0.657396 0.657117 0.657245 0.657117 0.657479 0.657324 0.657245 0.657324 0.657311 
11.714276 0.652598 0.652462 0.652726 0.652462 0.652684 0.652278 0.652726 0.652278 0.652394 
11.734991 0.648198 0.647941 0.648140 0.647941 0.647646 0.648132 0.648140 0.648132 0.648315 
11.755705 0.643431 0.643289 0.643243 0.643289 0.643118 0.643543 0.643243 0.643543 0.643857 
11.776420 0.638805 0.638624 0.638761 0.638624 0.638552 0.638965 0.638761 0.638965 0.638658 
11.797135 0.634103 0.633956 0.634069 0.633956 0.634073 0.633979 0.634069 0.633979 0.634536 
11.817850 0.629342 0.629152 0.629496 0.629152 0.629404 0.629369 0.629496 0.629369 0.629481 
11.838565 0.624923 0.624658 0.624721 0.624658 0.624721 0.624634 0.624721 0.624634 0.624914 
11.859280 0.620177 0.620170 0.620216 0.620170 0.620722 0.619865 0.620216 0.619865 0.620082 
11.879995 0.615669 0.615529 0.615756 0.615529 0.616017 0.615432 0.615756 0.615432 0.616017 
11.900710 0.611165 0.611031 0.611001 0.611031 0.610531 0.611347 0.611001 0.611347 0.611198 
11.921424 0.606697 0.606394 0.606575 0.606394 0.606344 0.606411 0.606575 0.606411 0.606657 
11.942140 0.601957 0.601698 0.601998 0.601698 0.602275 0.601764 0.601998 0.601764 0.601764 
11.962855 0.597323 0.597225 0.597230 0.597225 0.597385 0.597419 0.597230 0.597419 0.597667 
11.983570 0.592964 0.592781 0.592969 0.592781 0.592881 0.592611 0.592969 0.592611 0.592826 
12.004284 0.588484 0.588442 0.588398 0.588442 0.588638 0.588208 0.588398 0.588208 0.588268 
12.024999 0.583866 0.583876 0.583849 0.583876 0.584227 0.583968 0.583849 0.583968 0.584077 
12.045714 0.579636 0.579538 0.579397 0.579538 0.579426 0.579470 0.579397 0.579470 0.579786 
12.066429 0.575135 0.575184 0.575123 0.575184 0.575505 0.574888 0.575123 0.574888 0.575163 
12.087144 0.570607 0.570523 0.570411 0.570523 0.571164 0.570724 0.570411 0.570724 0.570876 
12.107859 0.566269 0.566184 0.566055 0.566184 0.566334 0.566187 0.566055 0.566187 0.566385 
12.128574 0.561925 0.561851 0.561909 0.561851 0.561975 0.561937 0.561909 0.561937 0.562182 
12.149289 0.557494 0.557589 0.557177 0.557589 0.557768 0.557447 0.557177 0.557447 0.557674 
12.170003 0.553227 0.553206 0.553088 0.553206 0.553167 0.553301 0.553088 0.553301 0.553706 
12.190718 0.548855 0.548936 0.548570 0.548936 0.548869 0.548873 0.548570 0.548873 0.548862 
12.211433 0.544457 0.544406 0.544522 0.544406 0.544387 0.544760 0.544522 0.544760 0.544599 
12.232148 0.540234 0.540205 0.540033 0.540205 0.540341 0.540135 0.540033 0.540135 0.540512 
12.252863 0.535868 0.535998 0.535958 0.535998 0.535994 0.535868 0.535958 0.535868 0.536376 
12.273578 0.531646 0.531706 0.531731 0.531706 0.531703 0.531804 0.531731 0.531804 0.532015 
12.294293 0.527398 0.527435 0.527266 0.527435 0.527370 0.527442 0.527266 0.527442 0.527320 
12.315008 0.523252 0.523063 0.523334 0.523063 0.523405 0.523376 0.523334 0.523376 0.523294 
12.335722 0.518980 0.518803 0.518975 0.518803 0.518949 0.518782 0.518975 0.518782 0.519100 
12.356437 0.514701 0.514743 0.514706 0.514743 0.514639 0.514725 0.514706 0.514725 0.514875 
12.377152 0.510493 0.510566 0.510607 0.510566 0.510580 0.510426 0.510607 0.510426 0.511023 
12.397868 0.506279 0.506275 0.506316 0.506275 0.506580 0.506444 0.506316 0.506444 0.506406 
12.418582 0.502175 0.502218 0.502056 0.502218 0.502149 0.502141 0.502056 0.502141 0.502356 
12.439297 0.498059 0.497986 0.497895 0.497986 0.497859 0.498181 0.497895 0.498181 0.498473 
12.460012 0.493910 0.493785 0.493796 0.493785 0.494104 0.493873 0.493796 0.493873 0.494034 
12.480727 0.489761 0.489619 0.489696 0.489619 0.489630 0.489876 0.489696 0.489876 0.490195 
12.501441 0.485560 0.485542 0.485575 0.485542 0.485810 0.486064 0.485575 0.486064 0.485949 
12.522157 0.481540 0.481487 0.481476 0.481487 0.481321 0.481474 0.481476 0.481474 0.481656 
12.542872 0.477396 0.477348 0.477360 0.477348 0.477217 0.477496 0.477360 0.477496 0.477675 
12.563587 0.473319 0.473199 0.473250 0.473199 0.473393 0.473470 0.473250 0.473470 0.473392 
12.584301 0.469246 0.469208 0.469208 0.469208 0.469215 0.469106 0.469208 0.469106 0.469020 
12.605016 0.465190 0.465106 0.465068 0.465106 0.465299 0.465160 0.465068 0.465160 0.464984 
12.625731 0.461066 0.461007 0.461046 0.461007 0.460588 0.461105 0.461046 0.461105 0.460868 
12.646446 0.457005 0.456987 0.457029 0.456987 0.456946 0.457041 0.457029 0.457041 0.457000 
12.667161 0.453156 0.452948 0.453028 0.452948 0.453234 0.453061 0.453028 0.453061 0.453156 
12.687876 0.449191 0.448969 0.448881 0.448969 0.449078 0.449031 0.448881 0.449031 0.449338 
12.708591 0.445028 0.445011 0.444967 0.445011 0.445068 0.444734 0.444967 0.444734 0.444993 
12.729306 0.441067 0.441056 0.441025 0.441056 0.441150 0.440767 0.441025 0.440767 0.441406 
12.750021 0.437084 0.436980 0.437105 0.436980 0.437158 0.437214 0.437105 0.437214 0.437245 
12.770735 0.433147 0.433086 0.433176 0.433086 0.433287 0.433119 0.433176 0.433119 0.432996 
12.791451 0.429259 0.429102 0.429113 0.429102 0.429036 0.429101 0.429113 0.429101 0.429147 
12.812166 0.425221 0.425187 0.425066 0.425187 0.425490 0.425112 0.425066 0.425112 0.425045 
12.832880 0.421265 0.421283 0.421325 0.421283 0.421640 0.421291 0.421325 0.421291 0.421281 
12.853595 0.417366 0.417333 0.417408 0.417333 0.417642 0.417275 0.417408 0.417275 0.417598 
12.874310 0.413555 0.413531 0.413622 0.413531 0.414076 0.413759 0.413622 0.413759 0.413603 
12.895025 0.409731 0.409566 0.409634 0.409566 0.409473 0.409850 0.409634 0.409850 0.409977 
12.915740 0.405814 0.405763 0.405718 0.405763 0.405910 0.405725 0.405718 0.405725 0.405904 
12.936455 0.401918 0.401923 0.401848 0.401923 0.401511 0.401765 0.401848 0.401765 0.401921 
12.957170 0.398017 0.398084 0.398104 0.398084 0.398391 0.398227 0.398104 0.398227 0.398391 
12.977885 0.394310 0.394166 0.394226 0.394166 0.394120 0.394235 0.394226 0.394235 0.394373 
12.998600 0.390496 0.390418 0.390525 0.390418 0.390597 0.390479 0.390525 0.390479 0.390319 
13.019314 0.386642 0.386625 0.386596 0.386625 0.387021 0.386654 0.386596 0.386654 0.386372 
13.040029 0.382837 0.382754 0.382821 0.382754 0.383176 0.383000 0.382821 0.383000 0.383345 
13.060744 0.379095 0.379074 0.379034 0.379074 0.379002 0.379072 0.379034 0.379072 0.379015 
13.081459 0.375349 0.375274 0.375280 0.375274 0.375763 0.375437 0.375280 0.375437 0.375157 
13.102174 0.371697 0.371486 0.371527 0.371486 0.371749 0.371461 0.371527 0.371461 0.371330 
13.122889 0.367815 0.367849 0.367788 0.367849 0.367960 0.368015 0.367788 0.368015 0.367784 
13.143604 0.364053 0.364007 0.364207 0.364007 0.364050 0.364157 0.364207 0.364157 0.364161 
13.164319 0.360359 0.360296 0.360389 0.360296 0.360245 0.360261 0.360389 0.360261 0.360875 
13.185033 0.356616 0.356635 0.356691 0.356635 0.356693 0.356484 0.356691 0.356484 0.356815 
13.205748 0.353034 0.352979 0.352957 0.352979 0.353052 0.353153 0.352957 0.353153 0.353091 
13.226463 0.349228 0.349266 0.349205 0.349266 0.349540 0.349550 0.349205 0.349550 0.349116 
13.247179 0.345641 0.345593 0.345656 0.345593 0.345956 0.345800 0.345656 0.345800 0.345590 
13.267893 0.342037 0.342012 0.342057 0.342012 0.342095 0.341902 0.342057 0.341902 0.342084 
13.288608 0.338273 0.338362 0.338284 0.338362 0.338442 0.338344 0.338284 0.338344 0.338516 
13.309323 0.334673 0.334689 0.334679 0.334689 0.334424 0.334513 0.334679 0.334513 0.334758 
13.330038 0.330993 0.331017 0.331078 0.331017 0.330739 0.330975 0.331078 0.330975 0.331288 
13.350752 0.327482 0.327415 0.327393 0.327415 0.327586 0.327547 0.327393 0.327547 0.327946 
13.371468 0.323898 0.323729 0.323778 0.323729 0.323922 0.323900 0.323778 0.323900 0.323895 
13.392183 0.320187 0.320230 0.320227 0.320230 0.320282 0.320322 0.320227 0.320322 0.320055 
13.412898 0.316648 0.316682 0.316481 0.316682 0.316724 0.316556 0.316481 0.316556 0.316707 
13.433612 0.313100 0.313000 0.313042 0.313000 0.313154 0.312831 0.313042 0.312831 0.313255 
13.454327 0.309582 0.309368 0.309511 0.309368 0.309709 0.309578 0.309511 0.309578 0.309393 
13.475042 0.305974 0.305982 0.305806 0.305982 0.305816 0.305633 0.305806 0.305633 0.305932 
13.495757 0.302418 0.302406 0.302406 0.302406 0.302578 0.302373 0.302406 0.302373 0.302335 
13.516472 0.298889 0.298794 0.298884 0.298794 0.299064 0.298863 0.298884 0.298863 0.298578 
13.537187 0.295325 0.295302 0.295314 0.295302 0.295468 0.295368 0.295314 0.295368 0.295279 
13.557902 0.291866 0.291900 0.291841 0.291900 0.291792 0.292020 0.291841 0.292020 0.291977 
13.578617 0.288350 0.288370 0.288398 0.288370 0.288371 0.288469 0.288398 0.288469 0.288553 
13.599331 0.284882 0.284841 0.284797 0.284841 0.284738 0.285109 0.284797 0.285109 0.284796 
13.620046 0.281362 0.281443 0.281311 0.281443 0.281275 0.281372 0.281311 0.281372 0.281593 
13.640761 0.277951 0.277754 0.277847 0.277754 0.278038 0.277840 0.277847 0.277840 0.278190 
13.661477 0.274437 0.274452 0.274511 0.274452 0.274604 0.274459 0.274511 0.274459 0.274326 
13.682191 0.271096 0.271000 0.270968 0.271000 0.270896 0.271151 0.270968 0.271151 0.270976 
13.702906 0.267645 0.267670 0.267647 0.267670 0.267713 0.267642 0.267647 0.267642 0.267436 
13.723621 0.264160 0.264069 0.264068 0.264069 0.264077 0.264090 0.264068 0.264090 0.264299 
13.744336 0.260787 0.260643 0.260720 0.260643 0.260644 0.260810 0.260720 0.260810 0.260694 
13.765050 0.257338 0.257324 0.257314 0.257324 0.257606 0.257387 0.257314 0.257387 0.257379 
13.785766 0.253980 0.253973 0.253895 0.253973 0.253903 0.253927 0.253895 0.253927 0.254199 
13.806481 0.250571 0.250583 0.250579 0.250583 0.250801 0.250633 0.250579 0.250633 0.250881 
13.827196 0.247218 0.247131 0.247176 0.247131 0.247346 0.247127 0.247176 0.247127 0.247126 
13.847910 0.243890 0.243857 0.243893 0.243857 0.243929 0.243820 0.243893 0.243820 0.244165 
13.868625 0.240558 0.240424 0.240598 0.240424 0.240531 0.240508 0.240598 0.240508 0.240609 
13.889340 0.237147 0.237146 0.237159 0.237146 0.237265 0.237050 0.237159 0.237050 0.237242 
13.910055 0.233798 0.233783 0.233788 0.233783 0.234009 0.233870 0.233788 0.233870 0.234044 
13.930770 0.230505 0.230419 0.230414 0.230419 0.230661 0.230548 0.230414 0.230548 0.230626 
13.951485 0.227221 0.227143 0.227134 0.227143 0.227177 0.227311 0.227134 0.227311 0.227302 
13.972200 0.223899 0.223823 0.223914 0.223823 0.223981 0.223944 0.223914 0.223944 0.224031 
13.992915 0.220559 0.220636 0.220557 0.220636 0.220715 0.220567 0.220557 0.220567 0.220583 
14.013629 0.217374 0.217297 0.217379 0.217297 0.217176 0.217410 0.217379 0.217410 0.217410 
14.034344 0.214040 0.214089 0.214077 0.214089 0.214180 0.214048 0.214077 0.214048 0.214086 
14.055059 0.210720 0.210804 0.210748 0.210804 0.210706 0.210649 0.210748 0.210649 0.210877 
14.075774 0.207477 0.207534 0.207471 0.207534 0.207717 0.207454 0.207471 0.207454 0.207499 
14.096489 0.204362 0.204298 0.204206 0.204298 0.204409 0.204188 0.204206 0.204188 0.204421 
14.117204 0.201076 0.201063 0.201060 0.201063 0.201137 0.200925 0.201060 0.200925 0.201115 
14.137919 0.197848 0.197733 0.197823 0.197733 0.197732 0.197946 0.197823 0.197946 0.197773 
14.158634 0.194619 0.194639 0.194532 0.194639 0.194466 0.194553 0.194532 0.194553 0.194591 
14.179348 0.191401 0.191400 0.191377 0.191400 0.191454 0.191459 0.191377 0.191459 0.191354 
14.200063 0.188187 0.188158 0.188219 0.188158 0.188077 0.188165 0.188219 0.188165 0.188243 
14.220778 0.184986 0.185064 0.185009 0.185064 0.185185 0.184968 0.185009 0.184968 0.185036 
14.241494 0.181865 0.181785 0.181869 0.181785 0.181981 0.181782 0.181869 0.181782 0.181881 
14.262208 0.178660 0.178684 0.178756 0.178684 0.178797 0.178653 0.178756 0.178653 0.178687 
14.282923 0.175520 0.175538 0.175474 0.175538 0.175468 0.175487 0.175474 0.175487 0.175503 
14.303638 0.172359 0.172341 0.172341 0.172341 0.172428 0.172279 0.172341 0.172279 0.172492 
14.324353 0.169214 0.169179 0.169158 0.169179 0.169320 0.169218 0.169158 0.169218 0.169264 
14.345068 0.166052 0.166060 0.166133 0.166060 0.165939 0.166074 0.166133 0.166074 0.165969 
14.365783 0.162971 0.162902 0.162860 0.162902 0.162968 0.162967 0.162860 0.162967 0.162723 
14.386498 0.159829 0.159783 0.159912 0.159783 0.159863 0.159822 0.159912 0.159822 0.159921 
14.407213 0.156742 0.156753 0.156681 0.156753 0.156767 0.156696 0.156681 0.156696 0.156791 
14.427927 0.153676 0.153621 0.153559 0.153621 0.153420 0.153713 0.153559 0.153713 0.153721 
14.448642 0.150511 0.150468 0.150536 0.150468 0.150522 0.150655 0.150536 0.150655 0.150471 
14.469357 0.147492 0.147457 0.147524 0.147457 0.147350 0.147510 0.147524 0.147510 0.147425 
14.490072 0.144377 0.144376 0.144372 0.144376 0.144264 0.144311 0.144372 0.144311 0.144562 
14.510787 0.141357 0.141381 0.141343 0.141381 0.141423 0.141336 0.141343 0.141336 0.141455 
14.531502 0.138253 0.138282 0.138209 0.138282 0.138374 0.138281 0.138209 0.138281 0.138377 
14.552217 0.135238 0.135255 0.135313 0.135255 0.135143 0.135201 0.135313 0.135201 0.135259 
14.572932 0.132217 0.132183 0.132158 0.132183 0.132340 0.132119 0.132158 0.132119 0.132103 
14.593647 0.129200 0.129202 0.129178 0.129202 0.129421 0.129223 0.129178 0.129223 0.129161 
14.614361 0.126151 0.126164 0.126203 0.126164 0.126298 0.126209 0.126203 0.126209 0.126195 
14.635077 0.123155 0.123133 0.123141 0.123133 0.123116 0.123269 0.123141 0.123269 0.123308 
14.655792 0.120230 0.120168 0.120220 0.120168 0.120161 0.120158 0.120220 0.120158 0.120268 
14.676507 0.117501 0.117513 0.117430 0.117513 0.117570 0.117558 0.117430 0.117558 0.117564 
14.697221 0.114905 0.114865 0.114840 0.114865 0.114945 0.114998 0.114840 0.114998 0.114971 
14.717936 0.112404 0.112344 0.112401 0.112344 0.112332 0.112415 0.112401 0.112415 0.112557 
14.738651 0.110010 0.109912 0.109938 0.109912 0.109777 0.110088 0.109938 0.110088 0.109857 
14.759366 0.107701 0.107655 0.107587 0.107655 0.107828 0.107775 0.107587 0.107775 0.107636 
14.780081 0.105364 0.105304 0.105368 0.105304 0.105317 0.105408 0.105368 0.105408 0.105364 
14.800796 0.103168 0.103170 0.103132 0.103170 0.103185 0.103199 0.103132 0.103199 0.103185 
14.821511 0.101003 0.101030 0.100961 0.101030 0.101061 0.100870 0.100961 0.100870 0.101123 
14.842226 0.098906 0.098884 0.098951 0.098884 0.098788 0.098878 0.098951 0.098878 0.098944 
14.862940 0.096861 0.096827 0.096843 0.096827 0.096866 0.096954 0.096843 0.096954 0.096747 
14.883655 0.094851 0.094840 0.094841 0.094840 0.094853 0.094876 0.094841 0.094876 0.094891 
14.904370 0.092872 0.092836 0.092897 0.092836 0.092937 0.092817 0.092897 0.092817 0.092954 
14.925085 0.090980 0.090990 0.091004 0.090990 0.090890 0.090962 0.091004 0.090962 0.090937 
14.945800 0.089050 0.089046 0.089086 0.089046 0.089106 0.089187 0.089086 0.089187 0.089055 
14.966515 0.087243 0.087240 0.087270 0.087240 0.086936 0.087299 0.087270 0.087299 0.087095 
14.987230 0.085432 0.085430 0.085447 0.085430 0.085461 0.085461 0.085447 0.085461 0.085300 
15.007945 0.083693 0.083729 0.083695 0.083729 0.083722 0.083668 0.083695 0.083668 0.083681 
15.028659 0.081929 0.081966 0.081963 0.081966 0.082067 0.082018 0.081963 0.082018 0.082044 
15.049374 0.080256 0.080228 0.080304 0.080228 0.080282 0.080335 0.080304 0.080335 0.080260 
15.070089 0.078613 0.078580 0.078581 0.078580 0.078595 0.078714 0.078581 0.078714 0.078434 
15.090805 0.077007 0.076955 0.076988 0.076955 0.076856 0.076957 0.076988 0.076957 0.076845 
15.111519 0.075354 0.075361 0.075349 0.075361 0.075354 0.075378 0.075349 0.075378 0.075460 
15.132234 0.073815 0.073757 0.073823 0.073757 0.073774 0.073805 0.073823 0.073805 0.073704 
15.152949 0.072285 0.072284 0.072288 0.072284 0.072285 0.072275 0.072288 0.072275 0.072249 
15.173664 0.070768 0.070721 0.070760 0.070721 0.070800 0.070881 0.070760 0.070881 0.070711 
15.194379 0.069286 0.069286 0.069217 0.069286 0.069294 0.069317 0.069217 0.069317 0.069310 
15.215094 0.067784 0.067817 0.067813 0.067817 0.067847 0.067781 0.067813 0.067781 0.067893 
15.235809 0.066395 0.066412 0.066388 0.066412 0.066341 0.066491 0.066388 0.066491 0.066346 
15.256524 0.065005 0.064995 0.065015 0.064995 0.065070 0.065022 0.065015 0.065022 0.065026 
15.277238 0.063622 0.063601 0.063616 0.063601 0.063478 0.063634 0.063616 0.063634 0.063654 
15.297953 0.062268 0.062248 0.062245 0.062248 0.062136 0.062334 0.062245 0.062334 0.062216 
15.318668 0.060966 0.060933 0.060931 0.060933 0.060976 0.060986 0.060931 0.060986 0.060947 
15.339383 0.059650 0.059624 0.059625 0.059624 0.059504 0.059688 0.059625 0.059688 0.059586 
15.360098 0.058315 0.058380 0.058356 0.058380 0.058431 0.058403 0.058356 0.058403 0.058299 
15.380813 0.057097 0.057060 0.057074 0.057060 0.057009 0.057097 0.057074 0.057097 0.057028 
15.401528 0.055845 0.055864 0.055863 0.055864 0.055883 0.055773 0.055863 0.055773 0.055839 
15.422243 0.054644 0.054630 0.054637 0.054630 0.054700 0.054645 0.054637 0.054645 0.054683 
15.442957 0.053447 0.053447 0.053427 0.053447 0.053539 0.053472 0.053427 0.053472 0.053520 
15.463672 0.052280 0.052301 0.052320 0.052301 0.052326 0.052264 0.052320 0.052264 0.052244 
15.484387 0.051124 0.051135 0.051113 0.051135 0.051087 0.051130 0.051113 0.051130 0.051142 
15.505103 0.049954 0.050018 0.050001 0.050018 0.049984 0.050066 0.050001 0.050066 0.049941 
15.525817 0.048896 0.048852 0.048893 0.048852 0.048884 0.048823 0.048893 0.048823 0.048928 
15.546532 0.047808 0.047767 0.047791 0.047767 0.047813 0.047816 0.047791 0.047816 0.047812 
15.567247 0.046746 0.046721 0.046715 0.046721 0.046763 0.046691 0.046715 0.046691 0.046729 
15.587962 0.045674 0.045627 0.045613 0.045627 0.045619 0.045650 0.045613 0.045650 0.045748 
15.608676 0.044641 0.044652 0.044666 0.044652 0.044694 0.044595 0.044666 0.044595 0.044618 
15.629392 0.043616 0.043641 0.043578 0.043641 0.043670 0.043528 0.043578 0.043528 0.043596 
15.650107 0.042629 0.042580 0.042620 0.042580 0.042560 0.042657 0.042620 0.042657 0.042669 
15.670822 0.041626 0.041604 0.041605 0.041604 0.041625 0.041606 0.041605 0.041606 0.041587 
15.691536 0.040652 0.040636 0.040655 0.040636 0.040589 0.040710 0.040655 0.040710 0.040653 
15.712251 0.039702 0.039697 0.039694 0.039697 0.039760 0.039709 0.039694 0.039709 0.039781 
15.732966 0.038775 0.038764 0.038790 0.038764 0.038755 0.038802 0.038790 0.038802 0.038768 
15.753681 0.037853 0.037872 0.037863 0.037872 0.037930 0.037803 0.037863 0.037803 0.037884 
15.774396 0.036943 0.036933 0.036954 0.036933 0.036916 0.036957 0.036954 0.036957 0.036884 
15.795111 0.036083 0.036037 0.036088 0.036037 0.036090 0.035988 0.036088 0.035988 0.035944 
15.815826 0.035202 0.035212 0.035203 0.035212 0.035228 0.035218 0.035203 0.035218 0.035242 
15.836541 0.034340 0.034357 0.034335 0.034357 0.034410 0.034292 0.034335 0.034292 0.034337 
15.857255 0.033505 0.033504 0.033482 0.033504 0.033504 0.033565 0.033482 0.033565 0.033561 
15.877970 0.032692 0.032661 0.032670 0.032661 0.032723 0.032676 0.032670 0.032676 0.032760 
15.898685 0.031895 0.031868 0.031897 0.031868 0.031876 0.031897 0.031897 0.031897 0.031938 
15.919400 0.031088 0.031107 0.031048 0.031107 0.031042 0.031071 0.031048 0.031071 0.031169 
15.940115 0.030289 0.030292 0.030286 0.030292 0.030308 0.030252 0.030286 0.030252 0.030278 
15.960830 0.029534 0.029546 0.029562 0.029546 0.029586 0.029495 0.029562 0.029495 0.029628 
15.981545 0.028786 0.028787 0.028794 0.028787 0.028741 0.028796 0.028794 0.028796 0.028749 
16.002260 0.028066 0.028055 0.028039 0.028055 0.028035 0.028020 0.028039 0.028020 0.028048 
16.022975 0.027315 0.027312 0.027351 0.027312 0.027232 0.027397 0.027351 0.027397 0.027328 
16.043690 0.026606 0.026590 0.026615 0.026590 0.026630 0.026580 0.026615 0.026580 0.026568 
16.064404 0.025912 0.025884 0.025906 0.025884 0.026024 0.025897 0.025906 0.025897 0.026013 
16.085119 0.025227 0.025241 0.025218 0.025241 0.025200 0.025252 0.025218 0.025252 0.025225 
16.105834 0.024535 0.024533 0.024529 0.024533 0.024550 0.024517 0.024529 0.024517 0.024612 
16.126550 0.023884 0.023905 0.023864 0.023905 0.023919 0.023873 0.023864 0.023873 0.023885 
16.147264 0.023233 0.023234 0.023216 0.023234 0.023198 0.023269 0.023216 0.023269 0.023252 
16.167979 0.022596 0.022595 0.022584 0.022595 0.022602 0.022590 0.022584 0.022590 0.022588 
16.188694 0.021966 0.021973 0.021981 0.021973 0.021902 0.021992 0.021981 0.021992 0.021971 
16.209409 0.021351 0.021353 0.021352 0.021353 0.021394 0.021380 0.021352 0.021380 0.021426 
16.230124 0.020754 0.020763 0.020742 0.020763 0.020739 0.020800 0.020742 0.020800 0.020738 
16.250838 0.020164 0.020175 0.020156 0.020175 0.020130 0.020164 0.020156 0.020164 0.020190 
16.271554 0.019581 0.019605 0.019582 0.019605 0.019582 0.019586 0.019582 0.019586 0.019571 
16.292269 0.019017 0.019003 0.019021 0.019003 0.019047 0.019035 0.019021 0.019035 0.019053 
16.312984 0.018453 0.018460 0.018452 0.018460 0.018525 0.018415 0.018452 0.018415 0.018479 
16.333698 0.017917 0.017921 0.017892 0.017921 0.017897 0.017904 0.017892 0.017904 0.017941 
16.354413 0.017384 0.017391 0.017374 0.017391 0.017394 0.017402 0.017374 0.017402 0.017379 
16.375128 0.016869 0.016827 0.016843 0.016827 0.016869 0.016830 0.016843 0.016830 0.016874 
16.395843 0.016326 0.016341 0.016316 0.016341 0.016325 0.016365 0.016316 0.016365 0.016326 
16.416558 0.015830 0.015810 0.015829 0.015810 0.015835 0.015791 0.015829 0.015791 0.015843 
16.437273 0.015338 0.015331 0.015328 0.015331 0.015347 0.015330 0.015328 0.015330 0.015387 
16.457988 0.014856 0.014849 0.014846 0.014849 0.014858 0.014846 0.014846 0.014846 0.014856 
16.478703 0.014383 0.014373 0.014384 0.014373 0.014418 0.014340 0.014384 0.014340 0.014390 
16.499417 0.013911 0.013894 0.013900 0.013894 0.013894 0.013885 0.013900 0.013885 0.013890 
16.520132 0.013454 0.013445 0.013456 0.013445 0.013496 0.013474 0.013456 0.013474 0.013459 
16.540847 0.013007 0.013015 0.013031 0.013015 0.012998 0.013030 0.013031 0.013030 0.013013 
16.561563 0.012567 0.012570 0.012578 0.012570 0.012589 0.012562 0.012578 0.012562 0.012592 
16.582277 0.012151 0.012131 0.012145 0.012131 0.012160 0.012109 0.012145 0.012109 0.012207 
16.602992 0.011728 0.011735 0.011730 0.011735 0.011712 0.011745 0.011730 0.011745 0.011730 
16.623707 0.011327 0.011329 0.011321 0.011329 0.011275 0.011304 0.011321 0.011304 0.011296 
16.644422 0.010926 0.010920 0.010935 0.010920 0.010917 0.010940 0.010935 0.010940 0.010924 
16.665136 0.010532 0.010535 0.010540 0.010535 0.010529 0.010528 0.010540 0.010528 0.010532 
16.685851 0.010150 0.010157 0.010158 0.010157 0.010163 0.010128 0.010158 0.010128 0.010154 
16.706567 0.009785 0.009788 0.009765 0.009788 0.009795 0.009820 0.009765 0.009820 0.009747 
16.727282 0.009410 0.009408 0.009405 0.009408 0.009422 0.009408 0.009405 0.009408 0.009405 
16.747996 0.009062 0.009077 0.009053 0.009077 0.009080 0.009089 0.009053 0.009089 0.009039 
16.768711 0.008710 0.008714 0.008715 0.008714 0.008750 0.008694 0.008715 0.008694 0.008699 
16.789426 0.008381 0.008374 0.008369 0.008374 0.008366 0.008365 0.008369 0.008365 0.008353 
16.810141 0.008045 0.008035 0.008052 0.008035 0.008030 0.008043 0.008052 0.008043 0.008044 
16.830855 0.007706 0.007704 0.007735 0.007704 0.007687 0.007729 0.007735 0.007729 0.007745 
16.851571 0.007398 0.007395 0.007414 0.007395 0.007395 0.007404 0.007414 0.007404 0.007395 
16.872286 0.007092 0.007097 0.007090 0.007097 0.007085 0.007096 0.007090 0.007096 0.007093 
16.893001 0.006803 0.006801 0.006790 0.006801 0.006781 0.006795 0.006790 0.006795 0.006812 
16.913715 0.006494 0.006493 0.006498 0.006493 0.006515 0.006487 0.006498 0.006487 0.006486 
16.934430 0.006218 0.006221 0.006212 0.006221 0.006213 0.006205 0.006212 0.006205 0.006236 
16.955145 0.005938 0.005930 0.005941 0.005930 0.005907 0.005959 0.005941 0.005959 0.005922 
16.975860 0.005659 0.005674 0.005673 0.005674 0.005667 0.005647 0.005673 0.005647 0.005658 
16.996575 0.005408 0.005401 0.005399 0.005401 0.005413 0.005413 0.005399 0.005413 0.005378 
17.017290 0.005153 0.005145 0.005152 0.005145 0.005165 0.005136 0.005152 0.005136 0.005136 
17.038005 0.004912 0.004907 0.004912 0.004907 0.004906 0.004920 0.004912 0.004920 0.004899 
17.058720 0.004663 0.004654 0.004663 0.004654 0.004681 0.004647 0.004663 0.004647 0.004681 
17.079434 0.004430 0.004422 0.004422 0.004422 0.004426 0.004460 0.004422 0.004460 0.004424 
17.100149 0.004199 0.004203 0.004200 0.004203 0.004179 0.004223 0.004200 0.004223 0.004210 
17.120864 0.003985 0.003990 0.003984 0.003990 0.003982 0.003987 0.003984 0.003987 0.003982 
17.141580 0.003767 0.003773 0.003766 0.003773 0.003765 0.003771 0.003766 0.003771 0.003770 
17.162294 0.003562 0.003555 0.003569 0.003555 0.003557 0.003568 0.003569 0.003568 0.003568 
17.183009 0.003356 0.003359 0.003353 0.003359 0.003359 0.003373 0.003353 0.003373 0.003348 
17.203724 0.003165 0.003169 0.003160 0.003169 0.003180 0.003184 0.003160 0.003184 0.003144 
17.224439 0.002978 0.002979 0.002976 0.002979 0.002958 0.002977 0.002976 0.002977 0.002962 
17.245154 0.002792 0.002799 0.002796 0.002799 0.002796 0.002808 0.002796 0.002808 0.002816 
17.265869 0.002629 0.002625 0.002628 0.002625 0.002608 0.002631 0.002628 0.002631 0.002626 
17.286584 0.002454 0.002453 0.002458 0.002453 0.002458 0.002452 0.002458 0.002452 0.002476 
17.307299 0.002298 0.002295 0.002290 0.002295 0.002303 0.002287 0.002290 0.002287 0.002284 
17.328013 0.002139 0.002137 0.002132 0.002137 0.002135 0.002148 0.002132 0.002148 0.002150 
17.348728 0.001992 0.001992 0.001990 0.001992 0.001991 0.001990 0.001990 0.001990 0.001989 
17.369443 0.001846 0.001847 0.001842 0.001847 0.001848 0.001840 0.001842 0.001840 0.001834 
17.390159 0.001713 0.001701 0.001711 0.001701 0.001711 0.001712 0.001711 0.001712 0.001700 
17.410873 0.001576 0.001576 0.001582 0.001576 0.001575 0.001566 0.001582 0.001566 0.001592 
17.431588 0.001446 0.001448 0.001450 0.001448 0.001448 0.001453 0.001450 0.001453 0.001439 
17.452303 0.001329 0.001326 0.001333 0.001326 0.001327 0.001333 0.001333 0.001333 0.001318 
17.473018 0.001216 0.001216 0.001213 0.001216 0.001202 0.001204 0.001213 0.001204 0.001212 
17.493732 0.001102 0.001103 0.001103 0.001103 0.001108 0.001101 0.001103 0.001101 0.001108 
17.514447 0.001001 0.000998 0.000998 0.000998 0.001007 0.000999 0.000998 0.000999 0.001000 
17.535163 0.000902 0.000902 0.000903 0.000902 0.000908 0.000905 0.000903 0.000905 0.000895 
17.555878 0.000812 0.000806 0.000806 0.000806 0.000809 0.000808 0.000806 0.000808 0.000811 
17.576592 0.000721 0.000722 0.000720 0.000722 0.000715 0.000716 0.000720 0.000716 0.000717 
17.597307 0.000636 0.000640 0.000638 0.000640 0.000638 0.000639 0.000638 0.000639 0.000644 
17.618022 0.000560 0.000562 0.000565 0.000562 0.000560 0.000567 0.000565 0.000567 0.000563 
17.638737 0.000491 0.000489 0.000492 0.000489 0.000497 0.000496 0.000492 0.000496 0.000487 
17.659451 0.000422 0.000426 0.000424 0.000426 0.000424 0.000426 0.000424 0.000426 0.000422 
17.680167 0.000360 0.000362 0.000359 0.000362 0.000355 0.000353 0.000359 0.000353 0.000353 
17.700882 0.000305 0.000303 0.000305 0.000303 0.000309 0.000305 0.000305 0.000305 0.000306 
17.721597 0.000253 0.000256 0.000253 0.000256 0.000255 0.000256 0.000253 0.000256 0.000255 
17.742311 0.000206 0.000207 0.000205 0.000207 0.000207 0.000207 0.000205 0.000207 0.000208 
17.763026 0.000166 0.000164 0.000166 0.000164 0.000169 0.000166 0.000166 0.000166 0.000166 
17.783741 0.000128 0.000129 0.000129 0.000129 0.000125 0.000128 0.000129 0.000128 0.000129 
17.804456 0.000096 0.000095 0.000096 0.000095 0.000090 0.000096 0.000096 0.000096 0.000096 
17.825171 0.000068 0.000069 0.000068 0.000069 0.000069 0.000070 0.000068 0.000070 0.000069 
17.845886 0.000046 0.000046 0.000047 0.000046 0.000045 0.000047 0.000047 0.000047 0.000046 
17.866601 0.000028 0.000027 0.000027 0.000027 0.000027 0.000028 0.000027 0.000028 0.000028 
17.887316 0.000014 0.000015 0.000015 0.000015 0.000014 0.000014 0.000015 0.000014 0.000013 
17.908031 0.000005 0.000006 0.000005 0.000006 0.000005 0.000005 0.000005 0.000005 0.000005 
17.928745 0.000001 0.000001 0.000001 0.000001 0.000001 0.000001 0.000001 0.000001 0.000001 
17.949460 0.000000 0.000000 0.000000 0.000000 0.000000 0.000000 0.000000 0.000000 0.000000 
17.970176 0.000000 0.000000 0.000000 0.000000 0.000000 0.000000 0.000000 0.000000 0.000000 
17.990891 0.000000 0.000000 0.000000 0.000000 0.000000 0.000000 0.000000 0.000000 0.000000 
18.011605 0.000000 0.000000 0.000000 0.000000 0.000000 0.000000 0.000000 0.000000 0.000000 
18.032320 0.000000 0.000000 0.000000 0.000000 0.000000 0.000000 0.000000 0.000000 0.000000 
18.053035 0.000000 0.000000 0.000000 0.000000 0.000000 0.000000 0.000000 0.000000 0.000000 
18.073750 0.000000 0.000000 0.000000 0.000000 0.000000 0.000000 0.000000 0.000000 0.000000 
18.094464 0.000000 0.000000 0.000000 0.000000 0.000000 0.000000 0.000000 0.000000 0.000000 
18.115180 0.000000 0.000000 0.000000 0.000000 0.000000 0.000000 0.000000 0.000000 0.000000 
18.135895 0.000000 0.000000 0.000000 0.000000 0.000000 0.000000 0.000000 0.000000 0.000000 
18.156610 0.000000 0.000000 0.000000 0.000000 0.000000 0.000000 0.000000 0.000000 0.000000 
18.177324 0.000000 0.000000 0.000000 0.000000 0.000000 0.000000 0.000000 0.000000 0.000000 
18.198039 0.000000 0.000000 0.000000 0.000000 0.000000 0.000000 0.000000 0.000000 0.000000 
18.218754 0.000000 0.000000 0.000000 0.000000 0.000000 0.000000 0.000000 0.000000 0.000000 
18.239469 0.000000 0.000000 0.000000 0.000000 0.000000 0.000000 0.000000 0.000000 0.000000 
18.260184 0.000000 0.000000 0.000000 0.000000 0.000000 0.000000 0.000000 0.000000 0.000000 
18.280899 0.000000 0.000000 0.000000 0.000000 0.000000 0.000000 0.000000 0.000000 0.000000 
18.301614 0.000000 0.000000 0.000000 0.000000 0.000000 0.000000 0.000000 0.000000 0.000000 
18.322329 0.000000 0.000000 0.000000 0.000000 0.000000 0.000000 0.000000 0.000000 0.000000 
18.343043 0.000000 0.000000 0.000000 0.000000 0.000000 0.000000 0.000000 0.000000 0.000000 
18.363758 0.000000 0.000000 0.000000 0.000000 0.000000 0.000000 0.000000 0.000000 0.000000 
18.384473 0.000000 0.000000 0.000000 0.000000 0.000000 0.000000 0.000000 0.000000 0.000000 
18.405189 0.000000 0.000000 0.000000 0.000000 0.000000 0.000000 0.000000 0.000000 0.000000 
18.425903 0.000000 0.000000 0.000000 0.000000 0.000000 0.000000 0.000000 0.000000 0.000000 
18.446618 0.000000 0.000000 0.000000 0.000000 0.000000 0.000000 0.000000 0.000000 0.000000 
18.467333 0.000000 0.000000 0.000000 0.000000 0.000000 0.000000 0.000000 0.000000 0.000000 
18.488048 0.000000 0.000000 0.000000 0.000000 0.000000 0.000000 0.000000 0.000000 0.000000 
18.508762 0.000000 0.000000 0.000000 0.000000 0.000000 0.000000 0.000000 0.000000 0.000000 
18.529477 0.000000 0.000000 0.000000 0.000000 0.000000 0.000000 0.000000 0.000000 0.000000 
18.550193 0.000000 0.000000 0.000000 0.000000 0.000000 0.000000 0.000000 0.000000 0.000000 
18.570908 0.000000 0.000000 0.000000 0.000000 0.000000 0.000000 0.000000 0.000000 0.000000 
18.591622 0.000000 0.000000 0.000000 0.000000 0.000000 0.000000 0.000000 0.000000 0.000000 
18.612337 0.000000 0.000000 0.000000 0.000000 0.000000 0.000000 0.000000 0.000000 0.000000 
18.633052 0.000000 0.000000 0.000000 0.000000 0.000000 0.000000 0.000000 0.000000 0.000000 
18.653767 0.000000 0.000000 0.000000 0.000000 0.000000 0.000000 0.000000 0.000000 0.000000 
18.674481 0.000000 0.000000 0.000000 0.000000 0.000000 0.000000 0.000000 0.000000 0.000000 
18.695197 0.000000 0.000000 0.000000 0.000000 0.000000 0.000000 0.000000 0.000000 0.000000 
18.715912 0.000000 0.000000 0.000000 0.000000 0.000000 0.000000 0.000000 0.000000 0.000000 
18.736627 0.000000 0.000000 0.000000 0.000000 0.000000 0.000000 0.000000 0.000000 0.000000 
18.757341 0.000000 0.000000 0.000000 0.000000 0.000000 0.000000 0.000000 0.000000 0.000000 
18.778056 0.000000 0.000000 0.000000 0.000000 0.000000 0.000000 0.000000 0.000000 0.000000 
18.798772 0.000000 0.000000 0.000000 0.000000 0.000000 0.000000 0.000000 0.000000 0.000000 
18.819487 0.000000 0.000000 0.000000 0.000000 0.000000 0.000000 0.000000 0.000000 0.000000 
18.840201 0.000000 0.000000 0.000000 0.000000 0.000000 0.000000 0.000000 0.000000 0.000000 
18.860916 0.000000 0.000000 0.000000 0.000000 0.000000 0.000000 0.000000 0.000000 0.000000 
18.881631 0.000000 0.000000 0.000000 0.000000 0.000000 0.000000 0.000000 0.000000 0.000000 
18.902346 0.000000 0.000000 0.000000 0.000000 0.000000 0.000000 0.000000 0.000000 0.000000 
18.923060 0.000000 0.000000 0.000000 0.000000 0.000000 0.000000 0.000000 0.000000 0.000000 
18.943776 0.000000 0.000000 0.000000 0.000000 0.000000 0.000000 0.000000 0.000000 0.000000 
18.964491 0.000000 0.000000 0.000000 0.000000 0.000000 0.000000 0.000000 0.000000 0.000000 
18.985206 0.000000 0.000000 0.000000 0.000000 0.000000 0.000000 0.000000 0.000000 0.000000 
19.005920 0.000000 0.000000 0.000000 0.000000 0.000000 0.000000 0.000000 0.000000 0.000000 
19.026635 0.000000 0.000000 0.000000 0.000000 0.000000 0.000000 0.000000 0.000000 0.000000 
19.047350 0.000000 0.000000 0.000000 0.000000 0.000000 0.000000 0.000000 0.000000 0.000000 
19.068065 0.000000 0.000000 0.000000 0.000000 0.000000 0.000000 0.000000 0.000000 0.000000 
19.088780 0.000000 0.000000 0.000000 0.000000 0.000000 0.000000 0.000000 0.000000 0.000000 
19.109495 0.000000 0.000000 0.000000 0.000000 0.000000 0.000000 0.000000 0.000000 0.000000 
19.130210 0.000000 0.000000 0.000000 0.000000 0.000000 0.000000 0.000000 0.000000 0.000000 
19.150925 0.000000 0.000000 0.000000 0.000000 0.000000 0.000000 0.000000 0.000000 0.000000 
19.171639 0.000000 0.000000 0.000000 0.000000 0.000000 0.000000 0.000000 0.000000 0.000000 
19.192354 0.000000 0.000000 0.000000 0.000000 0.000000 0.000000 0.000000 0.000000 0.000000 
19.213069 0.000000 0.000000 0.000000 0.000000 0.000000 0.000000 0.000000 0.000000 0.000000 
19.233785 0.000000 0.000000 0.000000 0.000000 0.000000 0.000000 0.000000 0.000000 0.000000 
19.254499 0.000000 0.000000 0.000000 0.000000 0.000000 0.000000 0.000000 0.000000 0.000000 
19.275214 0.000000 0.000000 0.000000 0.000000 0.000000 0.000000 0.000000 0.000000 0.000000 
19.295929 0.000000 0.000000 0.000000 0.000000 0.000000 0.000000 0.000000 0.000000 0.000000 
19.316644 0.000000 0.000000 0.000000 0.000000 0.000000 0.000000 0.000000 0.000000 0.000000 
19.337358 0.000000 0.000000 0.000000 0.000000 0.000000 0.000000 0.000000 0.000000 0.000000 
19.358073 0.000000 0.000000 0.000000 0.000000 0.000000 0.000000 0.000000 0.000000 0.000000 
19.378789 0.000000 0.000000 0.000000 0.000000 0.000000 0.000000 0.000000 0.000000 0.000000 
19.399504 0.000000 0.000000 0.000000 0.000000 0.000000 0.000000 0.000000 0.000000 0.000000 
19.420218 0.000000 0.000000 0.000000 0.000000 0.000000 0.000000 0.000000 0.000000 0.000000 
19.440933 0.000000 0.000000 0.000000 0.000000 0.000000 0.000000 0.000000 0.000000 0.000000 
19.461648 0.000000 0.000000 0.000000 0.000000 0.000000 0.000000 0.000000 0.000000 0.000000 
19.482363 0.000000 0.000000 0.000000 0.000000 0.000000 0.000000 0.000000 0.000000 0.000000 
19.503078 0.000000 0.000000 0.000000 0.000000 0.000000 0.000000 0.000000 0.000000 0.000000 
19.523793 0.000000 0.000000 0.000000 0.000000 0.000000 0.000000 0.000000 0.000000 0.000000 
19.544508 0.000000 0.000000 0.000000 0.000000 0.000000 0.000000 0.000000 0.000000 0.000000 
19.565223 0.000000 0.000000 0.000000 0.000000 0.000000 0.000000 0.000000 0.000000 0.000000 
19.585938 0.000000 0.000000 0.000000 0.000000 0.000000 0.000000 0.000000 0.000000 0.000000 
19.606652 0.000000 0.000000 0.000000 0.000000 0.000000 0.000000 0.000000 0.000000 0.000000 
19.627367 0.000000 0.000000 0.000000 0.000000 0.000000 0.000000 0.000000 0.000000 0.000000 
19.648082 0.000000 0.000000 0.000000 0.000000 0.000000 0.000000 0.000000 0.000000 0.000000 
19.668797 0.000000 0.000000 0.000000 0.000000 0.000000 0.000000 0.000000 0.000000 0.000000 
19.689512 0.000000 0.000000 0.000000 0.000000 0.000000 0.000000 0.000000 0.000000 0.000000 
19.710227 0.000000 0.000000 0.000000 0.000000 0.000000 0.000000 0.000000 0.000000 0.000000 
19.730942 0.000000 0.000000 0.000000 0.000000 0.000000 0.000000 0.000000 0.000000 0.000000 
19.751657 0.000000 0.000000 0.000000 0.000000 0.000000 0.000000 0.000000 0.000000 0.000000 
19.772371 0.000000 0.000000 0.000000 0.000000 0.000000 0.000000 0.000000 0.000000 0.000000 
19.793086 0.000000 0.000000 0.000000 0.000000 0.000000 0.000000 0.000000 0.000000 0.000000 
19.813802 0.000000 0.000000 0.000000 0.000000 0.000000 0.000000 0.000000 0.000000 0.000000 
19.834517 0.000000 0.000000 0.000000 0.000000 0.000000 0.000000 0.000000 0.000000 0.000000 
19.855231 0.000000 0.000000 0.000000 0.000000 0.000000 0.000000 0.000000 0.000000 0.000000 
19.875946 0.000000 0.000000 0.000000 0.000000 0.000000 0.000000 0.000000 0.000000 0.000000 
19.896661 0.000000 0.000000 0.000000 0.000000 0.000000 0.000000 0.000000 0.000000 0.000000 
19.917376 0.000000 0.000000 0.000000 0.000000 0.000000 0.000000 0.000000 0.000000 0.000000 
19.938090 0.000000 0.000000 0.000000 0.000000 0.000000 0.000000 0.000000 0.000000 0.000000 
19.958806 0.000000 0.000000 0.000000 0.000000 0.000000 0.000000 0.000000 0.000000 0.000000 
19.979521 0.000000 0.000000 0.000000 0.000000 0.000000 0.000000 0.000000 0.000000 0.000000 
20.000236 0.000000 0.000000 0.000000 0.000000 0.000000 0.000000 0.000000 0.000000 0.000000 
20.020950 0.000000 0.000000 0.000000 0.000000 0.000000 0.000000 0.000000 0.000000 0.000000 
20.041665 0.000000 0.000000 0.000000 0.000000 0.000000 0.000000 0.000000 0.000000 0.000000 
20.062380 0.000000 0.000000 0.000000 0.000000 0.000000 0.000000 0.000000 0.000000 0.000000 
20.083095 0.000000 0.000000 0.000000 0.000000 0.000000 0.000000 0.000000 0.000000 0.000000 
20.103810 0.000000 0.000000 0.000000 0.000000 0.000000 0.000000 0.000000 0.000000 0.000000 
20.124525 0.000000 0.000000 0.000000 0.000000 0.000000 0.000000 0.000000 0.000000 0.000000 
20.145240 0.000000 0.000000 0.000000 0.000000 0.000000 0.000000 0.000000 0.000000 0.000000 
20.165955 0.000000 0.000000 0.000000 0.000000 0.000000 0.000000 0.000000 0.000000 0.000000 
20.186669 0.000000 0.000000 0.000000 0.000000 0.000000 0.000000 0.000000 0.000000 0.000000 
20.207384 0.000000 0.000000 0.000000 0.000000 0.000000 0.000000 0.000000 0.000000 0.000000 
20.228099 0.000000 0.000000 0.000000 0.000000 0.000000 0.000000 0.000000 0.000000 0.000000 
20.248815 0.000000 0.000000 0.000000 0.000000 0.000000 0.000000 0.000000 0.000000 0.000000 
20.269529 0.000000 0.000000 0.000000 0.000000 0.000000 0.000000 0.000000 0.000000 0.000000 
20.290244 0.000000 0.000000 0.000000 0.000000 0.000000 0.000000 0.000000 0.000000 0.000000 
20.310959 0.000000 0.000000 0.000000 0.000000 0.000000 0.000000 0.000000 0.000000 0.000000 
20.331674 0.000000 0.000000 0.000000 0.000000 0.000000 0.000000 0.000000 0.000000 0.000000 
20.352388 0.000000 0.000000 0.000000 0.000000 0.000000 0.000000 0.000000 0.000000 0.000000 
20.373103 0.000000 0.000000 0.000000 0.000000 0.000000 0.000000 0.000000 0.000000 0.000000 
20.393819 0.000000 0.000000 0.000000 0.000000 0.000000 0.000000 0.000000 0.000000 0.000000 
20.414534 0.000000 0.000000 0.000000 0.000000 0.000000 0.000000 0.000000 0.000000 0.000000 
20.435248 0.000000 0.000000 0.000000 0.000000 0.000000 0.000000 0.000000 0.000000 0.000000 
20.455963 0.000000 0.000000 0.000000 0.000000 0.000000 0.000000 0.000000 0.000000 0.000000 
20.476678 0.000000 0.000000 0.000000 0.000000 0.000000 0.000000 0.000000 0.000000 0.000000 
20.497394 0.000000 0.000000 0.000000 0.000000 0.000000 0.000000 0.000000 0.000000 0.000000 
20.518108 0.000000 0.000000 0.000000 0.000000 0.000000 0.000000 0.000000 0.000000 0.000000 
20.538823 0.000000 0.000000 0.000000 0.000000 0.000000 0.000000 0.000000 0.000000 0.000000 
20.559538 0.000000 0.000000 0.000000 0.000000 0.000000 0.000000 0.000000 0.000000 0.000000 
20.580253 0.000000 0.000000 0.000000 0.000000 0.000000 0.000000 0.000000 0.000000 0.000000 
20.600967 0.000000 0.000000 0.000000 0.000000 0.000000 0.000000 0.000000 0.000000 0.000000 
20.621682 0.000000 0.000000 0.000000 0.000000 0.000000 0.000000 0.000000 0.000000 0.000000 
20.642398 0.000000 0.000000 0.000000 0.000000 0.000000 0.000000 0.000000 0.000000 0.000000 
20.663113 0.000000 0.000000 0.000000 0.000000 0.000000 0.000000 0.000000 0.000000 0.000000 
20.683827 0.000000 0.000000 0.000000 0.000000 0.000000 0.000000 0.000000 0.000000 0.000000 
20.704542 0.000000 0.000000 0.000000 0.000000 0.000000 0.000000 0.000000 0.000000 0.000000 
