# concentrations: 0.333333 0.333333 0.333333
0.006082 0.000000 0.000000 0.000000 0.000000 0.000000 0.000000 0.000000 0.000000 0.000000 
0.018247 0.000000 0.000000 0.000000 0.000000 0.000000 0.000000 0.000000 0.000000 0.000000 
0.030411 0.000000 0.000000 0.000000 0.000000 0.000000 0.000000 0.000000 0.000000 0.000000 
0.042575 0.000000 0.000000 0.000000 0.000000 0.000000 0.000000 0.000000 0.000000 0.000000 
0.054740 0.000000 0.000000 0.000000 0.000000 0.000000 0.000000 0.000000 0.000000 0.000000 
0.066904 0.000000 0.000000 0.000000 0.000000 0.000000 0.000000 0.000000 0.000000 0.000000 
0.079069 0.000000 0.000000 0.000000 0.000000 0.000000 0.000000 0.000000 0.000000 0.000000 
0.091233 0.000000 0.000000 0.000000 0.000000 0.000000 0.000000 0.000000 0.000000 0.000000 
0.103397 0.000000 0.000000 0.000000 0.000000 0.000000 0.000000 0.000000 0.000000 0.000000 
0.115562 0.000000 0.000000 0.000000 0.000000 0.000000 0.000000 0.000000 0.000000 0.000000 
0.127726 0.000000 0.000000 0.000000 0.000000 0.000000 0.000000 0.000000 0.000000 0.000000 
0.139891 0.000000 0.000000 0.000000 0.000000 0.000000 0.000000 0.000000 0.000000 0.000000 
0.152055 0.000000 0.000000 0.000000 0.000000 0.000000 0.000000 0.000000 0.000000 0.000000 
0.164219 0.000000 0.000000 0.000000 0.000000 0.000000 0.000000 0.000000 0.000000 0.000000 
0.176384 0.000000 0.000000 0.000000 0.000000 0.000000 0.000000 0.000000 0.000000 0.000000 
0.188548 0.000000 0.000000 0.000000 0.000000 0.000000 0.000000 0.000000 0.000000 0.000000 
0.200713 0.000000 0.000000 0.000000 0.000000 0.000000 0.000000 0.000000 0.000000 0.000000 
0.212877 0.000000 0.000000 0.000000 0.000000 0.000000 0.000000 0.000000 0.000000 0.000000 
0.225041 0.000000 0.000000 0.000000 0.000000 0.000000 0.000000 0.000000 0.000000 0.000000 
0.237206 0.000000 0.000000 0.000000 0.000000 0.000000 0.000000 0.000000 0.000000 0.000000 
0.249370 0.000000 0.000000 0.000000 0.000000 0.000000 0.000000 0.000000 0.000000 0.000000 
0.261535 0.000000 0.000000 0.000000 0.000000 0.000000 0.000000 0.000000 0.000000 0.000000 
0.273699 0.000000 0.000000 0.000000 0.000000 0.000000 0.000000 0.000000 0.000000 0.000000 
0.285863 0.000000 0.000000 0.000000 0.000000 0.000000 0.000000 0.000000 0.000000 0.000000 
0.298028 0.000000 0.000000 0.000000 0.000000 0.000000 0.000000 0.000000 0.000000 0.000000 
0.310192 0.000000 0.000000 0.000000 0.000000 0.000000 0.000000 0.000000 0.000000 0.000000 
0.322357 0.000000 0.000000 0.000000 0.000000 0.000000 0.000000 0.000000 0.000000 0.000000 
0.334521 0.000000 0.000000 0.000000 0.000000 0.000000 0.000000 0.000000 0.000000 0.000000 
0.346685 0.000000 0.000000 0.000000 0.000000 0.000000 0.000000 0.000000 0.000000 0.000000 
0.358850 0.000000 0.000000 0.000000 0.000000 0.000000 0.000000 0.000000 0.000000 0.000000 
0.371014 0.000000 0.000000 0.000000 0.000000 0.000000 0.000000 0.000000 0.000000 0.000000 
0.383179 0.000000 0.000000 0.000000 0.000000 0.000000 0.000000 0.000000 0.000000 0.000000 
0.395343 0.000000 0.000000 0.000000 0.000000 0.000000 0.000000 0.000000 0.000000 0.000000 
0.407507 0.000000 0.000000 0.000000 0.000000 0.000000 0.000000 0.000000 0.000000 0.000000 
0.419672 0.000000 0.000000 0.000000 0.000000 0.000000 0.000000 0.000000 0.000000 0.000000 
0.431836 0.000000 0.000000 0.000000 0.000000 0.000000 0.000000 0.000000 0.000000 0.000000 
0.444001 0.000000 0.000000 0.000000 0.000000 0.000000 0.000000 0.000000 0.000000 0.000000 
0.456165 0.000000 0.000000 0.000000 0.000000 0.000000 0.000000 0.000000 0.000000 0.000000 
0.468329 0.000000 0.000000 0.000000 0.000000 0.000000 0.000000 0.000000 0.000000 0.000000 
0.480494 0.000000 0.000000 0.000000 0.000000 0.000000 0.000000 0.000000 0.000000 0.000000 
0.492658 0.000000 0.000000 0.000000 0.000000 0.000000 0.000000 0.000000 0.000000 0.000000 
0.504823 0.000000 0.000000 0.000000 0.000000 0.000000 0.000000 0.000000 0.000000 0.000000 
0.516987 0.000000 0.000000 0.000000 0.000000 0.000000 0.000000 0.000000 0.000000 0.000000 
0.529151 0.000000 0.000000 0.000000 0.000000 0.000000 0.000000 0.000000 0.000000 0.000000 
0.541316 0.000000 0.000000 0.000000 0.000000 0.000000 0.000000 0.000000 0.000000 0.000000 
0.553480 0.000000 0.000000 0.000000 0.000000 0.000000 0.000000 0.000000 0.000000 0.000000 
0.565645 0.000000 0.000000 0.000000 0.000000 0.000000 0.000000 0.000000 0.000000 0.000000 
0.577809 0.000000 0.000000 0.000000 0.000000 0.000000 0.000000 0.000000 0.000000 0.000000 
0.589973 0.000000 0.000000 0.000000 0.000000 0.000000 0.000000 0.000000 0.000000 0.000000 
0.602138 0.000000 0.000000 0.000000 0.000000 0.000000 0.000000 0.000000 0.000000 0.000000 
0.614302 0.000000 0.000000 0.000000 0.000000 0.000000 0.000000 0.000000 0.000000 0.000000 
0.626467 0.000000 0.000000 0.000000 0.000000 0.000000 0.000000 0.000000 0.000000 0.000000 
0.638631 0.000000 0.000000 0.000000 0.000000 0.000000 0.000000 0.000000 0.000000 0.000000 
0.650795 0.000000 0.000000 0.000000 0.000000 0.000000 0.000000 0.000000 0.000000 0.000000 
0.662960 0.000000 0.000000 0.000000 0.000000 0.000000 0.000000 0.000000 0.000000 0.000000 
0.675124 0.000000 0.000000 0.000000 0.000000 0.000000 0.000000 0.000000 0.000000 0.000000 
0.687289 0.000000 0.000000 0.000000 0.000000 0.000000 0.000000 0.000000 0.000000 0.000000 
0.699453 0.000000 0.000000 0.000000 0.000000 0.000000 0.000000 0.000000 0.000000 0.000000 
0.711617 0.000000 0.000000 0.000000 0.000000 0.000000 0.000000 0.000000 0.000000 0.000000 
0.723782 0.000000 0.000000 0.000000 0.000000 0.000000 0.000000 0.000000 0.000000 0.000000 
0.735946 0.000000 0.000000 0.000000 0.000000 0.000000 0.000000 0.000000 0.000000 0.000000 
0.748111 0.000000 0.000000 0.000000 0.000000 0.000000 0.000000 0.000000 0.000000 0.000000 
0.760275 0.000000 0.000000 0.000000 0.000000 0.000000 0.000000 0.000000 0.000000 0.000000 
0.772439 0.000000 0.000000 0.000000 0.000000 0.000000 0.000000 0.000000 0.000000 0.000000 
0.784604 0.000000 0.000000 0.000000 0.000000 0.000000 0.000000 0.000000 0.000000 0.000000 
0.796768 0.000000 0.000000 0.000000 0.000000 0.000000 0.000000 0.000000 0.000000 0.000000 
0.808933 0.000000 0.000000 0.000000 0.000000 0.000000 0.000000 0.000000 0.000000 0.000000 
0.821097 0.000000 0.000000 0.000000 0.000000 0.000000 0.000000 0.000000 0.000000 0.000000 
0.833261 0.000000 0.000000 0.000000 0.000000 0.000000 0.000000 0.000000 0.000000 0.000000 
0.845426 0.000000 0.000000 0.000000 0.000000 0.000000 0.000000 0.000000 0.000000 0.000000 
0.857590 0.000000 0.000000 0.000000 0.000000 0.000000 0.000000 0.000000 0.000000 0.000000 
0.869755 0.000000 0.000000 0.000000 0.000000 0.001753 0.000000 0.000000 0.000000 0.000000 
0.881919 0.000000 0.000000 0.000000 0.000000 0.002841 0.000000 0.000000 0.000000 0.000000 
0.894083 0.000000 0.000000 0.000000 0.000000 0.012164 0.000000 0.000000 0.000000 0.000000 
0.906248 0.000000 0.000000 0.000000 0.000000 0.039287 0.000000 0.000000 0.000000 0.000000 
0.918412 0.000000 0.000000 0.000000 0.000000 0.098514 0.002350 0.000000 0.002350 0.000000 
0.930577 0.000000 0.000000 0.000000 0.000000 0.194463 0.006359 0.000000 0.006359 0.000000 
0.942741 0.000000 0.000000 0.000000 0.000000 0.331709 0.020074 0.000000 0.020074 0.000497 
0.954905 0.000000 0.000966 0.000000 0.000966 0.505571 0.053384 0.000000 0.053384 0.001939 
0.967070 0.000000 0.002826 0.000000 0.002826 0.749083 0.120349 0.000000 0.120349 0.003781 
0.979234 0.000000 0.007121 0.000000 0.007121 1.009456 0.219594 0.000000 0.219594 0.008758 
0.991399 0.000000 0.034287 0.000224 0.034287 1.261400 0.363713 0.000224 0.363713 0.031928 
1.003563 0.000000 0.063860 0.000219 0.063860 1.517583 0.545655 0.000219 0.545655 0.074606 
1.015727 0.000000 0.131725 0.003629 0.131725 1.705520 0.768150 0.003629 0.768150 0.140520 
1.027892 0.000000 0.249745 0.012508 0.249745 1.892111 1.003775 0.012508 1.003775 0.231755 
1.040056 0.000817 0.373647 0.038892 0.373647 2.016066 1.258387 0.038892 1.258387 0.370198 
1.052221 0.001597 0.557634 0.082561 0.557634 2.121024 1.460033 0.082561 1.460033 0.580457 
1.064385 0.008583 0.750650 0.160395 0.750650 2.187891 1.672583 0.160395 1.672583 0.809926 
1.076549 0.016780 1.013165 0.257710 1.013165 2.229516 1.874669 0.257710 1.874669 1.019796 
1.088714 0.046612 1.198965 0.398045 1.198965 2.242247 1.952314 0.398045 1.952314 1.215654 
1.100878 0.085705 1.451761 0.564493 1.451761 2.190395 2.109851 0.564493 2.109851 1.396076 
1.113043 0.166615 1.653126 0.787093 1.653126 2.164564 2.140458 0.787093 2.140458 1.604424 
1.125207 0.272997 1.838674 0.989533 1.838674 2.102634 2.157037 0.989533 2.157037 1.773432 
1.137371 0.435296 1.946514 1.215380 1.946514 2.062703 2.164118 1.215380 2.164118 1.956100 
1.149536 0.595716 2.074722 1.446988 2.074722 1.996200 2.159731 1.446988 2.159731 1.991183 
1.161700 0.785047 2.091215 1.591138 2.091215 1.909070 2.168250 1.591138 2.168250 2.048918 
1.173865 0.996932 2.121329 1.753681 2.121329 1.863313 2.085363 1.753681 2.085363 2.108696 
1.186029 1.208467 2.191853 1.901078 2.191853 1.786935 2.041846 1.901078 2.041846 2.167762 
1.198193 1.462380 2.154193 1.996476 2.154193 1.723453 1.955359 1.996476 1.955359 2.135691 
1.210358 1.581878 2.124793 2.049917 2.124793 1.644332 1.929785 2.049917 1.929785 2.187716 
1.222522 1.738035 2.101415 2.149312 2.101415 1.568283 1.871953 2.149312 1.871953 2.182229 
1.234687 1.819950 2.072369 2.122506 2.072369 1.580460 1.848993 2.122506 1.848993 2.106410 
1.246851 1.978796 1.975175 2.157518 1.975175 1.472724 1.739701 2.157518 1.739701 2.016040 
1.259015 2.003184 1.935644 2.077101 1.935644 1.422640 1.685108 2.077101 1.685108 1.938493 
1.271180 2.046834 1.853676 2.070818 1.853676 1.411695 1.621541 2.070818 1.621541 1.878886 
1.283344 2.047378 1.823900 2.056869 1.823900 1.340766 1.562980 2.056869 1.562980 1.766665 
1.295509 2.081289 1.765154 1.982747 1.765154 1.291753 1.479449 1.982747 1.479449 1.761577 
1.307673 2.065753 1.718041 1.928255 1.718041 1.241985 1.434792 1.928255 1.434792 1.678812 
1.319837 2.027576 1.641361 1.864660 1.641361 1.184931 1.388348 1.864660 1.388348 1.618813 
1.332002 2.019132 1.589189 1.839715 1.589189 1.130764 1.339283 1.839715 1.339283 1.544306 
1.344166 1.986177 1.533248 1.792792 1.533248 1.154179 1.309301 1.792792 1.309301 1.522597 
1.356331 1.947808 1.489571 1.706763 1.489571 1.104246 1.242926 1.706763 1.242926 1.448783 
1.368495 1.901553 1.417353 1.653167 1.417353 1.070081 1.226820 1.653167 1.226820 1.444868 
1.380659 1.849625 1.358272 1.586595 1.358272 1.004692 1.195464 1.586595 1.195464 1.365481 
1.392824 1.756643 1.341249 1.534380 1.341249 1.038037 1.158108 1.534380 1.158108 1.326482 
1.404988 1.712698 1.281971 1.448229 1.281971 0.987225 1.154098 1.448229 1.154098 1.252560 
1.417153 1.654135 1.254343 1.441008 1.254343 0.975623 1.092464 1.441008 1.092464 1.225635 
1.429317 1.602100 1.203553 1.393418 1.203553 0.962342 1.054120 1.393418 1.054120 1.188864 
1.441481 1.521342 1.162856 1.332567 1.162856 0.948924 1.023568 1.332567 1.023568 1.179508 
1.453646 1.472992 1.114509 1.294527 1.114509 0.915130 1.018610 1.294527 1.018610 1.132251 
1.465810 1.440212 1.119563 1.226589 1.119563 0.906381 0.982501 1.226589 0.982501 1.122999 
1.477975 1.391093 1.088494 1.218569 1.088494 0.879980 0.972133 1.218569 0.972133 1.068562 
1.490139 1.340222 1.058804 1.178333 1.058804 0.872249 0.951177 1.178333 0.951177 1.041444 
1.502303 1.291580 1.014693 1.147714 1.014693 0.879724 0.930956 1.147714 0.930956 1.028956 
1.514468 1.263965 1.018231 1.096497 1.018231 0.871999 0.918165 1.096497 0.918165 0.989551 
1.526632 1.213761 0.972119 1.088365 0.972119 0.858356 0.900576 1.088365 0.900576 0.978595 
1.538797 1.194822 0.965452 1.048705 0.965452 0.846698 0.876990 1.048705 0.876990 0.962801 
1.550961 1.136659 0.941769 1.036541 0.941769 0.829618 0.866135 1.036541 0.866135 0.957138 
1.563125 1.141287 0.929422 1.019209 0.929422 0.829780 0.862352 1.019209 0.862352 0.932531 
1.575290 1.106797 0.902156 0.983016 0.902156 0.805251 0.864078 0.983016 0.864078 0.905885 
1.587454 1.061146 0.867676 0.952110 0.867676 0.825589 0.852118 0.952110 0.852118 0.877331 
1.599619 1.026057 0.870877 0.935609 0.870877 0.820155 0.829472 0.935609 0.829472 0.884585 
1.611783 1.032246 0.883141 0.946307 0.883141 0.784520 0.808020 0.946307 0.808020 0.863466 
1.623947 0.971754 0.841312 0.914393 0.841312 0.805326 0.812247 0.914393 0.812247 0.869853 
1.636112 0.961807 0.846367 0.908902 0.846367 0.770436 0.828511 0.908902 0.828511 0.831365 
1.648276 0.953692 0.816254 0.877871 0.816254 0.779938 0.809930 0.877871 0.809930 0.856240 
1.660441 0.930632 0.815922 0.868730 0.815922 0.784103 0.802820 0.868730 0.802820 0.821457 
1.672605 0.922981 0.814325 0.855974 0.814325 0.798801 0.800547 0.855974 0.800547 0.821235 
1.684769 0.894917 0.816119 0.840407 0.816119 0.780775 0.795943 0.840407 0.795943 0.823909 
1.696934 0.890566 0.817761 0.826711 0.817761 0.803228 0.798639 0.826711 0.798639 0.804303 
1.709098 0.866291 0.800213 0.814088 0.800213 0.798652 0.783850 0.814088 0.783850 0.797442 
1.721263 0.867964 0.788348 0.810800 0.788348 0.815003 0.795410 0.810800 0.795410 0.812766 
1.733427 0.851551 0.804070 0.807149 0.804070 0.817866 0.776142 0.807149 0.776142 0.801243 
1.745591 0.830304 0.793417 0.808235 0.793417 0.795635 0.804043 0.808235 0.804043 0.804484 
1.757756 0.818271 0.787171 0.786529 0.787171 0.826711 0.810482 0.786529 0.810482 0.796384 
1.769920 0.795923 0.798262 0.807403 0.798262 0.791126 0.779911 0.807403 0.779911 0.800721 
1.782085 0.808198 0.779773 0.777484 0.779773 0.809172 0.793367 0.777484 0.793367 0.792749 
1.794249 0.809076 0.772580 0.791053 0.772580 0.810037 0.808705 0.791053 0.808705 0.779832 
1.806413 0.809737 0.794618 0.786451 0.794618 0.845768 0.798803 0.786451 0.798803 0.783866 
1.818578 0.785042 0.777030 0.795146 0.777030 0.836763 0.792415 0.795146 0.792415 0.784374 
1.830742 0.792044 0.804190 0.787170 0.804190 0.867872 0.830412 0.787170 0.830412 0.801935 
1.842907 0.785274 0.800751 0.786418 0.800751 0.855290 0.803280 0.786418 0.803280 0.770308 
1.855071 0.795424 0.799237 0.791684 0.799237 0.856047 0.828295 0.791684 0.828295 0.805699 
1.867235 0.769635 0.806364 0.785580 0.806364 0.870292 0.823485 0.785580 0.823485 0.828838 
1.879400 0.766712 0.821590 0.794214 0.821590 0.872327 0.835621 0.794214 0.835621 0.815766 
1.891564 0.783064 0.837150 0.782177 0.837150 0.891771 0.854017 0.782177 0.854017 0.815058 
1.903729 0.785902 0.838588 0.798172 0.838588 0.900299 0.856760 0.798172 0.856760 0.849930 
1.915893 0.787273 0.832654 0.808231 0.832654 0.921897 0.870458 0.808231 0.870458 0.839051 
1.928057 0.792106 0.844629 0.809848 0.844629 0.916831 0.879350 0.809848 0.879350 0.835623 
1.940222 0.799942 0.852686 0.806579 0.852686 0.921935 0.888963 0.806579 0.888963 0.836458 
1.952386 0.805071 0.845321 0.825328 0.845321 0.942477 0.900447 0.825328 0.900447 0.844148 
1.964551 0.800064 0.861774 0.840486 0.861774 0.971278 0.909828 0.840486 0.909828 0.855265 
1.976715 0.817736 0.886657 0.834007 0.886657 0.936284 0.931980 0.834007 0.931980 0.864793 
1.988879 0.792000 0.888587 0.853173 0.888587 0.946199 0.915816 0.853173 0.915816 0.868988 
2.001044 0.811763 0.888433 0.863295 0.888433 0.984072 0.947952 0.863295 0.947952 0.905920 
2.013208 0.829472 0.897574 0.865184 0.897574 1.010067 0.945018 0.865184 0.945018 0.905156 
2.025373 0.820293 0.933808 0.870609 0.933808 0.997648 0.957917 0.870609 0.957917 0.914142 
2.037537 0.838954 0.937653 0.881520 0.937653 1.016114 0.969858 0.881520 0.969858 0.924127 
2.049701 0.830393 0.942023 0.890172 0.942023 1.028707 0.982917 0.890172 0.982917 0.924763 
2.061866 0.860947 0.948848 0.902271 0.948848 1.024798 0.993301 0.902271 0.993301 0.951710 
2.074030 0.864766 0.955640 0.910682 0.955640 1.053831 1.015550 0.910682 1.015550 0.961251 
2.086195 0.884873 0.959002 0.915680 0.959002 1.041069 1.034411 0.915680 1.034411 0.970690 
2.098359 0.872234 1.002693 0.926555 1.002693 1.067481 1.036959 0.926555 1.036959 0.976533 
2.110523 0.894955 0.999475 0.947800 0.999475 1.063745 1.034733 0.947800 1.034733 0.984857 
2.122688 0.917000 0.996950 0.949825 0.996950 1.083371 1.053998 0.949825 1.053998 0.989493 
2.134852 0.923049 1.023056 0.964579 1.023056 1.088786 1.040212 0.964579 1.040212 1.017894 
2.147017 0.947443 1.025134 0.986764 1.025134 1.082737 1.062070 0.986764 1.062070 1.021658 
2.159181 0.943245 1.029490 0.992119 1.029490 1.085836 1.083587 0.992119 1.083587 1.031227 
2.171345 0.948268 1.041440 1.010933 1.041440 1.068735 1.067882 1.010933 1.067882 1.028330 
2.183510 0.973332 1.044930 1.000486 1.044930 1.086527 1.067659 1.000486 1.067659 1.047219 
2.195674 0.995471 1.059359 1.017692 1.059359 1.094486 1.069091 1.017692 1.069091 1.048829 
2.207839 0.996520 1.072682 1.034725 1.072682 1.076677 1.078375 1.034725 1.078375 1.061172 
2.220003 1.009486 1.058009 1.034232 1.058009 1.104102 1.100020 1.034232 1.100020 1.094506 
2.232167 1.030448 1.070159 1.048542 1.070159 1.107182 1.088903 1.048542 1.088903 1.089529 
2.244332 1.010534 1.071753 1.065543 1.071753 1.111710 1.102538 1.065543 1.102538 1.096792 
2.256496 1.043137 1.085384 1.084043 1.085384 1.113189 1.104807 1.084043 1.104807 1.095655 
2.268661 1.037927 1.080302 1.077477 1.080302 1.115647 1.100501 1.077477 1.100501 1.101992 
2.280825 1.040140 1.103994 1.072196 1.103994 1.097066 1.112336 1.072196 1.112336 1.110236 
2.292989 1.060994 1.108189 1.073377 1.108189 1.103531 1.102324 1.073377 1.102324 1.077975 
2.305154 1.051822 1.107053 1.080648 1.107053 1.078107 1.114597 1.080648 1.114597 1.115622 
2.317318 1.069020 1.106309 1.112216 1.106309 1.073876 1.109385 1.112216 1.109385 1.093877 
2.329483 1.091056 1.109216 1.100449 1.109216 1.092359 1.102316 1.100449 1.102316 1.106858 
2.341647 1.087488 1.105675 1.109853 1.105675 1.073785 1.098284 1.109853 1.098284 1.099418 
2.353811 1.106752 1.104772 1.111253 1.104772 1.073644 1.092090 1.111253 1.092090 1.099572 
2.365976 1.092558 1.112801 1.102531 1.112801 1.095717 1.097298 1.102531 1.097298 1.109219 
2.378140 1.105772 1.108590 1.095504 1.108590 1.062789 1.087131 1.095504 1.087131 1.117495 
2.390305 1.106249 1.100094 1.110696 1.100094 1.068188 1.083363 1.110696 1.083363 1.109343 
2.402469 1.123639 1.103674 1.105697 1.103674 1.058011 1.085662 1.105697 1.085662 1.077155 
2.414633 1.114544 1.107731 1.106485 1.107731 1.057308 1.072220 1.106485 1.072220 1.084903 
2.426798 1.120661 1.086818 1.109520 1.086818 1.053640 1.079899 1.109520 1.079899 1.092967 
2.438962 1.107652 1.076893 1.112773 1.076893 1.041002 1.073560 1.112773 1.073560 1.103268 
2.451127 1.123222 1.096821 1.103823 1.096821 1.040532 1.060820 1.103823 1.060820 1.099092 
2.463291 1.092801 1.072496 1.091409 1.072496 1.025493 1.067705 1.091409 1.067705 1.074590 
2.475455 1.109641 1.074706 1.084591 1.074706 1.021787 1.044728 1.084591 1.044728 1.062396 
2.487620 1.102029 1.073084 1.086290 1.073084 1.011390 1.060947 1.086290 1.060947 1.053745 
2.499784 1.105264 1.076166 1.072677 1.076166 1.006734 1.051140 1.072677 1.051140 1.063037 
2.511949 1.090641 1.066341 1.085784 1.066341 1.013169 1.036530 1.085784 1.036530 1.075721 
2.524113 1.093218 1.051095 1.087258 1.051095 1.012882 1.041139 1.087258 1.041139 1.050275 
2.536277 1.093476 1.050248 1.054939 1.050248 1.006418 1.043537 1.054939 1.043537 1.052386 
2.548442 1.090480 1.033192 1.063478 1.033192 1.005545 1.014776 1.063478 1.014776 1.044338 
2.560606 1.079066 1.030991 1.074058 1.030991 0.999924 1.022223 1.074058 1.022223 1.034236 
2.572771 1.097778 1.024738 1.053855 1.024738 0.992074 1.026136 1.053855 1.026136 1.047363 
2.584935 1.084647 1.018499 1.054990 1.018499 0.995611 1.009862 1.054990 1.009862 1.018498 
2.597099 1.084471 1.016817 1.042191 1.016817 0.972676 1.011364 1.042191 1.011364 1.036830 
2.609264 1.080616 1.017388 1.034600 1.017388 0.979403 1.000241 1.034600 1.000241 1.012838 
2.621428 1.059933 1.022712 1.030533 1.022712 0.982556 0.992262 1.030533 0.992262 1.028931 
2.633593 1.041094 1.017204 1.033718 1.017204 0.969020 1.001580 1.033718 1.001580 1.029624 
2.645757 1.046402 0.988257 1.029541 0.988257 0.976376 0.983348 1.029541 0.983348 0.998855 
2.657921 1.043603 0.990425 1.015992 0.990425 0.980098 0.986278 1.015992 0.986278 0.986042 
2.670086 1.034302 0.989979 1.012039 0.989979 0.968026 0.984974 1.012039 0.984974 0.984270 
2.682250 1.038273 0.990726 1.005605 0.990726 0.962277 0.978265 1.005605 0.978265 0.993916 
2.694414 1.019239 0.986321 1.003099 0.986321 0.978326 0.980041 1.003099 0.980041 0.977108 
2.706579 1.032402 0.985574 0.995616 0.985574 0.958009 0.966181 0.995616 0.966181 0.979971 
2.718743 1.034566 0.977211 0.989071 0.977211 0.964064 0.973635 0.989071 0.973635 0.990615 
2.730908 1.007235 0.982878 0.999181 0.982878 0.951465 0.975022 0.999181 0.975022 0.969956 
2.743072 1.011068 0.972482 0.997745 0.972482 0.961314 0.963700 0.997745 0.963700 0.965602 
2.755237 1.011884 0.978770 0.989622 0.978770 0.953019 0.978103 0.989622 0.978103 0.974038 
2.767401 0.997678 0.955728 0.980289 0.955728 0.963916 0.968584 0.980289 0.968584 0.980884 
2.779565 0.992588 0.961911 0.988396 0.961911 0.981147 0.959373 0.988396 0.959373 0.969876 
2.791730 0.978570 0.969034 0.972679 0.969034 0.960592 0.958888 0.972679 0.958888 0.964902 
2.803894 0.989494 0.965827 0.970534 0.965827 0.955705 0.962213 0.970534 0.962213 0.955592 
2.816059 0.984977 0.955612 0.971000 0.955612 0.977898 0.960056 0.971000 0.960056 0.954489 
2.828223 0.986062 0.955184 0.965014 0.955184 0.969319 0.962536 0.965014 0.962536 0.969375 
2.840387 0.972394 0.955802 0.956758 0.955802 0.952178 0.948758 0.956758 0.948758 0.954698 
2.852552 0.976938 0.951782 0.961636 0.951782 0.969062 0.952053 0.961636 0.952053 0.950321 
2.864716 0.969736 0.957968 0.961887 0.957968 0.958210 0.963846 0.961887 0.963846 0.968551 
2.876881 0.974477 0.957735 0.970643 0.957735 0.970952 0.952280 0.970643 0.952280 0.967641 
2.889045 0.940374 0.949748 0.947742 0.949748 0.966587 0.956160 0.947742 0.956160 0.941380 
2.901209 0.951953 0.961498 0.953045 0.961498 0.968862 0.966810 0.953045 0.966810 0.960722 
2.913374 0.958809 0.963814 0.957274 0.963814 0.964694 0.959947 0.957274 0.959947 0.956518 
2.925538 0.976880 0.956716 0.955789 0.956716 0.953486 0.962017 0.955789 0.962017 0.946153 
2.937703 0.959230 0.955598 0.957742 0.955598 0.962149 0.965756 0.957742 0.965756 0.951803 
2.949867 0.954922 0.958928 0.964446 0.958928 0.983011 0.968800 0.964446 0.968800 0.948726 
2.962031 0.973311 0.958618 0.964669 0.958618 0.978449 0.973606 0.964669 0.973606 0.973865 
2.974196 0.958520 0.955997 0.959782 0.955997 0.972361 0.983138 0.959782 0.983138 0.955122 
2.986360 0.950380 0.954078 0.955412 0.954078 0.993151 0.974256 0.955412 0.974256 0.967032 
2.998525 0.959546 0.964555 0.948460 0.964555 0.995630 0.976510 0.948460 0.976510 0.969133 
3.010689 0.948931 0.968440 0.962608 0.968440 0.976044 0.974491 0.962608 0.974491 0.967071 
3.022853 0.958269 0.969369 0.965295 0.969369 0.983373 0.974889 0.965295 0.974889 0.960349 
3.035018 0.962761 0.967969 0.949772 0.967969 0.982051 0.975932 0.949772 0.975932 0.970391 
3.047182 0.958375 0.966045 0.960043 0.966045 0.987364 0.972331 0.960043 0.972331 0.966848 
3.059347 0.963991 0.963790 0.968262 0.963790 0.997237 0.983982 0.968262 0.983982 0.974003 
3.071511 0.960353 0.981410 0.963316 0.981410 0.981671 0.984025 0.963316 0.984025 0.980593 
3.083675 0.959977 0.976628 0.962568 0.976628 1.005390 0.987492 0.962568 0.987492 0.977966 
3.095840 0.977970 0.982018 0.962598 0.982018 0.992451 0.994337 0.962598 0.994337 0.982167 
3.108004 0.972023 0.986933 0.978245 0.986933 0.988632 0.988917 0.978245 0.988917 0.967172 
3.120169 0.954107 0.988054 0.982601 0.988054 1.008316 0.992624 0.982601 0.992624 0.986841 
3.132333 0.970136 0.989689 0.980013 0.989689 1.001581 1.003585 0.980013 1.003585 0.988021 
3.144497 0.982294 0.987017 0.974654 0.987017 1.006075 0.999536 0.974654 0.999536 0.989402 
3.156662 0.973870 0.991690 0.978692 0.991690 1.017607 1.003206 0.978692 1.003206 1.001549 
3.168826 0.982562 0.988324 0.981436 0.988324 1.011350 1.004666 0.981436 1.004666 0.994623 
3.180991 0.978338 0.979191 0.990554 0.979191 1.001402 1.009622 0.990554 1.009622 0.990394 
3.193155 0.980261 0.993045 0.992699 0.993045 1.021617 1.000541 0.992699 1.000541 0.999725 
3.205319 0.976516 0.998108 0.992834 0.998108 1.019020 1.003232 0.992834 1.003232 0.998155 
3.217484 0.991495 1.007169 0.997424 1.007169 1.021340 1.005488 0.997424 1.005488 1.007293 
3.229648 0.975226 1.001307 1.000209 1.001307 1.013830 1.001434 1.000209 1.001434 1.001923 
3.241813 0.983609 1.001331 0.986660 1.001331 1.017171 1.012879 0.986660 1.012879 1.003166 
3.253977 0.991505 1.009398 1.000994 1.009398 1.020309 1.018738 1.000994 1.018738 1.006533 
3.266141 0.993290 1.005011 1.007881 1.005011 1.027390 1.022995 1.007881 1.022995 0.999132 
3.278306 0.991548 1.009085 1.018677 1.009085 1.017292 1.011749 1.018677 1.011749 0.998374 
3.290470 0.994782 1.017465 1.006764 1.017465 1.018214 1.009754 1.006764 1.009754 0.999150 
3.302635 1.002947 1.002532 1.009761 1.002532 1.006634 1.015315 1.009761 1.015315 0.994923 
3.314799 0.994875 1.011625 1.008598 1.011625 1.021384 1.017358 1.008598 1.017358 1.010563 
3.326963 0.993963 1.018927 1.015186 1.018927 1.036251 1.015464 1.015186 1.015464 1.016325 
3.339128 1.017278 1.018115 1.006341 1.018115 1.022986 1.030600 1.006341 1.030600 1.018388 
3.351292 1.012878 1.013777 1.019406 1.013777 1.009533 1.014679 1.019406 1.014679 1.014177 
3.363457 1.013379 1.024720 1.014499 1.024720 1.018497 1.019366 1.014499 1.019366 1.027835 
3.375621 1.017687 1.008959 1.014642 1.008959 1.012799 1.020422 1.014642 1.020422 1.022729 
3.387785 0.998376 1.023970 1.018826 1.023970 1.029224 1.016447 1.018826 1.016447 1.018979 
3.399950 1.012064 1.022542 1.017036 1.022542 1.019749 1.025610 1.017036 1.025610 1.028314 
3.412114 1.032025 1.019182 1.016836 1.019182 1.031607 1.020922 1.016836 1.020922 1.026747 
3.424279 1.019503 1.028522 1.017495 1.028522 0.999789 1.021214 1.017495 1.021214 1.021840 
3.436443 1.035242 1.020153 1.019108 1.020153 1.021319 1.016161 1.019108 1.016161 1.011774 
3.448607 1.016877 1.023099 1.025600 1.023099 1.016393 1.010968 1.025600 1.010968 1.023641 
3.460772 1.013817 1.014925 1.023955 1.014925 1.019353 1.013380 1.023955 1.013380 1.024409 
3.472936 1.019060 1.022000 1.026365 1.022000 1.020819 1.010915 1.026365 1.010915 1.026793 
3.485101 1.031428 1.020736 1.023221 1.020736 1.005627 1.022477 1.023221 1.022477 1.014070 
3.497265 1.011762 1.019429 1.023661 1.019429 1.013099 1.022958 1.023661 1.022958 1.019604 
3.509429 1.025037 1.009709 1.022156 1.009709 1.012727 1.020851 1.022156 1.020851 1.030958 
3.521594 1.022901 1.015673 1.021197 1.015673 1.004404 1.012743 1.021197 1.012743 1.014633 
3.533758 1.031607 1.022647 1.019895 1.022647 1.011998 1.016068 1.019895 1.016068 1.033943 
3.545923 1.022502 1.012927 1.018323 1.012927 1.015401 1.014364 1.018323 1.014364 1.018917 
3.558087 1.038880 1.018175 1.019497 1.018175 0.995098 1.014365 1.019497 1.014365 1.013568 
3.570251 1.023109 1.018783 1.017746 1.018783 0.991415 1.000881 1.017746 1.000881 1.008857 
3.582416 1.020925 1.014639 1.018209 1.014639 1.010731 1.012168 1.018209 1.012168 1.014519 
3.594580 1.019754 1.012162 1.018162 1.012162 1.009560 1.013304 1.018162 1.013304 1.008739 
3.606745 1.017086 1.009175 1.019199 1.009175 0.996700 1.009852 1.019199 1.009852 1.019159 
3.618909 1.020756 1.002503 1.010744 1.002503 1.005468 1.011266 1.010744 1.011266 1.006615 
3.631073 1.016845 1.000943 1.019052 1.000943 0.987612 1.017114 1.019052 1.017114 1.023986 
3.643238 1.006903 1.012956 1.016059 1.012956 1.004705 1.000012 1.016059 1.000012 0.999277 
3.655402 1.019246 1.016936 1.004919 1.016936 1.001218 1.009041 1.004919 1.009041 1.006842 
3.667567 1.004761 1.008437 1.016984 1.008437 1.005418 1.000282 1.016984 1.000282 1.008934 
3.679731 1.014222 1.013558 1.013314 1.013558 0.999696 0.999535 1.013314 0.999535 1.006224 
3.691895 1.011830 1.008393 1.004886 1.008393 1.000091 1.004304 1.004886 1.004304 0.995518 
3.704060 1.013958 1.008378 1.007367 1.008378 0.994757 1.001973 1.007367 1.001973 0.999042 
3.716224 1.023953 1.002661 1.007254 1.002661 0.994477 1.004735 1.007254 1.004735 1.001262 
3.728389 1.009385 1.006036 1.011962 1.006036 0.996952 1.000538 1.011962 1.000538 1.000005 
3.740553 1.016256 1.001770 1.015057 1.001770 0.997808 1.005407 1.015057 1.005407 0.994238 
3.752717 1.011436 1.002497 1.008425 1.002497 0.992699 1.000980 1.008425 1.000980 0.999384 
3.764882 1.009744 1.009020 1.002758 1.009020 0.992905 0.998997 1.002758 0.998997 1.002229 
3.777046 1.008219 1.002002 1.002450 1.002002 0.986284 1.002527 1.002450 1.002527 1.005772 
3.789211 1.007902 0.993574 1.011062 0.993574 0.993433 0.995721 1.011062 0.995721 0.999375 
3.801375 1.016541 0.997239 1.010470 0.997239 0.996109 0.995548 1.010470 0.995548 0.995191 
3.813539 1.010158 0.991191 0.998703 0.991191 0.987333 0.992705 0.998703 0.992705 0.995721 
3.825704 1.003472 0.994695 1.002370 0.994695 0.988826 0.996531 1.002370 0.996531 1.007096 
3.837868 1.012816 0.996145 0.998448 0.996145 0.998352 0.994919 0.998448 0.994919 0.994721 
3.850033 0.987441 0.998593 1.000094 0.998593 1.007181 1.001610 1.000094 1.001610 1.008404 
3.862197 1.003889 0.988700 1.000853 0.988700 0.985991 0.987873 1.000853 0.987873 0.998614 
3.874361 0.996682 0.992993 1.000315 0.992993 0.997919 0.992509 1.000315 0.992509 0.996152 
3.886526 0.997651 1.001281 0.997709 1.001281 0.985888 0.990228 0.997709 0.990228 1.005932 
3.898690 1.006731 0.994014 0.995623 0.994014 0.996931 0.991232 0.995623 0.991232 0.996350 
3.910855 0.989766 0.999716 0.997945 0.999716 0.996500 0.991205 0.997945 0.991205 0.989766 
3.923019 1.005398 0.995778 0.988808 0.995778 0.991440 0.987076 0.988808 0.987076 0.992187 
3.935183 0.984178 0.992860 0.999303 0.992860 0.995538 0.993329 0.999303 0.993329 0.984835 
3.947348 0.987710 0.994751 0.989139 0.994751 0.985611 0.992207 0.989139 0.992207 0.992476 
3.959512 0.984470 0.992287 0.995814 0.992287 1.003725 0.998090 0.995814 0.998090 0.984780 
3.971677 0.992523 1.000288 0.994437 1.000288 0.995549 0.987888 0.994437 0.987888 0.990338 
3.983841 0.985739 0.992279 0.993833 0.992279 0.992506 0.988546 0.993833 0.988546 0.988273 
3.996005 0.978805 0.997986 0.991075 0.997986 0.992812 0.987116 0.991075 0.987116 0.982238 
4.008170 0.993378 0.994879 0.995373 0.994879 1.002457 0.987955 0.995373 0.987955 0.987546 
4.020334 0.980879 1.003965 0.998719 1.003965 0.985856 0.995652 0.998719 0.995652 0.983531 
4.032499 0.981917 0.988288 0.990320 0.988288 0.995399 0.985105 0.990320 0.985105 0.992382 
4.044663 1.003023 0.996259 0.994590 0.996259 0.990945 0.996138 0.994590 0.996138 0.989351 
4.056827 0.988437 0.987993 0.991138 0.987993 0.994641 0.990884 0.991138 0.990884 0.994185 
4.068992 0.988863 0.999615 0.987509 0.999615 0.995083 0.993376 0.987509 0.993376 1.004587 
4.081156 0.994241 0.991773 0.992778 0.991773 1.001114 0.992818 0.992778 0.992818 0.994480 
4.093321 0.988856 0.995169 0.996379 0.995169 0.994105 0.994170 0.996379 0.994170 0.992312 
4.105485 0.991959 0.996912 0.987111 0.996912 0.991251 1.000924 0.987111 1.000924 0.994005 
4.117649 0.991752 0.989524 0.993837 0.989524 0.998373 0.988004 0.993837 0.988004 0.996731 
4.129814 0.998979 0.993647 0.992382 0.993647 1.004084 0.998348 0.992382 0.998348 0.987110 
4.141978 0.988624 0.987909 0.993674 0.987909 0.987929 0.996846 0.993674 0.996846 0.997178 
4.154143 0.991103 0.997219 0.992611 0.997219 0.998454 0.994870 0.992611 0.994870 1.002193 
4.166307 0.984930 0.990263 0.993169 0.990263 0.994682 0.992724 0.993169 0.992724 0.996923 
4.178471 0.994708 0.994748 0.994698 0.994748 0.996253 0.999504 0.994698 0.999504 0.995442 
4.190636 0.997499 0.991515 0.995027 0.991515 0.996543 0.999856 0.995027 0.999856 0.997474 
4.202800 0.989945 0.998654 0.996996 0.998654 1.006286 0.994352 0.996996 0.994352 1.004760 
4.214965 0.985346 0.995600 0.989847 0.995600 1.001492 1.001551 0.989847 1.001551 1.004850 
4.227129 1.001291 0.999754 0.994971 0.999754 1.003617 0.996438 0.994971 0.996438 0.994538 
4.239293 0.994063 0.992122 0.996608 0.992122 0.998859 0.993802 0.996608 0.993802 1.000679 
4.251458 0.993973 0.998630 0.996936 0.998630 1.010724 0.996205 0.996936 0.996205 0.997690 
4.263622 0.997510 0.997117 1.001733 0.997117 1.004537 0.992658 1.001733 0.992658 0.989608 
4.275787 1.003737 1.000078 0.994620 1.000078 0.997306 0.996403 0.994620 0.996403 0.996387 
4.287951 0.996214 1.006430 0.995589 1.006430 1.000805 0.994031 0.995589 0.994031 1.000301 
4.300115 0.997766 0.995393 0.993558 0.995393 1.008379 1.006971 0.993558 1.006971 0.996355 
4.312280 0.999789 0.997949 0.998790 0.997949 0.999124 1.000176 0.998790 1.000176 1.002071 
4.324444 0.993188 1.000396 0.995908 1.000396 1.004628 1.003187 0.995908 1.003187 0.997632 
4.336609 0.999775 1.004711 1.004735 1.004711 1.000903 0.998738 1.004735 0.998738 1.004123 
4.348773 1.006803 0.998858 1.002655 0.998858 1.011945 1.005543 1.002655 1.005543 1.005260 
4.360937 0.999574 0.998443 1.002705 0.998443 1.005222 1.001987 1.002705 1.001987 1.008755 
4.373102 1.001965 1.003186 1.008611 1.003186 1.006079 0.997001 1.008611 0.997001 0.999977 
4.385266 1.002098 1.005904 0.994004 1.005904 0.999202 1.007634 0.994004 1.007634 0.996765 
4.397431 0.997773 0.995381 1.003286 0.995381 1.014184 1.004755 1.003286 1.004755 1.006938 
4.409595 0.997656 1.009691 1.000822 1.009691 1.000452 1.005364 1.000822 1.005364 1.009454 
4.421759 0.996996 1.004465 1.002448 1.004465 1.002444 1.002775 1.002448 1.002775 1.002693 
4.433924 0.999846 0.998731 1.005005 0.998731 1.011627 0.998720 1.005005 0.998720 0.999801 
4.446088 0.997585 1.003987 1.005636 1.003987 0.996065 1.004656 1.005636 1.004656 1.006931 
4.458253 1.001377 1.002538 1.003735 1.002538 1.005291 1.006129 1.003735 1.006129 1.011718 
4.470417 1.009200 1.006013 1.006861 1.006013 1.006524 1.008669 1.006861 1.008669 1.004113 
4.482581 1.002503 1.001321 1.007240 1.001321 0.997026 1.002812 1.007240 1.002812 1.004043 
4.494746 1.008807 1.006534 1.008213 1.006534 1.003162 1.002184 1.008213 1.002184 1.007472 
4.506910 1.000109 1.005764 1.002999 1.005764 1.003307 1.004084 1.002999 1.004084 0.990752 
4.519075 0.999471 1.005965 1.004693 1.005965 1.006375 0.995859 1.004693 0.995859 1.004860 
4.531239 0.997510 1.009075 1.008506 1.009075 1.004463 1.006414 1.008506 1.006414 1.006723 
4.543403 1.013955 1.015057 1.008196 1.015057 1.005262 1.003629 1.008196 1.003629 1.004320 
4.555568 0.998513 1.006573 1.002306 1.006573 1.015062 1.005225 1.002306 1.005225 1.004221 
4.567732 1.015046 1.005381 1.004811 1.005381 1.000683 1.003312 1.004811 1.003312 1.006000 
4.579897 1.007322 1.006831 1.001644 1.006831 1.004583 1.007146 1.001644 1.007146 1.015751 
4.592061 1.005469 1.010140 1.007236 1.010140 1.003352 1.007184 1.007236 1.007184 1.007209 
4.604225 1.010111 1.007648 1.005923 1.007648 1.001188 1.002370 1.005923 1.002370 1.006567 
4.616390 1.012529 0.999965 1.009537 0.999965 0.992016 1.009526 1.009537 1.009526 1.003880 
4.628554 0.994693 1.005503 1.004650 1.005503 1.004967 1.004445 1.004650 1.004445 1.011920 
4.640719 1.002312 1.001180 1.004555 1.001180 1.003666 1.002008 1.004555 1.002008 0.994246 
4.652883 1.005182 1.004832 1.005199 1.004832 0.993952 1.007488 1.005199 1.007488 1.007468 
4.665047 1.006244 1.000268 1.009812 1.000268 0.999501 0.999438 1.009812 0.999438 1.010570 
4.677212 1.011098 1.011735 1.003559 1.011735 1.003844 1.006509 1.003559 1.006509 1.007784 
4.689376 1.015869 1.006283 1.006343 1.006283 1.003086 1.006313 1.006343 1.006313 1.005900 
4.701541 1.016998 1.007221 1.006383 1.007221 1.009279 1.003484 1.006383 1.003484 1.002481 
4.713705 1.003878 1.001027 1.002673 1.001027 1.011358 1.004774 1.002673 1.004774 1.002963 
4.725869 1.009047 1.004619 1.002281 1.004619 1.005703 1.003366 1.002281 1.003366 1.009997 
4.738034 1.000703 1.006051 1.007787 1.006051 0.991645 1.005795 1.007787 1.005795 1.003499 
4.750198 1.001598 0.997927 1.002622 0.997927 1.013116 1.005112 1.002622 1.005112 1.002342 
4.762363 1.000892 1.002586 1.000323 1.002586 0.998261 0.997827 1.000323 0.997827 0.997442 
4.774527 1.001712 0.999455 1.006712 0.999455 1.002604 1.004180 1.006712 1.004180 1.003516 
4.786691 1.004768 1.005417 1.002091 1.005417 0.992923 0.994199 1.002091 0.994199 1.006022 
4.798856 1.001620 1.004871 1.000729 1.004871 1.010602 1.003857 1.000729 1.003857 1.006092 
4.811020 1.007674 1.003192 1.001317 1.003192 1.002556 0.999300 1.001317 0.999300 1.001888 
4.823184 1.002333 1.003518 0.996700 1.003518 0.999901 0.999692 0.996700 0.999692 0.995683 
4.835349 1.001964 1.006264 1.007225 1.006264 1.000887 0.998907 1.007225 0.998907 1.001491 
4.847513 1.004936 0.998764 1.007669 0.998764 0.999970 1.005776 1.007669 1.005776 1.004259 
4.859678 0.999351 1.001700 1.006746 1.001700 1.006520 0.999658 1.006746 0.999658 1.004143 
4.871842 1.011107 0.995431 1.006799 0.995431 0.994496 0.998994 1.006799 0.998994 1.003323 
4.884007 1.002558 1.004276 1.003445 1.004276 1.007895 0.992761 1.003445 0.992761 0.997555 
4.896171 0.996732 0.999419 1.002515 0.999419 1.000659 0.996809 1.002515 0.996809 0.999922 
4.908335 1.003301 1.004793 0.998686 1.004793 0.998127 1.007801 0.998686 1.007801 0.998567 
4.920500 1.003716 0.999552 0.999133 0.999552 0.999609 1.003400 0.999133 1.003400 0.986993 
4.932664 1.005018 1.000292 1.006267 1.000292 0.999041 1.004221 1.006267 1.004221 0.995408 
4.944829 0.997009 1.002595 0.995416 1.002595 0.997552 0.999037 0.995416 0.999037 1.004457 
4.956993 1.006222 0.999291 1.004239 0.999291 1.008776 0.994065 1.004239 0.994065 0.993558 
4.969157 0.998903 0.998490 0.998552 0.998490 0.998974 0.993940 0.998552 0.993940 0.993264 
4.981322 1.006592 1.006175 0.996454 1.006175 0.990203 0.994324 0.996454 0.994324 1.007571 
4.993486 0.996230 0.994755 0.999411 0.994755 0.991497 0.998192 0.999411 0.998192 0.996850 
5.005651 1.004945 0.996602 1.001332 0.996602 1.002335 0.992875 1.001332 0.992875 1.000412 
5.017815 0.997143 0.996496 1.000722 0.996496 1.007886 0.996496 1.000722 0.996496 0.998670 
5.029979 0.997427 1.002416 1.000162 1.002416 1.000904 1.001050 1.000162 1.001050 0.989007 
5.042144 0.994728 0.998820 0.995727 0.998820 0.997510 1.002035 0.995727 1.002035 0.999022 
5.054308 1.003229 0.998394 0.994652 0.998394 1.001620 1.004576 0.994652 1.004576 0.996516 
5.066473 0.996976 0.999351 0.995953 0.999351 0.996614 0.996433 0.995953 0.996433 1.000213 
5.078637 0.999313 0.998373 0.998706 0.998373 0.999758 1.004462 0.998706 1.004462 1.002500 
5.090801 0.993827 0.999412 1.001418 0.999412 0.991132 0.997585 1.001418 0.997585 1.005867 
5.102966 0.997433 0.993812 0.998761 0.993812 0.999640 1.001628 0.998761 1.001628 0.988691 
5.115130 1.006576 1.001006 0.997462 1.001006 1.003619 0.996671 0.997462 0.996671 1.005528 
5.127295 1.009763 1.000658 1.001479 1.000658 0.988646 0.994894 1.001479 0.994894 0.990243 
5.139459 1.003661 0.994862 0.997789 0.994862 1.006071 0.998656 0.997789 0.998656 0.997219 
5.151623 0.999260 0.997805 0.998461 0.997805 1.001475 0.999589 0.998461 0.999589 1.000692 
5.163788 1.000515 0.998270 0.997973 0.998270 0.998791 1.003582 0.997973 1.003582 0.993519 
5.175952 0.995778 0.995452 1.000154 0.995452 0.991010 1.002243 1.000154 1.002243 0.999012 
5.188117 0.990250 0.995378 1.001409 0.995378 1.002763 0.998365 1.001409 0.998365 0.998674 
5.200281 0.993168 0.994288 0.994874 0.994288 1.003334 0.997627 0.994874 0.997627 1.000228 
5.212445 0.996802 0.998602 0.991687 0.998602 1.004757 1.002405 0.991687 1.002405 1.004952 
5.224610 0.997823 0.999944 1.000977 0.999944 1.006179 1.003398 1.000977 1.003398 0.994957 
5.236774 0.999182 1.000951 1.000044 1.000951 0.998795 1.001393 1.000044 1.001393 0.996103 
5.248939 0.998862 0.997372 0.999091 0.997372 0.997611 1.003288 0.999091 1.003288 0.998959 
5.261103 0.996765 0.997318 1.001670 0.997318 0.992868 1.005323 1.001670 1.005323 1.002625 
5.273268 1.004251 0.997308 1.002029 0.997308 1.002837 0.999383 1.002029 0.999383 0.998942 
5.285432 1.007822 0.997311 0.994535 0.997311 0.994848 0.998375 0.994535 0.998375 1.003692 
5.297596 0.996387 0.996692 1.002084 0.996692 1.002656 1.003763 1.002084 1.003763 1.005648 
5.309761 0.994375 1.000076 1.006678 1.000076 1.009190 0.999201 1.006678 0.999201 1.000740 
5.321925 1.001765 1.002182 0.997430 1.002182 0.995585 0.995929 0.997430 0.995929 0.998690 
5.334090 0.995709 0.998212 0.996780 0.998212 1.001985 1.002942 0.996780 1.002942 0.996253 
5.346254 1.004769 0.999308 1.003000 0.999308 0.996573 0.994854 1.003000 0.994854 0.993820 
5.358418 1.002883 0.998542 0.999969 0.998542 0.999434 1.008584 0.999969 1.008584 0.993923 
5.370583 1.001464 0.998210 0.999264 0.998210 1.005908 0.999096 0.999264 0.999096 1.003671 
5.382747 1.004363 1.002072 1.002163 1.002072 0.999772 1.005394 1.002163 1.005394 0.993853 
5.394911 1.004708 1.000110 1.005968 1.000110 1.008368 1.002956 1.005968 1.002956 1.000015 
5.407076 1.011234 1.000014 1.000405 1.000014 1.000576 1.002326 1.000405 1.002326 1.006140 
5.419240 0.997158 1.005347 1.000697 1.005347 1.000138 1.002527 1.000697 1.002527 1.001793 
5.431405 1.000242 1.004315 1.000895 1.004315 1.005576 1.003299 1.000895 1.003299 1.000107 
5.443569 0.999750 1.003248 1.002892 1.003248 0.999094 1.001487 1.002892 1.001487 1.010698 
5.455733 0.998603 0.998878 0.997354 0.998878 1.000622 0.997746 0.997354 0.997746 1.006681 
5.467898 1.004341 1.001155 0.996647 1.001155 0.997348 1.004721 0.996647 1.004721 1.008953 
5.480062 1.003154 1.004167 1.000595 1.004167 0.999769 1.004981 1.000595 1.004981 1.005759 
5.492227 0.997861 0.998025 1.001056 0.998025 1.004792 1.002567 1.001056 1.002567 0.999956 
5.504391 0.998799 1.004354 1.002704 1.004354 0.999602 1.002711 1.002704 1.002711 1.002899 
5.516555 0.994250 1.001423 1.001503 1.001423 0.996893 0.994627 1.001503 0.994627 1.001555 
5.528720 1.007048 0.998409 0.999526 0.998409 1.006383 0.998971 0.999526 0.998971 1.006166 
5.540884 0.997016 1.006083 0.994913 1.006083 1.006360 0.998112 0.994913 0.998112 0.999089 
5.553049 1.012616 1.005441 1.000333 1.005441 1.007126 1.002848 1.000333 1.002848 1.007169 
5.565213 1.006000 1.003998 1.004545 1.003998 1.002860 1.005818 1.004545 1.005818 0.999264 
5.577377 1.003517 1.001029 1.000831 1.001029 0.997294 1.009292 1.000831 1.009292 1.004555 
5.589542 1.001279 1.005231 1.001622 1.005231 1.006089 1.000811 1.001622 1.000811 1.005637 
5.601706 1.004344 0.998729 1.003559 0.998729 0.997090 1.002653 1.003559 1.002653 0.999203 
5.613871 0.995492 1.000008 1.000882 1.000008 1.011424 1.000085 1.000882 1.000085 0.992953 
5.626035 0.998177 0.998308 1.002887 0.998308 0.995510 1.004626 1.002887 1.004626 0.999461 
5.638199 0.997542 1.001493 1.001160 1.001493 0.998265 0.999795 1.001160 0.999795 1.003577 
5.650364 1.002516 1.003300 0.998395 1.003300 1.002031 0.996836 0.998395 0.996836 1.001228 
5.662528 0.999206 1.004187 0.995903 1.004187 1.006456 1.001302 0.995903 1.001302 0.996077 
5.674693 1.002323 1.001184 1.002696 1.001184 1.003709 1.004796 1.002696 1.004796 1.012206 
5.686857 1.002046 1.002860 1.006299 1.002860 1.001772 0.997153 1.006299 0.997153 1.004711 
5.699021 0.997009 1.002936 1.000793 1.002936 1.001282 1.000155 1.000793 1.000155 0.998370 
5.711186 1.003568 1.001404 1.000965 1.001404 0.992090 0.998156 1.000965 0.998156 1.006508 
5.723350 1.013852 0.998322 1.002962 0.998322 0.999333 0.998934 1.002962 0.998934 1.005284 
5.735515 1.002501 1.000338 0.995309 1.000338 1.007002 1.003304 0.995309 1.003304 0.993996 
5.747679 1.002745 1.003163 1.000696 1.003163 0.997875 1.003043 1.000696 1.003043 0.999160 
5.759843 1.005508 1.000550 0.998916 1.000550 1.005988 1.005284 0.998916 1.005284 1.002737 
5.772008 1.002814 1.001289 1.009388 1.001289 1.011437 1.002969 1.009388 1.002969 0.997706 
5.784172 1.000978 0.999248 1.003830 0.999248 0.998970 0.997918 1.003830 0.997918 0.997530 
5.796337 1.002991 0.997143 1.006112 0.997143 1.008253 1.001896 1.006112 1.001896 0.999531 
5.808501 1.003733 0.998292 1.000648 0.998292 0.998978 1.001432 1.000648 1.001432 1.004192 
5.820665 0.999803 1.001457 1.001269 1.001457 1.000756 1.006047 1.001269 1.006047 1.003534 
5.832830 1.000899 0.999938 1.000534 0.999938 1.006095 1.002677 1.000534 1.002677 0.998755 
5.844994 1.005405 0.998663 0.995594 0.998663 1.003296 0.995342 0.995594 0.995342 0.999945 
5.857159 0.998193 1.002776 1.008388 1.002776 1.004532 0.999148 1.008388 0.999148 1.005705 
5.869323 0.992340 1.007076 1.005401 1.007076 0.996638 0.994595 1.005401 0.994595 1.010162 
5.881487 1.004685 1.001152 0.998681 1.001152 0.999012 1.003348 0.998681 1.003348 1.006321 
5.893652 1.009219 1.002653 0.998392 1.002653 1.002997 0.998709 0.998392 0.998709 1.004562 
5.905816 1.002886 1.001236 0.997516 1.001236 0.999275 1.001811 0.997516 1.001811 0.996981 
5.917981 1.006001 0.996138 0.998981 0.996138 0.998580 1.000824 0.998981 1.000824 1.000296 
5.930145 1.009908 0.997196 0.999288 0.997196 1.006451 0.999833 0.999288 0.999833 1.004880 
5.942309 1.003526 0.998434 1.002882 0.998434 0.995978 0.996500 1.002882 0.996500 0.999595 
5.954474 0.999291 1.003589 0.999687 1.003589 1.001360 1.004682 0.999687 1.004682 1.002569 
5.966638 0.996874 0.997925 0.999794 0.997925 0.994775 0.998067 0.999794 0.998067 1.001182 
5.978802 1.005370 1.003688 1.001402 1.003688 0.999360 1.001636 1.001402 1.001636 0.999768 
5.990967 0.999235 1.004771 1.001936 1.004771 1.004382 0.997352 1.001936 0.997352 0.996279 
6.003131 1.006205 0.998096 1.003585 0.998096 0.999680 1.005944 1.003585 1.005944 1.000281 
6.015296 1.007561 0.995437 1.003186 0.995437 1.000036 0.995601 1.003186 0.995601 1.003591 
6.027460 1.003027 1.001823 1.002369 1.001823 1.001469 0.996591 1.002369 0.996591 0.997917 
6.039624 1.001350 1.002589 0.999184 1.002589 0.997764 1.005271 0.999184 1.005271 0.998660 
6.051789 1.002603 1.005233 0.997751 1.005233 0.996025 1.000079 0.997751 1.000079 1.004992 
6.063953 0.998383 1.000374 1.002603 1.000374 0.996075 1.003711 1.002603 1.003711 0.997974 
6.076118 1.006921 1.001393 1.002425 1.001393 0.998229 1.001029 1.002425 1.001029 1.005460 
6.088282 0.999316 0.997411 0.998474 0.997411 0.997610 0.997892 0.998474 0.997892 0.993711 
6.100446 0.990699 0.990101 0.992339 0.990101 0.994036 0.995558 0.992339 0.995558 0.988716 
6.112611 0.985837 0.983329 0.984178 0.983329 0.985305 0.982881 0.984178 0.982881 0.984903 
6.124775 0.978499 0.980646 0.977040 0.980646 0.984839 0.982489 0.977040 0.982489 0.978440 
6.136940 0.975407 0.975560 0.974963 0.975560 0.977015 0.982356 0.974963 0.982356 0.976217 
6.149104 0.978522 0.968148 0.966476 0.968148 0.968738 0.965561 0.966476 0.965561 0.967148 
6.161268 0.961921 0.967331 0.958912 0.967331 0.969955 0.964610 0.958912 0.964610 0.968115 
6.173433 0.958969 0.951981 0.954651 0.951981 0.962182 0.958749 0.954651 0.958749 0.958180 
6.185597 0.948503 0.953327 0.952434 0.953327 0.951311 0.948025 0.952434 0.948025 0.951080 
6.197762 0.940236 0.944539 0.948347 0.944539 0.946703 0.943759 0.948347 0.943759 0.943090 
6.209926 0.944593 0.938926 0.937795 0.938926 0.939000 0.939257 0.937795 0.939257 0.936318 
6.222090 0.930021 0.926887 0.936752 0.926887 0.930192 0.934232 0.936752 0.934232 0.936802 
6.234255 0.930409 0.923420 0.929830 0.923420 0.922619 0.928606 0.929830 0.928606 0.929761 
6.246419 0.922906 0.916459 0.920806 0.916459 0.924458 0.920219 0.920806 0.920219 0.926656 
6.258584 0.917356 0.915254 0.917149 0.915254 0.906817 0.912398 0.917149 0.912398 0.917627 
6.270748 0.907609 0.910533 0.912347 0.910533 0.903450 0.910661 0.912347 0.910661 0.911431 
6.282912 0.907466 0.903476 0.909117 0.903476 0.900804 0.899169 0.909117 0.899169 0.904522 
6.295077 0.896423 0.893568 0.900171 0.893568 0.897817 0.897125 0.900171 0.897125 0.902669 
6.307241 0.895170 0.890946 0.895647 0.890946 0.903092 0.890603 0.895647 0.890603 0.895526 
6.319406 0.887187 0.887545 0.885797 0.887545 0.889279 0.883022 0.885797 0.883022 0.889523 
6.331570 0.880718 0.882881 0.883458 0.882881 0.882438 0.885002 0.883458 0.885002 0.882736 
6.343735 0.881791 0.876191 0.872409 0.876191 0.876002 0.875288 0.872409 0.875288 0.872949 
6.355899 0.872051 0.865851 0.873026 0.865851 0.869622 0.873124 0.873026 0.873124 0.873670 
6.368063 0.866206 0.866257 0.865556 0.866257 0.866119 0.865551 0.865556 0.865551 0.864091 
6.380228 0.860614 0.857226 0.858070 0.857226 0.856292 0.859541 0.858070 0.859541 0.857747 
6.392392 0.853632 0.852630 0.855186 0.852630 0.855168 0.858091 0.855186 0.858091 0.856877 
6.404557 0.852191 0.849077 0.850468 0.849077 0.847170 0.850774 0.850468 0.850774 0.843054 
6.416721 0.842533 0.848011 0.846026 0.848011 0.844261 0.842908 0.846026 0.842908 0.846129 
6.428885 0.836996 0.842141 0.837137 0.842141 0.838525 0.836567 0.837137 0.836567 0.839616 
6.441050 0.829671 0.832135 0.834620 0.832135 0.838588 0.831646 0.834620 0.831646 0.837981 
6.453214 0.823702 0.830287 0.825754 0.830287 0.827980 0.826764 0.825754 0.826764 0.832299 
6.465379 0.817084 0.820873 0.822133 0.820873 0.822223 0.824425 0.822133 0.824425 0.821916 
6.477543 0.821834 0.816355 0.818964 0.816355 0.815809 0.816460 0.818964 0.816460 0.817241 
6.489707 0.808388 0.812492 0.809537 0.812492 0.817949 0.811980 0.809537 0.811980 0.814968 
6.501872 0.809903 0.808141 0.805396 0.808141 0.804895 0.804546 0.805396 0.804546 0.811011 
6.514036 0.797184 0.800870 0.804524 0.800870 0.803882 0.802209 0.804524 0.802209 0.801017 
6.526201 0.791786 0.798311 0.797080 0.798311 0.789866 0.797913 0.797080 0.797913 0.799528 
6.538365 0.795243 0.793530 0.790871 0.793530 0.787540 0.796688 0.790871 0.796688 0.791510 
6.550529 0.787069 0.787197 0.787880 0.787197 0.791457 0.788398 0.787880 0.788398 0.780899 
6.562694 0.788187 0.780533 0.780901 0.780533 0.781814 0.781489 0.780901 0.781489 0.786515 
6.574858 0.782145 0.775008 0.777061 0.775008 0.775468 0.774743 0.777061 0.774743 0.774599 
6.587023 0.766688 0.771910 0.770021 0.771910 0.774766 0.769894 0.770021 0.769894 0.769805 
6.599187 0.768269 0.764196 0.763068 0.764196 0.763255 0.765020 0.763068 0.765020 0.765163 
6.611351 0.762785 0.760212 0.757940 0.760212 0.762704 0.760207 0.757940 0.760207 0.759226 
6.623516 0.756158 0.755846 0.753778 0.755846 0.756853 0.762594 0.753778 0.762594 0.755724 
6.635680 0.755736 0.750931 0.751791 0.750931 0.748027 0.748040 0.751791 0.748040 0.748519 
6.647845 0.752623 0.749352 0.747144 0.749352 0.745733 0.741293 0.747144 0.741293 0.747033 
6.660009 0.744794 0.738627 0.739868 0.738627 0.742492 0.740439 0.739868 0.740439 0.748302 
6.672173 0.737296 0.737841 0.734873 0.737841 0.734953 0.736036 0.734873 0.736036 0.730544 
6.684338 0.734714 0.729213 0.729489 0.729213 0.728303 0.733453 0.729489 0.733453 0.728570 
6.696502 0.727995 0.722832 0.723245 0.722832 0.729858 0.727130 0.723245 0.727130 0.730774 
6.708667 0.721116 0.719412 0.723968 0.719412 0.725388 0.721399 0.723968 0.721399 0.717335 
6.720831 0.711970 0.715858 0.715619 0.715858 0.710707 0.717233 0.715619 0.717233 0.711940 
6.732995 0.712160 0.714917 0.711234 0.714917 0.707441 0.712628 0.711234 0.712628 0.705199 
6.745160 0.706796 0.708047 0.711048 0.708047 0.704173 0.706551 0.711048 0.706551 0.704173 
6.757324 0.703303 0.702855 0.701427 0.702855 0.694233 0.700766 0.701427 0.700766 0.703052 
6.769489 0.692099 0.695781 0.695829 0.695781 0.694992 0.696093 0.695829 0.696093 0.694568 
6.781653 0.694729 0.692945 0.689387 0.692945 0.694393 0.689789 0.689387 0.689789 0.691423 
6.793817 0.683081 0.684512 0.690262 0.684512 0.682411 0.683925 0.690262 0.683925 0.686749 
6.805982 0.683714 0.684573 0.683627 0.684573 0.681252 0.677721 0.683627 0.677721 0.682893 
6.818146 0.671805 0.675910 0.675896 0.675910 0.677433 0.679274 0.675896 0.679274 0.673716 
6.830311 0.673547 0.674049 0.671113 0.674049 0.675792 0.671911 0.671113 0.671911 0.674020 
6.842475 0.667819 0.666591 0.669893 0.666591 0.663779 0.665871 0.669893 0.665871 0.668697 
6.854639 0.657363 0.664051 0.663029 0.664051 0.659170 0.663165 0.663029 0.663165 0.655764 
6.866804 0.656021 0.657174 0.660215 0.657174 0.656958 0.655254 0.660215 0.655254 0.653012 
6.878968 0.651673 0.651558 0.650320 0.651558 0.650861 0.652150 0.650320 0.652150 0.655223 
6.891133 0.648558 0.649485 0.649026 0.649485 0.649777 0.649935 0.649026 0.649935 0.647199 
6.903297 0.643053 0.647219 0.645393 0.647219 0.644612 0.642726 0.645393 0.642726 0.641143 
6.915461 0.639862 0.636094 0.639042 0.636094 0.641803 0.638079 0.639042 0.638079 0.643337 
6.927626 0.639054 0.634923 0.633624 0.634923 0.633160 0.631751 0.633624 0.631751 0.636604 
6.939790 0.626405 0.628145 0.630642 0.628145 0.629829 0.628776 0.630642 0.628776 0.628993 
6.951955 0.625727 0.627032 0.623422 0.627032 0.628169 0.622757 0.623422 0.622757 0.623596 
6.964119 0.619986 0.622592 0.620054 0.622592 0.618919 0.621221 0.620054 0.621221 0.622893 
6.976283 0.619636 0.615067 0.618611 0.615067 0.615158 0.617928 0.618611 0.617928 0.613506 
6.988448 0.611417 0.610520 0.610398 0.610520 0.612666 0.608995 0.610398 0.608995 0.611100 
7.000612 0.609516 0.607188 0.609008 0.607188 0.604934 0.607066 0.609008 0.607066 0.605773 
7.012777 0.603515 0.599282 0.601391 0.599282 0.601169 0.601651 0.601391 0.601651 0.601960 
7.024941 0.599614 0.597897 0.601972 0.597897 0.594876 0.600874 0.601972 0.600874 0.599041 
7.037105 0.594619 0.591320 0.588007 0.591320 0.589995 0.591231 0.588007 0.591231 0.596306 
7.049270 0.589286 0.588160 0.589237 0.588160 0.588023 0.584942 0.589237 0.584942 0.592746 
7.061434 0.585012 0.586922 0.585407 0.586922 0.583487 0.584294 0.585407 0.584294 0.583735 
7.073599 0.578668 0.580397 0.579543 0.580397 0.580434 0.578416 0.579543 0.578416 0.581397 
7.085763 0.573016 0.576546 0.573067 0.576546 0.571485 0.574616 0.573067 0.574616 0.579337 
7.097927 0.571830 0.571406 0.574414 0.571406 0.570435 0.572460 0.574414 0.572460 0.570093 
7.110092 0.567370 0.565466 0.564508 0.565466 0.565036 0.564725 0.564508 0.564725 0.565386 
7.122256 0.563007 0.561973 0.561165 0.561973 0.563713 0.562120 0.561165 0.562120 0.564663 
7.134421 0.559960 0.557280 0.557903 0.557280 0.554368 0.560209 0.557903 0.560209 0.563190 
7.146585 0.550851 0.556187 0.551236 0.556187 0.559124 0.552180 0.551236 0.552180 0.550003 
7.158749 0.550934 0.548960 0.550881 0.548960 0.553418 0.550163 0.550881 0.550163 0.550960 
7.170914 0.550136 0.545244 0.548937 0.545244 0.545821 0.543038 0.548937 0.543038 0.544515 
7.183078 0.542891 0.541619 0.539216 0.541619 0.543953 0.539988 0.539216 0.539988 0.537794 
7.195243 0.536694 0.536318 0.538964 0.536318 0.536668 0.536841 0.538964 0.536841 0.538043 
7.207407 0.533586 0.533241 0.532236 0.533241 0.528217 0.532511 0.532236 0.532511 0.534990 
7.219571 0.523679 0.527980 0.524811 0.527980 0.530539 0.527004 0.524811 0.527004 0.526689 
7.231736 0.525404 0.521644 0.524845 0.521644 0.520620 0.525742 0.524845 0.525742 0.523866 
7.243900 0.517109 0.520293 0.521246 0.520293 0.515492 0.521900 0.521246 0.521900 0.519754 
7.256065 0.516116 0.516972 0.514617 0.516972 0.515234 0.515563 0.514617 0.515563 0.508636 
7.268229 0.510528 0.510569 0.509610 0.510569 0.513431 0.509097 0.509610 0.509097 0.513682 
7.280393 0.506235 0.506737 0.506762 0.506737 0.505759 0.505756 0.506762 0.505756 0.504709 
7.292558 0.501716 0.505155 0.500930 0.505155 0.497261 0.503552 0.500930 0.503552 0.505406 
7.304722 0.493359 0.497766 0.500350 0.497766 0.498577 0.495966 0.500350 0.495966 0.498867 
7.316887 0.494494 0.495902 0.490332 0.495902 0.491604 0.494133 0.490332 0.494133 0.493858 
7.329051 0.489804 0.489741 0.492222 0.489741 0.495720 0.491570 0.492222 0.491570 0.490034 
7.341215 0.486334 0.483903 0.486302 0.483903 0.481766 0.486049 0.486302 0.486049 0.481257 
7.353380 0.482710 0.481756 0.483113 0.481756 0.480208 0.484514 0.483113 0.484514 0.481843 
7.365544 0.480087 0.479478 0.478353 0.479478 0.476315 0.476599 0.478353 0.476599 0.478890 
7.377709 0.476500 0.474220 0.477080 0.474220 0.477458 0.475535 0.477080 0.475535 0.473731 
7.389873 0.466477 0.472299 0.469512 0.472299 0.464194 0.470815 0.469512 0.470815 0.467626 
7.402037 0.463168 0.464736 0.466846 0.464736 0.464886 0.464844 0.466846 0.464844 0.462676 
7.414202 0.459697 0.464244 0.462929 0.464244 0.460381 0.460930 0.462929 0.460930 0.461563 
7.426366 0.455338 0.458660 0.457039 0.458660 0.456355 0.458796 0.457039 0.458796 0.454216 
7.438531 0.452244 0.454626 0.454538 0.454626 0.450383 0.452552 0.454538 0.452552 0.455184 
7.450695 0.447920 0.449724 0.448815 0.449724 0.449305 0.448688 0.448815 0.448688 0.450436 
7.462859 0.444769 0.448562 0.445378 0.448562 0.445293 0.445113 0.445378 0.445113 0.446038 
7.475024 0.443102 0.441870 0.443269 0.441870 0.442161 0.442583 0.443269 0.442583 0.437715 
7.487188 0.441418 0.438206 0.436300 0.438206 0.433943 0.439487 0.436300 0.439487 0.432792 
7.499353 0.434949 0.435203 0.434674 0.435203 0.431609 0.433170 0.434674 0.433170 0.433888 
7.511517 0.430574 0.429307 0.431817 0.429307 0.425991 0.428858 0.431817 0.428858 0.431169 
7.523681 0.429267 0.424805 0.424774 0.424805 0.421451 0.425584 0.424774 0.425584 0.424707 
7.535846 0.422436 0.421559 0.422346 0.421559 0.423307 0.420244 0.422346 0.420244 0.423027 
7.548010 0.414216 0.415468 0.416353 0.415468 0.416613 0.417219 0.416353 0.417219 0.420291 
7.560175 0.417191 0.413504 0.414968 0.413504 0.416851 0.413523 0.414968 0.413523 0.411678 
7.572339 0.413032 0.410998 0.409404 0.410998 0.412931 0.409465 0.409404 0.409465 0.409694 
7.584503 0.403486 0.407574 0.406778 0.407574 0.404139 0.406142 0.406778 0.406142 0.408196 
7.596668 0.402915 0.401709 0.406255 0.401709 0.400801 0.401381 0.406255 0.401381 0.399775 
7.608832 0.396443 0.399699 0.399383 0.399699 0.399512 0.397001 0.399383 0.397001 0.399360 
7.620997 0.392850 0.393827 0.395583 0.393827 0.393581 0.391472 0.395583 0.391472 0.398177 
7.633161 0.391576 0.391171 0.389613 0.391171 0.391114 0.391647 0.389613 0.391647 0.392054 
7.645325 0.387238 0.386829 0.388970 0.386829 0.387269 0.387176 0.388970 0.387176 0.388418 
7.657490 0.384735 0.384512 0.381770 0.384512 0.383235 0.382856 0.381770 0.382856 0.382587 
7.669654 0.381878 0.380886 0.379538 0.380886 0.378722 0.378029 0.379538 0.378029 0.382712 
7.681818 0.378407 0.374832 0.376093 0.374832 0.377246 0.375724 0.376093 0.375724 0.373950 
7.693983 0.369275 0.373912 0.370756 0.373912 0.371843 0.366731 0.370756 0.366731 0.372105 
7.706147 0.370916 0.367643 0.368686 0.367643 0.368683 0.367094 0.368686 0.367094 0.369145 
7.718312 0.360599 0.364351 0.363786 0.364351 0.367351 0.365161 0.363786 0.365161 0.363834 
7.730476 0.357528 0.362764 0.359436 0.362764 0.360346 0.358931 0.359436 0.358931 0.361529 
7.742640 0.358380 0.357248 0.356671 0.357248 0.357451 0.358031 0.356671 0.358031 0.357835 
7.754805 0.352319 0.353364 0.353422 0.353364 0.355442 0.356796 0.353422 0.356796 0.351246 
7.766969 0.349582 0.351137 0.349976 0.351137 0.350168 0.348041 0.349976 0.348041 0.348886 
7.779134 0.345925 0.346861 0.346250 0.346861 0.343339 0.345969 0.346250 0.345969 0.346670 
7.791298 0.341803 0.342130 0.340294 0.342130 0.344293 0.345283 0.340294 0.345283 0.339131 
7.803463 0.334945 0.340292 0.336643 0.340292 0.335896 0.334859 0.336643 0.334859 0.337398 
7.815627 0.335677 0.334930 0.335135 0.334930 0.332718 0.335712 0.335135 0.335712 0.333846 
7.827791 0.331829 0.330931 0.330888 0.330931 0.327385 0.332053 0.330888 0.332053 0.329614 
7.839956 0.328511 0.326696 0.326413 0.326696 0.325175 0.327033 0.326413 0.327033 0.329324 
7.852120 0.323804 0.323082 0.323046 0.323082 0.323833 0.320821 0.323046 0.320821 0.324277 
7.864285 0.320422 0.321904 0.321423 0.321904 0.321379 0.320778 0.321423 0.320778 0.320622 
7.876449 0.317603 0.315387 0.318519 0.315387 0.315544 0.313988 0.318519 0.313988 0.315958 
7.888613 0.314401 0.314479 0.312656 0.314479 0.311454 0.313998 0.312656 0.313998 0.312505 
7.900778 0.310310 0.311181 0.311442 0.311181 0.308851 0.310355 0.311442 0.310355 0.308107 
7.912942 0.304784 0.304415 0.303265 0.304415 0.306937 0.305900 0.303265 0.305900 0.307043 
7.925107 0.303530 0.302932 0.302627 0.302932 0.300722 0.301642 0.302627 0.301642 0.304910 
7.937271 0.300624 0.296430 0.299815 0.296430 0.298127 0.298692 0.299815 0.298692 0.298302 
7.949435 0.295243 0.294293 0.296378 0.294293 0.297222 0.295911 0.296378 0.295911 0.296187 
7.961600 0.294367 0.294383 0.294042 0.294383 0.293195 0.292572 0.294042 0.292572 0.288690 
7.973764 0.286096 0.288672 0.288170 0.288672 0.290107 0.290093 0.288170 0.290093 0.291233 
7.985929 0.283081 0.283114 0.286064 0.283114 0.282928 0.283380 0.286064 0.283380 0.282152 
7.998093 0.280703 0.282587 0.280945 0.282587 0.282340 0.281110 0.280945 0.281110 0.285125 
8.010257 0.278236 0.277923 0.279523 0.277923 0.278767 0.278253 0.279523 0.278253 0.277706 
8.022422 0.274796 0.274226 0.274777 0.274226 0.276664 0.273497 0.274777 0.273497 0.276142 
8.034586 0.271227 0.273045 0.272237 0.273045 0.271398 0.271186 0.272237 0.271186 0.271788 
8.046751 0.269329 0.268244 0.266730 0.268244 0.266421 0.267506 0.266730 0.267506 0.268585 
8.058915 0.263412 0.264725 0.264698 0.264725 0.262656 0.265769 0.264698 0.265769 0.266291 
8.071079 0.262327 0.259552 0.260901 0.259552 0.262951 0.259819 0.260901 0.259819 0.261193 
8.083244 0.258480 0.258036 0.257891 0.258036 0.258142 0.258394 0.257891 0.258394 0.258189 
8.095408 0.254810 0.255164 0.254455 0.255164 0.254709 0.253659 0.254455 0.253659 0.254406 
8.107573 0.250422 0.250285 0.252174 0.250285 0.249205 0.250791 0.252174 0.250791 0.249790 
8.119737 0.246964 0.246578 0.247046 0.246578 0.247151 0.248382 0.247046 0.248382 0.248653 
8.131901 0.244140 0.243912 0.244319 0.243912 0.245510 0.244878 0.244319 0.244878 0.243017 
8.144066 0.238248 0.240963 0.241216 0.240963 0.240793 0.240004 0.241216 0.240004 0.243965 
8.156230 0.238646 0.239933 0.238489 0.239933 0.238466 0.237830 0.238489 0.237830 0.237284 
8.168395 0.234968 0.234363 0.234178 0.234363 0.235385 0.236040 0.234178 0.236040 0.234372 
8.180559 0.231330 0.229680 0.231076 0.229680 0.229415 0.229835 0.231076 0.229835 0.230174 
8.192723 0.227590 0.228672 0.226188 0.228672 0.224693 0.227941 0.226188 0.227941 0.226438 
8.204888 0.224859 0.224675 0.224005 0.224675 0.221799 0.224610 0.224005 0.224610 0.224366 
8.217052 0.220933 0.222539 0.221861 0.222539 0.223565 0.221124 0.221861 0.221124 0.220377 
8.229217 0.215108 0.217623 0.217688 0.217623 0.216915 0.216716 0.217688 0.216716 0.216472 
8.241381 0.213468 0.213580 0.212912 0.213580 0.215453 0.215322 0.212912 0.215322 0.212915 
8.253545 0.209154 0.211758 0.209252 0.211758 0.207558 0.210258 0.209252 0.210258 0.212353 
8.265710 0.206297 0.207131 0.206328 0.207131 0.206446 0.209942 0.206328 0.209942 0.209292 
8.277874 0.206268 0.202559 0.203893 0.202559 0.204553 0.204096 0.203893 0.204096 0.207049 
8.290039 0.199579 0.200827 0.203228 0.200827 0.200846 0.201161 0.203228 0.201161 0.202512 
8.302203 0.197244 0.196740 0.198191 0.196740 0.199001 0.197699 0.198191 0.197699 0.196064 
8.314367 0.194804 0.195101 0.193868 0.195101 0.194907 0.194744 0.193868 0.194744 0.194939 
8.326532 0.191146 0.192907 0.191732 0.192907 0.189979 0.189425 0.191732 0.189425 0.189807 
8.338696 0.186622 0.188192 0.187093 0.188192 0.186965 0.186719 0.187093 0.186719 0.188574 
8.350861 0.186457 0.185510 0.185883 0.185510 0.185798 0.185156 0.185883 0.185156 0.186204 
8.363025 0.180564 0.183946 0.182749 0.183946 0.183149 0.181757 0.182749 0.181757 0.181253 
8.375189 0.178591 0.178237 0.178268 0.178237 0.179876 0.178441 0.178268 0.178441 0.180160 
8.387354 0.175672 0.175869 0.175296 0.175869 0.175339 0.175584 0.175296 0.175584 0.174352 
8.399518 0.173285 0.171936 0.173444 0.171936 0.173573 0.171702 0.173444 0.171702 0.173222 
8.411683 0.168586 0.171044 0.170157 0.171044 0.168430 0.169531 0.170157 0.169531 0.169910 
8.423847 0.165458 0.164736 0.167533 0.164736 0.165919 0.168284 0.167533 0.168284 0.163889 
8.436011 0.163956 0.163332 0.163778 0.163332 0.163416 0.162856 0.163778 0.162856 0.162727 
8.448176 0.161280 0.160922 0.159021 0.160922 0.157738 0.159894 0.159021 0.159894 0.159713 
8.460340 0.157359 0.155972 0.157022 0.155972 0.158538 0.156529 0.157022 0.156529 0.155494 
8.472505 0.154795 0.153712 0.154454 0.153712 0.153176 0.152975 0.154454 0.152975 0.156168 
8.484669 0.152374 0.151258 0.150230 0.151258 0.152620 0.150805 0.150230 0.150805 0.151668 
8.496833 0.150175 0.147472 0.146865 0.147472 0.148345 0.148396 0.146865 0.148396 0.147292 
8.508997 0.144478 0.144574 0.145295 0.144574 0.145326 0.144653 0.145295 0.144653 0.147152 
8.521162 0.140810 0.140762 0.142215 0.140762 0.140183 0.140262 0.142215 0.140262 0.140962 
8.533327 0.137476 0.138203 0.138766 0.138203 0.138435 0.137701 0.138766 0.137701 0.138459 
8.545491 0.135705 0.135578 0.135340 0.135578 0.132412 0.135379 0.135340 0.135379 0.134228 
8.557655 0.132285 0.132683 0.132839 0.132683 0.133329 0.131317 0.132839 0.131317 0.131905 
8.569820 0.129512 0.129831 0.130172 0.129831 0.130385 0.130040 0.130172 0.130040 0.129248 
8.581984 0.126727 0.127040 0.126816 0.127040 0.126967 0.125321 0.126816 0.125321 0.124794 
8.594149 0.122708 0.124315 0.122735 0.124315 0.121559 0.122776 0.122735 0.122776 0.122942 
8.606313 0.119083 0.121922 0.119501 0.121922 0.120390 0.119822 0.119501 0.119822 0.118188 
8.618477 0.116343 0.117477 0.117352 0.117477 0.118658 0.117429 0.117352 0.117429 0.116093 
8.630641 0.115464 0.115099 0.115892 0.115099 0.113582 0.114354 0.115892 0.114354 0.112318 
8.642806 0.112083 0.113174 0.113033 0.113174 0.112159 0.112237 0.113033 0.112237 0.113159 
8.654971 0.109634 0.108713 0.110839 0.108713 0.110166 0.110439 0.110839 0.110439 0.109074 
8.667135 0.107273 0.107696 0.108229 0.107696 0.108433 0.109177 0.108229 0.109177 0.108503 
8.679299 0.106583 0.106321 0.105210 0.106321 0.105081 0.104710 0.105210 0.104710 0.106560 
8.691464 0.102853 0.103396 0.103111 0.103396 0.104333 0.103755 0.103111 0.103755 0.101688 
8.703628 0.100313 0.099970 0.100877 0.099970 0.100873 0.101299 0.100877 0.101299 0.101994 
8.715793 0.098658 0.100165 0.099991 0.100165 0.097105 0.099405 0.099991 0.099405 0.096418 
8.727957 0.097051 0.097890 0.097439 0.097890 0.098130 0.096265 0.097439 0.096265 0.098426 
8.740121 0.096040 0.094789 0.096133 0.094789 0.095138 0.094662 0.096133 0.094662 0.094924 
8.752285 0.092923 0.092536 0.092596 0.092536 0.092167 0.092665 0.092596 0.092665 0.091942 
8.764450 0.092416 0.091314 0.090508 0.091314 0.090224 0.091343 0.090508 0.091343 0.092595 
8.776615 0.089844 0.088060 0.089478 0.088060 0.089224 0.089473 0.089478 0.089473 0.089890 
8.788779 0.086871 0.086798 0.086995 0.086798 0.089006 0.087694 0.086995 0.087694 0.089235 
8.800943 0.084753 0.085443 0.085867 0.085443 0.086345 0.084485 0.085867 0.084485 0.085460 
8.813108 0.083154 0.083498 0.083504 0.083498 0.083228 0.082956 0.083504 0.082956 0.083746 
8.825272 0.080309 0.081772 0.081851 0.081772 0.083186 0.082490 0.081851 0.082490 0.081654 
8.837437 0.079957 0.080602 0.080001 0.080602 0.080557 0.080728 0.080001 0.080728 0.079108 
8.849601 0.078079 0.078634 0.079506 0.078634 0.078564 0.079112 0.079506 0.079112 0.078451 
8.861765 0.077538 0.077414 0.077498 0.077414 0.077527 0.076326 0.077498 0.076326 0.076925 
8.873930 0.073857 0.075619 0.075602 0.075619 0.074822 0.074676 0.075602 0.074676 0.076663 
8.886094 0.073727 0.074051 0.073546 0.074051 0.072798 0.073094 0.073546 0.073094 0.074813 
8.898259 0.072047 0.072394 0.072446 0.072394 0.071600 0.073200 0.072446 0.073200 0.071902 
8.910423 0.070186 0.070978 0.070795 0.070978 0.071115 0.070409 0.070795 0.070409 0.072329 
8.922587 0.070067 0.068765 0.069122 0.068765 0.069961 0.069125 0.069122 0.069125 0.070239 
8.934752 0.067379 0.067673 0.067648 0.067673 0.068193 0.068131 0.067648 0.068131 0.067739 
8.946916 0.067024 0.066661 0.066317 0.066661 0.066500 0.066196 0.066317 0.066196 0.066942 
8.959081 0.064266 0.064957 0.065495 0.064957 0.064949 0.064510 0.065495 0.064510 0.064403 
8.971245 0.065003 0.063858 0.063338 0.063858 0.063377 0.063229 0.063338 0.063229 0.063372 
8.983409 0.063096 0.062056 0.062886 0.062056 0.061820 0.061674 0.062886 0.061674 0.062888 
8.995574 0.061593 0.060043 0.060691 0.060043 0.061314 0.061189 0.060691 0.061189 0.061981 
9.007738 0.059619 0.059100 0.059662 0.059100 0.059188 0.059409 0.059662 0.059409 0.060392 
9.019903 0.057491 0.058409 0.058769 0.058409 0.059544 0.057859 0.058769 0.057859 0.058898 
9.032067 0.057011 0.057501 0.056691 0.057501 0.057834 0.057523 0.056691 0.057523 0.056957 
9.044231 0.055362 0.055123 0.055446 0.055123 0.055383 0.056319 0.055446 0.056319 0.055756 
9.056396 0.055341 0.055640 0.054287 0.055640 0.054064 0.054827 0.054287 0.054827 0.054560 
9.068560 0.053151 0.053975 0.054165 0.053975 0.053559 0.052730 0.054165 0.052730 0.053957 
9.080724 0.052392 0.052853 0.052810 0.052853 0.051545 0.052530 0.052810 0.052530 0.052789 
9.092889 0.050927 0.051498 0.050774 0.051498 0.052381 0.051421 0.050774 0.051421 0.050457 
9.105053 0.050641 0.050283 0.049935 0.050283 0.049558 0.049794 0.049935 0.049794 0.049382 
9.117218 0.049261 0.049129 0.049428 0.049129 0.048629 0.048538 0.049428 0.048538 0.049697 
9.129382 0.048660 0.048191 0.047517 0.048191 0.048188 0.048064 0.047517 0.048064 0.048803 
9.141547 0.047206 0.046912 0.046854 0.046912 0.046709 0.046248 0.046854 0.046248 0.046223 
9.153711 0.046432 0.045137 0.045786 0.045137 0.045034 0.045894 0.045786 0.045894 0.045372 
9.165875 0.044375 0.044067 0.044995 0.044067 0.045085 0.044604 0.044995 0.044604 0.044138 
9.178040 0.043411 0.043635 0.043671 0.043635 0.043327 0.043577 0.043671 0.043577 0.042529 
9.190204 0.043191 0.042100 0.043198 0.042100 0.042312 0.042570 0.043198 0.042570 0.043777 
9.202368 0.042607 0.041641 0.041287 0.041641 0.041809 0.041857 0.041287 0.041857 0.041438 
9.214533 0.040592 0.040500 0.040337 0.040500 0.040441 0.040589 0.040337 0.040589 0.040394 
9.226697 0.039455 0.039214 0.039830 0.039214 0.040197 0.039031 0.039830 0.039031 0.040005 
9.238862 0.038828 0.038887 0.038874 0.038887 0.038734 0.039178 0.038874 0.039178 0.038460 
9.251026 0.036998 0.038493 0.037672 0.038493 0.037922 0.038704 0.037672 0.038704 0.037122 
9.263191 0.037192 0.036442 0.037063 0.036442 0.037336 0.037363 0.037063 0.037363 0.036842 
9.275355 0.036144 0.035919 0.036692 0.035919 0.036159 0.036856 0.036692 0.036856 0.035158 
9.287519 0.034607 0.034969 0.035439 0.034969 0.034873 0.035045 0.035439 0.035045 0.034889 
9.299684 0.035096 0.034473 0.033869 0.034473 0.034514 0.034681 0.033869 0.034681 0.035004 
9.311848 0.033659 0.033867 0.032843 0.033867 0.032976 0.033300 0.032843 0.033300 0.033843 
9.324012 0.033215 0.032575 0.032155 0.032575 0.032173 0.032231 0.032155 0.032231 0.032727 
9.336177 0.032391 0.031636 0.031909 0.031636 0.031210 0.031838 0.031909 0.031838 0.030987 
9.348341 0.031515 0.031393 0.030886 0.031393 0.031252 0.031650 0.030886 0.031650 0.031536 
9.360506 0.030652 0.030660 0.031588 0.030660 0.030419 0.030992 0.031588 0.030992 0.030016 
9.372670 0.028985 0.029217 0.029896 0.029217 0.029986 0.029164 0.029896 0.029164 0.030293 
9.384835 0.027758 0.028605 0.028373 0.028605 0.028651 0.029051 0.028373 0.029051 0.028947 
9.396999 0.027150 0.028666 0.028145 0.028666 0.027225 0.028304 0.028145 0.028304 0.028597 
9.409163 0.028406 0.027411 0.027627 0.027411 0.027602 0.027712 0.027627 0.027712 0.027527 
9.421328 0.025999 0.027032 0.026272 0.027032 0.027314 0.026421 0.026272 0.026421 0.026667 
9.433492 0.026350 0.026306 0.026126 0.026306 0.026181 0.026274 0.026126 0.026274 0.025912 
9.445656 0.025261 0.025026 0.025056 0.025026 0.025633 0.025821 0.025056 0.025821 0.025053 
9.457821 0.024804 0.024061 0.024857 0.024061 0.024750 0.024303 0.024857 0.024303 0.024942 
9.469985 0.023811 0.023604 0.023314 0.023604 0.023328 0.023464 0.023314 0.023464 0.023530 
9.482150 0.023101 0.023499 0.023203 0.023499 0.022958 0.023352 0.023203 0.023352 0.023366 
9.494314 0.022603 0.022333 0.022418 0.022333 0.022378 0.022660 0.022418 0.022660 0.022206 
9.506479 0.021843 0.021919 0.022038 0.021919 0.022347 0.022694 0.022038 0.022694 0.022117 
9.518643 0.021509 0.021199 0.021309 0.021199 0.021197 0.021326 0.021309 0.021326 0.021431 
9.530807 0.020893 0.020787 0.020838 0.020787 0.020455 0.020908 0.020838 0.020908 0.020757 
9.542972 0.020380 0.020189 0.020194 0.020189 0.019245 0.020562 0.020194 0.020562 0.020375 
9.555136 0.019670 0.019913 0.019563 0.019913 0.019486 0.019687 0.019563 0.019687 0.019152 
9.567300 0.019272 0.018847 0.019728 0.018847 0.018959 0.018951 0.019728 0.018951 0.018959 
9.579465 0.018755 0.018083 0.018452 0.018083 0.018832 0.018728 0.018452 0.018728 0.018273 
9.591630 0.017657 0.017595 0.018012 0.017595 0.018276 0.017839 0.018012 0.017839 0.017522 
9.603794 0.017756 0.017264 0.017200 0.017264 0.017324 0.017321 0.017200 0.017321 0.017578 
9.615958 0.016964 0.016902 0.016971 0.016902 0.016844 0.016852 0.016971 0.016852 0.016815 
9.628123 0.016874 0.016079 0.016248 0.016079 0.016317 0.016084 0.016248 0.016084 0.016336 
9.640287 0.015976 0.015603 0.015977 0.015603 0.015928 0.015987 0.015977 0.015987 0.016123 
9.652451 0.016149 0.015492 0.015168 0.015492 0.015124 0.015438 0.015168 0.015438 0.014484 
9.664616 0.014470 0.014957 0.014797 0.014957 0.015402 0.015042 0.014797 0.015042 0.014513 
9.676780 0.014284 0.014596 0.014643 0.014596 0.014350 0.014612 0.014643 0.014612 0.015195 
9.688944 0.013645 0.013982 0.013942 0.013982 0.014163 0.014057 0.013942 0.014057 0.013744 
9.701109 0.013647 0.013572 0.012991 0.013572 0.012868 0.013609 0.012991 0.013609 0.013647 
9.713274 0.012813 0.013191 0.012878 0.013191 0.012645 0.013135 0.012878 0.013135 0.013263 
9.725438 0.012931 0.012552 0.012662 0.012552 0.013029 0.012445 0.012662 0.012445 0.012608 
9.737602 0.011993 0.011914 0.011972 0.011914 0.012091 0.012327 0.011972 0.012327 0.012450 
9.749767 0.011788 0.011602 0.011336 0.011602 0.012169 0.011440 0.011336 0.011440 0.011950 
9.761931 0.011178 0.011268 0.011167 0.011268 0.011772 0.011282 0.011167 0.011282 0.011215 
9.774095 0.011132 0.011072 0.010632 0.011072 0.010355 0.010917 0.010632 0.010917 0.011053 
9.786260 0.010600 0.010526 0.010480 0.010526 0.010947 0.010551 0.010480 0.010551 0.010891 
9.798424 0.010515 0.009925 0.010338 0.009925 0.010271 0.010182 0.010338 0.010182 0.010004 
9.810588 0.010177 0.009866 0.009891 0.009866 0.009672 0.009678 0.009891 0.009678 0.009548 
9.822753 0.009610 0.009300 0.009485 0.009300 0.009248 0.009220 0.009485 0.009220 0.009203 
9.834918 0.008746 0.008572 0.008758 0.008572 0.008970 0.009248 0.008758 0.009248 0.009135 
9.847082 0.008752 0.008750 0.008719 0.008750 0.008679 0.008671 0.008719 0.008671 0.008620 
9.859246 0.008130 0.008381 0.008545 0.008381 0.008666 0.008209 0.008545 0.008209 0.008648 
9.871411 0.008428 0.008278 0.008242 0.008278 0.007748 0.008472 0.008242 0.008472 0.008011 
9.883575 0.007679 0.007606 0.007504 0.007606 0.007769 0.007836 0.007504 0.007836 0.007588 
9.895739 0.007046 0.007443 0.007430 0.007443 0.007240 0.007504 0.007430 0.007504 0.007764 
9.907904 0.006880 0.006940 0.007036 0.006940 0.006862 0.007009 0.007036 0.007009 0.007028 
9.920068 0.006841 0.006722 0.006856 0.006722 0.006612 0.006686 0.006856 0.006686 0.006728 
9.932232 0.006349 0.006303 0.006462 0.006303 0.006716 0.006227 0.006462 0.006227 0.006690 
9.944397 0.006069 0.006076 0.006254 0.006076 0.006056 0.006234 0.006254 0.006234 0.006096 
9.956562 0.005899 0.005730 0.006293 0.005730 0.005725 0.005968 0.006293 0.005968 0.005716 
9.968726 0.005520 0.005719 0.005785 0.005719 0.005515 0.005987 0.005785 0.005987 0.005329 
9.980890 0.005346 0.005379 0.005384 0.005379 0.005222 0.005304 0.005384 0.005304 0.005506 
9.993055 0.005099 0.005397 0.005364 0.005397 0.004949 0.005051 0.005364 0.005051 0.004935 
10.005219 0.004764 0.004858 0.004913 0.004858 0.004967 0.005019 0.004913 0.005019 0.004875 
10.017383 0.004810 0.004629 0.004495 0.004629 0.004607 0.004660 0.004495 0.004660 0.004453 
10.029548 0.004596 0.004475 0.004340 0.004475 0.004403 0.004611 0.004340 0.004611 0.004477 
10.041712 0.004296 0.004177 0.004306 0.004177 0.003971 0.004332 0.004306 0.004332 0.004169 
10.053876 0.003940 0.003861 0.003986 0.003861 0.003988 0.003885 0.003986 0.003885 0.003844 
10.066041 0.003956 0.003691 0.003680 0.003691 0.003908 0.003869 0.003680 0.003869 0.003791 
10.078206 0.003534 0.003563 0.003554 0.003563 0.003529 0.003505 0.003554 0.003505 0.003568 
10.090370 0.003213 0.003362 0.003299 0.003362 0.003286 0.003278 0.003299 0.003278 0.002939 
10.102534 0.003304 0.003287 0.002972 0.003287 0.003239 0.003045 0.002972 0.003045 0.003248 
10.114699 0.002895 0.002932 0.003096 0.002932 0.003102 0.002947 0.003096 0.002947 0.003059 
10.126863 0.003043 0.002809 0.002751 0.002809 0.002728 0.002818 0.002751 0.002818 0.002944 
10.139027 0.002636 0.002696 0.002621 0.002696 0.002666 0.002595 0.002621 0.002595 0.002644 
10.151192 0.002668 0.002385 0.002516 0.002385 0.002672 0.002635 0.002516 0.002635 0.002445 
10.163356 0.002345 0.002329 0.002384 0.002329 0.002349 0.002280 0.002384 0.002280 0.002195 
10.175520 0.002181 0.002051 0.002112 0.002051 0.002152 0.002198 0.002112 0.002198 0.002100 
10.187685 0.002018 0.001993 0.002039 0.001993 0.001869 0.002048 0.002039 0.002048 0.001980 
10.199850 0.001767 0.001853 0.001821 0.001853 0.001912 0.001804 0.001821 0.001804 0.002048 
10.212014 0.001763 0.001647 0.001669 0.001647 0.001628 0.001816 0.001669 0.001816 0.001577 
10.224178 0.001497 0.001665 0.001452 0.001665 0.001653 0.001553 0.001452 0.001553 0.001497 
10.236342 0.001405 0.001486 0.001471 0.001486 0.001476 0.001543 0.001471 0.001543 0.001632 
10.248507 0.001334 0.001346 0.001393 0.001346 0.001397 0.001334 0.001393 0.001334 0.001321 
10.260671 0.001289 0.001161 0.001222 0.001161 0.001138 0.001190 0.001222 0.001190 0.001192 
10.272836 0.000984 0.001035 0.001096 0.001035 0.001315 0.001112 0.001096 0.001112 0.001122 
10.285000 0.001199 0.000993 0.001020 0.000993 0.001091 0.001029 0.001020 0.001029 0.001024 
10.297164 0.000992 0.000914 0.000885 0.000914 0.000846 0.000852 0.000885 0.000852 0.000838 
10.309329 0.000769 0.000794 0.000785 0.000794 0.000778 0.000794 0.000785 0.000794 0.000894 
10.321494 0.000751 0.000686 0.000736 0.000686 0.000780 0.000819 0.000736 0.000819 0.000726 
10.333658 0.000629 0.000734 0.000629 0.000734 0.000567 0.000668 0.000629 0.000668 0.000724 
10.345822 0.000607 0.000619 0.000589 0.000619 0.000611 0.000566 0.000589 0.000566 0.000516 
10.357986 0.000573 0.000489 0.000458 0.000489 0.000639 0.000472 0.000458 0.000472 0.000531 
10.370151 0.000534 0.000416 0.000418 0.000416 0.000415 0.000377 0.000418 0.000377 0.000345 
10.382315 0.000365 0.000390 0.000349 0.000390 0.000373 0.000401 0.000349 0.000401 0.000390 
10.394480 0.000311 0.000277 0.000281 0.000277 0.000340 0.000298 0.000281 0.000298 0.000295 
10.406644 0.000265 0.000256 0.000315 0.000256 0.000298 0.000262 0.000315 0.000262 0.000302 
10.418808 0.000257 0.000219 0.000243 0.000219 0.000147 0.000181 0.000243 0.000181 0.000289 
10.430973 0.000187 0.000164 0.000184 0.000164 0.000130 0.000152 0.000184 0.000152 0.000199 
10.443138 0.000105 0.000149 0.000139 0.000149 0.000097 0.000113 0.000139 0.000113 0.000134 
10.455302 0.000049 0.000085 0.000125 0.000085 0.000101 0.000109 0.000125 0.000109 0.000053 
10.467466 0.000085 0.000052 0.000074 0.000052 0.000061 0.000086 0.000074 0.000086 0.000056 
10.479630 0.000056 0.000046 0.000050 0.000046 0.000056 0.000040 0.000050 0.000040 0.000032 
10.491795 0.000028 0.000026 0.000044 0.000026 0.000024 0.000020 0.000044 0.000020 0.000028 
10.503959 0.000032 0.000022 0.000018 0.000022 0.000020 0.000010 0.000018 0.000010 0.000012 
10.516124 0.000016 0.000010 0.000002 0.000010 0.000000 0.000012 0.000002 0.000012 0.000016 
10.528288 0.000004 0.000004 0.000000 0.000004 0.000000 0.000000 0.000000 0.000000 0.000004 
10.540452 0.000000 0.000000 0.000000 0.000000 0.000000 0.000000 0.000000 0.000000 0.000000 
10.552617 0.000000 0.000000 0.000000 0.000000 0.000000 0.000000 0.000000 0.000000 0.000000 
10.564782 0.000000 0.000000 0.000000 0.000000 0.000000 0.000000 0.000000 0.000000 0.000000 
10.576946 0.000000 0.000000 0.000000 0.000000 0.000000 0.000000 0.000000 0.000000 0.000000 
10.589110 0.000000 0.000000 0.000000 0.000000 0.000000 0.000000 0.000000 0.000000 0.000000 
10.601274 0.000000 0.000000 0.000000 0.000000 0.000000 0.000000 0.000000 0.000000 0.000000 
10.613439 0.000000 0.000000 0.000000 0.000000 0.000000 0.000000 0.000000 0.000000 0.000000 
10.625603 0.000000 0.000000 0.000000 0.000000 0.000000 0.000000 0.000000 0.000000 0.000000 
10.637768 0.000000 0.000000 0.000000 0.000000 0.000000 0.000000 0.000000 0.000000 0.000000 
10.649932 0.000000 0.000000 0.000000 0.000000 0.000000 0.000000 0.000000 0.000000 0.000000 
10.662097 0.000000 0.000000 0.000000 0.000000 0.000000 0.000000 0.000000 0.000000 0.000000 
10.674261 0.000000 0.000000 0.000000 0.000000 0.000000 0.000000 0.000000 0.000000 0.000000 
10.686426 0.000000 0.000000 0.000000 0.000000 0.000000 0.000000 0.000000 0.000000 0.000000 
10.698590 0.000000 0.000000 0.000000 0.000000 0.000000 0.000000 0.000000 0.000000 0.000000 
10.710754 0.000000 0.000000 0.000000 0.000000 0.000000 0.000000 0.000000 0.000000 0.000000 
10.722919 0.000000 0.000000 0.000000 0.000000 0.000000 0.000000 0.000000 0.000000 0.000000 
10.735083 0.000000 0.000000 0.000000 0.000000 0.000000 0.000000 0.000000 0.000000 0.000000 
10.747247 0.000000 0.000000 0.000000 0.000000 0.000000 0.000000 0.000000 0.000000 0.000000 
10.759412 0.000000 0.000000 0.000000 0.000000 0.000000 0.000000 0.000000 0.000000 0.000000 
10.771576 0.000000 0.000000 0.000000 0.000000 0.000000 0.000000 0.000000 0.000000 0.000000 
10.783741 0.000000 0.000000 0.000000 0.000000 0.000000 0.000000 0.000000 0.000000 0.000000 
10.795905 0.000000 0.000000 0.000000 0.000000 0.000000 0.000000 0.000000 0.000000 0.000000 
10.808069 0.000000 0.000000 0.000000 0.000000 0.000000 0.000000 0.000000 0.000000 0.000000 
10.820234 0.000000 0.000000 0.000000 0.000000 0.000000 0.000000 0.000000 0.000000 0.000000 
10.832398 0.000000 0.000000 0.000000 0.000000 0.000000 0.000000 0.000000 0.000000 0.000000 
10.844563 0.000000 0.000000 0.000000 0.000000 0.000000 0.000000 0.000000 0.000000 0.000000 
10.856727 0.000000 0.000000 0.000000 0.000000 0.000000 0.000000 0.000000 0.000000 0.000000 
10.868891 0.000000 0.000000 0.000000 0.000000 0.000000 0.000000 0.000000 0.000000 0.000000 
10.881056 0.000000 0.000000 0.000000 0.000000 0.000000 0.000000 0.000000 0.000000 0.000000 
10.893220 0.000000 0.000000 0.000000 0.000000 0.000000 0.000000 0.000000 0.000000 0.000000 
10.905385 0.000000 0.000000 0.000000 0.000000 0.000000 0.000000 0.000000 0.000000 0.000000 
10.917549 0.000000 0.000000 0.000000 0.000000 0.000000 0.000000 0.000000 0.000000 0.000000 
10.929713 0.000000 0.000000 0.000000 0.000000 0.000000 0.000000 0.000000 0.000000 0.000000 
10.941878 0.000000 0.000000 0.000000 0.000000 0.000000 0.000000 0.000000 0.000000 0.000000 
10.954042 0.000000 0.000000 0.000000 0.000000 0.000000 0.000000 0.000000 0.000000 0.000000 
10.966207 0.000000 0.000000 0.000000 0.000000 0.000000 0.000000 0.000000 0.000000 0.000000 
10.978371 0.000000 0.000000 0.000000 0.000000 0.000000 0.000000 0.000000 0.000000 0.000000 
10.990535 0.000000 0.000000 0.000000 0.000000 0.000000 0.000000 0.000000 0.000000 0.000000 
11.002700 0.000000 0.000000 0.000000 0.000000 0.000000 0.000000 0.000000 0.000000 0.000000 
11.014864 0.000000 0.000000 0.000000 0.000000 0.000000 0.000000 0.000000 0.000000 0.000000 
11.027029 0.000000 0.000000 0.000000 0.000000 0.000000 0.000000 0.000000 0.000000 0.000000 
11.039193 0.000000 0.000000 0.000000 0.000000 0.000000 0.000000 0.000000 0.000000 0.000000 
11.051357 0.000000 0.000000 0.000000 0.000000 0.000000 0.000000 0.000000 0.000000 0.000000 
11.063522 0.000000 0.000000 0.000000 0.000000 0.000000 0.000000 0.000000 0.000000 0.000000 
11.075686 0.000000 0.000000 0.000000 0.000000 0.000000 0.000000 0.000000 0.000000 0.000000 
11.087851 0.000000 0.000000 0.000000 0.000000 0.000000 0.000000 0.000000 0.000000 0.000000 
11.100015 0.000000 0.000000 0.000000 0.000000 0.000000 0.000000 0.000000 0.000000 0.000000 
11.112179 0.000000 0.000000 0.000000 0.000000 0.000000 0.000000 0.000000 0.000000 0.000000 
11.124344 0.000000 0.000000 0.000000 0.000000 0.000000 0.000000 0.000000 0.000000 0.000000 
11.136508 0.000000 0.000000 0.000000 0.000000 0.000000 0.000000 0.000000 0.000000 0.000000 
11.148673 0.000000 0.000000 0.000000 0.000000 0.000000 0.000000 0.000000 0.000000 0.000000 
11.160837 0.000000 0.000000 0.000000 0.000000 0.000000 0.000000 0.000000 0.000000 0.000000 
11.173001 0.000000 0.000000 0.000000 0.000000 0.000000 0.000000 0.000000 0.000000 0.000000 
11.185166 0.000000 0.000000 0.000000 0.000000 0.000000 0.000000 0.000000 0.000000 0.000000 
11.197330 0.000000 0.000000 0.000000 0.000000 0.000000 0.000000 0.000000 0.000000 0.000000 
11.209495 0.000000 0.000000 0.000000 0.000000 0.000000 0.000000 0.000000 0.000000 0.000000 
11.221659 0.000000 0.000000 0.000000 0.000000 0.000000 0.000000 0.000000 0.000000 0.000000 
11.233823 0.000000 0.000000 0.000000 0.000000 0.000000 0.000000 0.000000 0.000000 0.000000 
11.245988 0.000000 0.000000 0.000000 0.000000 0.000000 0.000000 0.000000 0.000000 0.000000 
11.258152 0.000000 0.000000 0.000000 0.000000 0.000000 0.000000 0.000000 0.000000 0.000000 
11.270317 0.000000 0.000000 0.000000 0.000000 0.000000 0.000000 0.000000 0.000000 0.000000 
11.282481 0.000000 0.000000 0.000000 0.000000 0.000000 0.000000 0.000000 0.000000 0.000000 
11.294645 0.000000 0.000000 0.000000 0.000000 0.000000 0.000000 0.000000 0.000000 0.000000 
11.306810 0.000000 0.000000 0.000000 0.000000 0.000000 0.000000 0.000000 0.000000 0.000000 
11.318974 0.000000 0.000000 0.000000 0.000000 0.000000 0.000000 0.000000 0.000000 0.000000 
11.331139 0.000000 0.000000 0.000000 0.000000 0.000000 0.000000 0.000000 0.000000 0.000000 
11.343303 0.000000 0.000000 0.000000 0.000000 0.000000 0.000000 0.000000 0.000000 0.000000 
11.355467 0.000000 0.000000 0.000000 0.000000 0.000000 0.000000 0.000000 0.000000 0.000000 
11.367631 0.000000 0.000000 0.000000 0.000000 0.000000 0.000000 0.000000 0.000000 0.000000 
11.379796 0.000000 0.000000 0.000000 0.000000 0.000000 0.000000 0.000000 0.000000 0.000000 
11.391961 0.000000 0.000000 0.000000 0.000000 0.000000 0.000000 0.000000 0.000000 0.000000 
11.404125 0.000000 0.000000 0.000000 0.000000 0.000000 0.000000 0.000000 0.000000 0.000000 
11.416289 0.000000 0.000000 0.000000 0.000000 0.000000 0.000000 0.000000 0.000000 0.000000 
11.428454 0.000000 0.000000 0.000000 0.000000 0.000000 0.000000 0.000000 0.000000 0.000000 
11.440618 0.000000 0.000000 0.000000 0.000000 0.000000 0.000000 0.000000 0.000000 0.000000 
11.452783 0.000000 0.000000 0.000000 0.000000 0.000000 0.000000 0.000000 0.000000 0.000000 
11.464947 0.000000 0.000000 0.000000 0.000000 0.000000 0.000000 0.000000 0.000000 0.000000 
11.477111 0.000000 0.000000 0.000000 0.000000 0.000000 0.000000 0.000000 0.000000 0.000000 
11.489275 0.000000 0.000000 0.000000 0.000000 0.000000 0.000000 0.000000 0.000000 0.000000 
11.501440 0.000000 0.000000 0.000000 0.000000 0.000000 0.000000 0.000000 0.000000 0.000000 
11.513605 0.000000 0.000000 0.000000 0.000000 0.000000 0.000000 0.000000 0.000000 0.000000 
11.525769 0.000000 0.000000 0.000000 0.000000 0.000000 0.000000 0.000000 0.000000 0.000000 
11.537933 0.000000 0.000000 0.000000 0.000000 0.000000 0.000000 0.000000 0.000000 0.000000 
11.550098 0.000000 0.000000 0.000000 0.000000 0.000000 0.000000 0.000000 0.000000 0.000000 
11.562262 0.000000 0.000000 0.000000 0.000000 0.000000 0.000000 0.000000 0.000000 0.000000 
11.574427 0.000000 0.000000 0.000000 0.000000 0.000000 0.000000 0.000000 0.000000 0.000000 
11.586591 0.000000 0.000000 0.000000 0.000000 0.000000 0.000000 0.000000 0.000000 0.000000 
11.598755 0.000000 0.000000 0.000000 0.000000 0.000000 0.000000 0.000000 0.000000 0.000000 
11.610919 0.000000 0.000000 0.000000 0.000000 0.000000 0.000000 0.000000 0.000000 0.000000 
11.623084 0.000000 0.000000 0.000000 0.000000 0.000000 0.000000 0.000000 0.000000 0.000000 
11.635249 0.000000 0.000000 0.000000 0.000000 0.000000 0.000000 0.000000 0.000000 0.000000 
11.647413 0.000000 0.000000 0.000000 0.000000 0.000000 0.000000 0.000000 0.000000 0.000000 
11.659577 0.000000 0.000000 0.000000 0.000000 0.000000 0.000000 0.000000 0.000000 0.000000 
11.671742 0.000000 0.000000 0.000000 0.000000 0.000000 0.000000 0.000000 0.000000 0.000000 
11.683906 0.000000 0.000000 0.000000 0.000000 0.000000 0.000000 0.000000 0.000000 0.000000 
11.696071 0.000000 0.000000 0.000000 0.000000 0.000000 0.000000 0.000000 0.000000 0.000000 
11.708235 0.000000 0.000000 0.000000 0.000000 0.000000 0.000000 0.000000 0.000000 0.000000 
11.720399 0.000000 0.000000 0.000000 0.000000 0.000000 0.000000 0.000000 0.000000 0.000000 
11.732563 0.000000 0.000000 0.000000 0.000000 0.000000 0.000000 0.000000 0.000000 0.000000 
11.744728 0.000000 0.000000 0.000000 0.000000 0.000000 0.000000 0.000000 0.000000 0.000000 
11.756893 0.000000 0.000000 0.000000 0.000000 0.000000 0.000000 0.000000 0.000000 0.000000 
11.769057 0.000000 0.000000 0.000000 0.000000 0.000000 0.000000 0.000000 0.000000 0.000000 
11.781221 0.000000 0.000000 0.000000 0.000000 0.000000 0.000000 0.000000 0.000000 0.000000 
11.793386 0.000000 0.000000 0.000000 0.000000 0.000000 0.000000 0.000000 0.000000 0.000000 
11.805550 0.000000 0.000000 0.000000 0.000000 0.000000 0.000000 0.000000 0.000000 0.000000 
11.817715 0.000000 0.000000 0.000000 0.000000 0.000000 0.000000 0.000000 0.000000 0.000000 
11.829879 0.000000 0.000000 0.000000 0.000000 0.000000 0.000000 0.000000 0.000000 0.000000 
11.842043 0.000000 0.000000 0.000000 0.000000 0.000000 0.000000 0.000000 0.000000 0.000000 
11.854208 0.000000 0.000000 0.000000 0.000000 0.000000 0.000000 0.000000 0.000000 0.000000 
11.866372 0.000000 0.000000 0.000000 0.000000 0.000000 0.000000 0.000000 0.000000 0.000000 
11.878537 0.000000 0.000000 0.000000 0.000000 0.000000 0.000000 0.000000 0.000000 0.000000 
11.890701 0.000000 0.000000 0.000000 0.000000 0.000000 0.000000 0.000000 0.000000 0.000000 
11.902865 0.000000 0.000000 0.000000 0.000000 0.000000 0.000000 0.000000 0.000000 0.000000 
11.915030 0.000000 0.000000 0.000000 0.000000 0.000000 0.000000 0.000000 0.000000 0.000000 
11.927194 0.000000 0.000000 0.000000 0.000000 0.000000 0.000000 0.000000 0.000000 0.000000 
11.939358 0.000000 0.000000 0.000000 0.000000 0.000000 0.000000 0.000000 0.000000 0.000000 
11.951523 0.000000 0.000000 0.000000 0.000000 0.000000 0.000000 0.000000 0.000000 0.000000 
11.963687 0.000000 0.000000 0.000000 0.000000 0.000000 0.000000 0.000000 0.000000 0.000000 
11.975852 0.000000 0.000000 0.000000 0.000000 0.000000 0.000000 0.000000 0.000000 0.000000 
11.988016 0.000000 0.000000 0.000000 0.000000 0.000000 0.000000 0.000000 0.000000 0.000000 
12.000181 0.000000 0.000000 0.000000 0.000000 0.000000 0.000000 0.000000 0.000000 0.000000 
12.012345 0.000000 0.000000 0.000000 0.000000 0.000000 0.000000 0.000000 0.000000 0.000000 
12.024509 0.000000 0.000000 0.000000 0.000000 0.000000 0.000000 0.000000 0.000000 0.000000 
12.036674 0.000000 0.000000 0.000000 0.000000 0.000000 0.000000 0.000000 0.000000 0.000000 
12.048838 0.000000 0.000000 0.000000 0.000000 0.000000 0.000000 0.000000 0.000000 0.000000 
12.061002 0.000000 0.000000 0.000000 0.000000 0.000000 0.000000 0.000000 0.000000 0.000000 
12.073167 0.000000 0.000000 0.000000 0.000000 0.000000 0.000000 0.000000 0.000000 0.000000 
12.085331 0.000000 0.000000 0.000000 0.000000 0.000000 0.000000 0.000000 0.000000 0.000000 
12.097496 0.000000 0.000000 0.000000 0.000000 0.000000 0.000000 0.000000 0.000000 0.000000 
12.109660 0.000000 0.000000 0.000000 0.000000 0.000000 0.000000 0.000000 0.000000 0.000000 
12.121825 0.000000 0.000000 0.000000 0.000000 0.000000 0.000000 0.000000 0.000000 0.000000 
12.133989 0.000000 0.000000 0.000000 0.000000 0.000000 0.000000 0.000000 0.000000 0.000000 
12.146153 0.000000 0.000000 0.000000 0.000000 0.000000 0.000000 0.000000 0.000000 0.000000 
12.158318 0.000000 0.000000 0.000000 0.000000 0.000000 0.000000 0.000000 0.000000 0.000000 
