# concentrations: 0.666667 0.166667 0.166667
0.010772 0.000000 0.000000 0.000000 0.000000 0.000000 0.000000 0.000000 0.000000 0.000000 
0.032316 0.000000 0.000000 0.000000 0.000000 0.000000 0.000000 0.000000 0.000000 0.000000 
0.053861 0.000000 0.000000 0.000000 0.000000 0.000000 0.000000 0.000000 0.000000 0.000000 
0.075405 0.000000 0.000000 0.000000 0.000000 0.000000 0.000000 0.000000 0.000000 0.000000 
0.096949 0.000000 0.000000 0.000000 0.000000 0.000000 0.000000 0.000000 0.000000 0.000000 
0.118494 0.000000 0.000000 0.000000 0.000000 0.000000 0.000000 0.000000 0.000000 0.000000 
0.140038 0.000000 0.000000 0.000000 0.000000 0.000000 0.000000 0.000000 0.000000 0.000000 
0.161582 0.000000 0.000000 0.000000 0.000000 0.000000 0.000000 0.000000 0.000000 0.000000 
0.183127 0.000000 0.000000 0.000000 0.000000 0.000000 0.000000 0.000000 0.000000 0.000000 
0.204671 0.000000 0.000000 0.000000 0.000000 0.000000 0.000000 0.000000 0.000000 0.000000 
0.226215 0.000000 0.000000 0.000000 0.000000 0.000000 0.000000 0.000000 0.000000 0.000000 
0.247759 0.000000 0.000000 0.000000 0.000000 0.000000 0.000000 0.000000 0.000000 0.000000 
0.269304 0.000000 0.000000 0.000000 0.000000 0.000000 0.000000 0.000000 0.000000 0.000000 
0.290848 0.000000 0.000000 0.000000 0.000000 0.000000 0.000000 0.000000 0.000000 0.000000 
0.312392 0.000000 0.000000 0.000000 0.000000 0.000000 0.000000 0.000000 0.000000 0.000000 
0.333937 0.000000 0.000000 0.000000 0.000000 0.000000 0.000000 0.000000 0.000000 0.000000 
0.355481 0.000000 0.000000 0.000000 0.000000 0.000000 0.000000 0.000000 0.000000 0.000000 
0.377025 0.000000 0.000000 0.000000 0.000000 0.000000 0.000000 0.000000 0.000000 0.000000 
0.398570 0.000000 0.000000 0.000000 0.000000 0.000000 0.000000 0.000000 0.000000 0.000000 
0.420114 0.000000 0.000000 0.000000 0.000000 0.000000 0.000000 0.000000 0.000000 0.000000 
0.441658 0.000000 0.000000 0.000000 0.000000 0.000000 0.000000 0.000000 0.000000 0.000000 
0.463202 0.000000 0.000000 0.000000 0.000000 0.000000 0.000000 0.000000 0.000000 0.000000 
0.484747 0.000000 0.000000 0.000000 0.000000 0.000000 0.000000 0.000000 0.000000 0.000000 
0.506291 0.000000 0.000000 0.000000 0.000000 0.000000 0.000000 0.000000 0.000000 0.000000 
0.527835 0.000000 0.000000 0.000000 0.000000 0.000000 0.000000 0.000000 0.000000 0.000000 
0.549380 0.000000 0.000000 0.000000 0.000000 0.000000 0.000000 0.000000 0.000000 0.000000 
0.570924 0.000000 0.000000 0.000000 0.000000 0.000000 0.000000 0.000000 0.000000 0.000000 
0.592468 0.000000 0.000000 0.000000 0.000000 0.000000 0.000000 0.000000 0.000000 0.000000 
0.614013 0.000000 0.000000 0.000000 0.000000 0.000000 0.000000 0.000000 0.000000 0.000000 
0.635557 0.000000 0.000000 0.000000 0.000000 0.000000 0.000000 0.000000 0.000000 0.000000 
0.657101 0.000000 0.000000 0.000000 0.000000 0.000000 0.000000 0.000000 0.000000 0.000000 
0.678645 0.000000 0.000000 0.000000 0.000000 0.000000 0.000000 0.000000 0.000000 0.000000 
0.700190 0.000000 0.000000 0.000000 0.000000 0.000000 0.000000 0.000000 0.000000 0.000000 
0.721734 0.000000 0.000238 0.000000 0.000238 0.000000 0.000000 0.000000 0.000000 0.000000 
0.743278 0.000000 0.011359 0.000000 0.011359 0.000000 0.000112 0.000000 0.000112 0.000000 
0.764823 0.000000 0.149349 0.000000 0.149349 0.001534 0.006293 0.000000 0.006293 0.000000 
0.786367 0.000000 0.750026 0.000000 0.750026 0.017717 0.065831 0.000000 0.065831 0.000000 
0.807911 0.000000 1.954154 0.000699 1.954154 0.076054 0.283826 0.000699 0.283826 0.000000 
0.829456 0.000000 3.256032 0.016647 3.256032 0.204676 0.737815 0.016647 0.737815 0.001574 
0.851000 0.000000 4.082927 0.161608 4.082927 0.385557 1.261148 0.161608 1.261148 0.017863 
0.872544 0.000061 4.263840 0.674571 4.263840 0.582326 1.693934 0.674571 1.693934 0.095652 
0.894088 0.002361 3.951545 1.658590 3.951545 0.740163 1.924979 1.658590 1.924979 0.311505 
0.915633 0.030679 3.420976 2.795820 3.420976 0.855695 1.959920 2.795820 1.959920 0.638633 
0.937177 0.183594 2.856632 3.611241 2.856632 0.893801 1.862659 3.611241 1.862659 1.006913 
0.958721 0.608493 2.336908 3.932258 2.336908 0.915228 1.716478 3.932258 1.716478 1.293630 
0.980266 1.317131 1.910776 3.827012 1.910776 0.924079 1.546931 3.827012 1.546931 1.468618 
1.001810 2.112138 1.567166 3.452364 1.567166 0.909155 1.384657 3.452364 1.384657 1.522607 
1.023354 2.730815 1.302934 2.970084 1.302934 0.881768 1.235237 2.970084 1.235237 1.493659 
1.044899 3.035031 1.094233 2.492640 1.094233 0.854711 1.109447 2.492640 1.109447 1.394972 
1.066443 3.051566 0.929219 2.086361 0.929219 0.830764 1.007962 2.086361 1.007962 1.294015 
1.087987 2.858660 0.809115 1.727073 0.809115 0.836541 0.920049 1.727073 0.920049 1.176622 
1.109531 2.570021 0.712399 1.439335 0.712399 0.819178 0.856737 1.439335 0.856737 1.066360 
1.131076 2.244268 0.637157 1.213626 0.637157 0.823933 0.801143 1.213626 0.801143 0.968723 
1.152620 1.930939 0.584537 1.031699 0.584537 0.832321 0.761202 1.031699 0.761202 0.891819 
1.174164 1.653506 0.537960 0.890575 0.537960 0.845497 0.732369 0.890575 0.732369 0.820264 
1.195709 1.417031 0.509911 0.782118 0.509911 0.863409 0.719451 0.782118 0.719451 0.768247 
1.217253 1.221481 0.485664 0.694795 0.485664 0.882095 0.707671 0.694795 0.707671 0.724913 
1.238797 1.063023 0.468490 0.626606 0.468490 0.917205 0.708771 0.626606 0.708771 0.687052 
1.260342 0.936073 0.458694 0.573178 0.458694 0.945153 0.719937 0.573178 0.719937 0.667057 
1.281886 0.834915 0.458085 0.531692 0.458085 0.980086 0.727788 0.531692 0.727788 0.655092 
1.303430 0.753204 0.461473 0.504614 0.461473 1.015190 0.753906 0.504614 0.753906 0.648951 
1.324974 0.691410 0.469607 0.481569 0.469607 1.070222 0.778266 0.481569 0.778266 0.647059 
1.346519 0.640578 0.483082 0.469706 0.483082 1.083369 0.804682 0.469706 0.804682 0.648321 
1.368063 0.608012 0.505025 0.460183 0.505025 1.118171 0.852762 0.460183 0.852762 0.662604 
1.389607 0.578579 0.526777 0.460875 0.526777 1.154146 0.888834 0.460875 0.888834 0.682849 
1.411152 0.563254 0.556936 0.465801 0.556936 1.176983 0.935253 0.465801 0.935253 0.707203 
1.432696 0.552228 0.593302 0.478817 0.593302 1.193383 0.972045 0.478817 0.972045 0.738427 
1.454240 0.556461 0.639888 0.492836 0.639888 1.193702 1.024085 0.492836 1.024085 0.777152 
1.475785 0.564169 0.688056 0.517354 0.688056 1.197153 1.062785 0.517354 1.062785 0.822488 
1.497329 0.577565 0.741784 0.548345 0.741784 1.200604 1.102364 0.548345 1.102364 0.875656 
1.518873 0.601803 0.804355 0.584824 0.804355 1.209556 1.127906 0.584824 1.127906 0.925395 
1.540417 0.631881 0.862749 0.630631 0.862749 1.217410 1.152798 0.630631 1.152798 0.982959 
1.561962 0.666443 0.923436 0.681459 0.923436 1.223252 1.175345 0.681459 1.175345 1.040397 
1.583506 0.711800 0.983395 0.740269 0.983395 1.243607 1.185841 0.740269 1.185841 1.095726 
1.605050 0.762912 1.040800 0.804497 1.040800 1.255390 1.198181 0.804497 1.198181 1.142736 
1.626595 0.815569 1.090196 0.869624 1.090196 1.291917 1.216156 0.869624 1.216156 1.178168 
1.648139 0.870559 1.132637 0.936459 1.132637 1.301585 1.230355 0.936459 1.230355 1.223696 
1.669683 0.925587 1.167127 0.998629 1.167127 1.309400 1.240925 0.998629 1.240925 1.241712 
1.691228 0.977184 1.202711 1.061071 1.202711 1.295510 1.259187 1.061071 1.259187 1.268285 
1.712772 1.022658 1.224331 1.112074 1.224331 1.277497 1.283928 1.112074 1.283928 1.272580 
1.734316 1.061174 1.244904 1.156838 1.244904 1.241078 1.292585 1.156838 1.292585 1.282659 
1.755860 1.099903 1.264450 1.188118 1.264450 1.195396 1.300906 1.188118 1.300906 1.293285 
1.777405 1.129858 1.282393 1.211853 1.282393 1.146846 1.304795 1.211853 1.304795 1.298727 
1.798949 1.152827 1.298514 1.231716 1.298514 1.084672 1.287151 1.231716 1.287151 1.310814 
1.820493 1.169046 1.311407 1.245733 1.311407 1.029554 1.259384 1.245733 1.259384 1.327402 
1.842038 1.183175 1.315132 1.257462 1.315132 0.972723 1.216165 1.257462 1.216165 1.326636 
1.863582 1.187536 1.305996 1.267193 1.305996 0.923806 1.162706 1.267193 1.162706 1.332251 
1.885126 1.187046 1.289646 1.279321 1.289646 0.876644 1.108598 1.279321 1.108598 1.303340 
1.906671 1.184159 1.257895 1.284023 1.257895 0.840808 1.052571 1.284023 1.052571 1.281844 
1.928215 1.180475 1.224390 1.283602 1.224390 0.811044 1.004391 1.283602 1.004391 1.241206 
1.949759 1.176564 1.179934 1.281746 1.179934 0.792902 0.949943 1.281746 0.949943 1.188616 
1.971303 1.175930 1.128367 1.265889 1.128367 0.772659 0.902232 1.265889 0.902232 1.135649 
1.992848 1.171847 1.080496 1.242435 1.080496 0.760373 0.867558 1.242435 0.867558 1.083891 
2.014392 1.167803 1.031607 1.206735 1.031607 0.754839 0.829920 1.206735 0.829920 1.024362 
2.035936 1.161326 0.986240 1.170810 0.986240 0.752276 0.806529 1.170810 0.806529 0.976197 
2.057481 1.146451 0.945192 1.121999 0.945192 0.755549 0.782012 1.121999 0.782012 0.929747 
2.079025 1.130454 0.909204 1.079690 0.909204 0.766186 0.769445 1.079690 0.769445 0.881313 
2.100569 1.107047 0.879466 1.033228 0.879466 0.780949 0.758064 1.033228 0.758064 0.846680 
2.122114 1.078951 0.857074 0.991879 0.857074 0.801091 0.753694 0.991879 0.753694 0.815276 
2.143658 1.046800 0.838443 0.949258 0.838443 0.813506 0.756857 0.949258 0.756857 0.794640 
2.165202 1.014985 0.825152 0.911640 0.825152 0.845608 0.767300 0.911640 0.767300 0.773008 
2.186746 0.981181 0.816957 0.881884 0.816957 0.877943 0.774964 0.881884 0.774964 0.755426 
2.208291 0.949414 0.816793 0.856291 0.816793 0.898958 0.794407 0.856291 0.794407 0.756371 
2.229835 0.919489 0.817598 0.835742 0.817598 0.925016 0.809747 0.835742 0.809747 0.758046 
2.251379 0.894138 0.827421 0.822112 0.827421 0.958821 0.837802 0.822112 0.837802 0.757769 
2.272924 0.872360 0.835177 0.815596 0.835177 0.987742 0.861288 0.815596 0.861288 0.769012 
2.294468 0.855668 0.851432 0.810492 0.851432 1.012761 0.892121 0.810492 0.892121 0.783842 
2.316012 0.844258 0.866754 0.814768 0.866754 1.038384 0.921638 0.814768 0.921638 0.802791 
2.337556 0.838095 0.887909 0.820516 0.887909 1.057838 0.948842 0.820516 0.948842 0.832310 
2.359101 0.836577 0.908698 0.833851 0.908698 1.078712 0.975772 0.833851 0.975772 0.847783 
2.380645 0.840683 0.931068 0.846666 0.931068 1.095112 1.007502 0.846666 1.007502 0.879570 
2.402189 0.848570 0.954647 0.865790 0.954647 1.114287 1.031449 0.865790 1.031449 0.909663 
2.423734 0.862093 0.979044 0.884956 0.979044 1.122251 1.058314 0.884956 1.058314 0.938173 
2.445278 0.875680 0.999850 0.910189 0.999850 1.126572 1.073470 0.910189 1.073470 0.973745 
2.466822 0.894356 1.022312 0.931067 1.022312 1.135729 1.097828 0.931067 1.097828 0.997774 
2.488367 0.915511 1.038701 0.956715 1.038701 1.131181 1.110656 0.956715 1.110656 1.024129 
2.509911 0.936125 1.051187 0.981021 1.051187 1.129507 1.116521 0.981021 1.116521 1.054569 
2.531455 0.959224 1.067381 1.005282 1.067381 1.132486 1.128048 1.005282 1.128048 1.078243 
2.553000 0.980979 1.078348 1.024875 1.078348 1.120546 1.128742 1.024875 1.128742 1.093901 
2.574544 1.004037 1.088176 1.045421 1.088176 1.108235 1.131709 1.045421 1.131709 1.111583 
2.596088 1.023719 1.088194 1.063737 1.088194 1.102024 1.124514 1.063737 1.124514 1.126358 
2.617633 1.042649 1.092245 1.075603 1.092245 1.088311 1.121447 1.075603 1.121447 1.127858 
2.639177 1.058568 1.093294 1.088875 1.093294 1.073784 1.118016 1.088875 1.118016 1.134301 
2.660721 1.071775 1.089918 1.094769 1.089918 1.063488 1.104236 1.094769 1.104236 1.138740 
2.682265 1.082746 1.086069 1.099239 1.086069 1.052433 1.099044 1.099239 1.099044 1.132131 
2.703810 1.089852 1.078299 1.100980 1.078299 1.041537 1.083941 1.100980 1.083941 1.125753 
2.725354 1.094204 1.070791 1.097770 1.070791 1.023153 1.073430 1.097770 1.073430 1.113071 
2.746898 1.096101 1.063373 1.095239 1.063373 1.003748 1.059340 1.095239 1.059340 1.103781 
2.768443 1.096062 1.057053 1.090291 1.057053 0.991199 1.049234 1.090291 1.049234 1.096405 
2.789987 1.091862 1.045225 1.082271 1.045225 0.981550 1.033116 1.082271 1.033116 1.087390 
2.811531 1.084672 1.035682 1.073752 1.035682 0.970436 1.019390 1.073752 1.019390 1.071466 
2.833075 1.078114 1.025254 1.062464 1.025254 0.952841 1.008614 1.062464 1.008614 1.057561 
2.854620 1.069419 1.015247 1.054677 1.015247 0.942137 0.991518 1.054677 0.991518 1.044123 
2.876164 1.058372 1.005975 1.042551 1.005975 0.935063 0.978091 1.042551 0.978091 1.029823 
2.897708 1.049963 0.994629 1.031203 0.994629 0.932461 0.965721 1.031203 0.965721 1.014906 
2.919253 1.038475 0.986638 1.023240 0.986638 0.921251 0.953680 1.023240 0.953680 1.005596 
2.940797 1.028442 0.975931 1.012512 0.975931 0.922854 0.946016 1.012512 0.946016 0.988683 
2.962341 1.018093 0.968838 1.001976 0.968838 0.924547 0.932970 1.001976 0.932970 0.974640 
2.983886 1.007796 0.959747 0.991180 0.959747 0.924030 0.930175 0.991180 0.930175 0.963811 
3.005430 0.998140 0.954275 0.983351 0.954275 0.927061 0.924841 0.983351 0.924841 0.953024 
3.026974 0.989738 0.948345 0.971732 0.948345 0.931953 0.923777 0.971732 0.923777 0.943641 
3.048518 0.981606 0.945144 0.964822 0.945144 0.935998 0.922389 0.964822 0.922389 0.933500 
3.070063 0.974377 0.941264 0.955672 0.941264 0.945342 0.923321 0.955672 0.923321 0.927384 
3.091607 0.967703 0.940562 0.950797 0.940562 0.959798 0.924045 0.950797 0.924045 0.925752 
3.113151 0.960339 0.940112 0.944710 0.940112 0.964463 0.937423 0.944710 0.937423 0.919764 
3.134696 0.956767 0.943435 0.942353 0.943435 0.974935 0.942104 0.942353 0.942104 0.922356 
3.156240 0.951238 0.947070 0.937430 0.947070 0.989867 0.949495 0.937430 0.949495 0.923977 
3.177784 0.949544 0.951561 0.938031 0.951561 0.996016 0.957939 0.938031 0.957939 0.924471 
3.199329 0.946778 0.958965 0.939438 0.958965 1.006296 0.968638 0.939438 0.968638 0.932331 
3.220873 0.945127 0.963917 0.941756 0.963917 1.014796 0.978384 0.941756 0.978384 0.939971 
3.242417 0.946681 0.975143 0.944760 0.975143 1.021715 0.985741 0.944760 0.985741 0.953963 
3.263961 0.948215 0.982977 0.950086 0.982977 1.031304 1.000831 0.950086 1.000831 0.957224 
3.285506 0.950968 0.990888 0.957355 0.990888 1.033343 1.010572 0.957355 1.010572 0.971437 
3.307050 0.956383 0.999902 0.964025 0.999902 1.036142 1.013056 0.964025 1.013056 0.979067 
3.328594 0.960890 1.006457 0.974572 1.006457 1.039218 1.023259 0.974572 1.023259 0.990480 
3.350139 0.966050 1.016961 0.982003 1.016961 1.045352 1.029134 0.982003 1.029134 1.000552 
3.371683 0.973972 1.022846 0.992131 1.022846 1.045167 1.036617 0.992131 1.036617 1.010939 
3.393227 0.981257 1.027471 1.000134 1.027471 1.045324 1.041232 1.000134 1.041232 1.021481 
3.414772 0.988695 1.032624 1.009507 1.032624 1.041151 1.044366 1.009507 1.044366 1.029385 
3.436316 0.996713 1.036641 1.015881 1.036641 1.037417 1.046285 1.015881 1.046285 1.037058 
3.457860 1.004250 1.038284 1.023798 1.038284 1.037835 1.045916 1.023798 1.045916 1.045106 
3.479404 1.011265 1.040040 1.029254 1.040040 1.030822 1.043702 1.029254 1.043702 1.045062 
3.500949 1.017443 1.041066 1.035118 1.041066 1.025379 1.043110 1.035118 1.043110 1.049190 
3.522493 1.023729 1.038439 1.038007 1.038439 1.021950 1.040268 1.038007 1.040268 1.046782 
3.544037 1.028317 1.037275 1.041670 1.037275 1.018159 1.034455 1.041670 1.034455 1.049244 
3.565582 1.033080 1.034444 1.043814 1.034444 1.010604 1.029342 1.043814 1.029342 1.046067 
3.587126 1.035830 1.031582 1.042167 1.031582 1.007177 1.028017 1.042167 1.028017 1.044797 
3.608670 1.037691 1.027680 1.041808 1.027680 1.001992 1.023425 1.041808 1.023425 1.042051 
3.630215 1.038642 1.023075 1.041300 1.023075 0.996214 1.017117 1.041300 1.017117 1.038552 
3.651759 1.038045 1.017190 1.037664 1.017190 0.991787 1.010768 1.037664 1.010768 1.030816 
3.673303 1.036709 1.012613 1.032966 1.012613 0.987399 1.002314 1.032966 1.002314 1.027327 
3.694847 1.035662 1.008215 1.029102 1.008215 0.979973 0.999670 1.029102 0.999670 1.021203 
3.716392 1.031739 1.003086 1.023726 1.003086 0.984068 0.993831 1.023726 0.993831 1.015058 
3.737936 1.027960 0.997626 1.017579 0.997626 0.976539 0.987837 1.017579 0.987837 1.006082 
3.759480 1.023891 0.994758 1.012555 0.994758 0.975049 0.983837 1.012555 0.983837 1.002573 
3.781025 1.018819 0.990545 1.007300 0.990545 0.977846 0.981985 1.007300 0.981985 0.999974 
3.802569 1.015003 0.986570 1.003371 0.986570 0.976440 0.979057 1.003371 0.979057 0.998164 
3.824113 1.009806 0.983378 0.997045 0.983378 0.973230 0.975437 0.997045 0.975437 0.985590 
3.845658 1.003752 0.979512 0.992008 0.979512 0.975486 0.974392 0.992008 0.974392 0.984658 
3.867202 0.999966 0.977407 0.989190 0.977407 0.974722 0.974186 0.989190 0.974186 0.978714 
3.888746 0.995886 0.976772 0.984377 0.976772 0.977159 0.974278 0.984377 0.974278 0.974363 
3.910290 0.991551 0.975139 0.980720 0.975139 0.977845 0.971295 0.980720 0.971295 0.977592 
3.931835 0.988018 0.975375 0.979150 0.975375 0.983784 0.975601 0.979150 0.975601 0.971415 
3.953379 0.984814 0.976524 0.977255 0.976524 0.980190 0.976047 0.977255 0.976047 0.971536 
3.974923 0.982293 0.975800 0.975308 0.975800 0.989162 0.978101 0.975308 0.978101 0.968934 
3.996468 0.979122 0.977293 0.974100 0.977293 0.993287 0.980715 0.974100 0.980715 0.971167 
4.018012 0.978921 0.980074 0.974279 0.980074 0.996922 0.984180 0.974279 0.984180 0.971580 
4.039556 0.976866 0.982500 0.974185 0.982500 1.001911 0.986877 0.974185 0.986877 0.973797 
4.061100 0.977611 0.984356 0.975767 0.984356 1.002700 0.990296 0.975767 0.990296 0.977972 
4.082645 0.976935 0.987620 0.977463 0.987620 1.004763 0.993324 0.977463 0.993324 0.977394 
4.104189 0.977773 0.989517 0.978107 0.989517 1.009401 0.999326 0.978107 0.999326 0.983121 
4.125733 0.978984 0.995159 0.981272 0.995159 1.014280 0.997991 0.981272 0.997991 0.986465 
4.147278 0.980649 0.996249 0.982775 0.996249 1.013020 1.006220 0.982775 1.006220 0.992532 
4.168822 0.982179 1.000566 0.987373 1.000566 1.016460 1.009039 0.987373 1.009039 0.992818 
4.190366 0.985798 1.002413 0.989197 1.002413 1.018145 1.009846 0.989197 1.009846 0.998786 
4.211911 0.986644 1.006659 0.993703 1.006659 1.018583 1.013134 0.993703 1.013134 1.001462 
4.233455 0.990847 1.008603 0.997400 1.008603 1.017472 1.015177 0.997400 1.015177 1.006608 
4.254999 0.993278 1.010987 1.000695 1.010987 1.020158 1.016356 1.000695 1.016356 1.010027 
4.276544 0.996974 1.013907 1.003613 1.013907 1.018080 1.017570 1.003613 1.017570 1.013139 
4.298088 0.998801 1.015313 1.006364 1.015313 1.013778 1.017925 1.006364 1.017925 1.014118 
4.319632 1.002457 1.015278 1.008669 1.015278 1.014705 1.017939 1.008669 1.017939 1.016817 
4.341177 1.003933 1.016348 1.012143 1.016348 1.014728 1.015954 1.012143 1.015954 1.017385 
4.362721 1.007084 1.015942 1.013450 1.015942 1.012178 1.016867 1.013450 1.016867 1.017993 
4.384265 1.010182 1.016539 1.016218 1.016539 1.005509 1.016944 1.016218 1.016944 1.018295 
4.405809 1.011849 1.015889 1.017085 1.015889 1.007039 1.014378 1.017085 1.014378 1.022717 
4.427354 1.013598 1.015398 1.018061 1.015398 1.004484 1.013641 1.018061 1.013641 1.019426 
4.448898 1.014629 1.012700 1.017821 1.012700 0.999412 1.009811 1.017821 1.009811 1.016043 
4.470442 1.015464 1.012050 1.018042 1.012050 0.998754 1.008269 1.018042 1.008269 1.018552 
4.491987 1.015299 1.010827 1.016610 1.010827 0.998436 1.008002 1.016610 1.008002 1.015192 
4.513531 1.015504 1.008804 1.016670 1.008804 0.998444 1.003270 1.016670 1.003270 1.012855 
4.535075 1.014819 1.004821 1.014602 1.004821 0.993041 1.003156 1.014602 1.003156 1.010270 
4.556619 1.014854 1.003912 1.013374 1.003912 0.993051 0.999635 1.013374 0.999635 1.009040 
4.578164 1.013150 1.002066 1.010898 1.002066 0.988944 0.996136 1.010898 0.996136 1.006077 
4.599708 1.011921 0.999363 1.009289 0.999363 0.986769 0.995500 1.009289 0.995500 1.003646 
4.621252 1.010250 0.997706 1.006393 0.997706 0.990757 0.993247 1.006393 0.993247 1.000200 
4.642797 1.007584 0.996291 1.003473 0.996291 0.987388 0.991510 1.003473 0.991510 1.000092 
4.664341 1.006572 0.993482 1.001679 0.993482 0.989515 0.989877 1.001679 0.989877 0.994202 
4.685885 1.004724 0.992519 0.999767 0.992519 0.989683 0.988524 0.999767 0.988524 0.996196 
4.707429 1.002792 0.991997 0.997795 0.991997 0.992226 0.988589 0.997795 0.988589 0.991293 
4.728974 0.999718 0.989448 0.995785 0.989448 0.989507 0.987356 0.995785 0.987356 0.990390 
4.750518 0.998415 0.989110 0.993468 0.989110 0.993394 0.987333 0.993468 0.987333 0.986956 
4.772062 0.996870 0.989522 0.991712 0.989522 0.990862 0.988053 0.991712 0.988053 0.986132 
4.793607 0.995008 0.989259 0.990073 0.989259 0.992302 0.989202 0.990073 0.989202 0.986508 
4.815151 0.993621 0.989250 0.988903 0.989250 0.992886 0.990037 0.988903 0.990037 0.988908 
4.836695 0.992036 0.988894 0.988385 0.988894 1.002171 0.988741 0.988385 0.988741 0.984533 
4.858240 0.990859 0.989808 0.989049 0.989808 0.998636 0.991387 0.989049 0.991387 0.987632 
4.879784 0.990394 0.991124 0.988641 0.991124 0.999588 0.992867 0.988641 0.992867 0.986812 
4.901328 0.990226 0.992558 0.988305 0.992558 1.002179 0.995619 0.988305 0.995619 0.987625 
4.922873 0.989786 0.993215 0.988097 0.993215 1.000352 0.996572 0.988097 0.996572 0.991050 
4.944417 0.990378 0.994952 0.989940 0.994952 1.004115 0.996317 0.989940 0.996317 0.990341 
4.965961 0.990319 0.995483 0.992237 0.995483 1.003643 0.998883 0.992237 0.998883 0.994846 
4.987505 0.991531 0.998661 0.992517 0.998661 1.005414 1.000536 0.992517 1.000536 0.994476 
5.009050 0.991686 0.998259 0.992812 0.998259 1.005750 1.001403 0.992812 1.001403 0.995799 
5.030594 0.992427 1.000094 0.994158 1.000094 1.005815 1.003523 0.994158 1.003523 0.999685 
5.052138 0.994053 1.002151 0.995826 1.002151 1.005702 1.006805 0.995826 1.006805 0.998141 
5.073683 0.995075 1.002441 0.997103 1.002441 1.004736 1.006731 0.997103 1.006731 1.001405 
5.095227 0.996567 1.004572 0.998888 1.004572 1.008321 1.006499 0.998888 1.006499 1.004942 
5.116771 0.997185 1.004764 1.000429 1.004764 1.008013 1.008453 1.000429 1.008453 1.005694 
5.138316 0.998410 1.005849 1.001495 1.005849 1.007705 1.007176 1.001495 1.007176 1.005928 
5.159860 1.000181 1.007467 1.002455 1.007467 1.006737 1.007879 1.002455 1.007879 1.008744 
5.181404 1.001047 1.007096 1.004705 1.007096 1.007314 1.008351 1.004705 1.008351 1.007853 
5.202949 1.001788 1.007143 1.004760 1.007143 1.004054 1.011167 1.004760 1.011167 1.008149 
5.224493 1.003958 1.006611 1.005947 1.006611 1.004772 1.006720 1.005947 1.006720 1.009143 
5.246037 1.004020 1.006845 1.007107 1.006845 1.002266 1.007556 1.007107 1.007556 1.010108 
5.267581 1.004626 1.007516 1.007757 1.007516 1.004659 1.006663 1.007757 1.006663 1.010612 
5.289126 1.006028 1.006782 1.007897 1.006782 1.001276 1.004806 1.007897 1.004806 1.008809 
5.310670 1.006678 1.006077 1.006903 1.006077 0.999354 1.005401 1.006903 1.005401 1.007051 
5.332214 1.006413 1.004581 1.008181 1.004581 0.998119 1.005284 1.008181 1.005284 1.006909 
5.353759 1.006509 1.004419 1.006183 1.004419 0.997242 1.002418 1.006183 1.002418 1.006464 
5.375303 1.006786 1.002784 1.006614 1.002784 0.998100 1.002379 1.006614 1.002379 1.007518 
5.396847 1.006523 1.001837 1.006444 1.001837 0.996375 1.000777 1.006444 1.000777 1.004628 
5.418391 1.005790 1.001931 1.006526 1.001931 0.997942 0.999611 1.006526 0.999611 1.004298 
5.439936 1.005639 1.001366 1.005755 1.001366 0.995429 0.998302 1.005755 0.998302 1.002358 
5.461480 1.005060 0.999772 1.003556 0.999772 0.992102 0.996998 1.003556 0.996998 1.001163 
5.483024 1.005127 0.998655 1.002890 0.998655 0.995756 0.997111 1.002890 0.997111 0.999735 
5.504569 1.004532 0.997717 1.001729 0.997717 0.993137 0.997052 1.001729 0.997052 0.998512 
5.526113 1.002609 0.997688 1.000358 0.997688 0.995655 0.997102 1.000358 0.997102 0.997114 
5.547657 1.002281 0.997568 0.999675 0.997568 0.993893 0.993382 0.999675 0.993382 0.996954 
5.569201 1.000716 0.995983 0.999778 0.995983 0.995535 0.995875 0.999778 0.995875 0.995672 
5.590746 1.000244 0.995487 0.998274 0.995487 0.993495 0.993801 0.998274 0.993801 0.995348 
5.612290 0.999361 0.995550 0.996929 0.995550 0.995579 0.995190 0.996929 0.995190 0.994800 
5.633834 0.998929 0.994802 0.995982 0.994802 0.997014 0.995040 0.995982 0.995040 0.996797 
5.655379 0.997709 0.995572 0.995199 0.995572 0.997642 0.995639 0.995199 0.995639 0.995419 
5.676923 0.996988 0.995596 0.995828 0.995596 0.998795 0.994724 0.995828 0.994724 0.991463 
5.698467 0.996875 0.994752 0.995709 0.994752 1.001764 0.995475 0.995709 0.995475 0.994060 
5.720012 0.996537 0.995145 0.994725 0.995145 0.998930 0.996904 0.994725 0.996904 0.994005 
5.741556 0.995760 0.996172 0.995523 0.996172 0.999015 0.996377 0.995523 0.996377 0.996431 
5.763100 0.996123 0.996203 0.994566 0.996203 1.000984 0.997086 0.994566 0.997086 0.997943 
5.784645 0.995572 0.996700 0.995673 0.996700 1.003073 0.999060 0.995673 0.999060 0.995481 
5.806189 0.995547 0.997531 0.994806 0.997531 1.003250 1.000025 0.994806 1.000025 0.997399 
5.827733 0.995188 0.998640 0.995012 0.998640 1.003276 1.000354 0.995012 1.000354 0.995587 
5.849277 0.995644 0.998707 0.996416 0.998707 1.002378 0.999198 0.996416 0.999198 0.996873 
5.870822 0.996729 0.998810 0.996969 0.998810 1.004782 1.001911 0.996969 1.001911 1.000274 
5.892366 0.997001 1.000101 0.997316 1.000101 1.004249 1.001279 0.997316 1.001279 1.000722 
5.913910 0.996896 1.001275 0.998701 1.001275 1.004941 1.000386 0.998701 1.000386 0.998756 
5.935455 0.997975 1.001422 0.998960 1.001422 1.002040 1.003722 0.998960 1.003722 1.000431 
5.956999 0.998626 1.001800 1.000403 1.001800 1.006379 1.002123 1.000403 1.002123 1.000719 
5.978543 0.999056 1.001995 1.000140 1.001995 1.002898 1.001316 1.000140 1.001316 1.001683 
6.000087 0.999550 1.003166 1.000521 1.003166 1.004960 1.004482 1.000521 1.004482 1.001639 
6.021632 0.999373 1.002619 1.001388 1.002619 1.000831 1.003466 1.001388 1.003466 1.001096 
6.043176 1.000476 1.003862 1.001977 1.003862 1.002736 1.002156 1.001977 1.002156 1.003764 
6.064720 1.001309 1.002675 1.002605 1.002675 1.005243 1.003919 1.002605 1.003919 1.004772 
6.086265 1.001775 1.003816 1.002740 1.003816 1.000025 1.003448 1.002740 1.003448 1.004697 
6.107809 1.002152 1.003453 1.002712 1.003453 1.001075 1.003270 1.002712 1.003270 1.004061 
6.129353 1.002099 1.002834 1.003045 1.002834 1.003445 1.003237 1.003045 1.003237 1.004955 
6.150898 1.002927 1.002920 1.003524 1.002920 1.000741 1.002514 1.003524 1.002514 1.004576 
6.172442 1.002881 1.002563 1.002877 1.002563 1.000588 1.001722 1.002877 1.001722 1.001852 
6.193986 1.003114 1.002844 1.003635 1.002844 0.999977 1.000535 1.003635 1.000535 1.002580 
6.215531 1.002746 1.002204 1.003607 1.002204 0.998579 1.000685 1.003607 1.000685 1.002661 
6.237075 1.003069 1.001939 1.003473 1.001939 0.999740 1.000747 1.003473 1.000747 1.004173 
6.258619 1.003840 1.000958 1.002885 1.000958 1.000409 1.000964 1.002885 1.000964 1.003544 
6.280164 1.002861 1.000378 1.002079 1.000378 0.999413 0.999583 1.002079 0.999583 1.003927 
6.301708 1.002434 1.000592 1.001876 1.000592 0.998710 0.998466 1.001876 0.998466 1.002147 
6.323252 1.002764 0.999697 1.001674 0.999697 0.998577 0.997618 1.001674 0.997618 1.002129 
6.344796 1.001527 0.999075 1.001896 0.999075 0.997781 0.999177 1.001896 0.999177 1.000457 
6.366341 1.001613 0.998772 1.000920 0.998772 0.997093 0.998947 1.000920 0.998947 0.999572 
6.387885 1.001270 0.998863 1.000223 0.998863 0.998983 0.998283 1.000223 0.998283 1.001212 
6.409429 1.000963 0.998756 1.000272 0.998756 0.998223 0.998333 1.000272 0.998333 0.998971 
6.430974 1.000451 0.998029 0.999397 0.998029 0.996895 0.996865 0.999397 0.996865 0.998579 
6.452518 1.000173 0.999029 0.998792 0.999029 0.998024 0.997540 0.998792 0.997540 0.997557 
6.474062 0.999662 0.997702 0.998595 0.997702 0.997458 0.997744 0.998595 0.997744 1.000156 
6.495606 0.999611 0.998018 0.998150 0.998018 0.999383 0.998047 0.998150 0.998047 0.997599 
6.517151 0.998897 0.997564 0.998001 0.997564 0.997014 0.997785 0.998001 0.997785 0.998393 
6.538695 0.998283 0.998255 0.998039 0.998255 0.999537 0.997969 0.998039 0.997969 0.996344 
6.560239 0.998633 0.997909 0.998499 0.997909 0.999346 0.997954 0.998499 0.997954 0.997727 
6.581784 0.998757 0.997908 0.997915 0.997908 0.998336 0.997357 0.997915 0.997357 0.998286 
6.603328 0.998057 0.998606 0.997205 0.998606 1.001220 0.998526 0.997205 0.998526 0.996987 
6.624872 0.998279 0.998346 0.997255 0.998346 0.999209 0.999864 0.997255 0.999864 0.997897 
6.646417 0.998325 0.997964 0.997747 0.997964 1.000325 1.000184 0.997747 1.000184 0.998783 
6.667961 0.998111 0.999083 0.998149 0.999083 1.000840 1.000064 0.998149 1.000064 0.999046 
6.689505 0.998406 0.999377 0.997859 0.999377 1.000339 1.000271 0.997859 1.000271 0.999809 
6.711050 0.997937 0.998934 0.998382 0.998934 1.001377 1.000463 0.998382 1.000463 0.999705 
6.732594 0.998782 0.999347 0.998940 0.999347 1.001017 1.000933 0.998940 1.000933 1.000431 
6.754138 0.998791 1.000464 0.999050 1.000464 1.001673 1.000474 0.999050 1.000474 0.997850 
6.775682 0.998773 0.999853 0.999574 0.999853 1.001710 1.001954 0.999574 1.001954 1.001119 
6.797227 0.998744 1.000714 0.999345 1.000714 1.001554 1.001973 0.999345 1.001973 1.000196 
6.818771 0.999311 1.000465 0.999917 1.000465 1.002722 1.001442 0.999917 1.001442 0.999351 
6.840315 0.999811 1.000724 0.999679 1.000724 1.000697 1.002005 0.999679 1.002005 0.999675 
6.861860 0.999818 1.000763 1.000295 1.000763 1.002508 1.001441 1.000295 1.001441 1.002921 
6.883404 1.000079 1.001724 1.000585 1.001724 1.000766 1.002586 1.000585 1.002586 1.002038 
6.904948 1.000359 1.001652 1.000493 1.001652 1.001021 1.001792 1.000493 1.001792 1.000155 
6.926492 1.000642 1.001297 1.001215 1.001297 1.002471 1.002794 1.001215 1.002794 1.000313 
6.948037 1.000969 1.001648 1.001291 1.001648 0.999435 1.001862 1.001291 1.001862 1.002009 
6.969581 1.000711 1.001565 1.001059 1.001565 0.999975 1.001300 1.001059 1.001300 1.001707 
6.991125 1.000956 1.001038 1.001105 1.001038 1.001335 1.001290 1.001105 1.001290 1.002462 
7.012670 1.001198 1.001186 1.001727 1.001186 1.000068 1.001958 1.001727 1.001958 0.999822 
7.034214 1.001772 1.001053 1.001552 1.001053 1.002258 1.002126 1.001552 1.002126 1.001557 
7.055758 1.001715 1.000727 1.001821 1.000727 1.000114 1.002046 1.001821 1.002046 1.002204 
7.077302 1.001393 1.000996 1.001614 1.000996 0.999749 1.001543 1.001614 1.001543 1.003053 
7.098847 1.001511 1.001231 1.000860 1.001231 0.998173 1.000848 1.000860 1.000848 1.000717 
7.120391 1.001699 1.000973 1.001818 1.000973 0.999713 0.999728 1.001818 0.999728 1.001631 
7.141935 1.001119 1.000113 1.000799 1.000113 0.999394 1.000550 1.000799 1.000550 1.000934 
7.163480 1.001650 1.000241 1.001131 1.000241 1.001108 0.999995 1.001131 0.999995 0.998338 
7.185024 1.001080 1.000003 1.001026 1.000003 0.999599 0.999689 1.001026 0.999689 1.000345 
7.206568 1.000684 0.999282 1.000916 0.999282 0.999692 0.999631 1.000916 0.999631 1.000382 
7.228113 1.000668 0.999647 1.000067 0.999647 0.998712 0.999558 1.000067 0.999558 0.999373 
7.249657 1.001111 0.999291 1.000042 0.999291 0.998814 0.998757 1.000042 0.998757 0.999664 
7.271201 1.000434 0.999548 1.000758 0.999548 0.998652 0.998077 1.000758 0.998077 1.000458 
7.292746 1.000395 0.999052 1.000056 0.999052 0.999463 0.999152 1.000056 0.999152 1.002564 
7.314290 1.000102 0.998938 0.999794 0.998938 0.999094 0.998825 0.999794 0.998825 0.998960 
7.335834 1.000277 0.999552 0.999725 0.999552 1.000377 0.998114 0.999725 0.998114 0.995936 
7.357378 0.999274 0.998461 0.999562 0.998461 0.998394 1.000010 0.999562 1.000010 0.999847 
7.378923 0.999158 0.999143 0.999780 0.999143 0.999359 1.000580 0.999780 1.000580 0.999171 
7.400467 0.999397 0.999202 0.998717 0.999202 0.999154 0.999609 0.998717 0.999609 1.000478 
7.422011 0.999845 0.999363 0.998897 0.999363 1.001248 0.998333 0.998897 0.998333 0.998396 
7.443556 0.999352 0.999352 0.999507 0.999352 0.999239 0.999491 0.999507 0.999491 0.998784 
7.465100 0.999110 0.999170 0.999173 0.999170 1.000143 0.998812 0.999173 0.998812 0.998683 
7.486644 0.998821 0.998627 0.998989 0.998627 1.000695 0.998500 0.998989 0.998500 0.998918 
7.508188 0.999315 0.999404 0.998477 0.999404 1.000811 0.999275 0.998477 0.999275 0.998823 
7.529733 0.999063 0.999457 0.998909 0.999457 1.000121 0.999116 0.998909 0.999116 0.998514 
7.551277 0.999061 0.999481 0.999265 0.999481 1.000126 0.999987 0.999265 0.999987 1.000071 
7.572821 0.999049 1.000416 0.998920 1.000416 1.003109 1.001150 0.998920 1.001150 1.001769 
7.594366 0.999836 1.000263 0.999515 1.000263 0.998931 1.000203 0.999515 1.000203 1.001861 
7.615910 0.999264 1.000406 0.999229 1.000406 1.002009 1.000923 0.999229 1.000923 0.999216 
7.637455 0.999426 1.000421 1.000073 1.000421 0.999724 0.999785 1.000073 0.999785 0.999957 
7.658999 0.999609 0.999999 0.999339 0.999999 1.000879 1.000785 0.999339 1.000785 1.001822 
7.680543 0.999740 1.000703 0.999610 1.000703 1.000617 1.000245 0.999610 1.000245 0.998798 
7.702087 0.999671 0.999831 0.999970 0.999831 1.000732 1.001160 0.999970 1.001160 0.999319 
7.723632 0.999915 1.001001 0.999920 1.001001 1.001925 1.000701 0.999920 1.000701 1.000159 
7.745176 0.999931 1.000399 0.999983 1.000399 1.000230 1.001218 0.999983 1.001218 1.002233 
7.766720 1.000482 1.000512 1.000685 1.000512 0.999388 1.000224 1.000685 1.000224 1.000838 
7.788265 1.000407 1.000803 1.001296 1.000803 1.000779 0.999450 1.001296 0.999450 1.000269 
7.809809 1.000526 1.000298 1.000786 1.000298 0.999723 1.000962 1.000786 1.000962 1.001333 
7.831353 1.000948 1.000278 1.000463 1.000278 0.999984 1.001105 1.000463 1.001105 0.998874 
7.852897 1.000622 1.000520 1.001102 1.000520 1.001206 1.002102 1.001102 1.002102 1.001590 
7.874442 1.000408 1.000491 1.000459 1.000491 0.998448 1.000620 1.000459 1.000620 1.003121 
7.895986 1.000574 1.000237 1.000874 1.000237 0.999965 1.000377 1.000874 1.000377 1.001103 
7.917530 1.000741 1.000515 1.000825 1.000515 1.000073 1.000718 1.000825 1.000718 0.999618 
7.939075 1.000968 0.999857 1.000586 0.999857 1.000407 1.001148 1.000586 1.001148 1.000141 
7.960619 1.000739 1.000168 1.000917 1.000168 1.000455 1.001167 1.000917 1.001167 0.999915 
7.982163 1.000890 1.000788 1.000819 1.000788 0.999504 1.000367 1.000819 1.000367 1.002108 
8.003707 1.000621 1.000398 1.000589 1.000398 1.001030 1.000309 1.000589 1.000309 1.000596 
8.025252 1.000505 1.000318 1.000328 1.000318 1.000885 0.999741 1.000328 0.999741 0.999901 
8.046796 1.000807 0.999929 1.000428 0.999929 1.000012 1.000009 1.000428 1.000009 0.999257 
8.068340 1.000153 1.000057 1.000451 1.000057 0.998923 1.000977 1.000451 1.000977 0.999778 
8.089884 1.000424 0.999950 0.999757 0.999950 0.999383 0.999016 0.999757 0.999016 1.001435 
8.111429 1.000467 0.999394 0.999694 0.999394 1.000683 0.998963 0.999694 0.998963 1.001512 
8.132973 1.000786 1.000026 1.000006 1.000026 1.000950 0.999567 1.000006 0.999567 1.000441 
8.154518 1.000288 0.999794 0.999350 0.999794 0.999009 0.999544 0.999350 0.999544 1.000550 
8.176062 1.000197 0.999930 0.999596 0.999930 1.000658 0.999755 0.999596 0.999755 1.001304 
8.197606 1.000070 1.000002 0.999534 1.000002 1.000557 0.999140 0.999534 0.999140 1.001213 
8.219150 1.000248 0.999179 0.999779 0.999179 1.000614 0.999573 0.999779 0.999573 1.000936 
8.240695 0.999977 0.999478 0.999355 0.999478 1.000585 0.999058 0.999355 0.999058 0.999446 
8.262239 0.999834 0.999624 0.998938 0.999624 0.997722 0.999426 0.998938 0.999426 1.000295 
8.283783 0.999575 0.999146 0.999664 0.999146 1.001149 0.999912 0.999664 0.999912 0.999327 
8.305328 1.000412 0.999777 0.999203 0.999777 0.999938 1.000412 0.999203 1.000412 1.000354 
8.326872 0.999895 0.999265 0.999646 0.999265 0.999428 0.999559 0.999646 0.999559 1.000206 
8.348416 0.999663 0.999375 0.999825 0.999375 1.000893 0.998878 0.999825 0.998878 1.000580 
8.369960 0.999594 0.999047 0.998947 0.999047 1.000248 1.000412 0.998947 1.000412 1.000303 
8.391505 0.999353 1.000025 0.999464 1.000025 1.000100 1.000446 0.999464 1.000446 1.000745 
8.413049 0.999813 0.999947 0.999953 0.999947 1.001151 0.999839 0.999953 0.999839 0.998214 
8.434594 0.999601 0.999596 1.000232 0.999596 1.000221 1.000379 1.000232 1.000379 1.001262 
8.456138 0.999506 1.000202 1.000293 1.000202 1.000284 0.999756 1.000293 0.999756 0.999881 
8.477682 0.999639 1.000371 0.999649 1.000371 1.000653 1.000586 0.999649 1.000586 1.000614 
8.499226 0.999649 1.000336 0.999679 1.000336 1.001285 0.999432 0.999679 0.999432 0.999421 
8.520771 0.999710 0.999906 0.999610 0.999906 1.002008 1.000336 0.999610 1.000336 1.001289 
8.542315 0.999865 1.000018 0.999958 1.000018 1.000752 1.000347 0.999958 1.000347 1.001218 
8.563859 1.000067 1.000050 0.999803 1.000050 1.001145 1.000143 0.999803 1.000143 0.999773 
8.585404 1.000065 1.000107 1.000236 1.000107 1.001117 1.000040 1.000236 1.000040 1.000391 
8.606948 1.000172 0.999982 0.999983 0.999982 0.999941 1.000725 0.999983 1.000725 1.000750 
8.628492 1.000079 1.000767 1.000574 1.000767 1.000411 1.001463 1.000574 1.001463 0.999359 
8.650036 1.000138 1.000450 1.000678 1.000450 1.000494 1.001227 1.000678 1.001227 1.000187 
8.671581 1.000025 0.999763 1.000647 0.999763 0.999806 1.000983 1.000647 1.000983 1.000728 
8.693125 1.000105 1.000135 0.999986 1.000135 1.001581 1.000776 0.999986 1.000776 1.001977 
8.714670 1.000234 1.000779 1.000864 1.000779 0.998596 1.000395 1.000864 1.000395 1.001803 
8.736214 1.000470 1.000271 1.000360 1.000271 0.999485 0.999682 1.000360 0.999682 1.000256 
8.757758 1.000455 1.000277 1.000348 1.000277 1.001696 0.999885 1.000348 0.999885 0.998679 
8.779302 1.000415 1.000199 1.000267 1.000199 1.000582 1.000170 1.000267 1.000170 1.001842 
8.800847 1.000314 1.000016 1.000518 1.000016 0.999800 0.999018 1.000518 0.999018 1.000004 
8.822391 1.000585 0.999960 1.000655 0.999960 0.999566 1.000170 1.000655 1.000170 1.000980 
8.843935 1.000673 0.999943 1.000439 0.999943 0.999611 1.000052 1.000439 1.000052 0.999706 
8.865479 1.000165 1.000563 1.000272 1.000563 1.002214 1.000044 1.000272 1.000044 1.000604 
8.887023 1.000433 1.000385 0.999910 1.000385 0.999370 0.999380 0.999910 0.999380 1.000182 
8.908568 1.000590 0.999934 0.999746 0.999934 1.001506 0.999238 0.999746 0.999238 1.001604 
8.930112 1.000337 0.999985 1.000650 0.999985 0.999291 0.999621 1.000650 0.999621 1.000610 
8.951657 1.000597 1.000305 0.999891 1.000305 0.999821 1.000069 0.999891 1.000069 0.998962 
8.973201 1.000346 1.000429 1.000063 1.000429 1.001373 0.999467 1.000063 0.999467 0.999141 
8.994745 1.000384 0.999891 1.000125 0.999891 1.000111 0.999647 1.000125 0.999647 1.002090 
9.016289 1.000122 0.999757 1.000097 0.999757 1.000120 0.999600 1.000097 0.999600 1.001062 
9.037834 0.999973 0.999810 1.000328 0.999810 1.000158 1.000160 1.000328 1.000160 0.997431 
9.059378 0.999873 1.000109 0.999311 1.000109 0.999165 1.000080 0.999311 1.000080 0.999509 
9.080923 1.000003 0.999861 0.999705 0.999861 0.999066 1.000082 0.999705 1.000082 0.998621 
9.102467 0.999710 0.999661 1.000413 0.999661 0.998292 0.999981 1.000413 0.999981 0.999758 
9.124011 1.000026 0.999884 0.999010 0.999884 1.000462 1.000617 0.999010 1.000617 1.001127 
9.145555 0.999885 0.999770 0.999627 0.999770 1.001360 0.999534 0.999627 0.999534 0.999251 
9.167099 0.999801 0.999475 0.999947 0.999475 0.999661 1.000209 0.999947 1.000209 1.001118 
9.188644 0.999624 0.999848 0.999769 0.999848 1.001181 1.000072 0.999769 1.000072 0.998107 
9.210188 1.000014 0.999656 0.999401 0.999656 1.000081 0.999514 0.999401 0.999514 1.000016 
9.231733 1.000305 0.999476 0.999658 0.999476 1.000041 1.000069 0.999658 1.000069 1.000321 
9.253277 1.000159 1.000054 0.999941 1.000054 0.998389 1.000246 0.999941 1.000246 1.000880 
9.274821 0.999986 1.000080 0.999819 1.000080 1.000653 1.001164 0.999819 1.001164 1.000666 
9.296365 0.999911 0.999693 1.000459 0.999693 0.999552 0.999970 1.000459 0.999970 0.999580 
9.317910 0.999830 0.999930 1.000087 0.999930 0.999226 1.000516 1.000087 1.000516 0.999846 
9.339454 1.000126 1.000096 0.999847 1.000096 1.001128 0.999863 0.999847 0.999863 1.000026 
9.360999 1.000293 0.999753 1.000283 0.999753 1.000292 1.000708 1.000283 1.000708 0.999644 
9.382543 1.000151 0.999911 0.999941 0.999911 1.000861 1.000312 0.999941 1.000312 0.999328 
9.404087 0.999827 0.999950 1.000173 0.999950 0.999425 1.000056 1.000173 1.000056 0.999717 
9.425631 0.999956 0.999883 1.000493 0.999883 0.999049 1.001188 1.000493 1.001188 1.001965 
9.447176 0.999771 1.000298 1.000249 1.000298 1.000118 1.000610 1.000249 1.000610 0.999775 
9.468720 1.000260 1.000137 1.000094 1.000137 1.001082 1.000720 1.000094 1.000720 0.999980 
9.490264 0.999779 1.000524 1.000368 1.000524 1.001547 1.000079 1.000368 1.000079 1.000172 
9.511808 1.000264 0.999705 0.999796 0.999705 0.999686 1.000058 0.999796 1.000058 1.000567 
9.533352 1.000238 0.999609 1.000251 0.999609 1.001109 0.999970 1.000251 0.999970 1.000277 
9.554897 1.000025 1.000608 1.000235 1.000608 0.999619 1.000264 1.000235 1.000264 1.000208 
9.576441 1.000269 1.000222 1.000506 1.000222 1.000791 0.999847 1.000506 0.999847 0.999971 
9.597986 1.000189 1.000166 0.999855 1.000166 1.000381 1.000872 0.999855 1.000872 1.000506 
9.619530 1.000159 1.000307 1.000036 1.000307 1.000102 1.000374 1.000036 1.000374 1.000319 
9.641074 1.000460 0.999992 1.000227 0.999992 1.000910 1.000020 1.000227 1.000020 1.001268 
9.662618 1.000649 1.000170 1.000011 1.000170 1.002306 1.000012 1.000011 1.000012 0.999929 
9.684163 1.000002 1.000013 1.000054 1.000013 1.001254 0.999264 1.000054 0.999264 0.999877 
9.705707 1.000246 1.000440 1.000279 1.000440 1.000426 1.000260 1.000279 1.000260 1.001128 
9.727252 1.000117 1.000242 1.000335 1.000242 1.001740 1.000591 1.000335 1.000591 0.999482 
9.748796 1.000553 0.999699 0.999736 0.999699 1.000828 0.999712 0.999736 0.999712 0.999604 
9.770340 1.000107 1.000468 0.999731 1.000468 1.000108 0.999560 0.999731 0.999560 1.000202 
9.791884 1.000090 0.999962 0.999778 0.999962 0.999933 0.999671 0.999778 0.999671 1.001749 
9.813428 0.999823 1.000243 1.000155 1.000243 1.000806 1.000381 1.000155 1.000381 1.000084 
9.834973 1.000398 1.000160 1.000461 1.000160 1.001293 0.999507 1.000461 0.999507 0.999639 
9.856517 1.000027 0.999495 1.000404 0.999495 1.000408 0.999823 1.000404 0.999823 0.998534 
9.878062 1.000076 0.999627 1.000023 0.999627 0.999724 0.999951 1.000023 0.999951 1.000591 
9.899606 1.000330 0.999991 1.000419 0.999991 0.999293 1.000308 1.000419 1.000308 0.999313 
9.921150 0.999821 0.999703 1.000357 0.999703 0.999196 1.000114 1.000357 1.000114 0.999515 
9.942694 0.999760 0.999669 0.999773 0.999669 1.000615 1.000387 0.999773 1.000387 1.000486 
9.964239 1.000141 0.999993 0.999759 0.999993 0.999433 0.999720 0.999759 0.999720 1.000067 
9.985783 1.000150 1.000211 1.000462 1.000211 0.999338 1.000220 1.000462 1.000220 0.999114 
10.007328 1.000076 0.999914 0.999834 0.999914 1.000035 1.000063 0.999834 1.000063 1.000828 
10.028872 1.000087 0.999572 0.999725 0.999572 1.000236 1.000166 0.999725 1.000166 1.000773 
10.050416 1.000255 0.999422 0.999600 0.999422 1.000269 0.999719 0.999600 0.999719 1.000448 
10.071960 1.000046 0.999997 1.000169 0.999997 1.000169 1.000009 1.000169 1.000009 1.000881 
10.093504 0.999999 1.000443 0.999747 1.000443 0.999462 0.999830 0.999747 0.999830 1.000442 
10.115049 0.999708 1.000276 0.999571 1.000276 1.000642 1.000382 0.999571 1.000382 0.999379 
10.136593 1.000013 0.999675 0.999830 0.999675 1.000118 1.000921 0.999830 1.000921 1.000524 
10.158138 1.000062 0.999926 1.000132 0.999926 0.999726 0.999804 1.000132 0.999804 1.001065 
10.179682 1.000240 0.999423 1.000123 0.999423 1.000794 1.000718 1.000123 1.000718 1.000833 
10.201226 1.000234 0.999934 1.000230 0.999934 0.999603 1.000115 1.000230 1.000115 1.000550 
10.222770 1.000242 0.999573 0.999680 0.999573 0.999895 1.001114 0.999680 1.001114 1.000469 
10.244315 0.999997 1.000009 0.999667 1.000009 1.000633 1.001358 0.999667 1.001358 1.001133 
10.265859 1.000219 1.000255 0.999808 1.000255 1.001008 1.000051 0.999808 1.000051 1.001026 
10.287404 1.000102 1.000207 0.999856 1.000207 0.999502 1.000585 0.999856 1.000585 1.000405 
10.308948 1.000326 1.000250 0.999751 1.000250 1.001032 0.999512 0.999751 0.999512 1.000105 
10.330492 1.000403 0.999851 1.000209 0.999851 1.000555 0.999400 1.000209 0.999400 1.000385 
10.352036 1.000110 0.999770 0.999888 0.999770 1.001418 1.001290 0.999888 1.001290 0.999638 
10.373580 1.000455 0.999905 0.999706 0.999905 1.000438 1.000216 0.999706 1.000216 1.000612 
10.395125 0.999881 1.000052 1.000309 1.000052 0.999975 0.999779 1.000309 0.999779 0.999439 
10.416669 1.000191 1.000339 0.999820 1.000339 1.000458 1.000189 0.999820 1.000189 1.001352 
10.438213 1.000050 1.000383 1.000286 1.000383 1.000968 1.000458 1.000286 1.000458 1.000375 
10.459757 1.000152 1.000075 1.000014 1.000075 0.999965 0.999621 1.000014 0.999621 1.000166 
10.481302 0.999996 1.000389 1.000532 1.000389 1.001037 0.999957 1.000532 0.999957 0.999870 
10.502846 1.000064 0.999835 1.000033 0.999835 0.999475 1.000578 1.000033 1.000578 0.999812 
10.524391 1.000192 1.000383 1.000235 1.000383 1.000173 1.001051 1.000235 1.001051 0.999597 
10.545935 0.999994 0.999654 1.000057 0.999654 1.001665 0.999448 1.000057 0.999448 0.999368 
10.567479 1.000110 1.000453 0.999795 1.000453 0.999555 0.999613 0.999795 0.999613 1.000917 
10.589023 1.000293 1.000109 0.999975 1.000109 0.999315 1.000069 0.999975 1.000069 1.000467 
10.610568 1.000226 0.999985 1.000464 0.999985 1.000752 1.000747 1.000464 1.000747 1.000361 
10.632112 1.000236 0.999949 1.000036 0.999949 1.000762 0.999558 1.000036 0.999558 1.000519 
10.653656 1.000332 0.999863 1.000221 0.999863 1.000761 1.000469 1.000221 1.000469 0.999883 
10.675201 1.000198 1.000182 0.999788 1.000182 1.000066 0.999706 0.999788 0.999706 1.000341 
10.696745 1.000093 0.999592 0.999942 0.999592 0.999760 0.999250 0.999942 0.999250 0.999900 
10.718289 1.000075 1.000135 0.999965 1.000135 0.999683 1.000227 0.999965 1.000227 1.000248 
10.739833 0.999769 1.000068 0.999966 1.000068 0.998185 0.999441 0.999966 0.999441 1.000566 
10.761378 1.000308 0.999840 1.000043 0.999840 0.999000 0.999754 1.000043 0.999754 1.000288 
10.782922 0.997158 0.997138 0.996981 0.997138 0.996986 0.997530 0.996981 0.997530 0.997409 
10.804467 0.991229 0.990944 0.990964 0.990944 0.991298 0.990535 0.990964 0.990535 0.991845 
10.826011 0.984866 0.985050 0.985272 0.985050 0.985675 0.985767 0.985272 0.985767 0.985239 
10.847555 0.979384 0.979169 0.979151 0.979169 0.979020 0.979662 0.979151 0.979662 0.979711 
10.869099 0.973118 0.973854 0.973400 0.973854 0.974724 0.973660 0.973400 0.973660 0.972600 
10.890644 0.967381 0.967151 0.967581 0.967151 0.968076 0.966864 0.967581 0.966864 0.968181 
10.912188 0.961791 0.961092 0.961013 0.961092 0.961644 0.961536 0.961013 0.961536 0.962060 
10.933733 0.955487 0.955360 0.955560 0.955360 0.955396 0.956014 0.955560 0.956014 0.955848 
10.955276 0.949930 0.949677 0.949867 0.949677 0.950309 0.949842 0.949867 0.949842 0.950431 
10.976820 0.943960 0.944476 0.944381 0.944476 0.943343 0.943614 0.944381 0.943614 0.944570 
10.998365 0.938467 0.937933 0.938021 0.937933 0.938067 0.938246 0.938021 0.938246 0.938428 
11.019909 0.932643 0.932881 0.932457 0.932881 0.932402 0.931919 0.932457 0.931919 0.931855 
11.041454 0.926946 0.926447 0.927040 0.926447 0.927998 0.926929 0.927040 0.926929 0.927054 
11.062998 0.921268 0.920875 0.921099 0.920875 0.921983 0.920936 0.921099 0.920936 0.921384 
11.084543 0.915594 0.915439 0.915854 0.915439 0.916281 0.915691 0.915854 0.915691 0.916388 
11.106087 0.909820 0.909867 0.909950 0.909867 0.910023 0.910373 0.909950 0.910373 0.911297 
11.127631 0.904269 0.904821 0.904360 0.904821 0.904384 0.903986 0.904360 0.903986 0.904880 
11.149175 0.898698 0.898866 0.898810 0.898866 0.898326 0.898753 0.898810 0.898753 0.898130 
11.170720 0.893101 0.893043 0.892976 0.893043 0.892698 0.893956 0.892976 0.893956 0.892101 
11.192264 0.887254 0.887269 0.887175 0.887269 0.888878 0.887980 0.887175 0.887980 0.887242 
11.213809 0.882322 0.881757 0.881941 0.881757 0.882011 0.882118 0.881941 0.882118 0.882420 
11.235353 0.876276 0.876105 0.876671 0.876105 0.876663 0.876817 0.876671 0.876817 0.876641 
11.256896 0.871168 0.871008 0.870886 0.871008 0.871111 0.870654 0.870886 0.870654 0.870710 
11.278441 0.865331 0.865614 0.865227 0.865614 0.864851 0.865571 0.865227 0.865571 0.865393 
11.299985 0.859937 0.859628 0.859703 0.859628 0.859671 0.859719 0.859703 0.859719 0.860013 
11.321530 0.854569 0.854346 0.854250 0.854346 0.854965 0.854249 0.854250 0.854249 0.854319 
11.343074 0.849071 0.848808 0.848933 0.848808 0.848290 0.848884 0.848933 0.848884 0.848673 
11.364618 0.843878 0.843372 0.843662 0.843372 0.843249 0.843451 0.843662 0.843451 0.844280 
11.386162 0.838334 0.838553 0.838239 0.838553 0.838200 0.838532 0.838239 0.838532 0.838390 
11.407707 0.833033 0.832957 0.832600 0.832957 0.833416 0.833118 0.832600 0.833118 0.832371 
11.429251 0.827613 0.827453 0.827372 0.827453 0.827977 0.827350 0.827372 0.827350 0.828020 
11.450796 0.822314 0.822190 0.822045 0.822190 0.822389 0.821895 0.822045 0.821895 0.823048 
11.472340 0.817101 0.816651 0.816698 0.816651 0.817329 0.817428 0.816698 0.817428 0.818260 
11.493884 0.811602 0.811367 0.811950 0.811367 0.812136 0.812364 0.811950 0.812364 0.812149 
11.515428 0.806732 0.806262 0.806453 0.806262 0.806118 0.806381 0.806453 0.806381 0.806953 
11.536973 0.801312 0.801082 0.801438 0.801082 0.800962 0.801019 0.801438 0.801019 0.801417 
11.558517 0.795880 0.796124 0.795819 0.796124 0.796474 0.796194 0.795819 0.796194 0.796160 
11.580061 0.790726 0.790809 0.790868 0.790809 0.790869 0.790596 0.790868 0.790596 0.790535 
11.601606 0.785400 0.785519 0.785182 0.785519 0.785744 0.785319 0.785182 0.785319 0.786234 
11.623150 0.780358 0.780200 0.779962 0.780200 0.780984 0.780247 0.779962 0.780247 0.780741 
11.644694 0.775226 0.775387 0.775034 0.775387 0.774959 0.775186 0.775034 0.775186 0.775349 
11.666238 0.770211 0.770082 0.770376 0.770082 0.770052 0.770281 0.770376 0.770281 0.768792 
11.687783 0.765039 0.764885 0.765140 0.764885 0.764488 0.764878 0.765140 0.764878 0.765451 
11.709327 0.760100 0.760168 0.759536 0.760168 0.760293 0.759754 0.759536 0.759754 0.760520 
11.730872 0.754894 0.755106 0.755094 0.755106 0.755086 0.755380 0.755094 0.755380 0.755393 
11.752416 0.750102 0.749807 0.749845 0.749807 0.749866 0.749922 0.749845 0.749922 0.750115 
11.773960 0.744788 0.744535 0.744637 0.744535 0.745091 0.744827 0.744637 0.744827 0.744459 
11.795504 0.739589 0.739705 0.739685 0.739705 0.739239 0.739415 0.739685 0.739415 0.740104 
11.817049 0.734849 0.734615 0.734691 0.734615 0.733928 0.734720 0.734691 0.734720 0.733986 
11.838593 0.729607 0.729730 0.729758 0.729730 0.730512 0.729867 0.729758 0.729867 0.730105 
11.860137 0.724829 0.724808 0.724951 0.724808 0.725032 0.724608 0.724951 0.724608 0.724979 
11.881681 0.719906 0.719670 0.720033 0.719670 0.719083 0.720736 0.720033 0.720736 0.720786 
11.903225 0.715191 0.715028 0.714942 0.715028 0.715502 0.715146 0.714942 0.715146 0.714917 
11.924770 0.710056 0.710137 0.710201 0.710137 0.710243 0.710110 0.710201 0.710110 0.709892 
11.946314 0.705086 0.705124 0.705021 0.705124 0.704704 0.705804 0.705021 0.705804 0.705086 
11.967859 0.700464 0.700280 0.700578 0.700280 0.700908 0.699920 0.700578 0.699920 0.699623 
11.989403 0.695730 0.695308 0.695477 0.695308 0.695055 0.695423 0.695477 0.695423 0.696473 
12.010947 0.690611 0.690638 0.690764 0.690638 0.691077 0.690621 0.690764 0.690621 0.691131 
12.032491 0.685819 0.685697 0.685761 0.685697 0.686212 0.685817 0.685761 0.685817 0.684916 
12.054036 0.681027 0.681014 0.681120 0.681014 0.680363 0.681089 0.681120 0.681089 0.682014 
12.075580 0.676011 0.676235 0.676296 0.676235 0.676008 0.675824 0.676296 0.675824 0.676995 
12.097125 0.671596 0.671735 0.671596 0.671735 0.671013 0.671222 0.671596 0.671222 0.670766 
12.118669 0.666753 0.666451 0.666606 0.666451 0.666425 0.667142 0.666606 0.667142 0.665771 
12.140213 0.661917 0.662144 0.662105 0.662144 0.662446 0.662002 0.662105 0.662002 0.662152 
12.161757 0.657293 0.657471 0.657142 0.657471 0.657516 0.656888 0.657142 0.656888 0.656535 
12.183301 0.652445 0.652541 0.652584 0.652541 0.653095 0.652302 0.652584 0.652302 0.653608 
12.204846 0.647855 0.648048 0.648045 0.648048 0.648037 0.647222 0.648045 0.647222 0.648327 
12.226390 0.643241 0.643084 0.643227 0.643084 0.643091 0.642776 0.643227 0.642776 0.643934 
12.247935 0.638636 0.638448 0.638473 0.638448 0.640143 0.639156 0.638473 0.639156 0.639001 
12.269479 0.633888 0.633946 0.634021 0.633946 0.634006 0.633892 0.634021 0.633892 0.634105 
12.291023 0.629476 0.629128 0.629180 0.629128 0.629826 0.629711 0.629180 0.629711 0.629328 
12.312567 0.624861 0.624691 0.624633 0.624691 0.624325 0.624819 0.624633 0.624819 0.625028 
12.334112 0.620423 0.619859 0.620101 0.619859 0.619608 0.620467 0.620101 0.620467 0.619613 
12.355656 0.615433 0.615461 0.615273 0.615461 0.615375 0.615294 0.615273 0.615294 0.615429 
12.377201 0.611057 0.610919 0.611160 0.610919 0.611487 0.610878 0.611160 0.610878 0.611414 
12.398745 0.606520 0.606511 0.606346 0.606511 0.606421 0.606506 0.606346 0.606506 0.607004 
12.420289 0.602130 0.601990 0.601876 0.601990 0.602520 0.602234 0.601876 0.602234 0.601927 
12.441833 0.597780 0.597606 0.597231 0.597606 0.597725 0.597093 0.597231 0.597093 0.597276 
12.463377 0.592986 0.592854 0.592667 0.592854 0.593068 0.593426 0.592667 0.593426 0.592973 
12.484922 0.588555 0.588327 0.588534 0.588327 0.588281 0.588792 0.588534 0.588792 0.589191 
12.506466 0.583884 0.584129 0.583893 0.584129 0.584239 0.584014 0.583893 0.584014 0.584490 
12.528011 0.579403 0.579420 0.579403 0.579420 0.579625 0.579640 0.579403 0.579640 0.579786 
12.549555 0.575071 0.575136 0.575043 0.575136 0.575042 0.575351 0.575043 0.575351 0.574907 
12.571099 0.570602 0.570754 0.570820 0.570754 0.570719 0.570674 0.570820 0.570674 0.570931 
12.592643 0.566264 0.566356 0.566264 0.566356 0.566189 0.566224 0.566264 0.566224 0.566839 
12.614188 0.562031 0.561904 0.561846 0.561904 0.562326 0.562052 0.561846 0.562052 0.562134 
12.635732 0.557778 0.557519 0.557422 0.557519 0.557598 0.557670 0.557422 0.557670 0.557628 
12.657277 0.553281 0.553056 0.553455 0.553056 0.552640 0.553049 0.553455 0.553049 0.553269 
12.678821 0.548762 0.548558 0.548796 0.548558 0.548780 0.549193 0.548796 0.549193 0.548756 
12.700365 0.544582 0.544528 0.544572 0.544528 0.544635 0.544856 0.544572 0.544856 0.544759 
12.721909 0.540406 0.540123 0.540042 0.540123 0.540287 0.540638 0.540042 0.540638 0.539964 
12.743454 0.536037 0.535841 0.536244 0.535841 0.536275 0.536107 0.536244 0.536107 0.536344 
12.764998 0.531846 0.531661 0.531472 0.531661 0.532369 0.531543 0.531472 0.531543 0.531429 
12.786542 0.527449 0.527408 0.527371 0.527408 0.527468 0.527353 0.527371 0.527353 0.527493 
12.808086 0.523209 0.523103 0.523238 0.523103 0.523571 0.523172 0.523238 0.523172 0.523120 
12.829630 0.519064 0.518799 0.518840 0.518799 0.519012 0.518953 0.518840 0.518953 0.518564 
12.851175 0.514674 0.514407 0.514697 0.514407 0.514504 0.514629 0.514697 0.514629 0.515291 
12.872719 0.510500 0.510356 0.510428 0.510356 0.510798 0.510501 0.510428 0.510501 0.510462 
12.894264 0.506617 0.506294 0.506215 0.506294 0.506694 0.506159 0.506215 0.506159 0.505903 
12.915808 0.502150 0.502242 0.502137 0.502242 0.501699 0.502018 0.502137 0.502018 0.502380 
12.937352 0.498071 0.497940 0.497951 0.497940 0.497575 0.497757 0.497951 0.497757 0.498234 
12.958896 0.493881 0.493871 0.493673 0.493871 0.493896 0.494311 0.493673 0.494311 0.494561 
12.980441 0.489639 0.489518 0.489457 0.489518 0.489757 0.490146 0.489457 0.490146 0.490351 
13.001985 0.485529 0.485725 0.485508 0.485725 0.485570 0.485667 0.485508 0.485667 0.485874 
13.023530 0.481269 0.481451 0.481348 0.481451 0.482075 0.480700 0.481348 0.480700 0.482227 
13.045074 0.477395 0.477351 0.477338 0.477351 0.477544 0.477250 0.477338 0.477250 0.476924 
13.066618 0.473244 0.473179 0.473583 0.473179 0.472703 0.473394 0.473583 0.473394 0.473199 
13.088162 0.469080 0.469156 0.469203 0.469156 0.469074 0.469069 0.469203 0.469069 0.469715 
13.109706 0.465075 0.465100 0.465291 0.465100 0.465570 0.465433 0.465291 0.465433 0.465036 
13.131251 0.460863 0.461113 0.461054 0.461113 0.460795 0.461292 0.461054 0.461292 0.460949 
13.152795 0.456925 0.457169 0.457009 0.457169 0.457341 0.457234 0.457009 0.457234 0.457482 
13.174340 0.453072 0.453023 0.453132 0.453023 0.453205 0.452970 0.453132 0.452970 0.452996 
13.195884 0.449173 0.449043 0.449017 0.449043 0.449137 0.449093 0.449017 0.449093 0.448937 
13.217428 0.444953 0.444892 0.445095 0.444892 0.444407 0.444685 0.445095 0.444685 0.444667 
13.238972 0.441109 0.441046 0.440970 0.441046 0.441237 0.440773 0.440970 0.440773 0.440936 
13.260517 0.436908 0.437215 0.437178 0.437215 0.436725 0.436619 0.437178 0.436619 0.437198 
13.282061 0.433181 0.433173 0.433218 0.433173 0.433127 0.432830 0.433218 0.432830 0.433752 
13.303606 0.429266 0.429232 0.429172 0.429232 0.429763 0.428609 0.429172 0.428609 0.429607 
13.325150 0.425308 0.425218 0.425143 0.425218 0.424956 0.425554 0.425143 0.425554 0.424954 
13.346694 0.421408 0.420874 0.421081 0.420874 0.421710 0.421220 0.421081 0.421220 0.421169 
13.368238 0.417407 0.417385 0.417393 0.417385 0.417433 0.417547 0.417393 0.417547 0.417115 
13.389782 0.413510 0.413442 0.413432 0.413442 0.413434 0.413746 0.413432 0.413746 0.413327 
13.411327 0.409660 0.409668 0.409451 0.409668 0.409587 0.410051 0.409451 0.410051 0.409645 
13.432871 0.405790 0.405737 0.405437 0.405737 0.406081 0.405608 0.405437 0.405608 0.405494 
13.454415 0.401995 0.402027 0.401855 0.402027 0.402143 0.401948 0.401855 0.401948 0.402099 
13.475959 0.398029 0.398117 0.398279 0.398117 0.397978 0.397972 0.398279 0.397972 0.398692 
13.497504 0.394320 0.394287 0.394262 0.394287 0.394818 0.394446 0.394262 0.394446 0.394552 
13.519048 0.390557 0.390353 0.390380 0.390353 0.390952 0.390698 0.390380 0.390698 0.391179 
13.540593 0.386781 0.386508 0.386574 0.386508 0.386154 0.386461 0.386574 0.386461 0.386311 
13.562137 0.382788 0.382902 0.382789 0.382902 0.382688 0.382800 0.382789 0.382800 0.383379 
13.583681 0.379077 0.379139 0.379390 0.379139 0.379241 0.378721 0.379390 0.378721 0.378403 
13.605225 0.375586 0.375275 0.375271 0.375275 0.374914 0.375339 0.375271 0.375339 0.375706 
13.626770 0.371591 0.371703 0.371733 0.371703 0.371984 0.371183 0.371733 0.371183 0.372437 
13.648314 0.367895 0.367809 0.367738 0.367809 0.367970 0.368019 0.367738 0.368019 0.367723 
13.669858 0.364232 0.364207 0.364070 0.364207 0.364686 0.364207 0.364070 0.364207 0.364048 
13.691403 0.360361 0.360302 0.360469 0.360302 0.361143 0.360577 0.360469 0.360577 0.360344 
13.712947 0.356679 0.356588 0.356746 0.356588 0.357194 0.356617 0.356746 0.356617 0.357096 
13.734491 0.353085 0.352937 0.353105 0.352937 0.352728 0.353266 0.353105 0.353266 0.352835 
13.756035 0.349281 0.349315 0.349271 0.349315 0.349379 0.349486 0.349271 0.349486 0.349370 
13.777580 0.345593 0.345584 0.345513 0.345584 0.345739 0.345739 0.345513 0.345739 0.345896 
13.799124 0.341956 0.341826 0.341755 0.341826 0.342294 0.342237 0.341755 0.342237 0.341830 
13.820669 0.338329 0.338267 0.338060 0.338267 0.337967 0.337922 0.338060 0.337922 0.338141 
13.842213 0.334647 0.334741 0.334794 0.334741 0.334516 0.334536 0.334794 0.334536 0.334365 
13.863757 0.331100 0.330988 0.330975 0.330988 0.331309 0.331373 0.330975 0.331373 0.330718 
13.885301 0.327445 0.327273 0.327522 0.327273 0.327623 0.327536 0.327522 0.327536 0.327190 
13.906846 0.323684 0.323661 0.323808 0.323661 0.323709 0.323648 0.323808 0.323648 0.324449 
13.928390 0.320244 0.320249 0.320134 0.320249 0.320063 0.320126 0.320134 0.320126 0.320503 
13.949934 0.316607 0.316430 0.316810 0.316430 0.316366 0.316815 0.316810 0.316815 0.316268 
13.971479 0.312928 0.313111 0.312904 0.313111 0.312810 0.312955 0.312904 0.312955 0.313225 
13.993023 0.309454 0.309558 0.309590 0.309558 0.309538 0.309572 0.309590 0.309572 0.309563 
14.014567 0.305894 0.305730 0.305912 0.305730 0.305879 0.305850 0.305912 0.305850 0.306276 
14.036111 0.302393 0.302431 0.302226 0.302431 0.301996 0.302452 0.302226 0.302452 0.302928 
14.057656 0.299009 0.298895 0.298851 0.298895 0.298371 0.298743 0.298851 0.298743 0.299531 
14.079200 0.295309 0.295378 0.295386 0.295378 0.295321 0.295353 0.295386 0.295353 0.295015 
14.100745 0.291881 0.291674 0.291744 0.291674 0.291847 0.291921 0.291744 0.291921 0.292000 
14.122289 0.288496 0.288386 0.288294 0.288386 0.288602 0.287800 0.288294 0.287800 0.288520 
14.143833 0.284978 0.285007 0.284853 0.285007 0.284713 0.284711 0.284853 0.284711 0.284954 
14.165377 0.281458 0.281357 0.281351 0.281357 0.281367 0.281116 0.281351 0.281116 0.281427 
14.186922 0.277773 0.277987 0.277890 0.277987 0.277806 0.278192 0.277890 0.278192 0.277709 
14.208466 0.274371 0.274404 0.274508 0.274404 0.274867 0.274536 0.274508 0.274536 0.274186 
14.230011 0.270983 0.271107 0.270851 0.271107 0.271380 0.271322 0.270851 0.271322 0.270733 
14.251554 0.267674 0.267794 0.267569 0.267794 0.267693 0.267708 0.267569 0.267708 0.268055 
14.273098 0.264125 0.264013 0.264084 0.264013 0.264475 0.263969 0.264084 0.263969 0.263946 
14.294643 0.260695 0.260758 0.260747 0.260758 0.260986 0.260440 0.260747 0.260440 0.260695 
14.316187 0.257423 0.257242 0.257195 0.257242 0.257281 0.257528 0.257195 0.257528 0.257192 
14.337732 0.253960 0.253952 0.254043 0.253952 0.254187 0.253815 0.254043 0.253815 0.253796 
14.359276 0.250514 0.250614 0.250584 0.250614 0.250315 0.250692 0.250584 0.250692 0.250494 
14.380820 0.247283 0.247188 0.247170 0.247188 0.246765 0.247401 0.247170 0.247401 0.247164 
14.402364 0.243864 0.243913 0.243899 0.243913 0.244116 0.243884 0.243899 0.243884 0.244351 
14.423909 0.240508 0.240393 0.240551 0.240393 0.240500 0.240620 0.240551 0.240620 0.240365 
14.445453 0.237161 0.237121 0.237121 0.237121 0.237116 0.237412 0.237121 0.237412 0.237483 
14.466998 0.233852 0.233792 0.233906 0.233792 0.233901 0.233861 0.233906 0.233861 0.233938 
14.488542 0.230596 0.230540 0.230451 0.230540 0.230550 0.230369 0.230451 0.230369 0.230793 
14.510086 0.227217 0.227194 0.227262 0.227194 0.227493 0.227357 0.227262 0.227357 0.226756 
14.531630 0.223844 0.223887 0.223836 0.223887 0.224459 0.223892 0.223836 0.223892 0.224337 
14.553174 0.220565 0.220520 0.220524 0.220520 0.220800 0.220653 0.220524 0.220653 0.220935 
14.574719 0.217448 0.217171 0.217288 0.217171 0.217070 0.217638 0.217288 0.217638 0.217213 
14.596263 0.214085 0.214132 0.214007 0.214132 0.214070 0.214069 0.214007 0.214069 0.214170 
14.617808 0.210808 0.210738 0.210824 0.210738 0.210598 0.210748 0.210824 0.210748 0.210803 
14.639352 0.207666 0.207512 0.207632 0.207512 0.207574 0.207364 0.207632 0.207364 0.207568 
14.660896 0.204272 0.204260 0.204255 0.204260 0.203906 0.204450 0.204255 0.204450 0.204686 
14.682440 0.200958 0.200959 0.200896 0.200959 0.201035 0.200869 0.200896 0.200869 0.201046 
14.703985 0.197834 0.197722 0.197824 0.197722 0.197780 0.197975 0.197824 0.197975 0.197657 
14.725529 0.194527 0.194726 0.194651 0.194726 0.194483 0.194602 0.194651 0.194602 0.194219 
14.747074 0.191377 0.191317 0.191490 0.191317 0.191390 0.191420 0.191490 0.191420 0.191125 
14.768618 0.188180 0.188114 0.188284 0.188114 0.188688 0.188062 0.188284 0.188062 0.188166 
14.790162 0.185025 0.185047 0.185114 0.185047 0.185194 0.184944 0.185114 0.184944 0.185240 
14.811706 0.181850 0.181884 0.181857 0.181884 0.181805 0.182001 0.181857 0.182001 0.181543 
14.833251 0.178666 0.178543 0.178715 0.178543 0.178613 0.178724 0.178715 0.178724 0.178843 
14.854795 0.175437 0.175544 0.175512 0.175544 0.175464 0.175565 0.175512 0.175565 0.175800 
14.876339 0.172354 0.172208 0.172153 0.172208 0.172323 0.172282 0.172153 0.172282 0.172111 
14.897883 0.169330 0.169079 0.169133 0.169079 0.169285 0.169202 0.169133 0.169202 0.169401 
14.919427 0.166088 0.166169 0.166042 0.166169 0.165991 0.166057 0.166042 0.166057 0.166181 
14.940972 0.162960 0.162979 0.162887 0.162979 0.163072 0.162939 0.162887 0.162939 0.162632 
14.962516 0.159909 0.159822 0.159953 0.159822 0.159927 0.159761 0.159953 0.159761 0.159753 
14.984061 0.156822 0.156631 0.156632 0.156631 0.156560 0.156814 0.156632 0.156814 0.156762 
15.005605 0.153625 0.153529 0.153522 0.153529 0.153551 0.153608 0.153522 0.153608 0.153704 
15.027149 0.150563 0.150630 0.150592 0.150630 0.150733 0.150216 0.150592 0.150216 0.150698 
15.048693 0.147410 0.147457 0.147530 0.147457 0.147869 0.147264 0.147530 0.147264 0.147621 
15.070238 0.144372 0.144425 0.144264 0.144425 0.144701 0.144315 0.144264 0.144315 0.144377 
15.091782 0.141328 0.141310 0.141399 0.141310 0.141579 0.141441 0.141399 0.141441 0.141306 
15.113327 0.138182 0.138337 0.138246 0.138337 0.138326 0.138311 0.138246 0.138311 0.138379 
15.134871 0.135235 0.135326 0.135275 0.135326 0.135163 0.135242 0.135275 0.135242 0.135098 
15.156415 0.132210 0.132191 0.132160 0.132191 0.132298 0.132364 0.132160 0.132364 0.131960 
15.177959 0.129129 0.129262 0.129187 0.129262 0.128883 0.129172 0.129187 0.129172 0.129197 
15.199503 0.126219 0.126082 0.126220 0.126082 0.126208 0.126347 0.126220 0.126347 0.126286 
15.221048 0.123142 0.123073 0.123213 0.123073 0.123126 0.123278 0.123213 0.123278 0.123090 
15.242592 0.120239 0.120231 0.120204 0.120231 0.120150 0.120030 0.120204 0.120030 0.120426 
15.264137 0.117423 0.117497 0.117478 0.117497 0.117490 0.117542 0.117478 0.117542 0.117205 
15.285681 0.114899 0.114987 0.114856 0.114987 0.114869 0.114806 0.114856 0.114806 0.114628 
15.307225 0.112402 0.112312 0.112316 0.112312 0.112187 0.112324 0.112316 0.112324 0.112404 
15.328769 0.109994 0.109887 0.110073 0.109887 0.109853 0.110318 0.110073 0.110318 0.110101 
15.350314 0.107678 0.107709 0.107678 0.107709 0.107544 0.107844 0.107678 0.107844 0.107829 
15.371858 0.105355 0.105354 0.105405 0.105354 0.105389 0.105391 0.105405 0.105391 0.105466 
15.393403 0.103182 0.103145 0.103179 0.103145 0.103028 0.103287 0.103179 0.103287 0.103238 
15.414947 0.100945 0.100955 0.101002 0.100955 0.101113 0.101059 0.101002 0.101059 0.101145 
15.436491 0.098893 0.098859 0.098816 0.098859 0.098720 0.098880 0.098816 0.098880 0.098930 
15.458035 0.096850 0.096792 0.096845 0.096792 0.096642 0.096991 0.096845 0.096991 0.097069 
15.479579 0.094837 0.094883 0.094887 0.094883 0.094989 0.094883 0.094887 0.094883 0.094894 
15.501124 0.092915 0.092900 0.092844 0.092900 0.092727 0.092902 0.092844 0.092902 0.092883 
15.522668 0.090998 0.090906 0.090869 0.090906 0.090852 0.090739 0.090869 0.090739 0.091165 
15.544213 0.089082 0.089035 0.089116 0.089035 0.089307 0.088895 0.089116 0.088895 0.089162 
15.565757 0.087262 0.087245 0.087179 0.087245 0.087404 0.087155 0.087179 0.087155 0.087320 
15.587301 0.085527 0.085424 0.085487 0.085424 0.085524 0.085345 0.085487 0.085345 0.085619 
15.608845 0.083687 0.083572 0.083610 0.083572 0.083856 0.083701 0.083610 0.083701 0.083860 
15.630390 0.081949 0.081923 0.081907 0.081923 0.082089 0.082085 0.081907 0.082085 0.081969 
15.651934 0.080272 0.080171 0.080224 0.080171 0.080408 0.080335 0.080224 0.080335 0.080557 
15.673479 0.078611 0.078588 0.078613 0.078588 0.078872 0.078595 0.078613 0.078595 0.078592 
15.695023 0.077024 0.077005 0.076938 0.077005 0.076995 0.076948 0.076938 0.076948 0.077112 
15.716567 0.075345 0.075419 0.075373 0.075419 0.075306 0.075549 0.075373 0.075549 0.075197 
15.738111 0.073831 0.073838 0.073784 0.073838 0.073764 0.073829 0.073784 0.073829 0.074038 
15.759655 0.072299 0.072324 0.072230 0.072324 0.072078 0.072109 0.072230 0.072109 0.072173 
15.781200 0.070737 0.070756 0.070755 0.070756 0.070744 0.070822 0.070755 0.070822 0.070887 
15.802744 0.069192 0.069289 0.069223 0.069289 0.069328 0.069124 0.069223 0.069124 0.069231 
15.824288 0.067838 0.067798 0.067834 0.067798 0.067690 0.067932 0.067834 0.067932 0.067833 
15.845832 0.066403 0.066455 0.066409 0.066455 0.066565 0.066445 0.066409 0.066445 0.066390 
15.867377 0.065020 0.064994 0.064996 0.064994 0.065116 0.064940 0.064996 0.064940 0.065133 
15.888921 0.063637 0.063627 0.063584 0.063627 0.063721 0.063542 0.063584 0.063542 0.063510 
15.910466 0.062204 0.062212 0.062286 0.062212 0.062326 0.062312 0.062286 0.062312 0.062365 
15.932010 0.060985 0.060961 0.060938 0.060961 0.061065 0.060910 0.060938 0.060910 0.060808 
15.953554 0.059645 0.059580 0.059589 0.059580 0.059639 0.059673 0.059589 0.059673 0.059592 
15.975098 0.058340 0.058386 0.058333 0.058386 0.058471 0.058245 0.058333 0.058245 0.058200 
15.996643 0.057100 0.057136 0.057087 0.057136 0.057191 0.057200 0.057087 0.057200 0.057238 
16.018188 0.055841 0.055865 0.055823 0.055865 0.055543 0.055884 0.055823 0.055884 0.055946 
16.039731 0.054687 0.054643 0.054689 0.054643 0.054486 0.054639 0.054689 0.054639 0.054769 
16.061275 0.053477 0.053429 0.053404 0.053429 0.053309 0.053484 0.053404 0.053484 0.053415 
16.082820 0.052262 0.052298 0.052243 0.052298 0.052254 0.052348 0.052243 0.052348 0.052330 
16.104364 0.051099 0.051186 0.051105 0.051186 0.051167 0.051148 0.051105 0.051148 0.051327 
16.125909 0.049990 0.049915 0.049973 0.049915 0.049967 0.049892 0.049973 0.049892 0.049902 
16.147452 0.048879 0.048890 0.048867 0.048890 0.048814 0.048773 0.048867 0.048773 0.048760 
16.168997 0.047768 0.047856 0.047875 0.047856 0.047794 0.047851 0.047875 0.047851 0.047830 
16.190541 0.046754 0.046731 0.046709 0.046731 0.046867 0.046633 0.046709 0.046633 0.046782 
16.212086 0.045661 0.045642 0.045677 0.045642 0.045609 0.045674 0.045677 0.045674 0.045723 
16.233630 0.044673 0.044618 0.044646 0.044618 0.044551 0.044498 0.044646 0.044498 0.044588 
16.255175 0.043609 0.043536 0.043600 0.043536 0.043510 0.043693 0.043600 0.043693 0.043653 
16.276719 0.042589 0.042658 0.042665 0.042658 0.042684 0.042692 0.042665 0.042692 0.042574 
16.298263 0.041589 0.041590 0.041627 0.041590 0.041590 0.041617 0.041627 0.041617 0.041640 
16.319807 0.040662 0.040638 0.040709 0.040638 0.040732 0.040698 0.040709 0.040698 0.040531 
16.341352 0.039715 0.039709 0.039720 0.039709 0.039732 0.039702 0.039720 0.039702 0.039634 
16.362896 0.038789 0.038718 0.038778 0.038718 0.038745 0.038788 0.038778 0.038788 0.038870 
16.384440 0.037842 0.037901 0.037843 0.037901 0.037917 0.037868 0.037843 0.037868 0.037968 
16.405984 0.036958 0.036975 0.036977 0.036975 0.036905 0.036852 0.036977 0.036852 0.037020 
16.427528 0.036049 0.036019 0.036066 0.036019 0.035965 0.036032 0.036066 0.036032 0.036097 
16.449073 0.035215 0.035179 0.035224 0.035179 0.035342 0.035155 0.035224 0.035155 0.035276 
16.470617 0.034344 0.034374 0.034412 0.034374 0.034335 0.034418 0.034412 0.034418 0.034433 
16.492162 0.033523 0.033498 0.033507 0.033498 0.033436 0.033464 0.033507 0.033464 0.033354 
16.513706 0.032693 0.032648 0.032703 0.032648 0.032707 0.032596 0.032703 0.032596 0.032677 
16.535251 0.031862 0.031905 0.031875 0.031905 0.031960 0.031869 0.031875 0.031869 0.031864 
16.556794 0.031089 0.031044 0.031080 0.031044 0.031049 0.031038 0.031080 0.031038 0.031110 
16.578339 0.030312 0.030327 0.030284 0.030327 0.030328 0.030350 0.030284 0.030350 0.030459 
16.599883 0.029534 0.029533 0.029522 0.029533 0.029546 0.029516 0.029522 0.029516 0.029444 
16.621428 0.028777 0.028771 0.028778 0.028771 0.028685 0.028882 0.028778 0.028882 0.028733 
16.642972 0.028041 0.028075 0.028025 0.028075 0.028104 0.028074 0.028025 0.028074 0.027871 
16.664516 0.027295 0.027283 0.027264 0.027283 0.027399 0.027307 0.027264 0.027307 0.027345 
16.686061 0.026626 0.026586 0.026585 0.026586 0.026663 0.026674 0.026585 0.026674 0.026589 
16.707604 0.025888 0.025910 0.025880 0.025910 0.025877 0.025991 0.025880 0.025991 0.025868 
16.729149 0.025206 0.025234 0.025191 0.025234 0.025228 0.025203 0.025191 0.025203 0.025191 
16.750693 0.024540 0.024519 0.024539 0.024519 0.024498 0.024549 0.024539 0.024549 0.024462 
16.772238 0.023865 0.023888 0.023873 0.023888 0.023817 0.023933 0.023873 0.023933 0.023964 
16.793782 0.023232 0.023272 0.023227 0.023272 0.023246 0.023260 0.023227 0.023260 0.023217 
16.815326 0.022599 0.022613 0.022592 0.022613 0.022586 0.022627 0.022592 0.022627 0.022631 
16.836870 0.021992 0.021984 0.021974 0.021984 0.021915 0.021964 0.021974 0.021964 0.021981 
16.858415 0.021364 0.021368 0.021345 0.021368 0.021355 0.021381 0.021345 0.021381 0.021320 
16.879959 0.020758 0.020775 0.020711 0.020775 0.020688 0.020716 0.020711 0.020716 0.020674 
16.901504 0.020198 0.020184 0.020195 0.020184 0.020151 0.020174 0.020195 0.020174 0.020147 
16.923048 0.019570 0.019562 0.019612 0.019562 0.019604 0.019523 0.019612 0.019523 0.019594 
16.944592 0.019003 0.019020 0.018974 0.019020 0.019012 0.018982 0.018974 0.018982 0.019124 
16.966136 0.018470 0.018479 0.018456 0.018479 0.018487 0.018508 0.018456 0.018508 0.018406 
16.987680 0.017930 0.017898 0.017931 0.017898 0.017826 0.017875 0.017931 0.017875 0.017965 
17.009225 0.017365 0.017387 0.017406 0.017387 0.017425 0.017382 0.017406 0.017382 0.017436 
17.030769 0.016841 0.016843 0.016822 0.016843 0.016804 0.016869 0.016822 0.016869 0.016856 
17.052314 0.016316 0.016345 0.016328 0.016345 0.016409 0.016317 0.016328 0.016317 0.016368 
17.073857 0.015867 0.015791 0.015836 0.015791 0.015850 0.015893 0.015836 0.015893 0.015798 
17.095402 0.015350 0.015311 0.015317 0.015311 0.015387 0.015313 0.015317 0.015313 0.015333 
17.116946 0.014850 0.014847 0.014882 0.014847 0.014849 0.014840 0.014882 0.014840 0.014934 
17.138491 0.014369 0.014357 0.014339 0.014357 0.014241 0.014405 0.014339 0.014405 0.014400 
17.160035 0.013924 0.013907 0.013938 0.013907 0.013943 0.013989 0.013938 0.013989 0.013934 
17.181580 0.013473 0.013448 0.013433 0.013448 0.013443 0.013443 0.013433 0.013443 0.013405 
17.203124 0.013003 0.013015 0.013040 0.013015 0.013040 0.013006 0.013040 0.013006 0.013028 
17.224668 0.012579 0.012576 0.012584 0.012576 0.012606 0.012565 0.012584 0.012565 0.012508 
17.246212 0.012146 0.012155 0.012180 0.012155 0.012262 0.012155 0.012180 0.012155 0.012190 
17.267756 0.011739 0.011730 0.011755 0.011730 0.011792 0.011725 0.011755 0.011725 0.011799 
17.289301 0.011318 0.011320 0.011311 0.011320 0.011334 0.011297 0.011311 0.011297 0.011294 
17.310845 0.010921 0.010920 0.010920 0.010920 0.010919 0.010932 0.010920 0.010932 0.010920 
17.332389 0.010544 0.010520 0.010503 0.010520 0.010573 0.010512 0.010503 0.010512 0.010473 
17.353933 0.010159 0.010149 0.010158 0.010149 0.010162 0.010138 0.010158 0.010138 0.010202 
17.375478 0.009769 0.009752 0.009782 0.009752 0.009773 0.009753 0.009782 0.009753 0.009765 
17.397022 0.009402 0.009397 0.009428 0.009397 0.009349 0.009432 0.009428 0.009432 0.009426 
17.418567 0.009056 0.009053 0.009033 0.009053 0.009016 0.009048 0.009033 0.009048 0.009022 
17.440111 0.008723 0.008728 0.008703 0.008728 0.008711 0.008667 0.008703 0.008667 0.008748 
17.461656 0.008355 0.008368 0.008367 0.008368 0.008326 0.008365 0.008367 0.008365 0.008288 
17.483199 0.008033 0.008038 0.008027 0.008038 0.008059 0.008047 0.008027 0.008047 0.008030 
17.504744 0.007721 0.007723 0.007737 0.007723 0.007669 0.007719 0.007737 0.007719 0.007728 
17.526288 0.007409 0.007412 0.007400 0.007412 0.007422 0.007437 0.007400 0.007437 0.007356 
17.547832 0.007101 0.007117 0.007107 0.007117 0.007077 0.007124 0.007107 0.007124 0.007118 
17.569377 0.006801 0.006791 0.006799 0.006791 0.006789 0.006814 0.006799 0.006814 0.006808 
17.590920 0.006489 0.006474 0.006518 0.006474 0.006465 0.006507 0.006518 0.006507 0.006506 
17.612465 0.006224 0.006243 0.006218 0.006243 0.006219 0.006210 0.006218 0.006210 0.006210 
17.634009 0.005931 0.005937 0.005931 0.005937 0.005945 0.005956 0.005931 0.005956 0.005882 
17.655554 0.005662 0.005680 0.005664 0.005680 0.005683 0.005668 0.005664 0.005668 0.005689 
17.677098 0.005409 0.005405 0.005400 0.005405 0.005422 0.005423 0.005400 0.005423 0.005416 
17.698643 0.005140 0.005144 0.005152 0.005144 0.005143 0.005162 0.005152 0.005162 0.005118 
17.720187 0.004912 0.004889 0.004900 0.004889 0.004907 0.004915 0.004900 0.004915 0.004896 
17.741731 0.004664 0.004656 0.004674 0.004656 0.004647 0.004651 0.004674 0.004651 0.004655 
17.763275 0.004430 0.004445 0.004421 0.004445 0.004393 0.004430 0.004421 0.004430 0.004456 
17.784820 0.004193 0.004207 0.004197 0.004207 0.004210 0.004221 0.004197 0.004221 0.004192 
17.806364 0.003983 0.003985 0.003976 0.003985 0.003944 0.003991 0.003976 0.003991 0.003951 
17.827909 0.003774 0.003777 0.003772 0.003777 0.003765 0.003779 0.003772 0.003779 0.003784 
17.849452 0.003568 0.003544 0.003560 0.003544 0.003594 0.003583 0.003560 0.003583 0.003565 
17.870996 0.003355 0.003349 0.003365 0.003349 0.003343 0.003370 0.003365 0.003370 0.003369 
17.892541 0.003169 0.003187 0.003171 0.003187 0.003160 0.003168 0.003171 0.003168 0.003199 
17.914085 0.002981 0.002975 0.002961 0.002975 0.002999 0.002992 0.002961 0.002992 0.002953 
17.935630 0.002790 0.002796 0.002792 0.002796 0.002811 0.002781 0.002792 0.002781 0.002779 
17.957174 0.002627 0.002622 0.002632 0.002622 0.002619 0.002637 0.002632 0.002637 0.002645 
17.978719 0.002462 0.002455 0.002462 0.002455 0.002504 0.002472 0.002462 0.002472 0.002488 
18.000262 0.002296 0.002297 0.002300 0.002297 0.002288 0.002272 0.002300 0.002272 0.002284 
18.021807 0.002131 0.002141 0.002142 0.002141 0.002155 0.002140 0.002142 0.002140 0.002128 
18.043351 0.001996 0.001990 0.001987 0.001990 0.001981 0.001990 0.001987 0.001990 0.002014 
18.064896 0.001845 0.001839 0.001837 0.001839 0.001802 0.001851 0.001837 0.001851 0.001853 
18.086440 0.001715 0.001707 0.001698 0.001707 0.001681 0.001711 0.001698 0.001711 0.001718 
18.107985 0.001572 0.001572 0.001581 0.001572 0.001570 0.001555 0.001581 0.001555 0.001565 
18.129529 0.001445 0.001449 0.001447 0.001449 0.001439 0.001444 0.001447 0.001444 0.001432 
18.151073 0.001327 0.001324 0.001324 0.001324 0.001340 0.001333 0.001324 0.001333 0.001352 
18.172617 0.001215 0.001210 0.001213 0.001210 0.001227 0.001216 0.001213 0.001216 0.001218 
18.194161 0.001105 0.001104 0.001104 0.001104 0.001107 0.001103 0.001104 0.001103 0.001094 
18.215706 0.001002 0.000994 0.001000 0.000994 0.000989 0.000997 0.001000 0.000997 0.001010 
18.237250 0.000897 0.000901 0.000901 0.000901 0.000886 0.000892 0.000901 0.000892 0.000892 
18.258794 0.000811 0.000807 0.000809 0.000807 0.000818 0.000817 0.000809 0.000817 0.000785 
18.280338 0.000722 0.000724 0.000722 0.000724 0.000722 0.000725 0.000722 0.000725 0.000706 
18.301883 0.000640 0.000640 0.000638 0.000640 0.000648 0.000638 0.000638 0.000638 0.000643 
18.323427 0.000557 0.000556 0.000562 0.000556 0.000549 0.000567 0.000562 0.000567 0.000559 
18.344972 0.000488 0.000492 0.000491 0.000492 0.000490 0.000491 0.000491 0.000491 0.000483 
18.366516 0.000423 0.000422 0.000424 0.000422 0.000420 0.000420 0.000424 0.000420 0.000418 
18.388061 0.000364 0.000365 0.000369 0.000365 0.000367 0.000361 0.000369 0.000361 0.000357 
18.409604 0.000305 0.000304 0.000306 0.000304 0.000307 0.000305 0.000306 0.000305 0.000308 
18.431149 0.000251 0.000254 0.000253 0.000254 0.000245 0.000255 0.000253 0.000255 0.000258 
18.452693 0.000208 0.000206 0.000208 0.000206 0.000218 0.000204 0.000208 0.000204 0.000211 
18.474237 0.000165 0.000167 0.000163 0.000167 0.000163 0.000164 0.000163 0.000164 0.000164 
18.495782 0.000127 0.000129 0.000128 0.000129 0.000122 0.000129 0.000128 0.000129 0.000123 
18.517325 0.000098 0.000097 0.000094 0.000097 0.000091 0.000096 0.000094 0.000096 0.000098 
18.538870 0.000071 0.000069 0.000069 0.000069 0.000065 0.000073 0.000069 0.000073 0.000070 
18.560414 0.000046 0.000048 0.000045 0.000048 0.000046 0.000046 0.000045 0.000046 0.000049 
18.581959 0.000028 0.000028 0.000029 0.000028 0.000028 0.000029 0.000029 0.000029 0.000029 
18.603503 0.000014 0.000015 0.000015 0.000015 0.000016 0.000015 0.000015 0.000015 0.000013 
18.625048 0.000005 0.000005 0.000005 0.000005 0.000006 0.000004 0.000005 0.000004 0.000005 
18.646592 0.000001 0.000001 0.000001 0.000001 0.000001 0.000001 0.000001 0.000001 0.000001 
18.668136 0.000000 0.000000 0.000000 0.000000 0.000000 0.000000 0.000000 0.000000 0.000000 
18.689680 0.000000 0.000000 0.000000 0.000000 0.000000 0.000000 0.000000 0.000000 0.000000 
18.711225 0.000000 0.000000 0.000000 0.000000 0.000000 0.000000 0.000000 0.000000 0.000000 
18.732769 0.000000 0.000000 0.000000 0.000000 0.000000 0.000000 0.000000 0.000000 0.000000 
18.754313 0.000000 0.000000 0.000000 0.000000 0.000000 0.000000 0.000000 0.000000 0.000000 
18.775857 0.000000 0.000000 0.000000 0.000000 0.000000 0.000000 0.000000 0.000000 0.000000 
18.797401 0.000000 0.000000 0.000000 0.000000 0.000000 0.000000 0.000000 0.000000 0.000000 
18.818946 0.000000 0.000000 0.000000 0.000000 0.000000 0.000000 0.000000 0.000000 0.000000 
18.840490 0.000000 0.000000 0.000000 0.000000 0.000000 0.000000 0.000000 0.000000 0.000000 
18.862035 0.000000 0.000000 0.000000 0.000000 0.000000 0.000000 0.000000 0.000000 0.000000 
18.883579 0.000000 0.000000 0.000000 0.000000 0.000000 0.000000 0.000000 0.000000 0.000000 
18.905124 0.000000 0.000000 0.000000 0.000000 0.000000 0.000000 0.000000 0.000000 0.000000 
18.926667 0.000000 0.000000 0.000000 0.000000 0.000000 0.000000 0.000000 0.000000 0.000000 
18.948212 0.000000 0.000000 0.000000 0.000000 0.000000 0.000000 0.000000 0.000000 0.000000 
18.969756 0.000000 0.000000 0.000000 0.000000 0.000000 0.000000 0.000000 0.000000 0.000000 
18.991301 0.000000 0.000000 0.000000 0.000000 0.000000 0.000000 0.000000 0.000000 0.000000 
19.012845 0.000000 0.000000 0.000000 0.000000 0.000000 0.000000 0.000000 0.000000 0.000000 
19.034389 0.000000 0.000000 0.000000 0.000000 0.000000 0.000000 0.000000 0.000000 0.000000 
19.055933 0.000000 0.000000 0.000000 0.000000 0.000000 0.000000 0.000000 0.000000 0.000000 
19.077477 0.000000 0.000000 0.000000 0.000000 0.000000 0.000000 0.000000 0.000000 0.000000 
19.099022 0.000000 0.000000 0.000000 0.000000 0.000000 0.000000 0.000000 0.000000 0.000000 
19.120566 0.000000 0.000000 0.000000 0.000000 0.000000 0.000000 0.000000 0.000000 0.000000 
19.142111 0.000000 0.000000 0.000000 0.000000 0.000000 0.000000 0.000000 0.000000 0.000000 
19.163655 0.000000 0.000000 0.000000 0.000000 0.000000 0.000000 0.000000 0.000000 0.000000 
19.185199 0.000000 0.000000 0.000000 0.000000 0.000000 0.000000 0.000000 0.000000 0.000000 
19.206743 0.000000 0.000000 0.000000 0.000000 0.000000 0.000000 0.000000 0.000000 0.000000 
19.228288 0.000000 0.000000 0.000000 0.000000 0.000000 0.000000 0.000000 0.000000 0.000000 
19.249832 0.000000 0.000000 0.000000 0.000000 0.000000 0.000000 0.000000 0.000000 0.000000 
19.271377 0.000000 0.000000 0.000000 0.000000 0.000000 0.000000 0.000000 0.000000 0.000000 
19.292920 0.000000 0.000000 0.000000 0.000000 0.000000 0.000000 0.000000 0.000000 0.000000 
19.314465 0.000000 0.000000 0.000000 0.000000 0.000000 0.000000 0.000000 0.000000 0.000000 
19.336009 0.000000 0.000000 0.000000 0.000000 0.000000 0.000000 0.000000 0.000000 0.000000 
19.357553 0.000000 0.000000 0.000000 0.000000 0.000000 0.000000 0.000000 0.000000 0.000000 
19.379098 0.000000 0.000000 0.000000 0.000000 0.000000 0.000000 0.000000 0.000000 0.000000 
19.400642 0.000000 0.000000 0.000000 0.000000 0.000000 0.000000 0.000000 0.000000 0.000000 
19.422187 0.000000 0.000000 0.000000 0.000000 0.000000 0.000000 0.000000 0.000000 0.000000 
19.443730 0.000000 0.000000 0.000000 0.000000 0.000000 0.000000 0.000000 0.000000 0.000000 
19.465275 0.000000 0.000000 0.000000 0.000000 0.000000 0.000000 0.000000 0.000000 0.000000 
19.486819 0.000000 0.000000 0.000000 0.000000 0.000000 0.000000 0.000000 0.000000 0.000000 
19.508364 0.000000 0.000000 0.000000 0.000000 0.000000 0.000000 0.000000 0.000000 0.000000 
19.529908 0.000000 0.000000 0.000000 0.000000 0.000000 0.000000 0.000000 0.000000 0.000000 
19.551453 0.000000 0.000000 0.000000 0.000000 0.000000 0.000000 0.000000 0.000000 0.000000 
19.572997 0.000000 0.000000 0.000000 0.000000 0.000000 0.000000 0.000000 0.000000 0.000000 
19.594541 0.000000 0.000000 0.000000 0.000000 0.000000 0.000000 0.000000 0.000000 0.000000 
19.616085 0.000000 0.000000 0.000000 0.000000 0.000000 0.000000 0.000000 0.000000 0.000000 
19.637630 0.000000 0.000000 0.000000 0.000000 0.000000 0.000000 0.000000 0.000000 0.000000 
19.659174 0.000000 0.000000 0.000000 0.000000 0.000000 0.000000 0.000000 0.000000 0.000000 
19.680718 0.000000 0.000000 0.000000 0.000000 0.000000 0.000000 0.000000 0.000000 0.000000 
19.702262 0.000000 0.000000 0.000000 0.000000 0.000000 0.000000 0.000000 0.000000 0.000000 
19.723806 0.000000 0.000000 0.000000 0.000000 0.000000 0.000000 0.000000 0.000000 0.000000 
19.745351 0.000000 0.000000 0.000000 0.000000 0.000000 0.000000 0.000000 0.000000 0.000000 
19.766895 0.000000 0.000000 0.000000 0.000000 0.000000 0.000000 0.000000 0.000000 0.000000 
19.788440 0.000000 0.000000 0.000000 0.000000 0.000000 0.000000 0.000000 0.000000 0.000000 
19.809984 0.000000 0.000000 0.000000 0.000000 0.000000 0.000000 0.000000 0.000000 0.000000 
19.831529 0.000000 0.000000 0.000000 0.000000 0.000000 0.000000 0.000000 0.000000 0.000000 
19.853072 0.000000 0.000000 0.000000 0.000000 0.000000 0.000000 0.000000 0.000000 0.000000 
19.874617 0.000000 0.000000 0.000000 0.000000 0.000000 0.000000 0.000000 0.000000 0.000000 
19.896161 0.000000 0.000000 0.000000 0.000000 0.000000 0.000000 0.000000 0.000000 0.000000 
19.917706 0.000000 0.000000 0.000000 0.000000 0.000000 0.000000 0.000000 0.000000 0.000000 
19.939250 0.000000 0.000000 0.000000 0.000000 0.000000 0.000000 0.000000 0.000000 0.000000 
19.960793 0.000000 0.000000 0.000000 0.000000 0.000000 0.000000 0.000000 0.000000 0.000000 
19.982338 0.000000 0.000000 0.000000 0.000000 0.000000 0.000000 0.000000 0.000000 0.000000 
20.003882 0.000000 0.000000 0.000000 0.000000 0.000000 0.000000 0.000000 0.000000 0.000000 
20.025427 0.000000 0.000000 0.000000 0.000000 0.000000 0.000000 0.000000 0.000000 0.000000 
20.046971 0.000000 0.000000 0.000000 0.000000 0.000000 0.000000 0.000000 0.000000 0.000000 
20.068516 0.000000 0.000000 0.000000 0.000000 0.000000 0.000000 0.000000 0.000000 0.000000 
20.090060 0.000000 0.000000 0.000000 0.000000 0.000000 0.000000 0.000000 0.000000 0.000000 
20.111604 0.000000 0.000000 0.000000 0.000000 0.000000 0.000000 0.000000 0.000000 0.000000 
20.133148 0.000000 0.000000 0.000000 0.000000 0.000000 0.000000 0.000000 0.000000 0.000000 
20.154693 0.000000 0.000000 0.000000 0.000000 0.000000 0.000000 0.000000 0.000000 0.000000 
20.176237 0.000000 0.000000 0.000000 0.000000 0.000000 0.000000 0.000000 0.000000 0.000000 
20.197782 0.000000 0.000000 0.000000 0.000000 0.000000 0.000000 0.000000 0.000000 0.000000 
20.219325 0.000000 0.000000 0.000000 0.000000 0.000000 0.000000 0.000000 0.000000 0.000000 
20.240870 0.000000 0.000000 0.000000 0.000000 0.000000 0.000000 0.000000 0.000000 0.000000 
20.262414 0.000000 0.000000 0.000000 0.000000 0.000000 0.000000 0.000000 0.000000 0.000000 
20.283958 0.000000 0.000000 0.000000 0.000000 0.000000 0.000000 0.000000 0.000000 0.000000 
20.305503 0.000000 0.000000 0.000000 0.000000 0.000000 0.000000 0.000000 0.000000 0.000000 
20.327047 0.000000 0.000000 0.000000 0.000000 0.000000 0.000000 0.000000 0.000000 0.000000 
20.348592 0.000000 0.000000 0.000000 0.000000 0.000000 0.000000 0.000000 0.000000 0.000000 
20.370135 0.000000 0.000000 0.000000 0.000000 0.000000 0.000000 0.000000 0.000000 0.000000 
20.391680 0.000000 0.000000 0.000000 0.000000 0.000000 0.000000 0.000000 0.000000 0.000000 
20.413224 0.000000 0.000000 0.000000 0.000000 0.000000 0.000000 0.000000 0.000000 0.000000 
20.434769 0.000000 0.000000 0.000000 0.000000 0.000000 0.000000 0.000000 0.000000 0.000000 
20.456313 0.000000 0.000000 0.000000 0.000000 0.000000 0.000000 0.000000 0.000000 0.000000 
20.477857 0.000000 0.000000 0.000000 0.000000 0.000000 0.000000 0.000000 0.000000 0.000000 
20.499401 0.000000 0.000000 0.000000 0.000000 0.000000 0.000000 0.000000 0.000000 0.000000 
20.520946 0.000000 0.000000 0.000000 0.000000 0.000000 0.000000 0.000000 0.000000 0.000000 
20.542490 0.000000 0.000000 0.000000 0.000000 0.000000 0.000000 0.000000 0.000000 0.000000 
20.564034 0.000000 0.000000 0.000000 0.000000 0.000000 0.000000 0.000000 0.000000 0.000000 
20.585579 0.000000 0.000000 0.000000 0.000000 0.000000 0.000000 0.000000 0.000000 0.000000 
20.607123 0.000000 0.000000 0.000000 0.000000 0.000000 0.000000 0.000000 0.000000 0.000000 
20.628667 0.000000 0.000000 0.000000 0.000000 0.000000 0.000000 0.000000 0.000000 0.000000 
20.650211 0.000000 0.000000 0.000000 0.000000 0.000000 0.000000 0.000000 0.000000 0.000000 
20.671756 0.000000 0.000000 0.000000 0.000000 0.000000 0.000000 0.000000 0.000000 0.000000 
20.693300 0.000000 0.000000 0.000000 0.000000 0.000000 0.000000 0.000000 0.000000 0.000000 
20.714845 0.000000 0.000000 0.000000 0.000000 0.000000 0.000000 0.000000 0.000000 0.000000 
20.736389 0.000000 0.000000 0.000000 0.000000 0.000000 0.000000 0.000000 0.000000 0.000000 
20.757934 0.000000 0.000000 0.000000 0.000000 0.000000 0.000000 0.000000 0.000000 0.000000 
20.779477 0.000000 0.000000 0.000000 0.000000 0.000000 0.000000 0.000000 0.000000 0.000000 
20.801022 0.000000 0.000000 0.000000 0.000000 0.000000 0.000000 0.000000 0.000000 0.000000 
20.822566 0.000000 0.000000 0.000000 0.000000 0.000000 0.000000 0.000000 0.000000 0.000000 
20.844110 0.000000 0.000000 0.000000 0.000000 0.000000 0.000000 0.000000 0.000000 0.000000 
20.865655 0.000000 0.000000 0.000000 0.000000 0.000000 0.000000 0.000000 0.000000 0.000000 
20.887198 0.000000 0.000000 0.000000 0.000000 0.000000 0.000000 0.000000 0.000000 0.000000 
20.908743 0.000000 0.000000 0.000000 0.000000 0.000000 0.000000 0.000000 0.000000 0.000000 
20.930287 0.000000 0.000000 0.000000 0.000000 0.000000 0.000000 0.000000 0.000000 0.000000 
20.951832 0.000000 0.000000 0.000000 0.000000 0.000000 0.000000 0.000000 0.000000 0.000000 
20.973376 0.000000 0.000000 0.000000 0.000000 0.000000 0.000000 0.000000 0.000000 0.000000 
20.994921 0.000000 0.000000 0.000000 0.000000 0.000000 0.000000 0.000000 0.000000 0.000000 
21.016465 0.000000 0.000000 0.000000 0.000000 0.000000 0.000000 0.000000 0.000000 0.000000 
21.038009 0.000000 0.000000 0.000000 0.000000 0.000000 0.000000 0.000000 0.000000 0.000000 
21.059553 0.000000 0.000000 0.000000 0.000000 0.000000 0.000000 0.000000 0.000000 0.000000 
21.081098 0.000000 0.000000 0.000000 0.000000 0.000000 0.000000 0.000000 0.000000 0.000000 
21.102642 0.000000 0.000000 0.000000 0.000000 0.000000 0.000000 0.000000 0.000000 0.000000 
21.124187 0.000000 0.000000 0.000000 0.000000 0.000000 0.000000 0.000000 0.000000 0.000000 
21.145730 0.000000 0.000000 0.000000 0.000000 0.000000 0.000000 0.000000 0.000000 0.000000 
21.167274 0.000000 0.000000 0.000000 0.000000 0.000000 0.000000 0.000000 0.000000 0.000000 
21.188819 0.000000 0.000000 0.000000 0.000000 0.000000 0.000000 0.000000 0.000000 0.000000 
21.210363 0.000000 0.000000 0.000000 0.000000 0.000000 0.000000 0.000000 0.000000 0.000000 
21.231908 0.000000 0.000000 0.000000 0.000000 0.000000 0.000000 0.000000 0.000000 0.000000 
21.253452 0.000000 0.000000 0.000000 0.000000 0.000000 0.000000 0.000000 0.000000 0.000000 
21.274997 0.000000 0.000000 0.000000 0.000000 0.000000 0.000000 0.000000 0.000000 0.000000 
21.296540 0.000000 0.000000 0.000000 0.000000 0.000000 0.000000 0.000000 0.000000 0.000000 
21.318085 0.000000 0.000000 0.000000 0.000000 0.000000 0.000000 0.000000 0.000000 0.000000 
21.339629 0.000000 0.000000 0.000000 0.000000 0.000000 0.000000 0.000000 0.000000 0.000000 
21.361174 0.000000 0.000000 0.000000 0.000000 0.000000 0.000000 0.000000 0.000000 0.000000 
21.382718 0.000000 0.000000 0.000000 0.000000 0.000000 0.000000 0.000000 0.000000 0.000000 
21.404262 0.000000 0.000000 0.000000 0.000000 0.000000 0.000000 0.000000 0.000000 0.000000 
21.425806 0.000000 0.000000 0.000000 0.000000 0.000000 0.000000 0.000000 0.000000 0.000000 
21.447351 0.000000 0.000000 0.000000 0.000000 0.000000 0.000000 0.000000 0.000000 0.000000 
21.468895 0.000000 0.000000 0.000000 0.000000 0.000000 0.000000 0.000000 0.000000 0.000000 
21.490439 0.000000 0.000000 0.000000 0.000000 0.000000 0.000000 0.000000 0.000000 0.000000 
21.511984 0.000000 0.000000 0.000000 0.000000 0.000000 0.000000 0.000000 0.000000 0.000000 
21.533528 0.000000 0.000000 0.000000 0.000000 0.000000 0.000000 0.000000 0.000000 0.000000 
