# concentrations: 0.666667 0.166667 0.166667
0.010000 0.000000 0.000000 0.000000 0.000000 0.000000 0.000000 0.000000 0.000000 0.000000 
0.030000 0.000000 0.000000 0.000000 0.000000 0.000000 0.000000 0.000000 0.000000 0.000000 
0.050000 0.000000 0.000000 0.000000 0.000000 0.000000 0.000000 0.000000 0.000000 0.000000 
0.070000 0.000000 0.000000 0.000000 0.000000 0.000000 0.000000 0.000000 0.000000 0.000000 
0.090000 0.000000 0.000000 0.000000 0.000000 0.000000 0.000000 0.000000 0.000000 0.000000 
0.110000 0.000000 0.000000 0.000000 0.000000 0.000000 0.000000 0.000000 0.000000 0.000000 
0.130000 0.000000 0.000000 0.000000 0.000000 0.000000 0.000000 0.000000 0.000000 0.000000 
0.150000 0.000000 0.000000 0.000000 0.000000 0.000000 0.000000 0.000000 0.000000 0.000000 
0.170000 0.000000 0.000000 0.000000 0.000000 0.000000 0.000000 0.000000 0.000000 0.000000 
0.190000 0.000000 0.000000 0.000000 0.000000 0.000000 0.000000 0.000000 0.000000 0.000000 
0.210000 0.000000 0.000000 0.000000 0.000000 0.000000 0.000000 0.000000 0.000000 0.000000 
0.230000 0.000000 0.000000 0.000000 0.000000 0.000000 0.000000 0.000000 0.000000 0.000000 
0.250000 0.000000 0.000000 0.000000 0.000000 0.000000 0.000000 0.000000 0.000000 0.000000 
0.270000 0.000000 0.000000 0.000000 0.000000 0.000000 0.000000 0.000000 0.000000 0.000000 
0.290000 0.000000 0.000000 0.000000 0.000000 0.000000 0.000000 0.000000 0.000000 0.000000 
0.310000 0.000000 0.000000 0.000000 0.000000 0.000000 0.000000 0.000000 0.000000 0.000000 
0.330000 0.000000 0.000000 0.000000 0.000000 0.000000 0.000000 0.000000 0.000000 0.000000 
0.350000 0.000000 0.000000 0.000000 0.000000 0.000000 0.000000 0.000000 0.000000 0.000000 
0.370000 0.000000 0.000000 0.000000 0.000000 0.000000 0.000000 0.000000 0.000000 0.000000 
0.390000 0.000000 0.000000 0.000000 0.000000 0.000000 0.000000 0.000000 0.000000 0.000000 
0.410000 0.000000 0.000000 0.000000 0.000000 0.000000 0.000000 0.000000 0.000000 0.000000 
0.430000 0.000000 0.000000 0.000000 0.000000 0.000000 0.000000 0.000000 0.000000 0.000000 
0.450000 0.000000 0.000000 0.000000 0.000000 0.000000 0.000000 0.000000 0.000000 0.000000 
0.470000 0.000000 0.000000 0.000000 0.000000 0.000000 0.000000 0.000000 0.000000 0.000000 
0.490000 0.000000 0.000000 0.000000 0.000000 0.000000 0.000000 0.000000 0.000000 0.000000 
0.510000 0.000000 0.000000 0.000000 0.000000 0.000000 0.000000 0.000000 0.000000 0.000000 
0.530000 0.000000 0.000000 0.000000 0.000000 0.000000 0.000000 0.000000 0.000000 0.000000 
0.550000 0.000000 0.000000 0.000000 0.000000 0.000000 0.000000 0.000000 0.000000 0.000000 
0.570000 0.000000 0.000000 0.000000 0.000000 0.000000 0.000000 0.000000 0.000000 0.000000 
0.590000 0.000000 0.000000 0.000000 0.000000 0.000000 0.000000 0.000000 0.000000 0.000000 
0.610000 0.000000 0.000000 0.000000 0.000000 0.000000 0.000000 0.000000 0.000000 0.000000 
0.630000 0.000000 0.000000 0.000000 0.000000 0.000000 0.000000 0.000000 0.000000 0.000000 
0.650000 0.000000 0.000019 0.000000 0.000019 0.000000 0.000000 0.000000 0.000000 0.000000 
0.670000 0.000000 0.001244 0.000000 0.001244 0.000000 0.000000 0.000000 0.000000 0.000000 
0.690000 0.000000 0.028320 0.000000 0.028320 0.001284 0.001790 0.000000 0.001790 0.000000 
0.710000 0.000000 0.213082 0.000000 0.213082 0.010273 0.022928 0.000000 0.022928 0.000000 
0.730000 0.000000 0.772419 0.000113 0.772419 0.052575 0.119968 0.000113 0.119968 0.000000 
0.750000 0.000000 1.745001 0.004322 1.745001 0.163207 0.389923 0.004322 0.389923 0.000286 
0.770000 0.000000 2.750918 0.053169 2.750918 0.335937 0.815969 0.053169 0.815969 0.009657 
0.790000 0.000006 3.439826 0.287450 3.439826 0.550873 1.271686 0.287450 1.271686 0.068138 
0.810000 0.000995 3.697191 0.877967 3.697191 0.723498 1.622928 0.877967 1.622928 0.219741 
0.830000 0.014175 3.583285 1.781156 3.583285 0.886661 1.827972 1.781156 1.827972 0.532024 
0.850000 0.100618 3.263761 2.685810 3.263761 0.952904 1.860690 2.685810 1.860690 0.906290 
0.870000 0.378804 2.851981 3.318987 2.851981 0.986135 1.810593 3.318987 1.810593 1.258211 
0.890000 0.914765 2.437469 3.578845 2.437469 0.993527 1.693123 3.578845 1.693123 1.512889 
0.910000 1.626849 2.065585 3.510140 2.065585 0.976479 1.546083 3.510140 1.546083 1.618583 
0.930000 2.284821 1.750199 3.222965 1.750199 0.953489 1.399148 3.222965 1.399148 1.639755 
0.950000 2.734977 1.484320 2.841757 1.484320 0.907496 1.263148 2.841757 1.263148 1.572658 
0.970000 2.917725 1.276382 2.448965 1.276382 0.887384 1.137891 2.448965 1.137891 1.465127 
0.990000 2.870132 1.097615 2.085561 1.097615 0.840075 1.040089 2.085561 1.040089 1.338292 
1.010000 2.681700 0.954227 1.765531 0.954227 0.832964 0.947620 1.765531 0.947620 1.226852 
1.030000 2.403036 0.845156 1.492717 0.845156 0.803933 0.878917 1.492717 0.878917 1.099745 
1.050000 2.119745 0.757837 1.275914 0.757837 0.799246 0.821841 1.275914 0.821841 1.013289 
1.070000 1.836535 0.686427 1.095581 0.686427 0.786815 0.789384 1.095581 0.789384 0.919711 
1.090000 1.588634 0.632529 0.956314 0.632529 0.799166 0.750679 0.956314 0.750679 0.846791 
1.110000 1.375950 0.584672 0.840801 0.584672 0.796166 0.727399 0.840801 0.727399 0.784652 
1.130000 1.197581 0.555756 0.748511 0.555756 0.808893 0.712643 0.748511 0.712643 0.730294 
1.150000 1.049967 0.532531 0.679532 0.532531 0.829188 0.701358 0.679532 0.701358 0.706889 
1.170000 0.926315 0.514519 0.620320 0.514519 0.864741 0.701096 0.620320 0.701096 0.667020 
1.190000 0.829448 0.506565 0.572036 0.506565 0.865927 0.706120 0.572036 0.706120 0.649536 
1.210000 0.753767 0.504514 0.541684 0.504514 0.923748 0.722901 0.541684 0.722901 0.640344 
1.230000 0.692530 0.508138 0.517295 0.508138 0.940883 0.738840 0.517295 0.738840 0.639978 
1.250000 0.646445 0.516914 0.505152 0.516914 0.977988 0.765060 0.505152 0.765060 0.636894 
1.270000 0.612417 0.532473 0.493945 0.532473 1.010053 0.791846 0.493945 0.791846 0.656004 
1.290000 0.586134 0.547962 0.487606 0.547962 1.038418 0.829601 0.487606 0.829601 0.655944 
1.310000 0.570643 0.574143 0.492752 0.574143 1.073423 0.868136 0.492752 0.868136 0.676295 
1.330000 0.562997 0.606945 0.504372 0.606945 1.097866 0.903550 0.504372 0.903550 0.715920 
1.350000 0.562470 0.643245 0.517321 0.643245 1.135397 0.948173 0.517321 0.948173 0.739887 
1.370000 0.570940 0.683797 0.541050 0.683797 1.155472 0.993946 0.541050 0.993946 0.783129 
1.390000 0.584142 0.731851 0.568942 0.731851 1.169329 1.028028 0.568942 1.028028 0.824073 
1.410000 0.607896 0.783023 0.605076 0.783023 1.181956 1.064998 0.605076 1.064998 0.876067 
1.430000 0.635767 0.834665 0.646865 0.834665 1.203697 1.104535 0.646865 1.104535 0.925354 
1.450000 0.671353 0.892219 0.694723 0.892219 1.215473 1.135598 0.694723 1.135598 0.979533 
1.470000 0.715338 0.947757 0.747718 0.947757 1.237712 1.157029 0.747718 1.157029 1.029764 
1.490000 0.759972 0.999207 0.806417 0.999207 1.247372 1.186647 0.806417 1.186647 1.080120 
1.510000 0.812652 1.049136 0.866795 1.049136 1.274734 1.205819 0.866795 1.205819 1.127134 
1.530000 0.862851 1.094286 0.926404 1.094286 1.276792 1.224592 0.926404 1.224592 1.167709 
1.550000 0.918769 1.133375 0.991620 1.133375 1.291856 1.241968 0.991620 1.241968 1.198169 
1.570000 0.968996 1.167736 1.044154 1.167736 1.284901 1.258992 1.044154 1.258992 1.220314 
1.590000 1.021336 1.194926 1.096369 1.194926 1.273851 1.272680 1.096369 1.272680 1.243428 
1.610000 1.063030 1.220376 1.137863 1.220376 1.253326 1.289935 1.137863 1.289935 1.273269 
1.630000 1.100250 1.243233 1.171189 1.243233 1.223443 1.297443 1.171189 1.297443 1.280421 
1.650000 1.132124 1.263783 1.202653 1.263783 1.179100 1.291725 1.202653 1.291725 1.306284 
1.670000 1.160683 1.281371 1.228046 1.281371 1.137567 1.277134 1.228046 1.277134 1.314908 
1.690000 1.181372 1.286674 1.242414 1.286674 1.090912 1.260611 1.242414 1.260611 1.316983 
1.710000 1.196672 1.286772 1.258877 1.286772 1.045345 1.225359 1.258877 1.225359 1.320152 
1.730000 1.203201 1.282239 1.268838 1.282239 0.992504 1.189207 1.268838 1.189207 1.310079 
1.750000 1.205263 1.264107 1.277618 1.264107 0.955563 1.136707 1.277618 1.136707 1.281479 
1.770000 1.206293 1.239390 1.277609 1.239390 0.923156 1.087201 1.277609 1.087201 1.259450 
1.790000 1.205572 1.207216 1.274564 1.207216 0.885695 1.044954 1.274564 1.044954 1.240268 
1.810000 1.201082 1.166415 1.265414 1.166415 0.857776 0.999397 1.265414 0.999397 1.189268 
1.830000 1.195469 1.127500 1.245187 1.127500 0.833980 0.953641 1.245187 0.953641 1.139747 
1.850000 1.189001 1.084812 1.217864 1.084812 0.817536 0.917716 1.217864 0.917716 1.094008 
1.870000 1.177124 1.044550 1.186103 1.044550 0.800855 0.878916 1.186103 0.878916 1.037465 
1.890000 1.165603 1.002160 1.146727 1.002160 0.789291 0.851241 1.146727 0.851241 0.998379 
1.910000 1.144964 0.963228 1.107808 0.963228 0.795950 0.828400 1.107808 0.828400 0.957661 
1.930000 1.122652 0.929878 1.067388 0.929878 0.795706 0.811450 1.067388 0.811450 0.917803 
1.950000 1.092970 0.902014 1.023865 0.902014 0.798181 0.800906 1.023865 0.800906 0.883549 
1.970000 1.063529 0.878156 0.984718 0.878156 0.813770 0.792047 0.984718 0.792047 0.844224 
1.990000 1.030741 0.859803 0.947981 0.859803 0.825288 0.788473 0.947981 0.788473 0.826701 
2.010000 0.997938 0.845467 0.915405 0.845467 0.836842 0.788455 0.915405 0.788455 0.807366 
2.030000 0.966916 0.837034 0.886318 0.837034 0.860925 0.795092 0.886318 0.795092 0.788171 
2.050000 0.934884 0.832283 0.861881 0.832283 0.877054 0.805207 0.861881 0.805207 0.786845 
2.070000 0.907848 0.834387 0.844192 0.834387 0.902087 0.822529 0.844192 0.822529 0.783283 
2.090000 0.885888 0.836438 0.832727 0.836438 0.922368 0.839669 0.832727 0.839669 0.784278 
2.110000 0.866505 0.845232 0.824422 0.845232 0.950276 0.860947 0.824422 0.860947 0.790507 
2.130000 0.851261 0.857968 0.822025 0.857968 0.979949 0.880285 0.822025 0.880285 0.801696 
2.150000 0.844073 0.871369 0.824379 0.871369 0.997621 0.910257 0.824379 0.910257 0.816580 
2.170000 0.837184 0.891298 0.829508 0.891298 1.020053 0.930029 0.829508 0.930029 0.834111 
2.190000 0.836854 0.908319 0.839840 0.908319 1.040495 0.958291 0.839840 0.958291 0.856972 
2.210000 0.841571 0.927485 0.853941 0.927485 1.058671 0.979596 0.853941 0.979596 0.886062 
2.230000 0.850095 0.951635 0.872616 0.951635 1.077628 1.004734 0.872616 1.004734 0.907228 
2.250000 0.861755 0.971047 0.891155 0.971047 1.083401 1.027547 0.891155 1.027547 0.936166 
2.270000 0.877030 0.991459 0.911592 0.991459 1.092062 1.048054 0.911592 1.048054 0.964922 
2.290000 0.895002 1.010488 0.936042 1.010488 1.102803 1.066310 0.936042 1.066310 0.989062 
2.310000 0.914824 1.029619 0.958877 1.029619 1.105293 1.078551 0.958877 1.078551 1.011472 
2.330000 0.935372 1.043219 0.980523 1.043219 1.111576 1.091382 0.980523 1.091382 1.038415 
2.350000 0.959087 1.059300 1.002715 1.059300 1.116042 1.106719 1.002715 1.106719 1.059406 
2.370000 0.979993 1.071745 1.023968 1.071745 1.101335 1.111363 1.023968 1.111363 1.074177 
2.390000 1.002686 1.077462 1.042650 1.077462 1.100579 1.112842 1.042650 1.112842 1.095504 
2.410000 1.023924 1.085846 1.059760 1.085846 1.096732 1.115891 1.059760 1.115891 1.103955 
2.430000 1.041649 1.090219 1.075422 1.090219 1.088133 1.113387 1.075422 1.113387 1.113753 
2.450000 1.058090 1.090123 1.084853 1.090123 1.079263 1.107592 1.084853 1.107592 1.124478 
2.470000 1.070517 1.090104 1.092509 1.090104 1.067392 1.101111 1.092509 1.101111 1.122492 
2.490000 1.083727 1.084604 1.099936 1.084604 1.056525 1.093453 1.099936 1.093453 1.124254 
2.510000 1.091144 1.079794 1.101062 1.079794 1.048486 1.082734 1.101062 1.082734 1.116233 
2.530000 1.096632 1.074741 1.098057 1.074741 1.031593 1.071101 1.098057 1.071101 1.108535 
2.550000 1.097763 1.067803 1.095722 1.067803 1.026507 1.064579 1.095722 1.064579 1.098502 
2.570000 1.097068 1.058301 1.091997 1.058301 1.011907 1.051428 1.091997 1.051428 1.087520 
2.590000 1.092051 1.047468 1.084778 1.047468 0.996517 1.040781 1.084778 1.040781 1.079124 
2.610000 1.088708 1.038481 1.075106 1.038481 0.981865 1.024977 1.075106 1.024977 1.067305 
2.630000 1.082142 1.027848 1.065622 1.027848 0.969282 1.012020 1.065622 1.012020 1.050032 
2.650000 1.074763 1.019162 1.055301 1.019162 0.959374 0.997404 1.055301 0.997404 1.045131 
2.670000 1.063261 1.006182 1.046183 1.006182 0.952185 0.987883 1.046183 0.987883 1.030818 
2.690000 1.053546 0.998937 1.035490 0.998937 0.945274 0.976722 1.035490 0.976722 1.018318 
2.710000 1.041766 0.988578 1.021134 0.988578 0.938576 0.965040 1.021134 0.965040 1.004599 
2.730000 1.032155 0.978428 1.012054 0.978428 0.936740 0.956645 1.012054 0.956645 0.991586 
2.750000 1.019643 0.970423 0.999111 0.970423 0.931416 0.944307 0.999111 0.944307 0.979458 
2.770000 1.010739 0.962438 0.991605 0.962438 0.935057 0.940591 0.991605 0.940591 0.969834 
2.790000 0.999374 0.955924 0.979710 0.955924 0.935622 0.932829 0.979710 0.932829 0.958513 
2.810000 0.989599 0.950073 0.970002 0.950073 0.939715 0.931681 0.970002 0.931681 0.948633 
2.830000 0.981160 0.946083 0.962638 0.946083 0.941783 0.930729 0.962638 0.930729 0.944036 
2.850000 0.973307 0.942229 0.954244 0.942229 0.945039 0.931407 0.954244 0.931407 0.935609 
2.870000 0.965276 0.942625 0.948865 0.942625 0.952155 0.935767 0.948865 0.935767 0.930715 
2.890000 0.959331 0.941423 0.942867 0.941423 0.968533 0.940297 0.942867 0.940297 0.928365 
2.910000 0.953008 0.944487 0.940718 0.944487 0.976831 0.943171 0.940718 0.943171 0.925958 
2.930000 0.949336 0.947011 0.939107 0.947011 0.982329 0.952549 0.939107 0.952549 0.926333 
2.950000 0.946061 0.951633 0.937686 0.951633 0.991314 0.957423 0.937686 0.957423 0.932138 
2.970000 0.943376 0.955208 0.938230 0.955208 0.998198 0.968227 0.938230 0.968227 0.938145 
2.990000 0.943022 0.964539 0.939865 0.964539 1.006125 0.976288 0.939865 0.976288 0.944876 
3.010000 0.943589 0.972490 0.944627 0.972490 1.010751 0.986016 0.944627 0.986016 0.958281 
3.030000 0.945726 0.979406 0.950525 0.979406 1.018458 0.996221 0.950525 0.996221 0.963675 
3.050000 0.949231 0.986531 0.957979 0.986531 1.024849 1.007246 0.957979 1.007246 0.973538 
3.070000 0.955274 0.996823 0.965609 0.996823 1.028540 1.010168 0.965609 1.010168 0.978288 
3.090000 0.958648 1.002901 0.972955 1.002901 1.033340 1.017372 0.972955 1.017372 0.988865 
3.110000 0.966574 1.011611 0.982080 1.011611 1.032252 1.025495 0.982080 1.025495 0.998757 
3.130000 0.973489 1.018307 0.990976 1.018307 1.036877 1.031179 0.990976 1.031179 1.007620 
3.150000 0.980827 1.023769 1.000448 1.023769 1.039151 1.034980 1.000448 1.034980 1.021871 
3.170000 0.989287 1.030486 1.007877 1.030486 1.038184 1.039106 1.007877 1.039106 1.027969 
3.190000 0.997068 1.032487 1.015642 1.032487 1.037472 1.041830 1.015642 1.041830 1.031368 
3.210000 1.004301 1.036918 1.023489 1.036918 1.037397 1.038674 1.023489 1.038674 1.036579 
3.230000 1.011196 1.038279 1.030289 1.038279 1.033380 1.044339 1.030289 1.044339 1.039902 
3.250000 1.018923 1.038258 1.033953 1.038258 1.029697 1.042499 1.033953 1.042499 1.041940 
3.270000 1.024525 1.039160 1.038263 1.039160 1.024962 1.036214 1.038263 1.036214 1.045320 
3.290000 1.029780 1.037552 1.041621 1.037552 1.018720 1.035782 1.041621 1.035782 1.046065 
3.310000 1.033841 1.035422 1.042350 1.035422 1.014556 1.031922 1.042350 1.031922 1.045374 
3.330000 1.036283 1.032295 1.042269 1.032295 1.009101 1.028379 1.042269 1.028379 1.046831 
3.350000 1.038744 1.029832 1.041803 1.029832 1.007081 1.020425 1.041803 1.020425 1.037654 
3.370000 1.039453 1.025458 1.038958 1.025458 1.000250 1.017042 1.038958 1.017042 1.034421 
3.390000 1.038660 1.020875 1.037658 1.020875 0.995920 1.011775 1.037658 1.011775 1.032497 
3.410000 1.037294 1.015167 1.032815 1.015167 0.993490 1.005674 1.032815 1.005674 1.024316 
3.430000 1.035557 1.011259 1.029528 1.011259 0.986209 1.001685 1.029528 1.001685 1.017749 
3.450000 1.032350 1.006127 1.024662 1.006127 0.983388 0.997427 1.024662 0.997427 1.011884 
3.470000 1.028944 1.001921 1.019394 1.001921 0.980231 0.992800 1.019394 0.992800 1.013153 
3.490000 1.024914 0.996996 1.014808 0.996996 0.980559 0.988432 1.014808 0.988432 1.006080 
3.510000 1.020804 0.992139 1.009345 0.992139 0.979005 0.985653 1.009345 0.985653 0.997903 
3.530000 1.015231 0.989154 1.003299 0.989154 0.975945 0.979503 1.003299 0.979503 0.993872 
3.550000 1.010903 0.985896 0.999322 0.985896 0.979999 0.979196 0.999322 0.979196 0.989844 
3.570000 1.005629 0.981814 0.994258 0.981814 0.972707 0.977345 0.994258 0.977345 0.985660 
3.590000 0.999899 0.979460 0.989150 0.979460 0.978253 0.975849 0.989150 0.975849 0.981957 
3.610000 0.995788 0.977802 0.986434 0.977802 0.981178 0.972399 0.986434 0.972399 0.979250 
3.630000 0.992190 0.977076 0.982602 0.977076 0.982851 0.974289 0.982602 0.974289 0.975649 
3.650000 0.988048 0.976281 0.979211 0.976281 0.984076 0.974137 0.979211 0.974137 0.974007 
3.670000 0.984040 0.976659 0.976238 0.976659 0.982675 0.975493 0.976238 0.975493 0.971703 
3.690000 0.981045 0.976579 0.975026 0.976579 0.981386 0.977896 0.975026 0.977896 0.971887 
3.710000 0.979378 0.976655 0.974302 0.976655 0.991714 0.976827 0.974302 0.976827 0.970432 
3.730000 0.978053 0.978616 0.975129 0.978616 0.994023 0.983778 0.975129 0.983778 0.970557 
3.750000 0.976309 0.981964 0.975165 0.981964 0.996906 0.984307 0.975165 0.984307 0.974044 
3.770000 0.975763 0.982606 0.975447 0.982606 0.999400 0.988111 0.975447 0.988111 0.976629 
3.790000 0.975801 0.985151 0.976963 0.985151 1.003413 0.991098 0.976963 0.991098 0.979293 
3.810000 0.977286 0.987490 0.977567 0.987490 1.006659 0.995636 0.977567 0.995636 0.982273 
3.830000 0.977925 0.990939 0.980634 0.990939 1.010506 1.000651 0.980634 1.000651 0.987022 
3.850000 0.979972 0.994359 0.982631 0.994359 1.011706 1.002557 0.982631 1.002557 0.987853 
3.870000 0.981096 0.998590 0.985590 0.998590 1.012211 1.003710 0.985590 1.003710 0.992303 
3.890000 0.983709 1.001100 0.990059 1.001100 1.014002 1.008310 0.990059 1.008310 0.996906 
3.910000 0.987017 1.003471 0.992073 1.003471 1.016590 1.010362 0.992073 1.010362 1.003849 
3.930000 0.989709 1.007371 0.996581 1.007371 1.015648 1.012968 0.996581 1.012968 1.005817 
3.950000 0.993234 1.008273 0.999719 1.008273 1.013055 1.015392 0.999719 1.015392 1.008595 
3.970000 0.994893 1.011736 1.001914 1.011736 1.018644 1.018686 1.001914 1.018686 1.009507 
3.990000 0.999139 1.014062 1.006233 1.014062 1.014405 1.016984 1.006233 1.016984 1.015401 
4.010000 1.002860 1.015615 1.008272 1.015615 1.014650 1.017718 1.008272 1.017718 1.017472 
4.030000 1.005009 1.014938 1.011311 1.014938 1.012960 1.019528 1.011311 1.019528 1.014099 
4.050000 1.007895 1.016650 1.014400 1.016650 1.011755 1.019604 1.014400 1.019604 1.018117 
4.070000 1.009825 1.015994 1.015402 1.015994 1.012837 1.016991 1.015402 1.016991 1.021877 
4.090000 1.012981 1.015956 1.016141 1.015956 1.009581 1.014278 1.016141 1.014278 1.023321 
4.110000 1.013896 1.016033 1.017269 1.016033 1.007785 1.014697 1.017269 1.014697 1.019059 
4.130000 1.014855 1.013910 1.019205 1.013910 1.005102 1.010497 1.019205 1.010497 1.016719 
4.150000 1.016753 1.012300 1.017898 1.012300 0.998422 1.007917 1.017898 1.007917 1.015585 
4.170000 1.016654 1.012793 1.016497 1.012793 0.999757 1.006008 1.016497 1.006008 1.015757 
4.190000 1.016018 1.009461 1.015876 1.009461 0.995879 1.003940 1.015876 1.003940 1.014222 
4.210000 1.015113 1.007849 1.015378 1.007849 0.996394 1.002548 1.015378 1.002548 1.012967 
4.230000 1.014818 1.005392 1.012033 1.005392 0.996634 0.998470 1.012033 0.998470 1.011116 
4.250000 1.013223 1.002736 1.011538 1.002736 0.990322 0.998997 1.011538 0.998997 1.005360 
4.270000 1.012107 1.001845 1.009278 1.001845 0.990947 0.996629 1.009278 0.996629 1.002814 
4.290000 1.011001 0.999781 1.006755 0.999781 0.991921 0.995139 1.006755 0.995139 1.002270 
4.310000 1.008401 0.997608 1.003330 0.997608 0.989307 0.994347 1.003330 0.994347 0.998576 
4.330000 1.007163 0.994826 1.002166 0.994826 0.990698 0.992101 1.002166 0.992101 0.996157 
4.350000 1.004081 0.993460 1.000171 0.993460 0.988055 0.991182 1.000171 0.991182 0.995386 
4.370000 1.002434 0.992510 0.998433 0.992510 0.988711 0.989214 0.998433 0.989214 0.995607 
4.390000 1.000323 0.991551 0.994897 0.991551 0.990078 0.989181 0.994897 0.989181 0.994273 
4.410000 0.998290 0.989405 0.993664 0.989405 0.991185 0.989098 0.993664 0.989098 0.987367 
4.430000 0.997312 0.988927 0.993014 0.988927 0.991731 0.989582 0.993014 0.989582 0.987297 
4.450000 0.995387 0.989292 0.990626 0.989292 0.992181 0.988403 0.990626 0.988403 0.987592 
4.470000 0.993679 0.989277 0.989486 0.989277 0.994834 0.988109 0.989486 0.988109 0.987325 
4.490000 0.992489 0.989814 0.989631 0.989814 0.993679 0.988888 0.989631 0.988888 0.987776 
4.510000 0.990970 0.989954 0.988424 0.989954 0.998032 0.991989 0.988424 0.991989 0.990356 
4.530000 0.990681 0.990547 0.988112 0.990547 0.998301 0.992526 0.988112 0.992526 0.987957 
4.550000 0.989517 0.991914 0.988389 0.991914 0.997478 0.994002 0.988389 0.994002 0.990937 
4.570000 0.989434 0.992889 0.989502 0.992889 1.000542 0.994063 0.989502 0.994063 0.990458 
4.590000 0.989876 0.994531 0.989198 0.994531 1.003743 0.995725 0.989198 0.995725 0.992494 
4.610000 0.989827 0.995037 0.990149 0.995037 1.002097 0.998932 0.990149 0.998932 0.992765 
4.630000 0.990688 0.996257 0.991537 0.996257 1.003044 0.999630 0.991537 0.999630 0.992153 
4.650000 0.991463 0.997454 0.993212 0.997454 1.004735 1.000539 0.993212 1.000539 0.995257 
4.670000 0.991683 0.998776 0.994423 0.998776 1.005162 1.001151 0.994423 1.001151 0.999120 
4.690000 0.993063 1.000630 0.995913 1.000630 1.007162 1.003120 0.995913 1.003120 0.998614 
4.710000 0.994513 1.001942 0.996974 1.001942 1.007282 1.004784 0.996974 1.004784 1.001933 
4.730000 0.995872 1.003436 0.998165 1.003436 1.006581 1.006143 0.998165 1.006143 1.004556 
4.750000 0.996921 1.004509 0.999585 1.004509 1.008500 1.009037 0.999585 1.009037 1.001491 
4.770000 0.998339 1.005270 1.001276 1.005270 1.009368 1.007207 1.001276 1.007207 1.005590 
4.790000 1.000519 1.006416 1.002453 1.006416 1.008580 1.005094 1.002453 1.005094 1.003115 
4.810000 1.000829 1.005268 1.003283 1.005268 1.008835 1.007776 1.003283 1.007776 1.006328 
4.830000 1.001922 1.006463 1.005120 1.006463 1.005760 1.008061 1.005120 1.008061 1.006702 
4.850000 1.003450 1.006965 1.007360 1.006965 1.007146 1.006364 1.007360 1.006364 1.008976 
4.870000 1.004136 1.006028 1.006390 1.006028 1.005853 1.008024 1.006390 1.008024 1.007181 
4.890000 1.005810 1.007425 1.007791 1.007425 1.004274 1.006729 1.007791 1.006729 1.008961 
4.910000 1.005472 1.006594 1.007824 1.006594 1.003620 1.007327 1.007824 1.007327 1.009846 
4.930000 1.006990 1.006505 1.007386 1.006505 1.002695 1.005314 1.007386 1.005314 1.007200 
4.950000 1.007413 1.006443 1.007351 1.006443 1.002403 1.005585 1.007351 1.005585 1.005558 
4.970000 1.006922 1.004724 1.008045 1.004724 0.998829 1.004976 1.008045 1.004976 1.005526 
4.990000 1.006943 1.003562 1.006982 1.003562 0.997699 1.002746 1.006982 1.002746 1.007718 
5.010000 1.007079 1.003300 1.006346 1.003300 0.997775 0.999651 1.006346 0.999651 1.008181 
5.030000 1.006024 1.003063 1.005335 1.003063 0.997312 1.000161 1.005335 1.000161 1.005194 
5.050000 1.006285 1.001839 1.005856 1.001839 0.996026 0.999446 1.005856 0.999446 1.002132 
5.070000 1.005553 1.000730 1.004313 1.000730 0.998963 0.998477 1.004313 0.998477 1.002804 
5.090000 1.004745 0.999920 1.003950 0.999920 0.997257 0.996934 1.003950 0.996934 1.002165 
5.110000 1.003792 0.998510 1.001108 0.998510 0.995531 0.996659 1.001108 0.996659 0.997734 
5.130000 1.002452 0.997710 1.000747 0.997710 0.995862 0.995943 1.000747 0.995943 0.999189 
5.150000 1.002339 0.996102 0.999829 0.996102 0.996717 0.996463 0.999829 0.996463 0.998463 
5.170000 1.001496 0.995901 0.998885 0.995901 0.995490 0.996541 0.998885 0.996541 0.996828 
5.190000 1.000436 0.995991 0.999086 0.995991 0.993288 0.995951 0.999086 0.995951 0.994561 
5.210000 0.999441 0.995475 0.996535 0.995475 0.996788 0.995058 0.996535 0.995058 0.997984 
5.230000 0.998595 0.995392 0.996431 0.995392 0.995702 0.993745 0.996431 0.993745 0.994700 
5.250000 0.997895 0.996111 0.995963 0.996111 0.997735 0.995104 0.995963 0.995104 0.996280 
5.270000 0.997471 0.995253 0.995448 0.995253 0.998736 0.996084 0.995448 0.996084 0.995718 
5.290000 0.996846 0.995566 0.994404 0.995566 0.998936 0.995101 0.994404 0.995101 0.994692 
5.310000 0.996171 0.995512 0.995100 0.995512 0.996934 0.996603 0.995100 0.996603 0.995540 
5.330000 0.995691 0.995580 0.994902 0.995580 0.998957 0.997284 0.994902 0.997284 0.995742 
5.350000 0.995749 0.996986 0.994779 0.996986 0.999960 0.997951 0.994779 0.997951 0.994780 
5.370000 0.995353 0.997207 0.994703 0.997207 1.000421 0.996141 0.994703 0.996141 0.996318 
5.390000 0.995247 0.997687 0.994612 0.997687 0.999565 0.998502 0.994612 0.998502 0.995520 
5.410000 0.995556 0.997914 0.995772 0.997914 1.000284 0.999676 0.995772 0.999676 0.997037 
5.430000 0.996223 0.997834 0.995880 0.997834 1.001413 0.999697 0.995880 0.999697 0.997452 
5.450000 0.996080 0.998345 0.997183 0.998345 1.004229 0.999722 0.997183 0.999722 0.998504 
5.470000 0.996058 0.999780 0.997135 0.999780 1.003719 1.000360 0.997135 1.000360 0.999827 
5.490000 0.997205 1.000811 0.998088 1.000811 1.004537 1.001619 0.998088 1.001619 0.998112 
5.510000 0.997536 0.999926 0.998766 0.999926 1.001830 1.000168 0.998766 1.000168 1.000781 
5.530000 0.997730 1.001704 0.999383 1.001704 1.002959 1.002420 0.999383 1.002420 1.000216 
5.550000 0.999137 1.002224 1.000478 1.002224 1.000963 1.003008 1.000478 1.003008 1.003612 
5.570000 0.999144 1.002437 1.001201 1.002437 1.004376 1.002169 1.001201 1.002169 1.002748 
5.590000 0.999721 1.002730 1.001743 1.002730 1.003647 1.002868 1.001743 1.002868 1.003583 
5.610000 1.000286 1.002998 1.001271 1.002998 1.002859 1.004237 1.001271 1.004237 1.003890 
5.630000 1.000938 1.002280 1.001273 1.002280 1.002005 1.004888 1.001273 1.004888 1.003434 
5.650000 1.001730 1.003946 1.002763 1.003946 1.004270 1.003101 1.002763 1.003101 1.003667 
5.670000 1.002665 1.002802 1.003997 1.002802 1.001642 1.005267 1.003997 1.005267 1.003208 
5.690000 1.002983 1.003313 1.003510 1.003313 1.001109 1.003272 1.003510 1.003272 1.004368 
5.710000 1.002461 1.003025 1.003033 1.003025 1.001458 1.003329 1.003033 1.003329 1.004039 
5.730000 1.003669 1.002837 1.003844 1.002837 1.000590 1.003006 1.003844 1.003006 1.002201 
5.750000 1.003105 1.003517 1.004037 1.003517 0.998490 1.001030 1.004037 1.001030 1.003971 
5.770000 1.003761 1.001903 1.004164 1.001903 1.000908 1.000902 1.004164 1.000902 1.004661 
5.790000 1.003695 1.001779 1.003157 1.001779 0.997794 1.001651 1.003157 1.001651 1.000165 
5.810000 1.003094 1.001383 1.003096 1.001383 1.001659 1.000745 1.003096 1.000745 1.003934 
5.830000 1.002545 1.000155 1.002241 1.000155 0.997695 1.000162 1.002241 1.000162 1.001951 
5.850000 1.002315 1.000629 1.002414 1.000629 1.000662 0.999372 1.002414 0.999372 1.001659 
5.870000 1.002357 0.999822 1.001783 0.999822 1.000211 1.000119 1.001783 1.000119 1.001473 
5.890000 1.001483 0.999843 1.000950 0.999843 0.998255 0.997659 1.000950 0.997659 1.000888 
5.910000 1.001865 0.999991 1.000338 0.999991 0.997286 0.997790 1.000338 0.997790 1.001419 
5.930000 1.001079 0.998811 0.999921 0.998811 0.998150 0.997898 0.999921 0.997898 0.999598 
5.950000 1.000775 0.998884 1.000036 0.998884 0.996619 0.998045 1.000036 0.998045 0.999351 
5.970000 1.001049 0.998702 0.999673 0.998702 0.999213 0.999459 0.999673 0.999459 0.999361 
5.990000 1.000214 0.998770 0.998989 0.998770 0.997440 0.997743 0.998989 0.997743 0.994821 
6.010000 0.999857 0.998706 0.998678 0.998706 0.999319 0.998339 0.998678 0.998339 0.998385 
6.030000 1.000032 0.998252 0.998943 0.998252 0.998431 0.999101 0.998943 0.999101 0.998489 
6.050000 0.998844 0.997154 0.998513 0.997154 0.997745 0.997871 0.998513 0.997871 0.996678 
6.070000 0.998972 0.997350 0.998078 0.997350 0.999753 0.997616 0.998078 0.997616 0.996721 
6.090000 0.998610 0.997813 0.997877 0.997813 0.997823 0.997606 0.997877 0.997606 0.998423 
6.110000 0.997851 0.998052 0.997909 0.998052 1.000508 0.999568 0.997909 0.999568 0.996476 
6.130000 0.998508 0.998240 0.998418 0.998240 0.999659 0.997761 0.998418 0.997761 0.997244 
6.150000 0.998136 0.997816 0.997938 0.997816 0.999338 1.000343 0.997938 1.000343 0.997980 
6.170000 0.997768 0.999098 0.997991 0.999098 1.001036 0.999020 0.997991 0.999020 0.997495 
6.190000 0.998240 0.999197 0.997613 0.999197 1.001618 0.999665 0.997613 0.999665 0.998124 
6.210000 0.998049 0.998598 0.997726 0.998598 1.002772 0.999393 0.997726 0.999393 0.996347 
6.230000 0.997823 0.998769 0.997690 0.998769 0.998335 1.001247 0.997690 1.001247 0.998547 
6.250000 0.998430 0.999053 0.998410 0.999053 1.001194 0.998927 0.998410 0.998927 0.998556 
6.270000 0.998313 0.999587 0.998642 0.999587 1.001224 1.000551 0.998642 1.000551 0.999121 
6.290000 0.998935 0.999941 0.998645 0.999941 1.000429 1.000042 0.998645 1.000042 1.001416 
6.310000 0.999217 1.000303 0.999306 1.000303 1.000084 1.002356 0.999306 1.002356 0.999028 
6.330000 0.999219 1.000887 1.000086 1.000887 1.000680 1.001302 1.000086 1.001302 0.999743 
6.350000 0.999424 1.000251 1.000090 1.000251 1.001120 1.001526 1.000090 1.001526 0.999905 
6.370000 0.999861 1.001498 1.000527 1.001498 1.002762 1.002329 1.000527 1.002329 1.001640 
6.390000 1.000510 1.001291 1.000381 1.001291 1.004463 1.001492 1.000381 1.001492 1.002486 
6.410000 1.000072 1.001526 1.001466 1.001526 1.002998 1.002019 1.001466 1.002019 1.002381 
6.430000 1.000607 1.001284 1.001405 1.001284 1.000377 1.001290 1.001405 1.001290 1.002670 
6.450000 1.000862 1.001023 1.001516 1.001023 1.000910 1.003122 1.001516 1.003122 1.001589 
6.470000 1.000938 1.001336 1.000743 1.001336 1.000999 1.001734 1.000743 1.001734 1.002804 
6.490000 1.001350 1.001488 1.001568 1.001488 1.003787 1.001945 1.001568 1.001945 1.003025 
6.510000 1.001609 1.001270 1.001960 1.001270 1.000469 1.001235 1.001960 1.001235 1.002963 
6.530000 1.001372 1.001764 1.001592 1.001764 1.001893 1.001873 1.001592 1.001873 1.002714 
6.550000 1.001394 1.001038 1.001376 1.001038 0.999983 1.000335 1.001376 1.000335 1.002444 
6.570000 1.001223 1.001176 1.001497 1.001176 1.001169 1.001561 1.001497 1.001561 1.002812 
6.590000 1.001151 1.000748 1.001464 1.000748 0.999047 1.000581 1.001464 1.000581 1.002527 
6.610000 1.001631 1.001394 1.001348 1.001394 0.997114 0.998988 1.001348 0.998988 1.002112 
6.630000 1.001577 1.000651 1.001065 1.000651 1.000509 0.999620 1.001065 0.999620 1.000734 
6.650000 1.001433 0.999966 1.000981 0.999966 1.000457 0.999905 1.000981 0.999905 1.001263 
6.670000 1.001424 0.999838 1.001126 0.999838 0.999894 0.998842 1.001126 0.998842 1.001679 
6.690000 1.001151 1.000281 1.000691 1.000281 0.998887 0.999234 1.000691 0.999234 1.000421 
6.710000 1.000491 0.999922 1.000174 0.999922 0.998221 0.999298 1.000174 0.999298 0.999229 
6.730000 1.000878 0.999336 1.000339 0.999336 0.998291 0.999006 1.000339 0.999006 1.000027 
6.750000 1.000277 0.999288 0.999840 0.999288 0.999695 0.998959 0.999840 0.998959 0.997749 
6.770000 1.000313 0.999054 1.000207 0.999054 1.000926 1.000239 1.000207 1.000239 0.999100 
6.790000 1.000181 0.999056 0.999722 0.999056 0.997499 0.999983 0.999722 0.999983 1.000090 
6.810000 0.999777 0.999149 0.999003 0.999149 1.000012 0.998305 0.999003 0.998305 0.999743 
6.830000 1.000041 0.998612 0.999555 0.998612 0.999603 0.998471 0.999555 0.998471 0.998592 
6.850000 0.999485 0.999763 0.999569 0.999763 0.999113 0.999289 0.999569 0.999289 0.996557 
6.870000 0.999533 0.998759 0.998233 0.998759 0.999414 0.998871 0.998233 0.998871 0.999000 
6.890000 0.999133 0.998738 0.999191 0.998738 0.999009 0.998696 0.999191 0.998696 1.000263 
6.910000 0.999567 0.999304 0.998958 0.999304 1.000038 0.998630 0.998958 0.998630 1.000377 
6.930000 0.999164 0.998920 0.998952 0.998920 0.999948 0.999528 0.998952 0.999528 0.998169 
6.950000 0.998961 0.999660 0.999012 0.999660 0.999896 0.999068 0.999012 0.999068 0.997954 
6.970000 0.999267 1.000186 0.998796 1.000186 1.000447 0.999842 0.998796 0.999842 0.998044 
6.990000 0.999353 0.999266 0.999046 0.999266 1.000288 1.000448 0.999046 1.000448 1.000162 
7.010000 0.999420 0.999663 0.998816 0.999663 1.000887 1.000174 0.998816 1.000174 0.998649 
7.030000 0.999038 0.999238 0.999708 0.999238 0.999593 0.999959 0.999708 0.999959 0.999826 
7.050000 0.999332 1.000227 0.999237 1.000227 0.998513 0.999557 0.999237 0.999557 0.999867 
7.070000 0.999451 1.000593 0.999414 1.000593 1.001728 1.000677 0.999414 1.000677 1.001915 
7.090000 0.999448 0.999795 0.999800 0.999795 1.001647 1.000623 0.999800 1.000623 1.000522 
7.110000 0.999643 0.999915 0.999511 0.999915 1.001941 1.000327 0.999511 1.000327 0.999665 
7.130000 0.999502 1.000853 1.000056 1.000853 1.003409 1.001095 1.000056 1.001095 1.000474 
7.150000 0.999937 1.000829 1.000150 1.000829 1.000341 1.001038 1.000150 1.001038 1.001056 
7.170000 0.999555 1.000428 1.000399 1.000428 1.003121 1.000651 1.000399 1.000651 1.001688 
7.190000 1.000422 0.999994 1.000445 0.999994 1.001517 1.000731 1.000445 1.000731 1.000973 
7.210000 1.000238 1.000513 1.000434 1.000513 1.001226 1.000706 1.000434 1.000706 1.000735 
7.230000 1.000139 1.000367 1.000547 1.000367 1.000394 1.000638 1.000547 1.000638 1.000136 
7.250000 1.000469 1.000253 1.000216 1.000253 1.000571 1.001192 1.000216 1.001192 1.000738 
7.270000 1.000616 1.000627 1.000922 1.000627 1.000359 1.000740 1.000922 1.000740 1.001729 
7.290000 1.000807 1.000691 1.000661 1.000691 1.002423 0.999758 1.000661 0.999758 1.001349 
7.310000 1.000648 1.000478 1.001047 1.000478 1.001174 1.000666 1.001047 1.000666 1.000225 
7.330000 1.000821 0.999641 1.000952 0.999641 1.000667 1.000902 1.000952 1.000902 1.001186 
7.350000 1.001027 1.000715 1.001154 1.000715 0.999745 1.000518 1.001154 1.000518 1.003528 
7.370000 1.000700 0.999828 1.000400 0.999828 0.999743 1.001720 1.000400 1.001720 1.001081 
7.390000 1.000642 1.000482 1.000866 1.000482 1.000351 0.999644 1.000866 0.999644 1.002243 
7.410000 1.000750 1.000128 1.000397 1.000128 0.999259 0.999855 1.000397 0.999855 1.002097 
7.430000 1.000653 1.000013 1.000208 1.000013 0.999377 0.999785 1.000208 0.999785 0.999123 
7.450000 1.001069 1.000100 1.000414 1.000100 0.999962 1.000291 1.000414 1.000291 1.000540 
7.470000 1.000654 1.000197 1.000135 1.000197 0.999620 1.000300 1.000135 1.000300 1.001367 
7.490000 1.000379 0.999633 1.000060 0.999633 0.999549 1.000130 1.000060 1.000130 0.999982 
7.510000 1.000453 1.000046 0.999790 1.000046 1.001098 0.998432 0.999790 0.998432 0.999828 
7.530000 1.000467 1.000225 0.999853 1.000225 0.999871 1.000041 0.999853 1.000041 1.001353 
7.550000 1.000583 0.999995 0.999763 0.999995 1.001821 0.999481 0.999763 0.999481 0.999612 
7.570000 1.000109 1.000363 0.999874 1.000363 1.000170 0.998574 0.999874 0.998574 1.000807 
7.590000 1.000033 1.000000 1.000130 1.000000 0.999735 1.000854 1.000130 1.000854 1.000503 
7.610000 0.999818 0.999570 1.000146 0.999570 0.999847 1.000102 1.000146 1.000102 1.000340 
7.630000 0.999927 0.999814 0.999594 0.999814 0.999617 0.999091 0.999594 0.999091 1.000192 
7.650000 1.000173 0.999847 0.999805 0.999847 0.998955 0.999581 0.999805 0.999581 0.998158 
7.670000 0.999815 0.999228 0.999698 0.999228 0.999444 1.000149 0.999698 1.000149 1.000359 
7.690000 0.999642 0.999303 0.999346 0.999303 1.000014 0.998801 0.999346 0.998801 1.000215 
7.710000 1.000117 0.999906 0.999352 0.999906 0.998097 1.000752 0.999352 1.000752 0.999602 
7.730000 0.999323 0.999313 0.999553 0.999313 0.999330 0.999611 0.999553 0.999611 0.999507 
7.750000 0.999353 0.999210 1.000033 0.999210 1.000686 0.999971 1.000033 0.999971 0.998872 
7.770000 1.000018 0.999503 0.999405 0.999503 1.000271 1.000923 0.999405 1.000923 1.000295 
7.790000 0.999456 0.999789 0.999488 0.999789 0.999950 1.000140 0.999488 1.000140 1.000462 
7.810000 0.999365 1.000054 0.999529 1.000054 0.999700 0.999332 0.999529 0.999332 1.000008 
7.830000 0.999569 0.999860 1.000181 0.999860 0.999416 0.999638 1.000181 0.999638 0.999777 
7.850000 0.999794 0.999887 0.999641 0.999887 0.999466 0.999013 0.999641 0.999013 0.998745 
7.870000 0.999895 1.000000 1.000135 1.000000 1.000817 1.000508 1.000135 1.000508 1.000484 
7.890000 1.000045 1.000549 0.999740 1.000549 1.001141 0.999892 0.999740 0.999892 1.000132 
7.910000 0.999530 1.000363 0.999620 1.000363 1.002687 1.000533 0.999620 1.000533 0.999987 
7.930000 0.999687 1.000390 0.999978 1.000390 1.000034 1.000782 0.999978 1.000782 0.999134 
7.950000 1.000139 0.999819 1.000466 0.999819 1.001033 1.000271 1.000466 1.000271 1.000459 
7.970000 0.999964 1.000237 0.999893 1.000237 1.001342 1.000127 0.999893 1.000127 1.000700 
7.990000 1.000365 1.000357 1.000240 1.000357 1.000176 0.999086 1.000240 0.999086 0.999517 
8.010000 1.000159 1.000339 1.000700 1.000339 0.999257 0.999708 1.000700 0.999708 1.001488 
8.030000 1.000015 1.000488 1.000320 1.000488 0.999652 1.000594 1.000320 1.000594 0.999553 
8.050000 1.000634 1.000104 1.000514 1.000104 1.001050 1.000494 1.000514 1.000494 0.999541 
8.070000 1.000334 0.999788 1.000255 0.999788 1.000423 1.000841 1.000255 1.000841 0.999973 
8.090000 1.000429 1.000167 1.000284 1.000167 0.999469 1.000389 1.000284 1.000389 1.001299 
8.110000 1.000171 1.000151 1.000427 1.000151 1.000694 1.000009 1.000427 1.000009 1.000654 
8.130000 1.000437 1.000452 1.000432 1.000452 1.000541 1.001296 1.000432 1.001296 1.000924 
8.150000 1.000776 1.000069 1.000097 1.000069 1.001174 1.000744 1.000097 1.000744 0.999342 
8.170000 1.000345 1.000128 1.000228 1.000128 0.999051 1.000302 1.000228 1.000302 1.000766 
8.190000 1.000244 1.000052 1.000347 1.000052 1.000241 1.000261 1.000347 1.000261 1.000355 
8.210000 1.000443 1.000171 1.000452 1.000171 1.000815 1.000540 1.000452 1.000540 1.001049 
8.230000 1.000131 1.000413 1.000357 1.000413 0.999674 0.999983 1.000357 0.999983 1.000607 
8.250000 1.000427 1.000676 1.000181 1.000676 1.000674 0.999704 1.000181 0.999704 0.999504 
8.270000 1.000561 1.000395 1.000118 1.000395 1.000629 0.999104 1.000118 0.999104 1.001062 
8.290000 1.000127 0.999869 1.000021 0.999869 1.001091 1.000568 1.000021 1.000568 1.001175 
8.310000 1.000521 0.999759 1.000402 0.999759 1.001165 0.999517 1.000402 0.999517 0.999389 
8.330000 1.000315 0.999697 1.000142 0.999697 1.001399 0.999660 1.000142 0.999660 1.000205 
8.350000 0.999951 1.000070 0.999575 1.000070 0.999654 1.000327 0.999575 1.000327 1.000582 
8.370000 1.000375 0.999610 0.999584 0.999610 1.000768 0.999906 0.999584 0.999906 1.000495 
8.390000 1.000286 0.999726 0.999621 0.999726 0.999245 0.999863 0.999621 0.999863 0.999494 
8.410000 1.000144 0.999444 1.000283 0.999444 0.999331 0.999971 1.000283 0.999971 1.000280 
8.430000 0.999864 0.999597 0.999794 0.999597 1.000449 1.000053 0.999794 1.000053 1.000271 
8.450000 0.999942 0.999864 0.999850 0.999864 0.999590 1.001120 0.999850 1.001120 1.000588 
8.470000 1.000240 0.999316 0.999556 0.999316 1.000032 0.999854 0.999556 0.999854 0.999723 
8.490000 1.000123 0.999460 0.999737 0.999460 1.000144 0.999985 0.999737 0.999985 0.999123 
8.510000 0.999967 0.999592 1.000122 0.999592 0.999401 1.000456 1.000122 1.000456 1.000445 
8.530000 0.999595 1.000188 0.999745 1.000188 1.000044 0.999995 0.999745 0.999995 1.001148 
8.550000 1.000071 1.000017 1.000079 1.000017 1.000697 0.999877 1.000079 0.999877 0.999858 
8.570000 1.000121 0.999528 1.000150 0.999528 0.999936 1.000704 1.000150 1.000704 1.000913 
8.590000 1.000026 0.999776 0.999998 0.999776 1.000021 0.999955 0.999998 0.999955 1.000225 
8.610000 0.999771 1.000091 0.999758 1.000091 1.000789 0.999376 0.999758 0.999376 1.001101 
8.630000 1.000020 0.999508 0.999707 0.999508 1.001287 1.000422 0.999707 1.000422 0.999581 
8.650000 0.999875 0.999965 0.999376 0.999965 1.000566 0.999715 0.999376 0.999715 0.999227 
8.670000 0.999955 1.000173 0.999879 1.000173 1.000709 1.000222 0.999879 1.000222 0.999850 
8.690000 0.999825 1.000341 1.000171 1.000341 1.000494 1.001124 1.000171 1.001124 0.999775 
8.710000 0.999921 0.999609 1.000187 0.999609 1.000260 1.000445 1.000187 1.000445 0.999725 
8.730000 1.000036 1.000492 1.000413 1.000492 0.999736 1.000343 1.000413 1.000343 1.000932 
8.750000 0.999665 1.000136 1.000130 1.000136 0.999153 1.000419 1.000130 1.000419 0.998953 
8.770000 0.999909 1.000382 1.000124 1.000382 1.000678 1.001276 1.000124 1.001276 0.999855 
8.790000 0.999843 1.000282 0.999835 1.000282 1.000332 0.999988 0.999835 0.999988 0.999857 
8.810000 1.000108 1.000061 1.000382 1.000061 0.998606 0.999504 1.000382 0.999504 0.999098 
8.830000 1.000415 1.000430 0.999401 1.000430 1.000083 1.000066 0.999401 1.000066 1.001085 
8.850000 1.000056 1.000199 0.999936 1.000199 1.000360 1.000257 0.999936 1.000257 1.000580 
8.870000 1.000271 1.000138 1.000188 1.000138 1.001216 1.000708 1.000188 1.000708 1.000541 
8.890000 1.000460 1.000189 1.000111 1.000189 1.000668 1.000807 1.000111 1.000807 1.000555 
8.910000 1.000193 1.000194 1.000209 1.000194 1.000583 0.999972 1.000209 0.999972 1.000393 
8.930000 1.000231 1.000316 1.000193 1.000316 0.999446 1.000317 1.000193 1.000317 1.000454 
8.950000 1.000216 1.000322 1.000729 1.000322 1.000140 1.000211 1.000729 1.000211 0.999194 
8.970000 1.000540 0.999835 0.999987 0.999835 1.000332 0.999403 0.999987 0.999403 1.002533 
8.990000 1.000338 1.000015 1.000317 1.000015 0.999380 0.999465 1.000317 0.999465 0.999811 
9.010000 1.000158 1.000063 1.000293 1.000063 1.000504 0.999190 1.000293 0.999190 1.001662 
9.030000 1.000125 0.999704 0.999852 0.999704 1.001058 0.999838 0.999852 0.999838 1.001211 
9.050000 1.000085 1.000125 0.999939 1.000125 1.000658 1.000615 0.999939 1.000615 0.999985 
9.070000 1.000228 1.000519 1.000567 1.000519 1.000046 0.999974 1.000567 0.999974 1.000650 
9.090000 1.000783 1.000110 1.000532 1.000110 1.000496 0.999439 1.000532 0.999439 1.000025 
9.110000 0.999778 0.999760 0.999901 0.999760 0.999274 1.000734 0.999901 1.000734 0.999753 
9.130000 1.000140 0.999800 0.999916 0.999800 1.001447 0.999390 0.999916 0.999390 0.999792 
9.150000 1.000222 1.000066 1.000279 1.000066 1.000342 1.000260 1.000279 1.000260 0.999699 
9.170000 1.000158 0.999877 1.000065 0.999877 0.999426 0.999975 1.000065 0.999975 1.000269 
9.190000 0.999947 0.999770 0.999819 0.999770 1.000905 0.999923 0.999819 0.999923 0.999819 
9.210000 1.000003 0.999946 1.000062 0.999946 0.999955 1.000086 1.000062 1.000086 1.000821 
9.230000 1.000024 0.999932 1.000001 0.999932 1.000140 1.000371 1.000001 1.000371 1.000555 
9.250000 0.999930 0.999422 1.000115 0.999422 1.000100 1.000226 1.000115 1.000226 1.001111 
9.270000 1.000247 0.999883 1.000381 0.999883 1.001594 0.999507 1.000381 0.999507 0.999318 
9.290000 1.000190 0.999806 0.999643 0.999806 0.999607 0.999248 0.999643 0.999248 1.000265 
9.310000 1.000032 1.000139 0.999436 1.000139 1.000849 0.999708 0.999436 0.999708 1.000281 
9.330000 1.000346 1.000052 1.000063 1.000052 0.999246 0.999522 1.000063 0.999522 1.000143 
9.350000 1.000140 0.999743 0.999820 0.999743 1.000392 1.000545 0.999820 1.000545 1.000904 
9.370000 1.000245 1.000032 0.999877 1.000032 1.000810 0.999772 0.999877 0.999772 1.000229 
9.390000 1.000044 1.000238 0.999798 1.000238 0.999634 1.000719 0.999798 1.000719 0.999792 
9.410000 0.999636 1.000164 0.999568 1.000164 0.999538 0.999812 0.999568 0.999812 0.999857 
9.430000 1.000311 0.999788 1.000037 0.999788 1.000657 0.999961 1.000037 0.999961 1.001024 
9.450000 1.000275 0.999662 0.999998 0.999662 0.999559 1.000813 0.999998 1.000813 0.998509 
9.470000 1.000030 0.999919 0.999853 0.999919 1.000661 1.000533 0.999853 1.000533 1.000316 
9.490000 1.000010 1.000206 0.999584 1.000206 0.999139 1.000081 0.999584 1.000081 1.000673 
9.510000 1.000060 0.999895 1.000111 0.999895 1.000236 1.000559 1.000111 1.000559 1.000431 
9.530000 1.000422 1.000356 1.000130 1.000356 1.000650 0.999741 1.000130 0.999741 0.999751 
9.550000 1.000254 1.000248 0.999954 1.000248 1.000171 0.999949 0.999954 0.999949 1.000238 
9.570000 0.999830 1.000211 1.000091 1.000211 1.000082 1.000072 1.000091 1.000072 0.999711 
9.590000 0.999643 0.999743 0.999739 0.999743 1.000600 1.000548 0.999739 1.000548 1.000844 
9.610000 0.999961 1.000258 1.000147 1.000258 0.999810 1.000168 1.000147 1.000168 1.000065 
9.630000 1.000242 1.000001 0.999851 1.000001 1.000330 1.000817 0.999851 1.000817 0.999934 
9.650000 0.999949 1.000283 1.000377 1.000283 0.999568 1.001103 1.000377 1.001103 1.000085 
9.670000 0.999747 0.999987 1.000337 0.999987 0.999311 1.001198 1.000337 1.001198 1.001041 
9.690000 1.000165 0.999994 1.000621 0.999994 0.999930 0.999810 1.000621 0.999810 0.999643 
9.710000 1.000075 1.000271 1.000434 1.000271 1.001189 1.000982 1.000434 1.000982 1.001149 
9.730000 0.999921 0.999887 0.999776 0.999887 0.999966 0.999360 0.999776 0.999360 1.000263 
9.750000 1.000417 1.000131 1.000060 1.000131 1.001085 1.000603 1.000060 1.000603 0.999415 
9.770000 1.000092 0.999757 1.000375 0.999757 1.000620 1.000301 1.000375 1.000301 1.000119 
9.790000 1.000267 1.000132 0.999999 1.000132 0.999044 1.000058 0.999999 1.000058 0.999536 
9.810000 1.000078 1.000309 1.000320 1.000309 0.998628 1.000101 1.000320 1.000101 1.000197 
9.830000 1.000219 1.000264 0.999871 1.000264 1.000257 0.999979 0.999871 0.999979 1.000298 
9.850000 1.000772 0.999730 0.999983 0.999730 0.999124 1.000456 0.999983 1.000456 1.001742 
9.870000 0.999941 0.999926 1.000278 0.999926 0.999584 1.000291 1.000278 1.000291 0.999970 
9.890000 1.000279 0.999951 1.000309 0.999951 0.999922 1.001578 1.000309 1.001578 0.999603 
9.910000 1.000034 0.999855 0.999718 0.999855 1.000623 1.000054 0.999718 1.000054 0.999986 
9.930000 1.000064 1.000093 1.000173 1.000093 1.000476 0.999711 1.000173 0.999711 1.000131 
9.950000 0.999999 0.999631 0.999424 0.999631 0.999234 0.999776 0.999424 0.999776 1.000204 
9.970000 1.000614 1.000033 1.000217 1.000033 0.999751 0.999988 1.000217 0.999988 1.001256 
9.990000 1.000285 0.999977 0.999814 0.999977 1.001348 1.000154 0.999814 1.000154 1.000043 
10.010000 0.996985 0.997126 0.997193 0.997126 0.997873 0.997521 0.997193 0.997521 0.998468 
10.030000 0.990971 0.990934 0.990906 0.990934 0.990845 0.990916 0.990906 0.990916 0.991125 
10.050000 0.985236 0.984887 0.985224 0.984887 0.986639 0.985876 0.985224 0.985876 0.985631 
10.070000 0.979078 0.979121 0.978885 0.979121 0.979669 0.978602 0.978885 0.978602 0.979326 
10.090000 0.973479 0.973000 0.973222 0.973000 0.973217 0.972753 0.973222 0.972753 0.973091 
10.110000 0.967213 0.967257 0.966906 0.967257 0.967724 0.967548 0.966906 0.967548 0.966992 
10.130000 0.961747 0.961253 0.961388 0.961253 0.961783 0.961631 0.961388 0.961631 0.961635 
10.150000 0.955532 0.955628 0.955538 0.955628 0.957316 0.955453 0.955538 0.955453 0.956235 
10.170000 0.949966 0.949505 0.950270 0.949505 0.950029 0.950073 0.950270 0.950073 0.950253 
10.190000 0.944217 0.944422 0.943806 0.944422 0.944259 0.943732 0.943806 0.943732 0.944275 
10.210000 0.938607 0.938151 0.938555 0.938151 0.939215 0.938377 0.938555 0.938377 0.938511 
10.230000 0.932689 0.932535 0.932246 0.932535 0.932463 0.932000 0.932246 0.932000 0.933025 
10.250000 0.927134 0.926561 0.927091 0.926561 0.927742 0.925955 0.927091 0.925955 0.925520 
10.270000 0.921358 0.921818 0.921250 0.921818 0.921496 0.921253 0.921250 0.921253 0.921503 
10.290000 0.915417 0.915533 0.915453 0.915533 0.915725 0.915521 0.915453 0.915521 0.916335 
10.310000 0.909908 0.910038 0.909895 0.910038 0.910235 0.910814 0.909895 0.910814 0.909159 
10.330000 0.904306 0.904247 0.904334 0.904247 0.904839 0.903671 0.904334 0.903671 0.904268 
10.350000 0.898401 0.898709 0.898460 0.898709 0.897940 0.899146 0.898460 0.899146 0.898286 
10.370000 0.892826 0.893234 0.892909 0.893234 0.892670 0.893583 0.892909 0.893583 0.893673 
10.390000 0.887663 0.887620 0.887763 0.887620 0.887931 0.886906 0.887763 0.886906 0.888634 
10.410000 0.881868 0.881664 0.881958 0.881664 0.881566 0.882559 0.881958 0.882559 0.881494 
10.430000 0.876644 0.876146 0.876167 0.876146 0.877249 0.876010 0.876167 0.876010 0.877271 
10.450000 0.870843 0.870899 0.870869 0.870899 0.870924 0.870863 0.870869 0.870863 0.870571 
10.470000 0.865268 0.865114 0.865286 0.865114 0.865318 0.865715 0.865286 0.865715 0.864214 
10.490000 0.860015 0.859810 0.859818 0.859810 0.860325 0.860095 0.859818 0.860095 0.860595 
10.510000 0.854466 0.854566 0.854525 0.854566 0.854259 0.854547 0.854525 0.854547 0.854812 
10.530000 0.849206 0.849139 0.848937 0.849139 0.849545 0.848374 0.848937 0.848374 0.850109 
10.550000 0.843601 0.843277 0.843439 0.843277 0.844312 0.843430 0.843439 0.843430 0.844912 
10.570000 0.838277 0.838100 0.838300 0.838100 0.838609 0.838578 0.838300 0.838578 0.837866 
10.590000 0.832741 0.832757 0.832904 0.832757 0.833064 0.832517 0.832904 0.832517 0.833074 
10.610000 0.827659 0.827436 0.827696 0.827436 0.826883 0.826760 0.827696 0.826760 0.827393 
10.630000 0.822322 0.822526 0.822068 0.822526 0.822619 0.822565 0.822068 0.822565 0.822568 
10.650000 0.817073 0.817195 0.817133 0.817195 0.817345 0.817009 0.817133 0.817009 0.817173 
10.670000 0.811702 0.811358 0.811796 0.811358 0.810978 0.811448 0.811796 0.811448 0.812383 
10.690000 0.806493 0.806295 0.806277 0.806295 0.805330 0.806777 0.806277 0.806777 0.807252 
10.710000 0.801195 0.801093 0.801372 0.801093 0.800840 0.801710 0.801372 0.801710 0.801223 
10.730000 0.796028 0.795971 0.796126 0.795971 0.796839 0.795390 0.796126 0.795390 0.795983 
10.750000 0.790803 0.790589 0.790881 0.790589 0.790902 0.790934 0.790881 0.790934 0.790917 
10.770000 0.785721 0.785658 0.785475 0.785658 0.786211 0.785590 0.785475 0.785590 0.785899 
10.790000 0.780444 0.780634 0.780307 0.780634 0.779771 0.780972 0.780307 0.780972 0.779493 
10.810000 0.775516 0.775060 0.775211 0.775060 0.774697 0.775472 0.775211 0.775472 0.775032 
10.830000 0.770162 0.769944 0.769980 0.769944 0.769705 0.769493 0.769980 0.769493 0.770409 
10.850000 0.765087 0.765226 0.764767 0.765226 0.765134 0.765469 0.764767 0.765469 0.765470 
10.870000 0.759727 0.759823 0.759926 0.759823 0.760064 0.759481 0.759926 0.759481 0.760620 
10.890000 0.754944 0.755054 0.755031 0.755054 0.754311 0.755377 0.755031 0.755377 0.755138 
10.910000 0.749760 0.749860 0.749624 0.749860 0.750291 0.750123 0.749624 0.750123 0.750422 
10.930000 0.744804 0.744532 0.744682 0.744532 0.744004 0.744731 0.744682 0.744731 0.744701 
10.950000 0.739874 0.739685 0.739511 0.739685 0.740916 0.740002 0.739511 0.740002 0.740057 
10.970000 0.734939 0.734780 0.734771 0.734780 0.734989 0.735192 0.734771 0.735192 0.735001 
10.990000 0.729945 0.729874 0.729904 0.729874 0.730154 0.730216 0.729904 0.730216 0.729088 
11.010000 0.724878 0.724801 0.724661 0.724801 0.725440 0.725242 0.724661 0.725242 0.724891 
11.030000 0.719980 0.719860 0.719950 0.719860 0.719767 0.719716 0.719950 0.719716 0.719742 
11.050000 0.714899 0.714696 0.714885 0.714696 0.715518 0.714503 0.714885 0.714503 0.715635 
11.070000 0.710145 0.710046 0.709873 0.710046 0.710775 0.710461 0.709873 0.710461 0.709948 
11.090000 0.705129 0.705349 0.705209 0.705349 0.705174 0.705381 0.705209 0.705381 0.704427 
11.110000 0.700425 0.699999 0.700391 0.699999 0.699815 0.700021 0.700391 0.700021 0.700380 
11.130000 0.695568 0.695179 0.695403 0.695179 0.695969 0.695781 0.695403 0.695781 0.695191 
11.150000 0.690723 0.690412 0.690481 0.690412 0.690526 0.690425 0.690481 0.690425 0.691006 
11.170000 0.685788 0.685687 0.685600 0.685687 0.685997 0.686442 0.685600 0.686442 0.686896 
11.190000 0.681053 0.681304 0.681014 0.681304 0.681882 0.680776 0.681014 0.680776 0.681148 
11.210000 0.676182 0.675903 0.676219 0.675903 0.676937 0.676412 0.676219 0.676412 0.675864 
11.230000 0.671472 0.671499 0.671564 0.671499 0.671385 0.671421 0.671564 0.671421 0.671668 
11.250000 0.666765 0.666902 0.666440 0.666902 0.667007 0.667090 0.666440 0.667090 0.667130 
11.270000 0.661928 0.661977 0.662183 0.661977 0.661688 0.661996 0.662183 0.661996 0.661994 
11.290000 0.657323 0.657122 0.656892 0.657122 0.657919 0.657084 0.656892 0.657084 0.657768 
11.310000 0.652745 0.652446 0.652627 0.652446 0.652394 0.653049 0.652627 0.653049 0.652804 
11.330000 0.647984 0.647919 0.647540 0.647919 0.648268 0.647474 0.647540 0.647474 0.647914 
11.350000 0.643189 0.643364 0.643418 0.643364 0.642889 0.642983 0.643418 0.642983 0.642963 
11.370000 0.638638 0.638601 0.638571 0.638601 0.639224 0.638688 0.638571 0.638688 0.638976 
11.390000 0.633818 0.633868 0.634015 0.633868 0.634043 0.633622 0.634015 0.633622 0.634651 
11.410000 0.629434 0.629159 0.629464 0.629159 0.630231 0.629214 0.629464 0.629214 0.629644 
11.430000 0.624767 0.624682 0.624738 0.624682 0.624754 0.624641 0.624738 0.624641 0.624274 
11.450000 0.620072 0.619760 0.620131 0.619760 0.620163 0.620388 0.620131 0.620388 0.620392 
11.470000 0.615531 0.615592 0.615452 0.615592 0.615342 0.615828 0.615452 0.615828 0.615806 
11.490000 0.610899 0.611016 0.610912 0.611016 0.611477 0.611037 0.610912 0.611037 0.610644 
11.510000 0.606281 0.606427 0.606746 0.606427 0.606960 0.606740 0.606746 0.606740 0.606220 
11.530000 0.601985 0.601804 0.602010 0.601804 0.602928 0.601981 0.602010 0.601981 0.601657 
11.550000 0.597593 0.597416 0.597390 0.597416 0.597406 0.597583 0.597390 0.597583 0.597362 
11.570000 0.592954 0.592949 0.593316 0.592949 0.592625 0.592896 0.593316 0.592896 0.592304 
11.590000 0.588740 0.588317 0.588317 0.588317 0.587940 0.588622 0.588317 0.588622 0.589133 
11.610000 0.583913 0.584094 0.584357 0.584094 0.583786 0.584694 0.584357 0.584694 0.584221 
11.630000 0.579623 0.579274 0.579445 0.579274 0.579387 0.578993 0.579445 0.578993 0.579515 
11.650000 0.574976 0.575000 0.574982 0.575000 0.575027 0.575079 0.574982 0.575079 0.574926 
11.670000 0.571006 0.570719 0.570830 0.570719 0.571145 0.571167 0.570830 0.571167 0.571027 
11.690000 0.566570 0.565999 0.566294 0.565999 0.566118 0.566496 0.566294 0.566496 0.566316 
11.710000 0.561991 0.561904 0.561801 0.561904 0.561828 0.562407 0.561801 0.562407 0.561996 
11.730000 0.557571 0.557818 0.557646 0.557818 0.557343 0.557332 0.557646 0.557332 0.558103 
11.750000 0.553428 0.553146 0.553263 0.553146 0.553837 0.553487 0.553263 0.553487 0.553359 
11.770000 0.549027 0.548534 0.548940 0.548534 0.549048 0.549013 0.548940 0.549013 0.548904 
11.790000 0.544531 0.544722 0.544601 0.544722 0.544630 0.544770 0.544601 0.544770 0.544746 
11.810000 0.540163 0.540349 0.540150 0.540349 0.540152 0.540112 0.540150 0.540112 0.540444 
11.830000 0.535893 0.535934 0.535727 0.535934 0.535916 0.536060 0.535727 0.536060 0.535989 
11.850000 0.531542 0.531716 0.531664 0.531716 0.531405 0.532026 0.531664 0.532026 0.531766 
11.870000 0.527502 0.527482 0.527176 0.527482 0.527463 0.527139 0.527176 0.527139 0.527893 
11.890000 0.523119 0.523348 0.522985 0.523348 0.523763 0.522995 0.522985 0.522995 0.522992 
11.910000 0.519068 0.519015 0.518825 0.519015 0.518858 0.519042 0.518825 0.519042 0.518475 
11.930000 0.514688 0.514745 0.514845 0.514745 0.514537 0.514758 0.514845 0.514758 0.515077 
11.950000 0.510396 0.510331 0.510404 0.510331 0.510530 0.510581 0.510404 0.510581 0.510435 
11.970000 0.506250 0.506185 0.506508 0.506185 0.505952 0.506199 0.506508 0.506199 0.506079 
11.990000 0.502164 0.501972 0.501941 0.501972 0.502372 0.502378 0.501941 0.502378 0.501707 
12.010000 0.497978 0.497946 0.497960 0.497946 0.498034 0.498326 0.497960 0.498326 0.497406 
12.030000 0.494020 0.493953 0.493879 0.493953 0.493936 0.493873 0.493879 0.493873 0.493894 
12.050000 0.489716 0.489601 0.489943 0.489601 0.489244 0.489386 0.489943 0.489386 0.489385 
12.070000 0.485582 0.485589 0.485507 0.485589 0.485367 0.485527 0.485507 0.485527 0.485749 
12.090000 0.481574 0.481204 0.481392 0.481204 0.481614 0.480983 0.481392 0.480983 0.482081 
12.110000 0.477117 0.477328 0.477498 0.477328 0.477347 0.477170 0.477498 0.477170 0.477605 
12.130000 0.473326 0.473181 0.473080 0.473181 0.473565 0.473215 0.473080 0.473215 0.473562 
12.150000 0.469151 0.469015 0.469197 0.469015 0.468879 0.469153 0.469197 0.469153 0.469447 
12.170000 0.465043 0.465070 0.464939 0.465070 0.464999 0.465067 0.464939 0.465067 0.465023 
12.190000 0.461022 0.460881 0.461137 0.460881 0.461359 0.461179 0.461137 0.461179 0.461344 
12.210000 0.457189 0.456872 0.457029 0.456872 0.456686 0.456917 0.457029 0.456917 0.457241 
12.230000 0.452968 0.452693 0.453075 0.452693 0.453390 0.452703 0.453075 0.452703 0.452819 
12.250000 0.448995 0.449152 0.449086 0.449152 0.449440 0.448708 0.449086 0.448708 0.448691 
12.270000 0.445093 0.445314 0.444924 0.445314 0.444302 0.445413 0.444924 0.445413 0.445298 
12.290000 0.441102 0.441139 0.440923 0.441139 0.440956 0.441471 0.440923 0.441471 0.440525 
12.310000 0.437082 0.437184 0.437054 0.437184 0.437904 0.437004 0.437054 0.437004 0.437609 
12.330000 0.432978 0.433156 0.432937 0.433156 0.433309 0.433126 0.432937 0.433126 0.432988 
12.350000 0.429258 0.429093 0.429018 0.429093 0.428797 0.429342 0.429018 0.429342 0.429536 
12.370000 0.425175 0.425260 0.425420 0.425260 0.424907 0.425040 0.425420 0.425040 0.425494 
12.390000 0.421367 0.421367 0.421372 0.421367 0.421624 0.421302 0.421372 0.421302 0.421696 
12.410000 0.417348 0.417354 0.417194 0.417354 0.417952 0.417635 0.417194 0.417635 0.417195 
12.430000 0.413682 0.413648 0.413457 0.413648 0.413911 0.414081 0.413457 0.414081 0.413891 
12.450000 0.409735 0.409704 0.409594 0.409704 0.409116 0.409747 0.409594 0.409747 0.409614 
12.470000 0.405784 0.405717 0.405755 0.405717 0.406008 0.405425 0.405755 0.405425 0.406225 
12.490000 0.401957 0.401818 0.401904 0.401818 0.401697 0.401577 0.401904 0.401577 0.402112 
12.510000 0.398111 0.398139 0.398090 0.398139 0.398358 0.398145 0.398090 0.398145 0.398563 
12.530000 0.394264 0.394232 0.394437 0.394232 0.394830 0.394063 0.394437 0.394063 0.394695 
12.550000 0.390512 0.390637 0.390455 0.390637 0.390722 0.390724 0.390455 0.390724 0.390651 
12.570000 0.386698 0.386583 0.386957 0.386583 0.387429 0.386895 0.386957 0.386895 0.386181 
12.590000 0.382970 0.382828 0.383091 0.382828 0.382535 0.383133 0.383091 0.383133 0.383191 
12.610000 0.379183 0.379073 0.378978 0.379073 0.379073 0.379224 0.378978 0.379224 0.379201 
12.630000 0.375312 0.375189 0.375223 0.375189 0.375183 0.375114 0.375223 0.375114 0.375180 
12.650000 0.371554 0.371661 0.371587 0.371661 0.371431 0.371716 0.371587 0.371716 0.371573 
12.670000 0.367890 0.368127 0.367764 0.368127 0.368184 0.367713 0.367764 0.367713 0.367708 
12.690000 0.364219 0.363945 0.364059 0.363945 0.364373 0.364139 0.364059 0.364139 0.364343 
12.710000 0.360454 0.360242 0.360346 0.360242 0.359914 0.360328 0.360346 0.360328 0.360787 
12.730000 0.356644 0.356729 0.356596 0.356729 0.356536 0.356530 0.356596 0.356530 0.356591 
12.750000 0.352999 0.352848 0.352813 0.352848 0.353390 0.352716 0.352813 0.352716 0.353299 
12.770000 0.349417 0.349291 0.349147 0.349291 0.349108 0.349621 0.349147 0.349621 0.349277 
12.789999 0.345510 0.345506 0.345605 0.345506 0.345423 0.345726 0.345605 0.345726 0.345565 
12.809999 0.341988 0.341816 0.342079 0.341816 0.342062 0.341787 0.342079 0.341787 0.341854 
12.830000 0.338403 0.338240 0.338300 0.338240 0.338360 0.338594 0.338300 0.338594 0.338500 
12.850000 0.334570 0.334489 0.334626 0.334489 0.334770 0.334904 0.334626 0.334904 0.334977 
12.870000 0.331095 0.330884 0.330969 0.330884 0.331006 0.331064 0.330969 0.331064 0.331325 
12.890000 0.327320 0.327233 0.327216 0.327233 0.327332 0.327592 0.327216 0.327592 0.327084 
12.910000 0.323688 0.323830 0.323844 0.323830 0.324027 0.323433 0.323844 0.323433 0.323387 
12.930000 0.320189 0.320218 0.319971 0.320218 0.320068 0.319821 0.319971 0.319821 0.320029 
12.950000 0.316600 0.316531 0.316782 0.316531 0.317385 0.316584 0.316782 0.316584 0.316874 
12.970000 0.313035 0.313027 0.313056 0.313027 0.313448 0.312707 0.313056 0.312707 0.313206 
12.990000 0.309512 0.309513 0.309487 0.309513 0.309655 0.309445 0.309487 0.309445 0.309293 
13.010000 0.305916 0.305819 0.305861 0.305819 0.305777 0.305869 0.305861 0.305869 0.306143 
13.030000 0.302642 0.302328 0.302320 0.302328 0.302171 0.302284 0.302320 0.302284 0.302476 
13.050000 0.298921 0.298839 0.299031 0.298839 0.298918 0.298512 0.299031 0.298512 0.298965 
13.070000 0.295310 0.295315 0.295362 0.295315 0.295047 0.295546 0.295362 0.295546 0.295159 
13.090000 0.291814 0.291926 0.291768 0.291926 0.291846 0.291922 0.291768 0.291922 0.292049 
13.110000 0.288287 0.288435 0.288387 0.288435 0.288477 0.288456 0.288387 0.288456 0.288295 
13.130000 0.284941 0.284945 0.284751 0.284945 0.284526 0.285162 0.284751 0.285162 0.284746 
13.150000 0.281204 0.281492 0.281499 0.281492 0.281604 0.281622 0.281499 0.281622 0.281272 
13.170000 0.277890 0.278044 0.277985 0.278044 0.277672 0.277993 0.277985 0.277993 0.277794 
13.190000 0.274548 0.274539 0.274546 0.274539 0.274446 0.274376 0.274546 0.274376 0.274673 
13.210000 0.271127 0.271047 0.271067 0.271047 0.271168 0.271143 0.271067 0.271143 0.270415 
13.230000 0.267639 0.267592 0.267672 0.267592 0.267562 0.267946 0.267672 0.267946 0.267379 
13.250000 0.264315 0.264128 0.264213 0.264128 0.264217 0.264478 0.264213 0.264478 0.263923 
13.270000 0.260695 0.260670 0.260644 0.260670 0.260712 0.260500 0.260644 0.260500 0.260856 
13.289999 0.257385 0.257427 0.257466 0.257427 0.257238 0.257363 0.257466 0.257363 0.257836 
13.309999 0.253941 0.253885 0.254075 0.253885 0.253938 0.253769 0.254075 0.253769 0.253807 
13.330000 0.250639 0.250568 0.250535 0.250568 0.250708 0.250490 0.250535 0.250490 0.250506 
13.350000 0.247328 0.247059 0.247101 0.247059 0.247572 0.247344 0.247101 0.247344 0.247671 
13.370000 0.243733 0.243783 0.243870 0.243783 0.243692 0.243975 0.243870 0.243975 0.243763 
13.390000 0.240537 0.240671 0.240475 0.240671 0.240442 0.240475 0.240475 0.240475 0.240485 
13.410000 0.237049 0.237074 0.237005 0.237074 0.237120 0.237055 0.237005 0.237055 0.237413 
13.430000 0.233911 0.233882 0.233754 0.233882 0.233639 0.233937 0.233754 0.233937 0.233957 
13.450000 0.230376 0.230567 0.230531 0.230567 0.230611 0.230597 0.230531 0.230597 0.230625 
13.470000 0.227172 0.227250 0.227126 0.227250 0.227295 0.227018 0.227126 0.227018 0.227344 
13.490000 0.223820 0.223750 0.223946 0.223750 0.224099 0.224158 0.223946 0.224158 0.223424 
13.510000 0.220608 0.220548 0.220680 0.220548 0.220409 0.220568 0.220680 0.220568 0.220368 
13.530000 0.217333 0.217347 0.217259 0.217347 0.217495 0.217023 0.217259 0.217023 0.217606 
13.550000 0.214106 0.214004 0.214053 0.214004 0.213629 0.214038 0.214053 0.214038 0.214184 
13.570000 0.210842 0.210677 0.210774 0.210677 0.211050 0.210913 0.210774 0.210913 0.210858 
13.590000 0.207557 0.207520 0.207608 0.207520 0.207568 0.207541 0.207608 0.207541 0.207566 
13.610000 0.204337 0.204088 0.204228 0.204088 0.204299 0.204328 0.204228 0.204328 0.204287 
13.630000 0.201019 0.200974 0.201111 0.200974 0.200947 0.201048 0.201111 0.201048 0.201117 
13.650000 0.197854 0.197728 0.197763 0.197728 0.198018 0.197971 0.197763 0.197971 0.197681 
13.670000 0.194623 0.194526 0.194527 0.194526 0.194558 0.194525 0.194527 0.194525 0.194831 
13.690000 0.191432 0.191364 0.191338 0.191364 0.191311 0.191447 0.191338 0.191447 0.191430 
13.710000 0.188237 0.188260 0.188162 0.188260 0.188174 0.188293 0.188162 0.188293 0.188460 
13.730000 0.184974 0.185088 0.184978 0.185088 0.185000 0.184975 0.184978 0.184975 0.185025 
13.750000 0.181803 0.181694 0.181722 0.181694 0.181801 0.181901 0.181722 0.181901 0.181512 
13.770000 0.178654 0.178716 0.178701 0.178716 0.178732 0.178518 0.178701 0.178518 0.178758 
13.789999 0.175547 0.175521 0.175412 0.175521 0.175561 0.175676 0.175412 0.175676 0.175583 
13.809999 0.172286 0.172324 0.172235 0.172324 0.172873 0.172397 0.172235 0.172397 0.172349 
13.830000 0.169153 0.169159 0.169110 0.169159 0.169417 0.169102 0.169110 0.169102 0.169254 
13.850000 0.166154 0.166157 0.166074 0.166157 0.165845 0.166195 0.166074 0.166195 0.166097 
13.870000 0.162964 0.162961 0.162970 0.162961 0.162922 0.163076 0.162970 0.163076 0.163014 
13.890000 0.159814 0.159705 0.159795 0.159705 0.159891 0.159926 0.159795 0.159926 0.159960 
13.910000 0.156727 0.156717 0.156872 0.156717 0.156756 0.156684 0.156872 0.156684 0.156811 
13.930000 0.153615 0.153636 0.153638 0.153636 0.153653 0.153596 0.153638 0.153596 0.153704 
13.950000 0.150575 0.150607 0.150598 0.150607 0.150637 0.150649 0.150598 0.150649 0.150789 
13.970000 0.147517 0.147555 0.147387 0.147555 0.147344 0.147447 0.147387 0.147447 0.147713 
13.990000 0.144376 0.144409 0.144491 0.144409 0.144238 0.144486 0.144491 0.144486 0.144529 
14.010000 0.141347 0.141298 0.141294 0.141298 0.141353 0.141152 0.141294 0.141152 0.141437 
14.030000 0.138322 0.138245 0.138339 0.138245 0.138313 0.138274 0.138339 0.138274 0.138458 
14.050000 0.135330 0.135265 0.135215 0.135265 0.135403 0.135121 0.135215 0.135121 0.135099 
14.070000 0.132199 0.132179 0.132260 0.132179 0.132213 0.132038 0.132260 0.132038 0.132032 
14.090000 0.129219 0.129279 0.129169 0.129279 0.129257 0.129272 0.129169 0.129272 0.129028 
14.110000 0.126203 0.126168 0.126047 0.126168 0.125957 0.126104 0.126047 0.126104 0.126052 
14.130000 0.123116 0.123053 0.123192 0.123053 0.123111 0.123246 0.123192 0.123246 0.123269 
14.150000 0.120199 0.120184 0.120194 0.120184 0.120466 0.120404 0.120194 0.120404 0.119939 
14.170000 0.117467 0.117383 0.117555 0.117383 0.117267 0.117539 0.117555 0.117539 0.117444 
14.190000 0.114852 0.114881 0.114803 0.114881 0.114945 0.114861 0.114803 0.114861 0.115017 
14.210000 0.112403 0.112349 0.112355 0.112349 0.112520 0.112332 0.112355 0.112332 0.112296 
14.230000 0.109987 0.110021 0.109877 0.110021 0.110085 0.109829 0.109877 0.109829 0.109762 
14.250000 0.107678 0.107593 0.107599 0.107593 0.107522 0.107779 0.107599 0.107779 0.107744 
14.270000 0.105401 0.105316 0.105392 0.105316 0.105464 0.105387 0.105392 0.105387 0.105557 
14.289999 0.103221 0.103080 0.103176 0.103080 0.102946 0.103286 0.103176 0.103286 0.103175 
14.309999 0.100941 0.101000 0.100931 0.101000 0.100958 0.101073 0.100931 0.101073 0.101334 
14.330000 0.098882 0.098890 0.098941 0.098890 0.099053 0.098941 0.098941 0.098941 0.099019 
14.350000 0.096858 0.096863 0.096851 0.096863 0.096954 0.096963 0.096851 0.096963 0.096704 
14.370000 0.094818 0.094822 0.094913 0.094822 0.094993 0.094751 0.094913 0.094751 0.095033 
14.390000 0.092912 0.092940 0.092969 0.092940 0.092992 0.092704 0.092969 0.092704 0.093102 
14.410000 0.090932 0.090972 0.090881 0.090972 0.091001 0.090955 0.090881 0.090955 0.090980 
14.430000 0.089066 0.089126 0.089085 0.089126 0.089231 0.089046 0.089085 0.089046 0.088944 
14.450000 0.087239 0.087216 0.087276 0.087216 0.087211 0.087346 0.087276 0.087346 0.087311 
14.470000 0.085408 0.085467 0.085439 0.085467 0.085404 0.085430 0.085439 0.085430 0.085637 
14.490000 0.083665 0.083688 0.083663 0.083688 0.083552 0.083779 0.083663 0.083779 0.083750 
14.510000 0.081972 0.081969 0.081935 0.081969 0.081983 0.081936 0.081935 0.081936 0.082253 
14.530000 0.080277 0.080175 0.080260 0.080175 0.080096 0.080364 0.080260 0.080364 0.080482 
14.550000 0.078612 0.078545 0.078576 0.078545 0.078680 0.078466 0.078576 0.078466 0.078568 
14.570000 0.077015 0.076956 0.076964 0.076956 0.076958 0.077122 0.076964 0.077122 0.076980 
14.590000 0.075386 0.075409 0.075337 0.075409 0.075173 0.075245 0.075337 0.075245 0.075296 
14.610000 0.073843 0.073859 0.073757 0.073859 0.073803 0.073825 0.073757 0.073825 0.073907 
14.630000 0.072299 0.072323 0.072284 0.072323 0.072207 0.072303 0.072284 0.072303 0.072348 
14.650000 0.070719 0.070823 0.070745 0.070823 0.070716 0.070764 0.070745 0.070764 0.070758 
14.670000 0.069259 0.069242 0.069260 0.069242 0.069334 0.069223 0.069260 0.069223 0.069164 
14.690000 0.067850 0.067836 0.067822 0.067836 0.067823 0.067830 0.067822 0.067830 0.068088 
14.710000 0.066391 0.066375 0.066456 0.066375 0.066377 0.066385 0.066456 0.066385 0.066541 
14.730000 0.065009 0.065009 0.064966 0.065009 0.065071 0.065016 0.064966 0.065016 0.064859 
14.750000 0.063643 0.063699 0.063615 0.063699 0.063673 0.063521 0.063615 0.063521 0.063431 
14.770000 0.062277 0.062270 0.062234 0.062270 0.062165 0.062372 0.062234 0.062372 0.062388 
14.789999 0.060995 0.060881 0.060956 0.060881 0.061053 0.061004 0.060956 0.061004 0.060829 
14.809999 0.059644 0.059639 0.059651 0.059639 0.059570 0.059651 0.059651 0.059651 0.059651 
14.829999 0.058348 0.058308 0.058328 0.058308 0.058316 0.058423 0.058328 0.058423 0.058355 
14.849999 0.057093 0.057032 0.057065 0.057032 0.057282 0.057138 0.057065 0.057138 0.057035 
14.870000 0.055799 0.055859 0.055815 0.055859 0.055702 0.055886 0.055815 0.055886 0.055855 
14.890000 0.054656 0.054641 0.054633 0.054641 0.054580 0.054774 0.054633 0.054774 0.054839 
14.910000 0.053482 0.053462 0.053434 0.053462 0.053574 0.053433 0.053434 0.053433 0.053462 
14.930000 0.052279 0.052332 0.052263 0.052332 0.052275 0.052163 0.052263 0.052163 0.052336 
14.950000 0.051139 0.051075 0.051088 0.051075 0.051210 0.051192 0.051088 0.051192 0.051163 
14.970000 0.049996 0.049990 0.050025 0.049990 0.049777 0.050091 0.050025 0.050091 0.050054 
14.990000 0.048865 0.048860 0.048838 0.048860 0.048920 0.048820 0.048838 0.048820 0.049038 
15.010000 0.047770 0.047778 0.047770 0.047778 0.048001 0.047732 0.047770 0.047732 0.047866 
15.030000 0.046653 0.046654 0.046720 0.046654 0.046853 0.046771 0.046720 0.046771 0.046748 
15.050000 0.045669 0.045656 0.045639 0.045656 0.045626 0.045690 0.045639 0.045690 0.045724 
15.070000 0.044654 0.044636 0.044561 0.044636 0.044733 0.044573 0.044561 0.044573 0.044638 
15.090000 0.043626 0.043618 0.043546 0.043618 0.043667 0.043525 0.043546 0.043525 0.043537 
15.110000 0.042639 0.042566 0.042664 0.042566 0.042561 0.042500 0.042664 0.042500 0.042546 
15.130000 0.041591 0.041604 0.041576 0.041604 0.041668 0.041618 0.041576 0.041618 0.041648 
15.150000 0.040640 0.040650 0.040664 0.040650 0.040599 0.040716 0.040664 0.040716 0.040549 
15.170000 0.039697 0.039731 0.039733 0.039731 0.039684 0.039728 0.039733 0.039728 0.039620 
15.190000 0.038758 0.038784 0.038778 0.038784 0.038765 0.038750 0.038778 0.038750 0.038784 
15.210000 0.037870 0.037871 0.037842 0.037871 0.037835 0.037836 0.037842 0.037836 0.037968 
15.230000 0.036987 0.036982 0.036934 0.036982 0.036893 0.037047 0.036934 0.037047 0.036889 
15.250000 0.036081 0.036046 0.036102 0.036046 0.035991 0.036094 0.036102 0.036094 0.036045 
15.270000 0.035205 0.035229 0.035236 0.035229 0.035184 0.035300 0.035236 0.035300 0.035366 
15.289999 0.034345 0.034350 0.034381 0.034350 0.034290 0.034332 0.034381 0.034332 0.034265 
15.309999 0.033498 0.033500 0.033493 0.033500 0.033501 0.033475 0.033493 0.033475 0.033527 
15.329999 0.032707 0.032628 0.032677 0.032628 0.032688 0.032758 0.032677 0.032758 0.032775 
15.349999 0.031844 0.031888 0.031879 0.031888 0.031905 0.031824 0.031879 0.031824 0.031848 
15.370000 0.031074 0.031057 0.031072 0.031057 0.031113 0.031139 0.031072 0.031139 0.031042 
15.390000 0.030324 0.030298 0.030323 0.030298 0.030277 0.030325 0.030323 0.030325 0.030231 
15.410000 0.029552 0.029488 0.029589 0.029488 0.029425 0.029484 0.029589 0.029484 0.029612 
15.430000 0.028787 0.028790 0.028822 0.028790 0.028690 0.028803 0.028822 0.028803 0.028709 
15.450000 0.028019 0.028060 0.028041 0.028060 0.028004 0.028004 0.028041 0.028004 0.028055 
15.470000 0.027349 0.027339 0.027336 0.027339 0.027394 0.027373 0.027336 0.027373 0.027386 
15.490000 0.026614 0.026606 0.026633 0.026606 0.026663 0.026589 0.026633 0.026589 0.026644 
15.510000 0.025914 0.025927 0.025876 0.025927 0.025856 0.025865 0.025876 0.025865 0.025917 
15.530000 0.025218 0.025221 0.025177 0.025221 0.025251 0.025209 0.025177 0.025209 0.025239 
15.550000 0.024550 0.024569 0.024521 0.024569 0.024543 0.024538 0.024521 0.024538 0.024600 
15.570000 0.023869 0.023922 0.023912 0.023922 0.023798 0.023869 0.023912 0.023869 0.023777 
15.590000 0.023218 0.023210 0.023213 0.023210 0.023266 0.023188 0.023213 0.023188 0.023271 
15.610000 0.022616 0.022578 0.022605 0.022578 0.022583 0.022582 0.022605 0.022582 0.022602 
15.630000 0.021966 0.021968 0.021969 0.021968 0.021961 0.022023 0.021969 0.022023 0.021933 
15.650000 0.021348 0.021368 0.021357 0.021368 0.021326 0.021330 0.021357 0.021330 0.021342 
15.670000 0.020767 0.020760 0.020718 0.020760 0.020791 0.020727 0.020718 0.020727 0.020764 
15.690000 0.020162 0.020171 0.020150 0.020171 0.020122 0.020107 0.020150 0.020107 0.020120 
15.710000 0.019591 0.019617 0.019631 0.019617 0.019714 0.019599 0.019631 0.019599 0.019631 
15.730000 0.018988 0.018968 0.019034 0.018968 0.019073 0.019015 0.019034 0.019015 0.019070 
15.750000 0.018463 0.018478 0.018454 0.018478 0.018606 0.018410 0.018454 0.018410 0.018508 
15.770000 0.017905 0.017877 0.017919 0.017877 0.017923 0.017935 0.017919 0.017935 0.017867 
15.789999 0.017381 0.017395 0.017340 0.017395 0.017307 0.017446 0.017340 0.017446 0.017418 
15.809999 0.016854 0.016873 0.016831 0.016873 0.016803 0.016879 0.016831 0.016879 0.016774 
15.829999 0.016341 0.016347 0.016367 0.016347 0.016305 0.016319 0.016367 0.016319 0.016355 
15.849999 0.015814 0.015834 0.015823 0.015834 0.015818 0.015799 0.015823 0.015799 0.015805 
15.870000 0.015361 0.015350 0.015348 0.015350 0.015383 0.015302 0.015348 0.015302 0.015243 
15.890000 0.014870 0.014836 0.014842 0.014836 0.014820 0.014866 0.014842 0.014866 0.014823 
15.910000 0.014380 0.014332 0.014398 0.014332 0.014415 0.014365 0.014398 0.014365 0.014383 
15.930000 0.013915 0.013916 0.013872 0.013916 0.013932 0.013892 0.013872 0.013892 0.013924 
15.950000 0.013460 0.013443 0.013445 0.013443 0.013463 0.013459 0.013445 0.013459 0.013427 
15.970000 0.013019 0.013001 0.013025 0.013001 0.013011 0.012991 0.013025 0.012991 0.013021 
15.990000 0.012573 0.012560 0.012567 0.012560 0.012569 0.012592 0.012567 0.012592 0.012603 
16.010000 0.012125 0.012131 0.012155 0.012131 0.012123 0.012137 0.012155 0.012137 0.012217 
16.030000 0.011743 0.011726 0.011735 0.011726 0.011749 0.011765 0.011735 0.011765 0.011747 
16.049999 0.011313 0.011316 0.011314 0.011316 0.011360 0.011347 0.011314 0.011347 0.011346 
16.070000 0.010925 0.010914 0.010935 0.010914 0.010942 0.010980 0.010935 0.010980 0.010877 
16.090000 0.010526 0.010537 0.010503 0.010537 0.010567 0.010580 0.010503 0.010580 0.010615 
16.110000 0.010159 0.010179 0.010137 0.010179 0.010184 0.010187 0.010137 0.010187 0.010151 
16.129999 0.009786 0.009772 0.009778 0.009772 0.009732 0.009797 0.009778 0.009797 0.009765 
16.150000 0.009409 0.009393 0.009429 0.009393 0.009388 0.009395 0.009429 0.009395 0.009341 
16.170000 0.009061 0.009079 0.009036 0.009079 0.009067 0.009055 0.009036 0.009055 0.009111 
16.190000 0.008712 0.008702 0.008712 0.008702 0.008681 0.008749 0.008712 0.008749 0.008756 
16.209999 0.008377 0.008371 0.008376 0.008371 0.008392 0.008381 0.008376 0.008381 0.008397 
16.230000 0.008031 0.008060 0.008068 0.008060 0.008052 0.008048 0.008068 0.008048 0.008042 
16.250000 0.007706 0.007720 0.007703 0.007720 0.007709 0.007746 0.007703 0.007746 0.007688 
16.270000 0.007401 0.007370 0.007408 0.007370 0.007327 0.007373 0.007408 0.007373 0.007445 
16.289999 0.007094 0.007102 0.007083 0.007102 0.007104 0.007079 0.007083 0.007079 0.007092 
16.309999 0.006792 0.006794 0.006811 0.006794 0.006818 0.006860 0.006811 0.006860 0.006753 
16.330000 0.006490 0.006516 0.006503 0.006516 0.006474 0.006523 0.006503 0.006523 0.006477 
16.349999 0.006234 0.006225 0.006226 0.006225 0.006237 0.006208 0.006226 0.006208 0.006232 
16.369999 0.005949 0.005954 0.005935 0.005954 0.005926 0.005924 0.005935 0.005924 0.005894 
16.389999 0.005663 0.005673 0.005666 0.005673 0.005665 0.005694 0.005666 0.005694 0.005623 
16.410000 0.005409 0.005416 0.005397 0.005416 0.005364 0.005414 0.005397 0.005414 0.005417 
16.430000 0.005152 0.005143 0.005164 0.005143 0.005114 0.005106 0.005164 0.005106 0.005123 
16.450000 0.004903 0.004903 0.004898 0.004903 0.004839 0.004915 0.004898 0.004915 0.004900 
16.469999 0.004676 0.004657 0.004658 0.004657 0.004675 0.004673 0.004658 0.004673 0.004637 
16.490000 0.004429 0.004423 0.004408 0.004423 0.004410 0.004437 0.004408 0.004437 0.004467 
16.510000 0.004202 0.004184 0.004198 0.004184 0.004187 0.004196 0.004198 0.004196 0.004172 
16.530000 0.003989 0.003986 0.003977 0.003986 0.003977 0.003951 0.003977 0.003951 0.003935 
16.549999 0.003759 0.003757 0.003768 0.003757 0.003786 0.003790 0.003768 0.003790 0.003738 
16.570000 0.003551 0.003553 0.003572 0.003553 0.003561 0.003525 0.003572 0.003525 0.003610 
16.590000 0.003357 0.003366 0.003360 0.003366 0.003393 0.003342 0.003360 0.003342 0.003344 
16.610000 0.003167 0.003172 0.003160 0.003172 0.003185 0.003138 0.003160 0.003138 0.003170 
16.629999 0.002977 0.002971 0.002992 0.002971 0.002963 0.002986 0.002992 0.002986 0.002973 
16.650000 0.002803 0.002798 0.002814 0.002798 0.002813 0.002802 0.002814 0.002802 0.002754 
16.670000 0.002619 0.002636 0.002636 0.002636 0.002636 0.002622 0.002636 0.002622 0.002609 
16.690000 0.002462 0.002457 0.002457 0.002457 0.002434 0.002458 0.002457 0.002458 0.002468 
16.709999 0.002284 0.002291 0.002296 0.002291 0.002279 0.002278 0.002296 0.002278 0.002260 
16.730000 0.002141 0.002148 0.002137 0.002148 0.002142 0.002125 0.002137 0.002125 0.002179 
16.750000 0.001985 0.001991 0.002004 0.001991 0.002000 0.001983 0.002004 0.001983 0.001992 
16.770000 0.001853 0.001841 0.001835 0.001841 0.001822 0.001859 0.001835 0.001859 0.001858 
16.789999 0.001708 0.001704 0.001711 0.001704 0.001690 0.001708 0.001711 0.001708 0.001709 
16.809999 0.001571 0.001569 0.001580 0.001569 0.001570 0.001583 0.001580 0.001583 0.001582 
16.830000 0.001446 0.001451 0.001448 0.001451 0.001451 0.001468 0.001448 0.001468 0.001481 
16.849999 0.001327 0.001329 0.001325 0.001329 0.001326 0.001323 0.001325 0.001323 0.001311 
16.869999 0.001207 0.001224 0.001210 0.001224 0.001225 0.001220 0.001210 0.001220 0.001194 
16.889999 0.001098 0.001110 0.001109 0.001110 0.001076 0.001093 0.001109 0.001093 0.001110 
16.910000 0.001000 0.000991 0.000998 0.000991 0.000991 0.000994 0.000998 0.000994 0.000991 
16.930000 0.000905 0.000901 0.000893 0.000901 0.000903 0.000905 0.000893 0.000905 0.000907 
16.950000 0.000805 0.000806 0.000806 0.000806 0.000788 0.000809 0.000806 0.000809 0.000804 
16.969999 0.000718 0.000721 0.000723 0.000721 0.000728 0.000734 0.000723 0.000734 0.000724 
16.990000 0.000644 0.000640 0.000642 0.000640 0.000629 0.000636 0.000642 0.000636 0.000654 
17.010000 0.000561 0.000566 0.000562 0.000566 0.000556 0.000558 0.000562 0.000558 0.000568 
17.030000 0.000492 0.000490 0.000495 0.000490 0.000512 0.000501 0.000495 0.000501 0.000481 
17.049999 0.000423 0.000420 0.000420 0.000420 0.000423 0.000426 0.000420 0.000426 0.000423 
17.070000 0.000363 0.000365 0.000359 0.000365 0.000358 0.000366 0.000359 0.000366 0.000348 
17.090000 0.000303 0.000305 0.000302 0.000305 0.000301 0.000303 0.000302 0.000303 0.000307 
17.110000 0.000254 0.000253 0.000253 0.000253 0.000253 0.000256 0.000253 0.000256 0.000252 
17.129999 0.000210 0.000211 0.000207 0.000211 0.000209 0.000208 0.000207 0.000208 0.000216 
17.150000 0.000166 0.000166 0.000163 0.000166 0.000168 0.000165 0.000163 0.000165 0.000172 
17.170000 0.000130 0.000128 0.000126 0.000128 0.000129 0.000133 0.000126 0.000133 0.000128 
17.190000 0.000097 0.000093 0.000096 0.000093 0.000093 0.000093 0.000096 0.000093 0.000094 
17.209999 0.000068 0.000068 0.000069 0.000068 0.000072 0.000069 0.000069 0.000069 0.000066 
17.230000 0.000047 0.000048 0.000045 0.000048 0.000042 0.000045 0.000045 0.000045 0.000046 
17.250000 0.000028 0.000028 0.000029 0.000028 0.000030 0.000026 0.000029 0.000026 0.000025 
17.270000 0.000015 0.000015 0.000015 0.000015 0.000012 0.000013 0.000015 0.000013 0.000015 
17.289999 0.000006 0.000005 0.000006 0.000005 0.000004 0.000005 0.000006 0.000005 0.000006 
17.309999 0.000001 0.000001 0.000001 0.000001 0.000000 0.000001 0.000001 0.000001 0.000001 
17.330000 0.000000 0.000000 0.000000 0.000000 0.000000 0.000000 0.000000 0.000000 0.000000 
17.349999 0.000000 0.000000 0.000000 0.000000 0.000000 0.000000 0.000000 0.000000 0.000000 
17.369999 0.000000 0.000000 0.000000 0.000000 0.000000 0.000000 0.000000 0.000000 0.000000 
17.389999 0.000000 0.000000 0.000000 0.000000 0.000000 0.000000 0.000000 0.000000 0.000000 
17.410000 0.000000 0.000000 0.000000 0.000000 0.000000 0.000000 0.000000 0.000000 0.000000 
17.430000 0.000000 0.000000 0.000000 0.000000 0.000000 0.000000 0.000000 0.000000 0.000000 
17.450000 0.000000 0.000000 0.000000 0.000000 0.000000 0.000000 0.000000 0.000000 0.000000 
17.469999 0.000000 0.000000 0.000000 0.000000 0.000000 0.000000 0.000000 0.000000 0.000000 
17.490000 0.000000 0.000000 0.000000 0.000000 0.000000 0.000000 0.000000 0.000000 0.000000 
17.510000 0.000000 0.000000 0.000000 0.000000 0.000000 0.000000 0.000000 0.000000 0.000000 
17.530000 0.000000 0.000000 0.000000 0.000000 0.000000 0.000000 0.000000 0.000000 0.000000 
17.549999 0.000000 0.000000 0.000000 0.000000 0.000000 0.000000 0.000000 0.000000 0.000000 
17.570000 0.000000 0.000000 0.000000 0.000000 0.000000 0.000000 0.000000 0.000000 0.000000 
17.590000 0.000000 0.000000 0.000000 0.000000 0.000000 0.000000 0.000000 0.000000 0.000000 
17.610000 0.000000 0.000000 0.000000 0.000000 0.000000 0.000000 0.000000 0.000000 0.000000 
17.629999 0.000000 0.000000 0.000000 0.000000 0.000000 0.000000 0.000000 0.000000 0.000000 
17.650000 0.000000 0.000000 0.000000 0.000000 0.000000 0.000000 0.000000 0.000000 0.000000 
17.670000 0.000000 0.000000 0.000000 0.000000 0.000000 0.000000 0.000000 0.000000 0.000000 
17.690000 0.000000 0.000000 0.000000 0.000000 0.000000 0.000000 0.000000 0.000000 0.000000 
17.709999 0.000000 0.000000 0.000000 0.000000 0.000000 0.000000 0.000000 0.000000 0.000000 
17.730000 0.000000 0.000000 0.000000 0.000000 0.000000 0.000000 0.000000 0.000000 0.000000 
17.750000 0.000000 0.000000 0.000000 0.000000 0.000000 0.000000 0.000000 0.000000 0.000000 
17.770000 0.000000 0.000000 0.000000 0.000000 0.000000 0.000000 0.000000 0.000000 0.000000 
17.789999 0.000000 0.000000 0.000000 0.000000 0.000000 0.000000 0.000000 0.000000 0.000000 
17.809999 0.000000 0.000000 0.000000 0.000000 0.000000 0.000000 0.000000 0.000000 0.000000 
17.830000 0.000000 0.000000 0.000000 0.000000 0.000000 0.000000 0.000000 0.000000 0.000000 
17.849999 0.000000 0.000000 0.000000 0.000000 0.000000 0.000000 0.000000 0.000000 0.000000 
17.869999 0.000000 0.000000 0.000000 0.000000 0.000000 0.000000 0.000000 0.000000 0.000000 
17.889999 0.000000 0.000000 0.000000 0.000000 0.000000 0.000000 0.000000 0.000000 0.000000 
17.910000 0.000000 0.000000 0.000000 0.000000 0.000000 0.000000 0.000000 0.000000 0.000000 
17.930000 0.000000 0.000000 0.000000 0.000000 0.000000 0.000000 0.000000 0.000000 0.000000 
17.950000 0.000000 0.000000 0.000000 0.000000 0.000000 0.000000 0.000000 0.000000 0.000000 
17.969999 0.000000 0.000000 0.000000 0.000000 0.000000 0.000000 0.000000 0.000000 0.000000 
17.990000 0.000000 0.000000 0.000000 0.000000 0.000000 0.000000 0.000000 0.000000 0.000000 
18.010000 0.000000 0.000000 0.000000 0.000000 0.000000 0.000000 0.000000 0.000000 0.000000 
18.030000 0.000000 0.000000 0.000000 0.000000 0.000000 0.000000 0.000000 0.000000 0.000000 
18.049999 0.000000 0.000000 0.000000 0.000000 0.000000 0.000000 0.000000 0.000000 0.000000 
18.070000 0.000000 0.000000 0.000000 0.000000 0.000000 0.000000 0.000000 0.000000 0.000000 
18.090000 0.000000 0.000000 0.000000 0.000000 0.000000 0.000000 0.000000 0.000000 0.000000 
18.110000 0.000000 0.000000 0.000000 0.000000 0.000000 0.000000 0.000000 0.000000 0.000000 
18.129999 0.000000 0.000000 0.000000 0.000000 0.000000 0.000000 0.000000 0.000000 0.000000 
18.150000 0.000000 0.000000 0.000000 0.000000 0.000000 0.000000 0.000000 0.000000 0.000000 
18.170000 0.000000 0.000000 0.000000 0.000000 0.000000 0.000000 0.000000 0.000000 0.000000 
18.190000 0.000000 0.000000 0.000000 0.000000 0.000000 0.000000 0.000000 0.000000 0.000000 
18.209999 0.000000 0.000000 0.000000 0.000000 0.000000 0.000000 0.000000 0.000000 0.000000 
18.230000 0.000000 0.000000 0.000000 0.000000 0.000000 0.000000 0.000000 0.000000 0.000000 
18.250000 0.000000 0.000000 0.000000 0.000000 0.000000 0.000000 0.000000 0.000000 0.000000 
18.270000 0.000000 0.000000 0.000000 0.000000 0.000000 0.000000 0.000000 0.000000 0.000000 
18.289999 0.000000 0.000000 0.000000 0.000000 0.000000 0.000000 0.000000 0.000000 0.000000 
18.309999 0.000000 0.000000 0.000000 0.000000 0.000000 0.000000 0.000000 0.000000 0.000000 
18.330000 0.000000 0.000000 0.000000 0.000000 0.000000 0.000000 0.000000 0.000000 0.000000 
18.349999 0.000000 0.000000 0.000000 0.000000 0.000000 0.000000 0.000000 0.000000 0.000000 
18.369999 0.000000 0.000000 0.000000 0.000000 0.000000 0.000000 0.000000 0.000000 0.000000 
18.389999 0.000000 0.000000 0.000000 0.000000 0.000000 0.000000 0.000000 0.000000 0.000000 
18.410000 0.000000 0.000000 0.000000 0.000000 0.000000 0.000000 0.000000 0.000000 0.000000 
18.430000 0.000000 0.000000 0.000000 0.000000 0.000000 0.000000 0.000000 0.000000 0.000000 
18.450000 0.000000 0.000000 0.000000 0.000000 0.000000 0.000000 0.000000 0.000000 0.000000 
18.469999 0.000000 0.000000 0.000000 0.000000 0.000000 0.000000 0.000000 0.000000 0.000000 
18.490000 0.000000 0.000000 0.000000 0.000000 0.000000 0.000000 0.000000 0.000000 0.000000 
18.510000 0.000000 0.000000 0.000000 0.000000 0.000000 0.000000 0.000000 0.000000 0.000000 
18.530000 0.000000 0.000000 0.000000 0.000000 0.000000 0.000000 0.000000 0.000000 0.000000 
18.549999 0.000000 0.000000 0.000000 0.000000 0.000000 0.000000 0.000000 0.000000 0.000000 
18.570000 0.000000 0.000000 0.000000 0.000000 0.000000 0.000000 0.000000 0.000000 0.000000 
18.590000 0.000000 0.000000 0.000000 0.000000 0.000000 0.000000 0.000000 0.000000 0.000000 
18.610000 0.000000 0.000000 0.000000 0.000000 0.000000 0.000000 0.000000 0.000000 0.000000 
18.629999 0.000000 0.000000 0.000000 0.000000 0.000000 0.000000 0.000000 0.000000 0.000000 
18.650000 0.000000 0.000000 0.000000 0.000000 0.000000 0.000000 0.000000 0.000000 0.000000 
18.670000 0.000000 0.000000 0.000000 0.000000 0.000000 0.000000 0.000000 0.000000 0.000000 
18.690000 0.000000 0.000000 0.000000 0.000000 0.000000 0.000000 0.000000 0.000000 0.000000 
18.709999 0.000000 0.000000 0.000000 0.000000 0.000000 0.000000 0.000000 0.000000 0.000000 
18.730000 0.000000 0.000000 0.000000 0.000000 0.000000 0.000000 0.000000 0.000000 0.000000 
18.750000 0.000000 0.000000 0.000000 0.000000 0.000000 0.000000 0.000000 0.000000 0.000000 
18.770000 0.000000 0.000000 0.000000 0.000000 0.000000 0.000000 0.000000 0.000000 0.000000 
18.789999 0.000000 0.000000 0.000000 0.000000 0.000000 0.000000 0.000000 0.000000 0.000000 
18.809999 0.000000 0.000000 0.000000 0.000000 0.000000 0.000000 0.000000 0.000000 0.000000 
18.830000 0.000000 0.000000 0.000000 0.000000 0.000000 0.000000 0.000000 0.000000 0.000000 
18.849999 0.000000 0.000000 0.000000 0.000000 0.000000 0.000000 0.000000 0.000000 0.000000 
18.869999 0.000000 0.000000 0.000000 0.000000 0.000000 0.000000 0.000000 0.000000 0.000000 
18.889999 0.000000 0.000000 0.000000 0.000000 0.000000 0.000000 0.000000 0.000000 0.000000 
18.910000 0.000000 0.000000 0.000000 0.000000 0.000000 0.000000 0.000000 0.000000 0.000000 
18.929999 0.000000 0.000000 0.000000 0.000000 0.000000 0.000000 0.000000 0.000000 0.000000 
18.949999 0.000000 0.000000 0.000000 0.000000 0.000000 0.000000 0.000000 0.000000 0.000000 
18.969999 0.000000 0.000000 0.000000 0.000000 0.000000 0.000000 0.000000 0.000000 0.000000 
18.990000 0.000000 0.000000 0.000000 0.000000 0.000000 0.000000 0.000000 0.000000 0.000000 
19.010000 0.000000 0.000000 0.000000 0.000000 0.000000 0.000000 0.000000 0.000000 0.000000 
19.030000 0.000000 0.000000 0.000000 0.000000 0.000000 0.000000 0.000000 0.000000 0.000000 
19.049999 0.000000 0.000000 0.000000 0.000000 0.000000 0.000000 0.000000 0.000000 0.000000 
19.070000 0.000000 0.000000 0.000000 0.000000 0.000000 0.000000 0.000000 0.000000 0.000000 
19.090000 0.000000 0.000000 0.000000 0.000000 0.000000 0.000000 0.000000 0.000000 0.000000 
19.110000 0.000000 0.000000 0.000000 0.000000 0.000000 0.000000 0.000000 0.000000 0.000000 
19.129999 0.000000 0.000000 0.000000 0.000000 0.000000 0.000000 0.000000 0.000000 0.000000 
19.150000 0.000000 0.000000 0.000000 0.000000 0.000000 0.000000 0.000000 0.000000 0.000000 
19.170000 0.000000 0.000000 0.000000 0.000000 0.000000 0.000000 0.000000 0.000000 0.000000 
19.190000 0.000000 0.000000 0.000000 0.000000 0.000000 0.000000 0.000000 0.000000 0.000000 
19.209999 0.000000 0.000000 0.000000 0.000000 0.000000 0.000000 0.000000 0.000000 0.000000 
19.230000 0.000000 0.000000 0.000000 0.000000 0.000000 0.000000 0.000000 0.000000 0.000000 
19.250000 0.000000 0.000000 0.000000 0.000000 0.000000 0.000000 0.000000 0.000000 0.000000 
19.270000 0.000000 0.000000 0.000000 0.000000 0.000000 0.000000 0.000000 0.000000 0.000000 
19.289999 0.000000 0.000000 0.000000 0.000000 0.000000 0.000000 0.000000 0.000000 0.000000 
19.309999 0.000000 0.000000 0.000000 0.000000 0.000000 0.000000 0.000000 0.000000 0.000000 
19.330000 0.000000 0.000000 0.000000 0.000000 0.000000 0.000000 0.000000 0.000000 0.000000 
19.349999 0.000000 0.000000 0.000000 0.000000 0.000000 0.000000 0.000000 0.000000 0.000000 
19.369999 0.000000 0.000000 0.000000 0.000000 0.000000 0.000000 0.000000 0.000000 0.000000 
19.389999 0.000000 0.000000 0.000000 0.000000 0.000000 0.000000 0.000000 0.000000 0.000000 
19.410000 0.000000 0.000000 0.000000 0.000000 0.000000 0.000000 0.000000 0.000000 0.000000 
19.429999 0.000000 0.000000 0.000000 0.000000 0.000000 0.000000 0.000000 0.000000 0.000000 
19.449999 0.000000 0.000000 0.000000 0.000000 0.000000 0.000000 0.000000 0.000000 0.000000 
19.469999 0.000000 0.000000 0.000000 0.000000 0.000000 0.000000 0.000000 0.000000 0.000000 
19.490000 0.000000 0.000000 0.000000 0.000000 0.000000 0.000000 0.000000 0.000000 0.000000 
19.510000 0.000000 0.000000 0.000000 0.000000 0.000000 0.000000 0.000000 0.000000 0.000000 
19.530000 0.000000 0.000000 0.000000 0.000000 0.000000 0.000000 0.000000 0.000000 0.000000 
19.549999 0.000000 0.000000 0.000000 0.000000 0.000000 0.000000 0.000000 0.000000 0.000000 
19.570000 0.000000 0.000000 0.000000 0.000000 0.000000 0.000000 0.000000 0.000000 0.000000 
19.590000 0.000000 0.000000 0.000000 0.000000 0.000000 0.000000 0.000000 0.000000 0.000000 
19.610000 0.000000 0.000000 0.000000 0.000000 0.000000 0.000000 0.000000 0.000000 0.000000 
19.629999 0.000000 0.000000 0.000000 0.000000 0.000000 0.000000 0.000000 0.000000 0.000000 
19.650000 0.000000 0.000000 0.000000 0.000000 0.000000 0.000000 0.000000 0.000000 0.000000 
19.670000 0.000000 0.000000 0.000000 0.000000 0.000000 0.000000 0.000000 0.000000 0.000000 
19.690000 0.000000 0.000000 0.000000 0.000000 0.000000 0.000000 0.000000 0.000000 0.000000 
19.709999 0.000000 0.000000 0.000000 0.000000 0.000000 0.000000 0.000000 0.000000 0.000000 
19.730000 0.000000 0.000000 0.000000 0.000000 0.000000 0.000000 0.000000 0.000000 0.000000 
19.750000 0.000000 0.000000 0.000000 0.000000 0.000000 0.000000 0.000000 0.000000 0.000000 
19.770000 0.000000 0.000000 0.000000 0.000000 0.000000 0.000000 0.000000 0.000000 0.000000 
19.789999 0.000000 0.000000 0.000000 0.000000 0.000000 0.000000 0.000000 0.000000 0.000000 
19.809999 0.000000 0.000000 0.000000 0.000000 0.000000 0.000000 0.000000 0.000000 0.000000 
19.830000 0.000000 0.000000 0.000000 0.000000 0.000000 0.000000 0.000000 0.000000 0.000000 
19.849999 0.000000 0.000000 0.000000 0.000000 0.000000 0.000000 0.000000 0.000000 0.000000 
19.869999 0.000000 0.000000 0.000000 0.000000 0.000000 0.000000 0.000000 0.000000 0.000000 
19.889999 0.000000 0.000000 0.000000 0.000000 0.000000 0.000000 0.000000 0.000000 0.000000 
19.910000 0.000000 0.000000 0.000000 0.000000 0.000000 0.000000 0.000000 0.000000 0.000000 
19.929999 0.000000 0.000000 0.000000 0.000000 0.000000 0.000000 0.000000 0.000000 0.000000 
19.949999 0.000000 0.000000 0.000000 0.000000 0.000000 0.000000 0.000000 0.000000 0.000000 
19.969999 0.000000 0.000000 0.000000 0.000000 0.000000 0.000000 0.000000 0.000000 0.000000 
19.990000 0.000000 0.000000 0.000000 0.000000 0.000000 0.000000 0.000000 0.000000 0.000000 
