# concentrations: 0.666667 0.166667 0.166667
0.010772 0.000000 0.000000 0.000000 0.000000 0.000000 0.000000 0.000000 0.000000 0.000000 
0.032316 0.000000 0.000000 0.000000 0.000000 0.000000 0.000000 0.000000 0.000000 0.000000 
0.053861 0.000000 0.000000 0.000000 0.000000 0.000000 0.000000 0.000000 0.000000 0.000000 
0.075405 0.000000 0.000000 0.000000 0.000000 0.000000 0.000000 0.000000 0.000000 0.000000 
0.096949 0.000000 0.000000 0.000000 0.000000 0.000000 0.000000 0.000000 0.000000 0.000000 
0.118494 0.000000 0.000000 0.000000 0.000000 0.000000 0.000000 0.000000 0.000000 0.000000 
0.140038 0.000000 0.000000 0.000000 0.000000 0.000000 0.000000 0.000000 0.000000 0.000000 
0.161582 0.000000 0.000000 0.000000 0.000000 0.000000 0.000000 0.000000 0.000000 0.000000 
0.183127 0.000000 0.000000 0.000000 0.000000 0.000000 0.000000 0.000000 0.000000 0.000000 
0.204671 0.000000 0.000000 0.000000 0.000000 0.000000 0.000000 0.000000 0.000000 0.000000 
0.226215 0.000000 0.000000 0.000000 0.000000 0.000000 0.000000 0.000000 0.000000 0.000000 
0.247759 0.000000 0.000000 0.000000 0.000000 0.000000 0.000000 0.000000 0.000000 0.000000 
0.269304 0.000000 0.000000 0.000000 0.000000 0.000000 0.000000 0.000000 0.000000 0.000000 
0.290848 0.000000 0.000000 0.000000 0.000000 0.000000 0.000000 0.000000 0.000000 0.000000 
0.312392 0.000000 0.000000 0.000000 0.000000 0.000000 0.000000 0.000000 0.000000 0.000000 
0.333937 0.000000 0.000000 0.000000 0.000000 0.000000 0.000000 0.000000 0.000000 0.000000 
0.355481 0.000000 0.000000 0.000000 0.000000 0.000000 0.000000 0.000000 0.000000 0.000000 
0.377025 0.000000 0.000000 0.000000 0.000000 0.000000 0.000000 0.000000 0.000000 0.000000 
0.398570 0.000000 0.000000 0.000000 0.000000 0.000000 0.000000 0.000000 0.000000 0.000000 
0.420114 0.000000 0.000000 0.000000 0.000000 0.000000 0.000000 0.000000 0.000000 0.000000 
0.441658 0.000000 0.000000 0.000000 0.000000 0.000000 0.000000 0.000000 0.000000 0.000000 
0.463202 0.000000 0.000000 0.000000 0.000000 0.000000 0.000000 0.000000 0.000000 0.000000 
0.484747 0.000000 0.000000 0.000000 0.000000 0.000000 0.000000 0.000000 0.000000 0.000000 
0.506291 0.000000 0.000000 0.000000 0.000000 0.000000 0.000000 0.000000 0.000000 0.000000 
0.527835 0.000000 0.000000 0.000000 0.000000 0.000000 0.000000 0.000000 0.000000 0.000000 
0.549380 0.000000 0.000000 0.000000 0.000000 0.000000 0.000000 0.000000 0.000000 0.000000 
0.570924 0.000000 0.000000 0.000000 0.000000 0.000000 0.000000 0.000000 0.000000 0.000000 
0.592468 0.000000 0.000000 0.000000 0.000000 0.000000 0.000000 0.000000 0.000000 0.000000 
0.614013 0.000000 0.000000 0.000000 0.000000 0.000000 0.000000 0.000000 0.000000 0.000000 
0.635557 0.000000 0.000000 0.000000 0.000000 0.000000 0.000000 0.000000 0.000000 0.000000 
0.657101 0.000000 0.001332 0.000000 0.001332 0.000000 0.000144 0.000000 0.000144 0.000000 
0.678645 0.000000 0.028283 0.000000 0.028283 0.003782 0.003240 0.000000 0.003240 0.000000 
0.700190 0.000000 0.181090 0.000000 0.181090 0.021825 0.036652 0.000000 0.036652 0.000000 
0.721734 0.000000 0.581388 0.000448 0.581388 0.106289 0.163830 0.000448 0.163830 0.000239 
0.743278 0.000000 1.212530 0.010945 1.212530 0.267434 0.444900 0.010945 0.444900 0.004504 
0.764823 0.000000 1.832253 0.081104 1.832253 0.512072 0.838145 0.081104 0.838145 0.029991 
0.786367 0.000264 2.277895 0.314954 2.277895 0.725444 1.199185 0.314954 1.199185 0.132091 
0.807911 0.005502 2.522123 0.770103 2.522123 0.926688 1.477453 0.770103 1.477453 0.346066 
0.829456 0.044522 2.560115 1.337848 2.560115 1.075570 1.639933 1.337848 1.639933 0.668038 
0.851000 0.185119 2.470190 1.883632 2.470190 1.124545 1.710272 1.883632 1.710272 0.999299 
0.872544 0.486028 2.306074 2.247852 2.306074 1.145448 1.680805 2.247852 1.680805 1.290488 
0.894088 0.922959 2.137278 2.435324 2.137278 1.155425 1.623141 2.435324 1.623141 1.464223 
0.915633 1.375849 1.928415 2.448830 1.928415 1.137018 1.525822 2.448830 1.525822 1.564132 
0.937177 1.755934 1.751298 2.378415 1.751298 1.100360 1.445187 2.378415 1.445187 1.595824 
0.958721 2.007475 1.584419 2.237507 1.584419 1.035826 1.339494 2.237507 1.339494 1.524771 
0.980266 2.121960 1.438810 2.055939 1.438810 1.025760 1.262470 2.055939 1.262470 1.487948 
1.001810 2.140130 1.315297 1.890750 1.315297 0.986705 1.181217 1.890750 1.181217 1.388565 
1.023354 2.070962 1.201175 1.712493 1.201175 0.946190 1.109145 1.712493 1.109145 1.341643 
1.044899 1.957709 1.103618 1.556488 1.103618 0.909854 1.042010 1.556488 1.042010 1.256292 
1.066443 1.827502 1.030084 1.412248 1.030084 0.901805 0.997362 1.412248 0.997362 1.172139 
1.087987 1.685338 0.970705 1.301492 0.970705 0.881471 0.942175 1.301492 0.942175 1.084758 
1.109531 1.552420 0.913411 1.182489 0.913411 0.869707 0.907079 1.182489 0.907079 1.029044 
1.131076 1.426258 0.860895 1.090107 0.860895 0.869526 0.866394 1.090107 0.866394 0.966200 
1.152620 1.310938 0.821199 1.026125 0.821199 0.848512 0.843899 1.026125 0.843899 0.913275 
1.174164 1.211785 0.788691 0.957317 0.788691 0.844329 0.820883 0.957317 0.820883 0.887965 
1.195709 1.125571 0.769446 0.895143 0.769446 0.852779 0.819930 0.895143 0.819930 0.844903 
1.217253 1.049867 0.744823 0.851857 0.744823 0.845403 0.810463 0.851857 0.810463 0.829196 
1.238797 0.984605 0.732331 0.814225 0.732331 0.856185 0.801036 0.814225 0.801036 0.810457 
1.260342 0.932560 0.725036 0.784420 0.725036 0.873496 0.804751 0.784420 0.804751 0.799984 
1.281886 0.881753 0.718735 0.758407 0.718735 0.886980 0.800051 0.758407 0.800051 0.768781 
1.303430 0.846614 0.717513 0.737478 0.717513 0.909858 0.811351 0.737478 0.811351 0.771733 
1.324974 0.817389 0.722727 0.723896 0.722727 0.911730 0.819378 0.723896 0.819378 0.760980 
1.346519 0.794242 0.732104 0.720199 0.732104 0.929665 0.831012 0.720199 0.831012 0.760229 
1.368063 0.775716 0.742194 0.719104 0.742194 0.967290 0.849610 0.719104 0.849610 0.785267 
1.389607 0.763965 0.756186 0.722934 0.756186 0.974676 0.881224 0.722934 0.881224 0.786172 
1.411152 0.758947 0.779589 0.723839 0.779589 1.002570 0.895573 0.723839 0.895573 0.808467 
1.432696 0.758473 0.797117 0.734625 0.797117 1.038682 0.912005 0.734625 0.912005 0.816125 
1.454240 0.764996 0.822089 0.747197 0.822089 1.064205 0.949105 0.747197 0.949105 0.845986 
1.475785 0.773497 0.849376 0.764302 0.849376 1.074842 0.960374 0.764302 0.960374 0.880372 
1.497329 0.786402 0.878526 0.788998 0.878526 1.106980 1.007690 0.788998 1.007690 0.906523 
1.518873 0.801041 0.911535 0.818164 0.911535 1.126174 1.024697 0.818164 1.024697 0.923031 
1.540417 0.819630 0.944535 0.842208 0.944535 1.130131 1.050898 0.842208 1.050898 0.950773 
1.561962 0.840306 0.974453 0.869404 0.974453 1.158464 1.086711 0.869404 1.086711 0.988149 
1.583506 0.864037 1.003952 0.901743 1.003952 1.147593 1.100746 0.901743 1.100746 1.020141 
1.605050 0.888793 1.031780 0.935403 1.031780 1.161862 1.121805 0.935403 1.121805 1.053867 
1.626595 0.916056 1.066377 0.962425 1.066377 1.152974 1.134924 0.962425 1.134924 1.070794 
1.648139 0.937699 1.086035 0.993653 1.086035 1.141459 1.152701 0.993653 1.152701 1.090958 
1.669683 0.961043 1.108862 1.019201 1.108862 1.120494 1.161777 1.019201 1.161777 1.109760 
1.691228 0.984495 1.126971 1.048111 1.126971 1.119410 1.157722 1.048111 1.157722 1.127067 
1.712772 1.007859 1.137939 1.078263 1.137939 1.097295 1.150988 1.078263 1.150988 1.146326 
1.734316 1.029624 1.148127 1.098512 1.148127 1.086935 1.141093 1.098512 1.141093 1.162368 
1.755860 1.051849 1.148799 1.120555 1.148799 1.065840 1.132440 1.120555 1.132440 1.167159 
1.777405 1.067672 1.146641 1.132504 1.146641 1.051555 1.120451 1.132504 1.120451 1.165379 
1.798949 1.085893 1.138030 1.143698 1.138030 1.036246 1.095072 1.143698 1.095072 1.162663 
1.820493 1.098612 1.134066 1.149807 1.134066 1.005319 1.081536 1.149807 1.081536 1.145901 
1.842038 1.110585 1.114720 1.150689 1.114720 1.004359 1.068648 1.150689 1.068648 1.129441 
1.863582 1.117652 1.102410 1.142281 1.102410 0.976560 1.040636 1.142281 1.040636 1.110697 
1.885126 1.120345 1.083521 1.136734 1.083521 0.963808 1.023895 1.136734 1.023895 1.108062 
1.906671 1.117253 1.066901 1.119485 1.066901 0.951335 1.010033 1.119485 1.010033 1.084663 
1.928215 1.116180 1.049941 1.105929 1.049941 0.946459 0.989328 1.105929 0.989328 1.052529 
1.949759 1.111500 1.029751 1.092533 1.029751 0.933236 0.982977 1.092533 0.982977 1.044240 
1.971303 1.098226 1.014537 1.072184 1.014537 0.926642 0.961814 1.072184 0.961814 1.017944 
1.992848 1.086722 0.996112 1.060459 0.996112 0.930035 0.955170 1.060459 0.955170 1.005557 
2.014392 1.073006 0.988026 1.038864 0.988026 0.930461 0.943136 1.038864 0.943136 0.988522 
2.035936 1.054736 0.972207 1.024938 0.972207 0.934202 0.941850 1.024938 0.941850 0.976932 
2.057481 1.041805 0.962335 1.006417 0.962335 0.930490 0.926220 1.006417 0.926220 0.951491 
2.079025 1.025862 0.955706 0.991635 0.955706 0.934090 0.930609 0.991635 0.930609 0.943258 
2.100569 1.014342 0.947670 0.979179 0.947670 0.934094 0.928871 0.979179 0.928871 0.931810 
2.122114 1.002247 0.943185 0.966187 0.943185 0.935086 0.924159 0.966187 0.924159 0.933097 
2.143658 0.988762 0.943009 0.958447 0.943009 0.942623 0.928024 0.958447 0.928024 0.934784 
2.165202 0.975292 0.941967 0.951150 0.941967 0.955663 0.933659 0.951150 0.933659 0.931711 
2.186746 0.968992 0.939019 0.945034 0.939019 0.960133 0.938600 0.945034 0.938600 0.927569 
2.208291 0.960048 0.938576 0.936853 0.938576 0.967937 0.944577 0.936853 0.944577 0.932994 
2.229835 0.951592 0.941640 0.935421 0.941640 0.982158 0.951121 0.935421 0.951121 0.929957 
2.251379 0.949041 0.946734 0.936610 0.946734 0.985996 0.955637 0.936610 0.955637 0.928824 
2.272924 0.944895 0.949848 0.935825 0.949848 0.983759 0.971868 0.935825 0.971868 0.934445 
2.294468 0.942674 0.958061 0.940690 0.958061 1.003625 0.964317 0.940690 0.964317 0.938500 
2.316012 0.941765 0.964616 0.943704 0.964616 1.011101 0.986691 0.943704 0.986691 0.949385 
2.337556 0.941732 0.971720 0.951169 0.971720 1.012315 0.982084 0.951169 0.982084 0.959269 
2.359101 0.946991 0.978702 0.952969 0.978702 1.021677 0.999809 0.952969 0.999809 0.965326 
2.380645 0.951790 0.985102 0.960160 0.985102 1.022962 1.005933 0.960160 1.005933 0.977088 
2.402189 0.957576 0.991606 0.965481 0.991606 1.026927 1.010594 0.965481 1.010594 0.977462 
2.423734 0.962229 0.999596 0.973434 0.999596 1.036635 1.014793 0.973434 1.014793 0.990356 
2.445278 0.967359 1.004251 0.980949 1.004251 1.036232 1.023141 0.980949 1.023141 1.001501 
2.466822 0.974620 1.010417 0.987486 1.010417 1.034015 1.026504 0.987486 1.026504 1.012086 
2.488367 0.980124 1.013054 0.996361 1.013054 1.040152 1.026798 0.996361 1.026798 1.016018 
2.509911 0.987132 1.019539 1.000184 1.019539 1.040228 1.032245 1.000184 1.032245 1.021108 
2.531455 0.995380 1.023937 1.009164 1.023937 1.034080 1.033287 1.009164 1.033287 1.022353 
2.553000 1.000869 1.024969 1.013220 1.024969 1.028567 1.035781 1.013220 1.035781 1.027718 
2.574544 1.005908 1.030369 1.018541 1.030369 1.029240 1.035780 1.018541 1.035780 1.037509 
2.596088 1.010515 1.031326 1.023641 1.031326 1.018955 1.032548 1.023641 1.032548 1.037574 
2.617633 1.013983 1.032062 1.025367 1.032062 1.024807 1.033433 1.025367 1.033433 1.043666 
2.639177 1.019360 1.028257 1.030627 1.028257 1.018639 1.024022 1.030627 1.024022 1.033475 
2.660721 1.024774 1.025790 1.029691 1.025790 1.006777 1.025290 1.029691 1.025290 1.036577 
2.682265 1.026278 1.027404 1.031715 1.027404 1.007421 1.020466 1.031715 1.020466 1.034816 
2.703810 1.027148 1.024407 1.031323 1.024407 0.997813 1.022211 1.031323 1.022211 1.036679 
2.725354 1.026705 1.020131 1.030141 1.020131 0.994796 1.015977 1.030141 1.015977 1.030444 
2.746898 1.029182 1.017825 1.027882 1.017825 0.996124 1.011251 1.027882 1.011251 1.024620 
2.768443 1.027571 1.016446 1.025812 1.016446 0.996372 1.010867 1.025812 1.010867 1.016422 
2.789987 1.024720 1.008894 1.024782 1.008894 0.994004 1.004419 1.024782 1.004419 1.018717 
2.811531 1.024188 1.005120 1.017718 1.005120 0.986167 0.996054 1.017718 0.996054 1.015815 
2.833075 1.021725 1.005713 1.017995 1.005713 0.988069 0.996333 1.017995 0.996333 1.007028 
2.854620 1.020529 1.000388 1.013415 1.000388 0.991095 0.989665 1.013415 0.989665 1.007105 
2.876164 1.017569 0.996809 1.010215 0.996809 0.982789 0.990946 1.010215 0.990946 1.000320 
2.897708 1.013642 0.994002 1.006496 0.994002 0.982722 0.987863 1.006496 0.987863 0.995437 
2.919253 1.010547 0.992912 1.001233 0.992912 0.982342 0.989184 1.001233 0.989184 0.991081 
2.940797 1.006440 0.989465 0.997528 0.989465 0.978911 0.984289 0.997528 0.984289 0.987659 
2.962341 1.003200 0.990129 0.995935 0.990129 0.987014 0.981322 0.995935 0.981322 0.992387 
2.983886 1.000281 0.985367 0.990973 0.985367 0.982332 0.981377 0.990973 0.981377 0.988216 
3.005430 0.995344 0.984953 0.988501 0.984953 0.986741 0.979832 0.988501 0.979832 0.991673 
3.026974 0.996163 0.984616 0.987230 0.984616 0.991289 0.982635 0.987230 0.982635 0.984981 
3.048518 0.992665 0.986163 0.985627 0.986163 0.989580 0.983682 0.985627 0.983682 0.983234 
3.070063 0.991388 0.984179 0.987922 0.984179 0.993144 0.984697 0.987922 0.984697 0.978292 
3.091607 0.988086 0.985235 0.984303 0.985235 0.993841 0.984874 0.984303 0.984874 0.984267 
3.113151 0.986669 0.987933 0.984758 0.987933 0.999652 0.988730 0.984758 0.988730 0.982757 
3.134696 0.987228 0.987901 0.983929 0.987901 0.995120 0.993654 0.983929 0.993654 0.986313 
3.156240 0.985286 0.988238 0.984739 0.988238 1.000755 0.996338 0.984739 0.996338 0.988677 
3.177784 0.985312 0.990441 0.984714 0.990441 1.002811 0.997929 0.984714 0.997929 0.987840 
3.199329 0.985187 0.994501 0.986589 0.994501 1.006977 0.996897 0.986589 0.996897 0.991302 
3.220873 0.986444 0.994194 0.987483 0.994194 1.005246 0.999019 0.987483 0.999019 0.992245 
3.242417 0.986259 0.996572 0.990478 0.996572 1.006749 1.004110 0.990478 1.004110 0.993848 
3.263961 0.988408 0.997559 0.989792 0.997559 1.009947 1.005342 0.989792 1.005342 0.996890 
3.285506 0.990784 1.001785 0.994517 1.001785 1.005587 0.998448 0.994517 0.998448 0.999622 
3.307050 0.990911 1.001799 0.995743 1.001799 1.008432 1.001572 0.995743 1.001572 1.003256 
3.328594 0.994995 1.003762 0.997892 1.003762 1.006909 1.006333 0.997892 1.006333 1.003310 
3.350139 0.994384 1.004210 0.997691 1.004210 1.016190 1.008679 0.997691 1.008679 1.003551 
3.371683 0.997470 1.006104 0.998655 1.006104 1.004487 1.006504 0.998655 1.006504 1.002293 
3.393227 0.998286 1.004546 1.002910 1.004546 1.010770 1.006833 1.002910 1.006833 1.007955 
3.414772 0.999905 1.006318 1.004519 1.006318 0.999427 1.010419 1.004519 1.010419 1.010791 
3.436316 1.001724 1.009163 1.004732 1.009163 1.001434 1.008898 1.004732 1.008898 1.010849 
3.457860 1.004544 1.007451 1.007078 1.007451 1.013262 1.008873 1.007078 1.008873 1.009042 
3.479404 1.004678 1.009387 1.007416 1.009387 1.006400 1.008192 1.007416 1.008192 1.007330 
3.500949 1.004686 1.008245 1.008437 1.008245 0.998133 1.003854 1.008437 1.003854 1.010584 
3.522493 1.006167 1.007361 1.007352 1.007361 1.001750 1.005880 1.007352 1.005880 1.009191 
3.544037 1.006844 1.006545 1.009406 1.006545 0.997240 1.004563 1.009406 1.004563 1.006879 
3.565582 1.008010 1.005851 1.008574 1.005851 1.001409 1.003821 1.008574 1.003821 1.000220 
3.587126 1.007802 1.005153 1.007188 1.005153 0.999062 1.007681 1.007188 1.007681 1.010874 
3.608670 1.006953 1.002875 1.007328 1.002875 1.000945 1.004095 1.007328 1.004095 1.007519 
3.630215 1.007298 1.003009 1.009767 1.003009 1.000148 1.002904 1.009767 1.002904 1.007871 
3.651759 1.007246 1.002475 1.003655 1.002475 0.998991 1.001359 1.003655 1.001359 1.004757 
3.673303 1.005921 1.001134 1.004868 1.001134 0.994433 1.000782 1.004868 1.000782 1.004614 
3.694847 1.005669 1.001773 1.002926 1.001773 0.996794 0.998603 1.002926 0.998603 1.001743 
3.716392 1.006135 0.999749 1.002940 0.999749 0.993320 0.998825 1.002940 0.998825 1.009063 
3.737936 1.003813 0.999731 1.003394 0.999731 0.998317 0.995778 1.003394 0.995778 1.001452 
3.759480 1.003747 0.998705 1.000379 0.998705 0.992316 0.996642 1.000379 0.996642 1.003620 
3.781025 1.002402 0.997245 0.999929 0.997245 0.994917 0.998620 0.999929 0.998620 0.996671 
3.802569 1.002933 0.997857 1.000940 0.997857 0.995553 0.995541 1.000940 0.995541 0.995660 
3.824113 1.000236 0.997142 0.998002 0.997142 0.995622 0.993493 0.998002 0.993493 0.994686 
3.845658 1.000800 0.995692 0.997349 0.995692 0.994120 0.995990 0.997349 0.995990 0.996198 
3.867202 0.998067 0.995855 0.998103 0.995855 0.997537 0.997238 0.998103 0.997238 0.998436 
3.888746 0.999250 0.996356 0.996508 0.996356 0.998227 0.995744 0.996508 0.995744 0.996750 
3.910290 0.997622 0.997141 0.995172 0.997141 0.999661 0.993528 0.995172 0.993528 0.992361 
3.931835 0.997854 0.996369 0.996995 0.996369 0.997608 0.997582 0.996995 0.997582 0.994352 
3.953379 0.995563 0.995845 0.996504 0.995845 0.995649 0.997489 0.996504 0.997489 0.998296 
3.974923 0.997058 0.997559 0.995940 0.997559 0.997597 1.000626 0.995940 1.000626 0.994112 
3.996468 0.997025 0.995247 0.996168 0.995247 0.999973 0.999091 0.996168 0.999091 0.995860 
4.018012 0.995783 0.998257 0.996539 0.998257 1.002816 0.997914 0.996539 0.997914 0.995090 
4.039556 0.996442 0.998580 0.994027 0.998580 0.996658 0.997779 0.994027 0.997779 0.996414 
4.061100 0.995847 0.997945 0.998188 0.997945 1.001269 0.999669 0.998188 0.999669 0.994882 
4.082645 0.996841 0.999077 0.997183 0.999077 1.003382 0.999368 0.997183 0.999368 0.995525 
4.104189 0.997211 0.998156 0.997454 0.998156 0.999996 0.999962 0.997454 0.999962 0.996063 
4.125733 0.996860 1.000836 0.996799 1.000836 1.002036 0.999118 0.996799 0.999118 1.000048 
4.147278 0.996925 1.000265 0.997814 1.000265 1.006656 1.001574 0.997814 1.001574 1.000301 
4.168822 0.997837 1.000239 0.999307 1.000239 1.006825 1.001890 0.999307 1.001890 0.998988 
4.190366 0.998525 0.999965 0.997454 0.999965 0.998567 0.999450 0.997454 0.999450 1.000714 
4.211911 0.998767 1.002108 1.000896 1.002108 1.002135 0.998392 1.000896 0.998392 0.999217 
4.233455 0.998552 1.000724 1.000502 1.000724 1.000373 1.001303 1.000502 1.001303 1.003942 
4.254999 0.999176 1.002256 1.000260 1.002256 1.003621 1.001754 1.000260 1.001754 1.000789 
4.276544 1.001103 1.002162 1.001056 1.002162 1.002048 1.001383 1.001056 1.001383 1.003947 
4.298088 1.000652 1.000703 1.002147 1.000703 1.005454 0.998333 1.002147 0.998333 1.005467 
4.319632 1.000563 1.002983 1.001858 1.002983 1.000148 1.001066 1.001858 1.001066 1.002966 
4.341177 1.000186 1.003608 1.001454 1.003608 1.003593 0.999504 1.001454 0.999504 1.000400 
4.362721 1.000976 1.001829 1.003194 1.001829 1.004599 1.002822 1.003194 1.002822 1.004458 
4.384265 1.002171 1.002157 1.003880 1.002157 0.997353 1.001089 1.003880 1.001089 1.000612 
4.405809 1.001949 1.002292 1.001154 1.002292 1.001920 0.999878 1.001154 0.999878 1.005997 
4.427354 1.003630 1.001622 1.000754 1.001622 1.003267 1.001366 1.000754 1.001366 1.002803 
4.448898 1.001968 1.001315 1.001769 1.001315 1.000774 1.000026 1.001769 1.000026 1.004675 
4.470442 1.001609 1.001081 1.002870 1.001081 0.999177 1.000927 1.002870 1.000927 1.003389 
4.491987 1.002720 1.000616 1.001915 1.000616 1.002467 1.002360 1.001915 1.002360 1.006380 
4.513531 1.002366 1.001051 1.003427 1.001051 0.993661 1.002228 1.003427 1.002228 1.002716 
4.535075 1.002335 1.000138 1.002628 1.000138 1.000375 1.003111 1.002628 1.003111 0.999609 
4.556619 1.002359 1.001143 1.000852 1.001143 0.997563 1.002818 1.000852 1.002818 1.003880 
4.578164 1.001305 0.998179 1.000600 0.998179 1.001832 0.999214 1.000600 0.999214 0.999065 
4.599708 1.001528 0.999001 1.000820 0.999001 0.998538 0.997809 1.000820 0.997809 1.001328 
4.621252 1.000883 0.998674 0.999404 0.998674 0.998821 0.999650 0.999404 0.999650 1.005099 
4.642797 1.001028 0.999099 1.000090 0.999099 0.997944 1.000482 1.000090 1.000482 1.002296 
4.664341 1.000514 0.998671 0.999504 0.998671 1.000473 0.998385 0.999504 0.998385 1.000104 
4.685885 0.999352 0.999519 1.000069 0.999519 0.997105 0.998093 1.000069 0.998093 0.998349 
4.707429 1.000265 0.998985 0.998468 0.998985 0.997326 0.998200 0.998468 0.998200 0.997068 
4.728974 0.999873 0.999897 0.998951 0.999897 1.000581 0.999453 0.998951 0.999453 0.996967 
4.750518 0.999893 0.999870 1.000502 0.999870 0.996937 1.001681 1.000502 1.001681 0.997924 
4.772062 0.998914 0.999500 0.998933 0.999500 0.999070 0.997953 0.998933 0.997953 0.998968 
4.793607 0.999212 0.998345 0.998935 0.998345 0.999263 0.997064 0.998935 0.997064 0.996951 
4.815151 0.999665 0.998671 0.997447 0.998671 0.998689 0.998866 0.997447 0.998866 0.999336 
4.836695 0.998801 0.998574 0.998703 0.998574 1.001590 1.001873 0.998703 1.001873 0.998226 
4.858240 0.999433 1.000094 0.997757 1.000094 1.001615 0.998731 0.997757 0.998731 0.998172 
4.879784 1.000032 0.998363 0.997736 0.998363 1.004087 0.999937 0.997736 0.999937 0.996591 
4.901328 0.998696 1.000214 0.997343 1.000214 0.994794 1.000322 0.997343 1.000322 1.000147 
4.922873 0.999170 0.999804 0.998330 0.999804 1.002393 0.996660 0.998330 0.996660 0.998881 
4.944417 0.998584 1.000335 1.000363 1.000335 0.997839 1.000121 1.000363 1.000121 1.001331 
4.965961 0.999055 0.998719 0.997864 0.998719 1.005479 1.000619 0.997864 1.000619 1.002727 
4.987505 0.998229 0.999401 0.998671 0.999401 0.999548 1.001145 0.998671 1.001145 1.002069 
5.009050 0.999345 1.000157 0.999752 1.000157 0.999111 1.002150 0.999752 1.002150 0.996324 
5.030594 0.997982 0.999480 1.000843 0.999480 1.000855 0.998672 1.000843 0.998672 1.000638 
5.052138 1.000306 0.999950 0.999250 0.999950 0.999225 1.002125 0.999250 1.002125 0.997516 
5.073683 0.999902 1.000798 1.001155 1.000798 1.001763 1.000583 1.001155 1.000583 1.004806 
5.095227 1.000267 1.000960 0.998624 1.000960 1.002414 1.001780 0.998624 1.001780 0.999064 
5.116771 1.000327 1.000218 1.000032 1.000218 1.002245 0.998891 1.000032 0.998891 1.002288 
5.138316 0.999873 1.000211 0.999849 1.000211 1.002810 1.000289 0.999849 1.000289 1.000536 
5.159860 1.000413 1.001260 1.002766 1.001260 1.002644 1.001144 1.002766 1.001144 0.999228 
5.181404 1.000383 1.000815 1.001371 1.000815 1.000521 1.001139 1.001371 1.001139 1.002674 
5.202949 1.000555 1.000893 1.000559 1.000893 0.999133 0.999922 1.000559 0.999922 1.001213 
5.224493 1.000878 1.000400 1.000979 1.000400 0.997528 0.998097 1.000979 0.998097 1.005016 
5.246037 0.999998 1.000992 1.000754 1.000992 1.000199 0.999533 1.000754 0.999533 1.000029 
5.267581 1.000187 1.001039 1.001190 1.001039 0.999411 0.999018 1.001190 0.999018 0.997648 
5.289126 1.000175 1.001012 1.001550 1.001012 0.999583 0.999279 1.001550 0.999279 1.002827 
5.310670 1.001358 1.001516 1.000435 1.001516 0.999112 1.000943 1.000435 1.000943 1.001488 
5.332214 1.001377 1.000916 1.000589 1.000916 1.001974 1.001188 1.000589 1.001188 1.005825 
5.353759 1.000720 1.001573 1.001180 1.001573 0.999283 0.999494 1.001180 0.999494 1.002090 
5.375303 1.001183 0.999471 1.000238 0.999471 0.999800 1.001372 1.000238 1.001372 0.997869 
5.396847 1.000338 0.999694 1.001571 0.999694 0.999544 0.998739 1.001571 0.998739 0.999737 
5.418391 1.001292 0.999603 1.000812 0.999603 0.998073 1.001652 1.000812 1.001652 1.000313 
5.439936 1.001231 0.999563 0.998829 0.999563 1.003145 0.998642 0.998829 0.998642 0.998520 
5.461480 1.001313 0.998449 1.001135 0.998449 1.000119 0.997388 1.001135 0.997388 1.002157 
5.483024 0.999573 0.998981 1.000041 0.998981 1.001651 1.001076 1.000041 1.001076 1.001516 
5.504569 1.000548 0.999744 1.000191 0.999744 0.996832 0.999296 1.000191 0.999296 1.001162 
5.526113 0.999817 0.999563 1.000818 0.999563 1.002528 1.002138 1.000818 1.002138 1.000232 
5.547657 0.999820 0.999618 0.998592 0.999618 1.004494 0.998768 0.998592 0.998768 1.003744 
5.569201 0.999729 1.000559 0.999783 1.000559 1.000513 0.997501 0.999783 0.997501 0.999989 
5.590746 1.000444 0.999352 0.999416 0.999352 1.000141 1.000359 0.999416 1.000359 0.996495 
5.612290 0.999318 0.999220 0.998455 0.999220 1.000339 0.999012 0.998455 0.999012 1.002010 
5.633834 0.999978 0.999734 0.999505 0.999734 0.999631 0.998800 0.999505 0.998800 1.001487 
5.655379 0.999054 0.999546 1.000346 0.999546 1.000812 0.999505 1.000346 0.999505 1.002677 
5.676923 0.999683 0.999876 0.998353 0.999876 1.002101 0.998369 0.998353 0.998369 1.000451 
5.698467 0.999900 0.999877 0.998592 0.999877 0.998501 0.998921 0.998592 0.998921 1.001059 
5.720012 0.999996 0.999460 0.999774 0.999460 0.999273 0.998890 0.999774 0.998890 0.998369 
5.741556 0.999814 0.999445 0.999372 0.999445 0.998677 0.998102 0.999372 0.998102 0.998926 
5.763100 0.999063 1.000209 1.000586 1.000209 1.001827 1.001187 1.000586 1.001187 1.001398 
5.784645 1.000320 1.001246 0.999632 1.001246 0.997772 0.999517 0.999632 0.999517 0.999437 
5.806189 1.000226 0.998736 1.000425 0.998736 0.999772 1.000830 1.000425 1.000830 0.996823 
5.827733 0.999884 1.000930 0.999065 1.000930 0.998693 0.999419 0.999065 0.999419 0.998089 
5.849277 0.999194 1.001014 1.000527 1.001014 0.999991 0.999227 1.000527 0.999227 1.000993 
5.870822 0.999735 1.001189 1.000293 1.001189 0.999783 1.001190 1.000293 1.001190 0.999550 
5.892366 0.999578 0.999685 0.999445 0.999685 1.001585 0.999018 0.999445 0.999018 0.998529 
5.913910 1.000125 1.000375 0.999747 1.000375 1.001157 0.999725 0.999747 0.999725 0.999506 
5.935455 1.000376 1.000276 1.000016 1.000276 1.001350 0.999950 1.000016 0.999950 0.998759 
5.956999 1.000516 1.001164 1.001005 1.001164 0.997473 1.000899 1.001005 1.000899 1.000466 
5.978543 1.000658 1.000308 0.999703 1.000308 1.002101 1.001435 0.999703 1.001435 0.999743 
6.000087 0.999855 0.999757 1.000464 0.999757 1.000658 0.997765 1.000464 0.997765 1.000738 
6.021632 1.000378 1.000731 1.000310 1.000731 1.002038 1.001523 1.000310 1.001523 0.998991 
6.043176 1.000277 0.999413 1.000353 0.999413 0.999020 1.000139 1.000353 1.000139 1.001555 
6.064720 1.000222 0.999959 1.000206 0.999959 0.998848 0.998832 1.000206 0.998832 1.001644 
6.086265 0.999853 1.000880 0.999870 1.000880 0.999881 0.999299 0.999870 0.999299 1.001549 
6.107809 1.000203 0.999679 1.000271 0.999679 1.003423 1.000769 1.000271 1.000769 0.998863 
6.129353 0.999824 1.000121 0.999834 1.000121 0.997970 1.001329 0.999834 1.001329 1.000051 
6.150898 1.000443 1.000140 1.000998 1.000140 0.998218 0.999858 1.000998 0.999858 0.998150 
6.172442 1.000126 1.000949 1.000736 1.000949 0.996382 1.000111 1.000736 1.000111 1.004069 
6.193986 1.000931 1.000735 0.999845 1.000735 1.001549 1.000011 0.999845 1.000011 1.000845 
6.215531 0.999948 0.999709 1.000082 0.999709 0.996962 1.000290 1.000082 1.000290 0.999841 
6.237075 1.000551 0.999921 1.000408 0.999921 1.001934 1.001184 1.000408 1.001184 0.999494 
6.258619 1.000999 1.000818 0.999956 1.000818 0.999262 1.001532 0.999956 1.001532 1.001603 
6.280164 1.000323 1.000249 0.999507 1.000249 1.000238 1.001165 0.999507 1.001165 1.000604 
6.301708 1.000326 0.999482 1.000300 0.999482 0.996798 0.999864 1.000300 0.999864 1.000136 
6.323252 0.999409 0.999647 0.999853 0.999647 1.000790 0.999912 0.999853 0.999912 1.002768 
6.344796 0.999626 1.000065 1.000033 1.000065 1.002064 0.999932 1.000033 0.999932 1.000662 
6.366341 1.000702 0.999552 1.000043 0.999552 1.002504 1.000091 1.000043 1.000091 1.000551 
6.387885 0.999869 1.000361 0.998713 1.000361 1.000196 1.001282 0.998713 1.001282 1.003483 
6.409429 0.999581 0.999546 0.999827 0.999546 1.001709 0.999463 0.999827 0.999463 0.999175 
6.430974 1.000399 0.999059 1.000457 0.999059 1.000922 1.000332 1.000457 1.000332 1.002929 
6.452518 1.000195 0.999898 0.999909 0.999898 0.999304 0.999474 0.999909 0.999474 1.000654 
6.474062 1.000761 0.998792 1.000151 0.998792 0.997563 0.999323 1.000151 0.999323 0.999973 
6.495606 0.999835 0.999664 1.000836 0.999664 1.001187 0.998115 1.000836 0.998115 1.001691 
6.517151 0.999290 0.999878 1.000437 0.999878 1.000389 1.000667 1.000437 1.000667 1.001080 
6.538695 1.000113 1.001145 0.998922 1.001145 1.001434 1.000169 0.998922 1.000169 1.000465 
6.560239 1.000367 0.999880 0.999825 0.999880 0.998825 0.999427 0.999825 0.999427 1.000843 
6.581784 1.000082 1.000434 1.000230 1.000434 1.000714 0.999838 1.000230 0.999838 1.000233 
6.603328 1.000057 0.999562 1.000260 0.999562 0.998936 0.999399 1.000260 0.999399 1.001366 
6.624872 1.000121 1.000291 0.999219 1.000291 1.000689 1.001065 0.999219 1.001065 0.999642 
6.646417 0.999740 0.999650 0.999059 0.999650 0.998656 1.000024 0.999059 1.000024 1.000475 
6.667961 0.999900 0.999631 0.999313 0.999631 1.002130 1.000336 0.999313 1.000336 0.999525 
6.689505 1.000331 0.999499 0.999974 0.999499 0.999801 1.001484 0.999974 1.001484 0.999960 
6.711050 1.000397 1.000352 0.999878 1.000352 1.001155 1.001909 0.999878 1.001909 1.000054 
6.732594 0.999776 1.000310 0.999707 1.000310 0.998062 0.999406 0.999707 0.999406 0.999321 
6.754138 1.000059 1.000549 1.000328 1.000549 1.001263 1.000313 1.000328 1.000313 1.001111 
6.775682 1.000401 1.000180 1.001044 1.000180 1.001498 1.000847 1.001044 1.000847 0.998503 
6.797227 1.000059 0.999950 1.000109 0.999950 0.999205 1.001814 1.000109 1.001814 1.000732 
6.818771 0.999623 0.999552 1.000197 0.999552 1.001445 0.998604 1.000197 0.998604 0.999264 
6.840315 1.000082 1.000100 1.000432 1.000100 0.999698 1.002772 1.000432 1.002772 1.000013 
6.861860 1.000294 0.999948 1.000057 0.999948 0.998476 0.998845 1.000057 0.998845 0.999522 
6.883404 1.000509 1.000447 1.000216 1.000447 0.999394 0.998427 1.000216 0.998427 0.999276 
6.904948 0.999819 1.001477 0.999830 1.001477 0.998817 0.998906 0.999830 0.998906 1.001508 
6.926492 1.000210 0.999823 1.000169 0.999823 0.998436 0.999748 1.000169 0.999748 1.002251 
6.948037 1.000039 0.999516 1.000448 0.999516 1.000616 0.999635 1.000448 0.999635 1.000081 
6.969581 1.000619 1.000151 1.000519 1.000151 0.999893 0.999251 1.000519 0.999251 1.001835 
6.991125 1.000124 0.999781 1.000341 0.999781 0.998636 0.999245 1.000341 0.999245 1.001257 
7.012670 0.999681 0.999690 1.000248 0.999690 0.999921 1.001591 1.000248 1.001591 1.000962 
7.034214 0.999910 1.000387 1.000021 1.000387 0.999208 1.001775 1.000021 1.001775 1.000306 
7.055758 0.999969 0.998773 0.999829 0.998773 1.000989 0.998961 0.999829 0.998961 0.998463 
7.077302 1.000025 0.999456 0.999355 0.999456 0.999617 0.999674 0.999355 0.999674 1.000163 
7.098847 0.999596 0.999946 0.999064 0.999946 1.000523 0.999344 0.999064 0.999344 1.002298 
7.120391 1.000751 0.999752 1.000313 0.999752 1.002023 0.999175 1.000313 0.999175 1.000098 
7.141935 1.000586 0.999941 1.000775 0.999941 0.999078 1.000068 1.000775 1.000068 0.996594 
7.163480 0.999478 0.999680 1.000145 0.999680 1.000707 1.001031 1.000145 1.001031 0.997440 
7.185024 0.999975 0.999868 1.000541 0.999868 0.996371 1.001121 1.000541 1.001121 1.002368 
7.206568 1.000783 1.000267 0.999970 1.000267 1.001498 1.000282 0.999970 1.000282 0.998921 
7.228113 1.000003 1.000279 1.000237 1.000279 1.001232 1.000260 1.000237 1.000260 1.000577 
7.249657 1.000064 1.000226 0.999662 1.000226 0.998758 1.000231 0.999662 1.000231 1.001956 
7.271201 1.000662 1.000730 0.999820 1.000730 1.000328 0.998628 0.999820 0.998628 1.000649 
7.292746 0.999978 1.000668 0.999598 1.000668 1.003637 1.001412 0.999598 1.001412 0.998565 
7.314290 0.999990 1.000634 1.000755 1.000634 0.998572 1.000649 1.000755 1.000649 0.997961 
7.335834 1.000370 1.001010 0.999696 1.001010 1.000296 1.000544 0.999696 1.000544 1.000946 
7.357378 1.000554 0.999826 1.000059 0.999826 1.000898 1.000314 1.000059 1.000314 0.999203 
7.378923 1.000434 1.000234 0.999819 1.000234 1.001878 1.000777 0.999819 1.000777 1.001747 
7.400467 1.000259 0.999417 0.999794 0.999417 1.000725 1.000591 0.999794 1.000591 1.001185 
7.422011 0.999836 1.000489 0.999537 1.000489 0.998295 1.000049 0.999537 1.000049 0.998848 
7.443556 0.999927 1.000681 0.999897 1.000681 0.999554 1.000443 0.999897 1.000443 0.999354 
7.465100 1.000432 0.999875 0.999696 0.999875 1.000473 1.000856 0.999696 1.000856 0.998739 
7.486644 1.000219 0.999826 1.000293 0.999826 1.000548 0.998818 1.000293 0.998818 0.999275 
7.508188 1.000131 0.999701 0.999880 0.999701 0.997510 1.000566 0.999880 1.000566 0.999840 
7.529733 0.999000 1.000334 1.000599 1.000334 1.001275 0.999929 1.000599 0.999929 0.998832 
7.551277 0.999406 0.999621 1.000378 0.999621 1.001424 0.999601 1.000378 0.999601 0.999274 
7.572821 0.999696 1.000006 0.999697 1.000006 1.000850 0.998039 0.999697 0.998039 0.998687 
7.594366 0.999818 0.998730 1.000172 0.998730 1.002489 1.000687 1.000172 1.000687 0.999596 
7.615910 1.000208 1.000240 0.999674 1.000240 0.999264 1.000518 0.999674 1.000518 0.999616 
7.637455 1.000079 0.999903 1.000471 0.999903 1.001000 1.000052 1.000471 1.000052 1.000355 
7.658999 1.000113 0.999724 1.000255 0.999724 1.001385 1.000451 1.000255 1.000451 0.998502 
7.680543 1.000284 0.999195 1.000616 0.999195 0.997880 0.999160 1.000616 0.999160 1.002407 
7.702087 1.000474 1.000053 0.999214 1.000053 1.002613 1.001675 0.999214 1.001675 1.001604 
7.723632 1.000541 1.000059 0.999884 1.000059 0.997187 1.002046 0.999884 1.002046 1.001555 
7.745176 0.999682 0.999374 1.000768 0.999374 1.000819 0.999459 1.000768 0.999459 0.999684 
7.766720 1.000445 1.000487 1.000130 1.000487 0.999961 0.999299 1.000130 0.999299 0.999897 
7.788265 1.000440 0.999901 1.000269 0.999901 1.001634 1.001589 1.000269 1.001589 0.999979 
7.809809 1.000594 1.000359 1.000227 1.000359 0.999707 0.998917 1.000227 0.998917 1.000830 
7.831353 0.999760 0.999929 0.999740 0.999929 0.999321 1.000591 0.999740 1.000591 1.002301 
7.852897 1.000621 0.999842 0.999615 0.999842 0.999326 0.999026 0.999615 0.999026 0.999084 
7.874442 0.999567 1.000006 0.999090 1.000006 0.999390 0.999219 0.999090 0.999219 1.001640 
7.895986 0.999945 0.999811 1.000363 0.999811 1.000595 1.000920 1.000363 1.000920 0.999640 
7.917530 1.000396 0.999903 0.999400 0.999903 1.001811 1.000400 0.999400 1.000400 1.001759 
7.939075 0.999949 1.000302 1.000007 1.000302 1.000936 1.000803 1.000007 1.000803 1.000573 
7.960619 1.000097 1.000345 1.000355 1.000345 1.000126 0.999267 1.000355 0.999267 1.000949 
7.982163 1.001110 0.999900 1.000445 0.999900 0.997469 1.001005 1.000445 1.001005 0.999506 
8.003707 1.000761 1.000195 1.000547 1.000195 1.000592 0.999302 1.000547 0.999302 0.999828 
8.025252 0.999724 0.999901 0.999807 0.999901 0.999602 0.999961 0.999807 0.999961 1.001221 
8.046796 1.000358 1.000746 0.999618 1.000746 1.002600 1.001384 0.999618 1.001384 1.000971 
8.068340 1.000375 0.999402 1.000284 0.999402 1.001197 0.999493 1.000284 0.999493 1.000734 
8.089884 0.999713 0.999737 1.000114 0.999737 1.000573 1.000243 1.000114 1.000243 0.999262 
8.111429 0.999901 0.998991 1.000315 0.998991 0.998853 1.000774 1.000315 1.000774 1.001655 
8.132973 1.000019 1.000009 0.999373 1.000009 1.001113 0.999621 0.999373 0.999621 0.998733 
8.154518 1.000012 0.999650 1.000177 0.999650 1.001342 1.000178 1.000177 1.000178 1.000135 
8.176062 0.999941 1.000304 1.000338 1.000304 1.000720 1.000280 1.000338 1.000280 1.001184 
8.197606 1.000164 1.000231 1.000660 1.000231 0.999826 1.000849 1.000660 1.000849 0.999835 
8.219150 1.000236 0.999352 0.999737 0.999352 1.000492 1.000997 0.999737 1.000997 0.999551 
8.240695 0.999832 1.000023 0.999320 1.000023 1.001029 1.002316 0.999320 1.002316 0.999885 
8.262239 0.999845 1.000214 1.000436 1.000214 0.999123 1.000365 1.000436 1.000365 1.000105 
8.283783 0.999962 1.000073 0.999474 1.000073 0.997391 0.998816 0.999474 0.998816 0.998383 
8.305328 0.999933 0.999753 0.999576 0.999753 1.001940 1.000507 0.999576 1.000507 0.998694 
8.326872 0.999801 0.999780 1.000226 0.999780 1.002958 1.000122 1.000226 1.000122 0.999678 
8.348416 0.999908 0.999708 0.999980 0.999708 0.998942 0.999768 0.999980 0.999768 0.998387 
8.369960 1.000230 1.000678 1.000052 1.000678 0.999646 0.999455 1.000052 0.999455 1.000824 
8.391505 0.999952 0.999515 1.000130 0.999515 1.002308 0.999732 1.000130 0.999732 0.999184 
8.413049 1.000034 1.000299 1.000211 1.000299 1.001981 0.999260 1.000211 0.999260 0.998917 
8.434594 1.000339 1.000099 1.000165 1.000099 0.997598 0.999406 1.000165 0.999406 0.999444 
8.456138 1.000412 0.999749 0.999748 0.999749 1.000102 1.000989 0.999748 1.000989 1.002814 
8.477682 1.000149 1.000705 1.000551 1.000705 1.000660 0.999868 1.000551 0.999868 1.002495 
8.499226 0.999901 1.000150 0.999922 1.000150 0.998595 0.998895 0.999922 0.998895 0.999821 
8.520771 0.999949 1.000570 0.999851 1.000570 0.998863 1.000821 0.999851 1.000821 0.999046 
8.542315 0.999817 1.000413 1.000566 1.000413 1.001925 1.000094 1.000566 1.000094 0.999153 
8.563859 1.000075 1.000061 1.000051 1.000061 1.002249 0.999422 1.000051 0.999422 0.997586 
8.585404 1.000236 1.000106 0.999878 1.000106 1.000228 1.000587 0.999878 1.000587 1.001213 
8.606948 1.000510 1.000036 1.000474 1.000036 0.999758 0.999795 1.000474 0.999795 1.001105 
8.628492 1.000586 1.000323 0.999867 1.000323 1.000442 0.998742 0.999867 0.998742 1.000731 
8.650036 1.000468 0.999463 1.000136 0.999463 0.997891 1.000434 1.000136 1.000434 0.998830 
8.671581 0.999717 1.000112 0.999887 1.000112 1.002704 1.000214 0.999887 1.000214 1.001035 
8.693125 1.000222 1.000293 0.999920 1.000293 0.999045 1.000352 0.999920 1.000352 1.000197 
8.714670 1.000670 0.999905 0.999382 0.999905 1.000644 1.000718 0.999382 1.000718 0.999600 
8.736214 1.000265 1.000073 1.000626 1.000073 1.000428 0.999418 1.000626 0.999418 1.000148 
8.757758 0.999969 0.999764 0.999471 0.999764 0.998568 1.000908 0.999471 1.000908 1.000919 
8.779302 1.000489 1.000377 1.000261 1.000377 0.998769 0.999051 1.000261 0.999051 1.000161 
8.800847 1.000096 1.000022 1.000444 1.000022 0.997747 1.001028 1.000444 1.001028 1.000969 
8.822391 0.999998 1.000323 1.000392 1.000323 1.000407 0.999969 1.000392 0.999969 0.998935 
8.843935 0.999858 0.999283 1.000595 0.999283 1.000410 0.999645 1.000595 0.999645 1.001027 
8.865479 1.000422 1.000087 0.999659 1.000087 1.000820 1.001431 0.999659 1.001431 1.000966 
8.887023 0.999595 1.000669 1.000036 1.000669 0.999103 0.999413 1.000036 0.999413 0.998744 
8.908568 1.000128 1.000156 0.999957 1.000156 1.000593 0.999868 0.999957 0.999868 1.000615 
8.930112 1.000266 1.000142 1.000219 1.000142 1.000934 1.000320 1.000219 1.000320 1.001131 
8.951657 0.999797 1.000000 1.000529 1.000000 1.001217 0.999977 1.000529 0.999977 0.999962 
8.973201 0.999866 0.999333 1.000527 0.999333 0.998723 0.999240 1.000527 0.999240 1.000637 
8.994745 1.000331 0.999826 1.000128 0.999826 0.999195 1.000025 1.000128 1.000025 1.002566 
9.016289 1.000052 0.999848 0.999923 0.999848 1.000695 1.000425 0.999923 1.000425 0.999503 
9.037834 0.999791 1.000564 1.000248 1.000564 0.999763 1.001026 1.000248 1.001026 1.000196 
9.059378 0.999737 0.999803 0.999587 0.999803 1.002471 0.999343 0.999587 0.999343 1.001794 
9.080923 1.000594 0.999986 0.998901 0.999986 0.999751 1.000680 0.998901 1.000680 1.001164 
9.102467 0.999755 1.000477 1.000012 1.000477 0.999871 0.999799 1.000012 0.999799 1.000969 
9.124011 1.000091 0.999859 0.999869 0.999859 0.999583 1.000091 0.999869 1.000091 0.999505 
9.145555 0.999995 0.999836 1.000137 0.999836 0.999636 0.999484 1.000137 0.999484 1.000803 
9.167099 1.000024 1.000089 0.999433 1.000089 1.001702 1.000127 0.999433 1.000127 1.000539 
9.188644 0.999869 0.999383 1.000056 0.999383 1.000013 0.999949 1.000056 0.999949 1.001899 
9.210188 1.000576 0.999542 1.000107 0.999542 1.000456 0.999553 1.000107 0.999553 1.000281 
9.231733 0.999725 0.999789 1.000613 0.999789 1.001210 1.000426 1.000613 1.000426 0.999542 
9.253277 1.000320 0.999894 0.999864 0.999894 0.999986 1.000212 0.999864 1.000212 0.999422 
9.274821 1.000471 1.000782 0.999856 1.000782 0.999014 0.999306 0.999856 0.999306 0.998273 
9.296365 1.000287 1.000158 0.999710 1.000158 0.999182 0.998716 0.999710 0.998716 0.999546 
9.317910 0.999915 0.999748 1.000526 0.999748 0.999115 0.998967 1.000526 0.998967 0.999848 
9.339454 0.999876 0.999811 0.999655 0.999811 1.000028 0.999277 0.999655 0.999277 1.000584 
9.360999 1.000248 0.999740 0.999617 0.999740 1.000584 0.999658 0.999617 0.999658 0.998733 
9.382543 0.999886 1.000102 1.000161 1.000102 1.001535 1.000140 1.000161 1.000140 1.001780 
9.404087 1.000082 0.999908 1.000065 0.999908 1.000361 0.999054 1.000065 0.999054 0.998401 
9.425631 1.000178 1.000068 1.000861 1.000068 0.998894 0.999568 1.000861 0.999568 0.999481 
9.447176 1.000090 0.999781 1.000439 0.999781 1.000540 1.001456 1.000439 1.001456 0.999298 
9.468720 0.999824 1.000516 0.999913 1.000516 1.000563 0.999894 0.999913 0.999894 1.000069 
9.490264 1.000287 0.999655 1.000137 0.999655 1.000792 1.000149 1.000137 1.000149 1.001020 
9.511808 1.000098 1.000145 1.000906 1.000145 1.000405 0.999623 1.000906 0.999623 1.000935 
9.533352 1.000862 0.999748 1.000434 0.999748 1.001053 1.000710 1.000434 1.000710 1.000085 
9.554897 1.000473 0.999125 1.000453 0.999125 1.000505 0.999390 1.000453 0.999390 1.000757 
9.576441 1.000252 1.000489 0.998991 1.000489 0.999428 1.000704 0.998991 1.000704 1.000151 
9.597986 1.000558 1.000635 0.999637 1.000635 1.001117 1.000682 0.999637 1.000682 0.999117 
9.619530 0.999963 1.000025 1.000229 1.000025 1.001451 1.000315 1.000229 1.000315 0.998897 
9.641074 1.000248 1.000173 1.000359 1.000173 1.000352 1.000052 1.000359 1.000052 1.000389 
9.662618 1.000168 1.000067 1.000853 1.000067 0.999619 1.000550 1.000853 1.000550 1.000697 
9.684163 1.000063 1.000931 0.999691 1.000931 1.000420 1.000822 0.999691 1.000822 0.998501 
9.705707 1.000232 0.999429 1.000151 0.999429 1.000196 0.999140 1.000151 0.999140 0.999029 
9.727252 1.000078 0.999970 0.999531 0.999970 1.000316 0.999377 0.999531 0.999377 0.999673 
9.748796 0.999779 1.000134 0.999558 1.000134 1.000154 1.000937 0.999558 1.000937 1.000655 
9.770340 1.000077 0.999717 0.999661 0.999717 1.000438 1.001436 0.999661 1.001436 1.002169 
9.791884 0.999700 1.000602 1.000575 1.000602 1.001853 1.001569 1.000575 1.001569 1.002467 
9.813428 1.000544 1.000172 0.999605 1.000172 1.001629 0.999307 0.999605 0.999307 1.001464 
9.834973 1.000158 1.000203 1.000250 1.000203 1.000226 0.999835 1.000250 0.999835 0.999105 
9.856517 1.000076 1.000394 0.999997 1.000394 0.997192 1.000081 0.999997 1.000081 1.000069 
9.878062 0.999498 1.000113 0.999777 1.000113 1.000340 1.001604 0.999777 1.001604 1.001133 
9.899606 1.000401 0.999683 0.999387 0.999683 0.999352 1.001386 0.999387 1.001386 1.001431 
9.921150 1.000005 0.999575 0.999573 0.999575 0.999063 0.999722 0.999573 0.999722 1.001306 
9.942694 0.999752 1.000333 1.000710 1.000333 1.001560 1.000578 1.000710 1.000578 0.997789 
9.964239 1.000000 1.000146 0.999691 1.000146 0.998751 0.999502 0.999691 0.999502 0.998745 
9.985783 0.999798 0.999700 1.000261 0.999700 0.999590 0.999771 1.000261 0.999771 1.001300 
10.007328 1.000258 0.999953 1.000195 0.999953 1.001465 0.999024 1.000195 0.999024 1.000706 
10.028872 0.999821 0.999844 0.999309 0.999844 0.998103 1.000283 0.999309 1.000283 1.001097 
10.050416 1.000287 1.000380 1.000557 1.000380 1.000600 1.000339 1.000557 1.000339 0.999989 
10.071960 1.000074 1.000342 1.000063 1.000342 0.999261 0.999854 1.000063 0.999854 0.999168 
10.093504 1.000214 1.000147 0.999790 1.000147 1.000039 1.000937 0.999790 1.000937 1.000720 
10.115049 0.999884 0.999721 0.999781 0.999721 1.000629 0.999417 0.999781 0.999417 0.999618 
10.136593 1.000160 0.999467 0.999442 0.999467 1.000142 0.999960 0.999442 0.999960 1.000288 
10.158138 1.000736 1.000654 1.000197 1.000654 1.002211 0.999383 1.000197 0.999383 1.000121 
10.179682 0.999976 0.999854 0.999953 0.999854 1.000109 1.000406 0.999953 1.000406 0.998816 
10.201226 0.999609 0.999188 1.000077 0.999188 1.000495 0.999919 1.000077 0.999919 1.001735 
10.222770 1.000529 1.000085 0.999876 1.000085 0.998794 1.000142 0.999876 1.000142 1.001290 
10.244315 1.000767 0.999473 0.999750 0.999473 1.000209 0.999964 0.999750 0.999964 1.000923 
10.265859 1.000097 0.999544 1.000077 0.999544 0.999907 1.002238 1.000077 1.002238 1.000611 
10.287404 0.999685 1.000327 1.001115 1.000327 0.999807 1.000338 1.001115 1.000338 1.000624 
10.308948 1.000051 1.000480 0.999614 1.000480 0.998938 0.999824 0.999614 0.999824 0.999589 
10.330492 0.999908 0.999675 1.000795 0.999675 0.999648 0.999691 1.000795 0.999691 1.000537 
10.352036 1.000152 0.999368 0.999890 0.999368 0.998230 1.000183 0.999890 1.000183 0.998767 
10.373580 1.000509 1.000192 1.000371 1.000192 1.000614 0.999977 1.000371 0.999977 0.998813 
10.395125 1.000329 0.999841 0.999757 0.999841 0.999312 1.000476 0.999757 1.000476 0.999568 
10.416669 1.000439 0.999795 1.000414 0.999795 1.001222 1.000082 1.000414 1.000082 1.001938 
10.438213 1.000180 1.000180 1.000407 1.000180 1.000649 0.999572 1.000407 0.999572 0.999261 
10.459757 0.999612 1.000579 1.000329 1.000579 1.001154 1.000343 1.000329 1.000343 0.999361 
10.481302 0.999746 1.000420 1.000543 1.000420 1.000769 1.001108 1.000543 1.001108 1.000073 
10.502846 1.000516 1.000064 1.000227 1.000064 1.001345 1.001349 1.000227 1.001349 0.999172 
10.524391 1.000071 0.999699 1.000256 0.999699 0.999271 0.999859 1.000256 0.999859 1.000609 
10.545935 1.000370 0.999885 1.000143 0.999885 1.000449 1.000130 1.000143 1.000130 0.997969 
10.567479 0.999858 1.000169 0.999909 1.000169 0.999085 0.999499 0.999909 0.999499 0.998735 
10.589023 1.000062 0.999742 1.000172 0.999742 1.000703 0.999373 1.000172 0.999373 1.000932 
10.610568 0.999978 1.000333 1.000580 1.000333 1.001368 0.999488 1.000580 0.999488 0.998924 
10.632112 1.000107 1.000582 0.999856 1.000582 0.999816 0.999928 0.999856 0.999928 0.998734 
10.653656 1.000023 1.000015 1.000077 1.000015 1.000040 0.999791 1.000077 0.999791 0.999193 
10.675201 0.999837 0.999975 0.999603 0.999975 1.001127 1.000264 0.999603 1.000264 1.001155 
10.696745 0.999604 1.000255 1.000283 1.000255 1.000173 0.999798 1.000283 0.999798 0.999767 
10.718289 1.000375 0.999720 1.000417 0.999720 1.000367 1.000197 1.000417 1.000197 0.999525 
10.739833 1.000087 0.999384 0.999973 0.999384 0.999859 0.999453 0.999973 0.999453 1.000883 
10.761378 0.999942 1.000113 1.000240 1.000113 1.000504 1.000852 1.000240 1.000852 0.999594 
10.782922 0.997306 0.997369 0.996761 0.997369 0.998366 0.998056 0.996761 0.998056 0.996697 
10.804467 0.990808 0.991347 0.990593 0.991347 0.990903 0.991256 0.990593 0.991256 0.990685 
10.826011 0.985528 0.984605 0.984949 0.984605 0.985234 0.985618 0.984949 0.985618 0.984015 
10.847555 0.979020 0.978502 0.979088 0.978502 0.979814 0.979792 0.979088 0.979792 0.978712 
10.869099 0.973699 0.972363 0.972880 0.972363 0.970999 0.973924 0.972880 0.973924 0.972798 
10.890644 0.967351 0.967143 0.967242 0.967143 0.967077 0.967481 0.967242 0.967481 0.967532 
10.912188 0.961585 0.961871 0.961518 0.961871 0.963789 0.962150 0.961518 0.962150 0.960553 
10.933733 0.956025 0.956129 0.955839 0.956129 0.955309 0.954724 0.955839 0.954724 0.955989 
10.955276 0.950028 0.950054 0.950129 0.950054 0.949908 0.950866 0.950129 0.950866 0.951111 
10.976820 0.944277 0.944581 0.944153 0.944581 0.943396 0.944816 0.944153 0.944816 0.944412 
10.998365 0.938720 0.938173 0.938566 0.938173 0.937652 0.939505 0.938566 0.939505 0.938788 
11.019909 0.932716 0.932593 0.932445 0.932593 0.931355 0.932007 0.932445 0.932007 0.933032 
11.041454 0.926613 0.926493 0.927132 0.926493 0.927783 0.926861 0.927132 0.926861 0.926851 
11.062998 0.920930 0.921263 0.921229 0.921263 0.920589 0.920645 0.921229 0.920645 0.922687 
11.084543 0.915559 0.915461 0.915453 0.915461 0.914959 0.916301 0.915453 0.916301 0.917061 
11.106087 0.909869 0.909590 0.909507 0.909590 0.911513 0.910336 0.909507 0.910336 0.910869 
11.127631 0.904065 0.904072 0.904678 0.904072 0.903717 0.904669 0.904678 0.904669 0.904111 
11.149175 0.898696 0.898237 0.898605 0.898237 0.898147 0.898118 0.898605 0.898118 0.899384 
11.170720 0.893223 0.892867 0.892445 0.892867 0.893682 0.893391 0.892445 0.893391 0.893520 
11.192264 0.887683 0.887831 0.887230 0.887831 0.889828 0.888668 0.887230 0.888668 0.886450 
11.213809 0.881989 0.881415 0.882230 0.881415 0.882277 0.880915 0.882230 0.880915 0.882821 
11.235353 0.876817 0.876276 0.875978 0.876276 0.876778 0.875728 0.875978 0.875728 0.876833 
11.256896 0.871197 0.870837 0.870835 0.870837 0.871246 0.870384 0.870835 0.870384 0.870712 
11.278441 0.865431 0.865331 0.865821 0.865331 0.865119 0.865882 0.865821 0.865882 0.864980 
11.299985 0.859505 0.860330 0.859933 0.860330 0.859716 0.859239 0.859933 0.859239 0.860119 
11.321530 0.854528 0.854169 0.854012 0.854169 0.855810 0.854115 0.854012 0.854115 0.855116 
11.343074 0.848952 0.849055 0.849529 0.849055 0.848589 0.848722 0.849529 0.848722 0.847491 
11.364618 0.843735 0.843913 0.843459 0.843913 0.844460 0.842702 0.843459 0.842702 0.842762 
11.386162 0.838418 0.838422 0.838046 0.838422 0.837220 0.838459 0.838046 0.838459 0.838116 
11.407707 0.832830 0.832750 0.833184 0.832750 0.832574 0.832514 0.833184 0.832514 0.834043 
11.429251 0.827433 0.827550 0.827664 0.827550 0.826474 0.827240 0.827664 0.827240 0.828007 
11.450796 0.822011 0.822021 0.822395 0.822021 0.821978 0.822954 0.822395 0.822954 0.821469 
11.472340 0.816550 0.817078 0.817134 0.817078 0.817357 0.817799 0.817134 0.817799 0.816410 
11.493884 0.811744 0.811502 0.811551 0.811502 0.811992 0.811795 0.811551 0.811795 0.810247 
11.515428 0.806132 0.806548 0.806259 0.806548 0.805567 0.806171 0.806259 0.806171 0.806221 
11.536973 0.801005 0.801381 0.801234 0.801381 0.802369 0.800784 0.801234 0.800784 0.801658 
11.558517 0.795895 0.796169 0.796285 0.796169 0.794790 0.795328 0.796285 0.795328 0.794158 
11.580061 0.791269 0.791257 0.790537 0.791257 0.789846 0.790450 0.790537 0.790450 0.790774 
11.601606 0.785915 0.785934 0.785780 0.785934 0.786116 0.786584 0.785780 0.786584 0.786226 
11.623150 0.780464 0.780426 0.780340 0.780426 0.779948 0.779857 0.780340 0.779857 0.780937 
11.644694 0.775209 0.775648 0.775361 0.775648 0.776633 0.774311 0.775361 0.774311 0.774298 
11.666238 0.770489 0.769598 0.770261 0.769598 0.770728 0.770515 0.770261 0.770515 0.770523 
11.687783 0.764910 0.764869 0.765027 0.764869 0.766005 0.764566 0.765027 0.764566 0.765723 
11.709327 0.760068 0.759877 0.760107 0.759877 0.758276 0.759487 0.760107 0.759487 0.759857 
11.730872 0.754968 0.754932 0.754882 0.754932 0.756563 0.755887 0.754882 0.755887 0.755119 
11.752416 0.749826 0.749420 0.749334 0.749420 0.750314 0.750246 0.749334 0.750246 0.750774 
11.773960 0.744779 0.744464 0.744885 0.744464 0.745181 0.745258 0.744885 0.745258 0.744842 
11.795504 0.739769 0.739390 0.739315 0.739390 0.740425 0.739340 0.739315 0.739340 0.740365 
11.817049 0.734630 0.734696 0.734592 0.734696 0.735770 0.735286 0.734592 0.735286 0.735484 
11.838593 0.729760 0.730037 0.729698 0.730037 0.730335 0.729988 0.729698 0.729988 0.730765 
11.860137 0.724996 0.724688 0.724968 0.724688 0.725232 0.724638 0.724968 0.724638 0.724590 
11.881681 0.719804 0.719858 0.719697 0.719858 0.721643 0.719872 0.719697 0.719872 0.719336 
11.903225 0.715248 0.714687 0.714867 0.714687 0.714975 0.715172 0.714867 0.715172 0.714989 
11.924770 0.710142 0.710102 0.710160 0.710102 0.710683 0.710694 0.710160 0.710694 0.710341 
11.946314 0.705189 0.705642 0.705229 0.705642 0.705892 0.705395 0.705229 0.705395 0.704288 
11.967859 0.700520 0.700551 0.700272 0.700551 0.700955 0.700219 0.700272 0.700219 0.699842 
11.989403 0.695568 0.695301 0.695325 0.695301 0.695926 0.695445 0.695325 0.695445 0.695888 
12.010947 0.690596 0.690368 0.690530 0.690368 0.690006 0.690117 0.690530 0.690117 0.690437 
12.032491 0.685738 0.685630 0.686199 0.685630 0.685860 0.685947 0.686199 0.685947 0.686725 
12.054036 0.681071 0.680872 0.680813 0.680872 0.681383 0.681393 0.680813 0.681393 0.680274 
12.075580 0.676225 0.675798 0.675902 0.675798 0.675908 0.675718 0.675902 0.675718 0.676891 
12.097125 0.671374 0.671177 0.671742 0.671177 0.671102 0.671821 0.671742 0.671821 0.671974 
12.118669 0.666881 0.666605 0.666789 0.666605 0.666548 0.667087 0.666789 0.667087 0.666144 
12.140213 0.661805 0.661745 0.662142 0.661745 0.662020 0.662031 0.662142 0.662031 0.661216 
12.161757 0.657260 0.657028 0.657569 0.657028 0.656563 0.656841 0.657569 0.656841 0.656694 
12.183301 0.652750 0.652162 0.652724 0.652162 0.652291 0.652987 0.652724 0.652987 0.652619 
12.204846 0.647956 0.647849 0.647893 0.647849 0.647370 0.647895 0.647893 0.647895 0.648296 
12.226390 0.643359 0.643474 0.642860 0.643474 0.643147 0.642266 0.642860 0.642266 0.643553 
12.247935 0.638430 0.638774 0.638409 0.638774 0.638712 0.638891 0.638409 0.638891 0.638232 
12.269479 0.634014 0.634101 0.634143 0.634101 0.633325 0.633847 0.634143 0.633847 0.632920 
12.291023 0.629617 0.629286 0.629470 0.629286 0.630659 0.629759 0.629470 0.629759 0.630205 
12.312567 0.624667 0.624421 0.624498 0.624421 0.624280 0.624880 0.624498 0.624880 0.624738 
12.334112 0.620159 0.620289 0.620059 0.620289 0.620664 0.619838 0.620059 0.619838 0.621689 
12.355656 0.615486 0.615661 0.615708 0.615661 0.616593 0.615334 0.615708 0.615334 0.615889 
12.377201 0.610871 0.610934 0.610995 0.610934 0.611542 0.611937 0.610995 0.611937 0.610730 
12.398745 0.606549 0.606567 0.606542 0.606567 0.606321 0.606965 0.606542 0.606965 0.607872 
12.420289 0.602106 0.601744 0.602125 0.601744 0.601700 0.602560 0.602125 0.602560 0.601881 
12.441833 0.597325 0.597614 0.597155 0.597614 0.596753 0.597547 0.597155 0.597547 0.597561 
12.463377 0.592717 0.592898 0.592995 0.592898 0.593871 0.592513 0.592995 0.592513 0.593095 
12.484922 0.588680 0.588212 0.588663 0.588212 0.587931 0.588792 0.588663 0.588792 0.587317 
12.506466 0.583984 0.584504 0.583849 0.584504 0.584875 0.584564 0.583849 0.584564 0.584148 
12.528011 0.579692 0.579761 0.579657 0.579761 0.578795 0.579882 0.579657 0.579882 0.579036 
12.549555 0.575039 0.575114 0.575044 0.575114 0.574252 0.575554 0.575044 0.575554 0.575609 
12.571099 0.570747 0.570872 0.570828 0.570872 0.570566 0.570571 0.570828 0.570571 0.571332 
12.592643 0.566357 0.566372 0.566178 0.566372 0.566175 0.566091 0.566178 0.566091 0.565936 
12.614188 0.561869 0.561597 0.561835 0.561597 0.561709 0.562601 0.561835 0.562601 0.562768 
12.635732 0.557625 0.557345 0.557611 0.557345 0.557778 0.557571 0.557611 0.557571 0.558223 
12.657277 0.553178 0.553191 0.553245 0.553191 0.553330 0.553299 0.553245 0.553299 0.553138 
12.678821 0.549027 0.548939 0.548628 0.548939 0.549608 0.548915 0.548628 0.548915 0.548489 
12.700365 0.544735 0.544511 0.544488 0.544511 0.544305 0.544771 0.544488 0.544771 0.544153 
12.721909 0.540334 0.540001 0.540082 0.540001 0.539950 0.540138 0.540082 0.540138 0.540109 
12.743454 0.536081 0.535886 0.535971 0.535886 0.535392 0.536328 0.535971 0.536328 0.535964 
12.764998 0.531817 0.531985 0.531579 0.531985 0.531471 0.531123 0.531579 0.531123 0.531211 
12.786542 0.527460 0.527571 0.527352 0.527571 0.526961 0.527683 0.527352 0.527683 0.526552 
12.808086 0.523024 0.523402 0.522812 0.523402 0.523251 0.523281 0.522812 0.523281 0.522658 
12.829630 0.518746 0.518476 0.519201 0.518476 0.519440 0.519101 0.519201 0.519101 0.519813 
12.851175 0.514851 0.514817 0.514754 0.514817 0.513775 0.514863 0.514754 0.514863 0.513637 
12.872719 0.510371 0.510260 0.510906 0.510260 0.510121 0.510356 0.510906 0.510356 0.510587 
12.894264 0.506383 0.506314 0.506247 0.506314 0.506362 0.505987 0.506247 0.505987 0.505621 
12.915808 0.502409 0.502035 0.502169 0.502035 0.502135 0.501494 0.502169 0.501494 0.502285 
12.937352 0.498118 0.498153 0.498144 0.498153 0.497848 0.497376 0.498144 0.497376 0.498114 
12.958896 0.493783 0.493752 0.493576 0.493752 0.493845 0.493227 0.493576 0.493227 0.494296 
12.980441 0.489533 0.489496 0.489548 0.489496 0.489664 0.489592 0.489548 0.489592 0.489260 
13.001985 0.485538 0.485605 0.485573 0.485605 0.484524 0.485191 0.485573 0.485191 0.485705 
13.023530 0.481598 0.481210 0.481353 0.481210 0.482586 0.481778 0.481353 0.481778 0.482679 
13.045074 0.477018 0.476991 0.477317 0.476991 0.477920 0.476858 0.477317 0.476858 0.477039 
13.066618 0.473186 0.473080 0.472933 0.473080 0.472942 0.473274 0.472933 0.473274 0.473589 
13.088162 0.469210 0.469088 0.469270 0.469088 0.469830 0.469524 0.469270 0.469524 0.470630 
13.109706 0.465140 0.465131 0.465157 0.465131 0.464842 0.465250 0.465157 0.465250 0.464949 
13.131251 0.461064 0.461168 0.460991 0.461168 0.461123 0.460911 0.460991 0.460911 0.461656 
13.152795 0.457026 0.457167 0.456892 0.457167 0.456670 0.456741 0.456892 0.456741 0.457871 
13.174340 0.453285 0.453165 0.453150 0.453165 0.453511 0.452930 0.453150 0.452930 0.452796 
13.195884 0.448888 0.449127 0.449119 0.449127 0.449379 0.448694 0.449119 0.448694 0.449667 
13.217428 0.444967 0.444871 0.445229 0.444871 0.446348 0.445559 0.445229 0.445559 0.446256 
13.238972 0.441024 0.440856 0.440780 0.440856 0.441127 0.441133 0.440780 0.441133 0.440703 
13.260517 0.437098 0.436927 0.437208 0.436927 0.437134 0.437337 0.437208 0.437337 0.437769 
13.282061 0.433263 0.433048 0.433364 0.433048 0.433616 0.433395 0.433364 0.433395 0.433312 
13.303606 0.429219 0.429044 0.428928 0.429044 0.429330 0.429032 0.428928 0.429032 0.429873 
13.325150 0.425233 0.425237 0.425129 0.425237 0.425263 0.425438 0.425129 0.425438 0.424864 
13.346694 0.421347 0.421508 0.421179 0.421508 0.421618 0.421490 0.421179 0.421490 0.420319 
13.368238 0.417465 0.417515 0.417449 0.417515 0.416780 0.417354 0.417449 0.417354 0.418111 
13.389782 0.413520 0.413430 0.413709 0.413430 0.413106 0.412733 0.413709 0.412733 0.412817 
13.411327 0.409598 0.409774 0.409569 0.409774 0.409943 0.409737 0.409569 0.409737 0.409116 
13.432871 0.405638 0.406024 0.405828 0.406024 0.406150 0.406016 0.405828 0.406016 0.405837 
13.454415 0.401845 0.402487 0.401946 0.402487 0.401867 0.402265 0.401946 0.402265 0.402377 
13.475959 0.398166 0.397872 0.398365 0.397872 0.398130 0.398102 0.398365 0.398102 0.398416 
13.497504 0.394407 0.394126 0.393968 0.394126 0.394425 0.393589 0.393968 0.393589 0.394362 
13.519048 0.390649 0.390534 0.390409 0.390534 0.390787 0.390681 0.390409 0.390681 0.390570 
13.540593 0.386780 0.386943 0.386579 0.386943 0.386200 0.386095 0.386579 0.386095 0.386682 
13.562137 0.383087 0.382920 0.382587 0.382920 0.382908 0.382996 0.382587 0.382996 0.382924 
13.583681 0.379247 0.379048 0.379087 0.379048 0.379050 0.379030 0.379087 0.379030 0.378054 
13.605225 0.375285 0.375378 0.374973 0.375378 0.375402 0.375374 0.374973 0.375374 0.375281 
13.626770 0.371486 0.371358 0.371754 0.371358 0.372018 0.371988 0.371754 0.371988 0.371929 
13.648314 0.367782 0.367579 0.367812 0.367579 0.367580 0.367846 0.367812 0.367846 0.367870 
13.669858 0.364123 0.364066 0.364323 0.364066 0.364055 0.363772 0.364323 0.363772 0.362741 
13.691403 0.360219 0.360293 0.360520 0.360293 0.361240 0.360458 0.360520 0.360458 0.360427 
13.712947 0.356860 0.356401 0.356644 0.356401 0.356034 0.356665 0.356644 0.356665 0.356921 
13.734491 0.352928 0.352893 0.352863 0.352893 0.353444 0.352617 0.352863 0.352617 0.353154 
13.756035 0.349345 0.349188 0.349184 0.349188 0.348982 0.349364 0.349184 0.349364 0.349288 
13.777580 0.345576 0.345729 0.345425 0.345729 0.345871 0.345564 0.345425 0.345564 0.345165 
13.799124 0.341840 0.341856 0.342018 0.341856 0.341669 0.342190 0.342018 0.342190 0.341545 
13.820669 0.338324 0.338284 0.338424 0.338284 0.338852 0.337564 0.338424 0.337564 0.338764 
13.842213 0.334701 0.334724 0.334708 0.334724 0.334215 0.334971 0.334708 0.334971 0.334688 
13.863757 0.330913 0.330913 0.331095 0.330913 0.330551 0.330892 0.331095 0.330892 0.331165 
13.885301 0.327501 0.327443 0.327389 0.327443 0.327952 0.327620 0.327389 0.327620 0.327031 
13.906846 0.323809 0.323697 0.323635 0.323697 0.323884 0.324015 0.323635 0.324015 0.323836 
13.928390 0.320142 0.320231 0.320435 0.320231 0.320595 0.320366 0.320435 0.320366 0.320086 
13.949934 0.316602 0.316669 0.316746 0.316669 0.316861 0.316683 0.316746 0.316683 0.317197 
13.971479 0.313040 0.312985 0.313078 0.312985 0.313424 0.313289 0.313078 0.313289 0.312709 
13.993023 0.309517 0.309602 0.309430 0.309602 0.310305 0.309200 0.309430 0.309200 0.310183 
14.014567 0.305965 0.306143 0.306058 0.306143 0.306105 0.305765 0.306058 0.305765 0.306166 
14.036111 0.302373 0.302162 0.302287 0.302162 0.302472 0.302867 0.302287 0.302867 0.302894 
14.057656 0.299004 0.298784 0.298773 0.298784 0.298742 0.299071 0.298773 0.299071 0.298817 
14.079200 0.295457 0.295333 0.295530 0.295333 0.295148 0.295219 0.295530 0.295219 0.295478 
14.100745 0.291774 0.291863 0.291827 0.291863 0.291494 0.291765 0.291827 0.291765 0.292941 
14.122289 0.288476 0.288448 0.288216 0.288448 0.288142 0.288283 0.288216 0.288283 0.288461 
14.143833 0.284876 0.284832 0.284838 0.284832 0.285349 0.284739 0.284838 0.284739 0.284941 
14.165377 0.281395 0.281348 0.281377 0.281348 0.281061 0.281075 0.281377 0.281075 0.281754 
14.186922 0.277941 0.277629 0.277921 0.277629 0.277821 0.278455 0.277921 0.278455 0.278769 
14.208466 0.274383 0.274239 0.274444 0.274239 0.274688 0.273977 0.274444 0.273977 0.273568 
14.230011 0.270977 0.271005 0.271034 0.271005 0.271167 0.271189 0.271034 0.271189 0.271072 
14.251554 0.267539 0.267755 0.267281 0.267755 0.267604 0.267863 0.267281 0.267863 0.267611 
14.273098 0.264342 0.264130 0.264181 0.264130 0.264661 0.264437 0.264181 0.264437 0.264479 
14.294643 0.260726 0.260703 0.260650 0.260703 0.261165 0.260643 0.260650 0.260643 0.260937 
14.316187 0.257435 0.257346 0.257115 0.257346 0.257736 0.257531 0.257115 0.257531 0.256987 
14.337732 0.253957 0.253935 0.253983 0.253935 0.254683 0.254126 0.253983 0.254126 0.253970 
14.359276 0.250672 0.250449 0.250623 0.250449 0.250273 0.250283 0.250623 0.250283 0.250471 
14.380820 0.247157 0.247184 0.247189 0.247184 0.246866 0.247328 0.247189 0.247328 0.247482 
14.402364 0.243795 0.243841 0.243824 0.243841 0.243761 0.244109 0.243824 0.244109 0.243449 
14.423909 0.240676 0.240469 0.240554 0.240469 0.239668 0.240809 0.240554 0.240809 0.240807 
14.445453 0.237195 0.237222 0.237342 0.237222 0.237634 0.237065 0.237342 0.237065 0.237190 
14.466998 0.233821 0.233845 0.233712 0.233845 0.233480 0.233527 0.233712 0.233527 0.233562 
14.488542 0.230408 0.230605 0.230677 0.230605 0.230253 0.230520 0.230677 0.230520 0.230244 
14.510086 0.227078 0.227144 0.226976 0.227144 0.227583 0.227110 0.226976 0.227110 0.226823 
14.531630 0.223973 0.223945 0.223801 0.223945 0.223578 0.223978 0.223801 0.223978 0.223632 
14.553174 0.220572 0.220621 0.220777 0.220621 0.220514 0.220322 0.220777 0.220322 0.220733 
14.574719 0.217261 0.217225 0.217111 0.217225 0.217323 0.217314 0.217111 0.217314 0.217240 
14.596263 0.214144 0.214123 0.214173 0.214123 0.213588 0.214129 0.214173 0.214129 0.214198 
14.617808 0.210775 0.210776 0.210713 0.210776 0.210656 0.210330 0.210713 0.210330 0.210908 
14.639352 0.207521 0.207536 0.207426 0.207536 0.207534 0.207588 0.207426 0.207588 0.207818 
14.660896 0.204345 0.204420 0.204194 0.204420 0.203924 0.204351 0.204194 0.204351 0.204507 
14.682440 0.201115 0.201076 0.201234 0.201076 0.201226 0.201195 0.201234 0.201195 0.200854 
14.703985 0.197791 0.197724 0.197861 0.197724 0.197345 0.197617 0.197861 0.197617 0.197864 
14.725529 0.194551 0.194719 0.194674 0.194719 0.194934 0.194560 0.194674 0.194560 0.194582 
14.747074 0.191386 0.191472 0.191225 0.191472 0.191620 0.191403 0.191225 0.191403 0.190887 
14.768618 0.188131 0.188140 0.188386 0.188140 0.188316 0.188722 0.188386 0.188722 0.188565 
14.790162 0.185090 0.184913 0.185159 0.184913 0.185048 0.185262 0.185159 0.185262 0.184932 
14.811706 0.181819 0.181804 0.181868 0.181804 0.181807 0.181878 0.181868 0.181878 0.181658 
14.833251 0.178503 0.178435 0.178519 0.178435 0.178537 0.178759 0.178519 0.178759 0.178612 
14.854795 0.175453 0.175503 0.175502 0.175503 0.175358 0.175310 0.175502 0.175310 0.175423 
14.876339 0.172313 0.172290 0.172450 0.172290 0.172248 0.172408 0.172450 0.172408 0.172580 
14.897883 0.169266 0.169036 0.169139 0.169036 0.169031 0.169312 0.169139 0.169312 0.169638 
14.919427 0.166015 0.165926 0.166116 0.165926 0.165899 0.166353 0.166116 0.166353 0.165626 
14.940972 0.163028 0.162755 0.162988 0.162755 0.162798 0.163125 0.162988 0.163125 0.162806 
14.962516 0.159912 0.159926 0.159952 0.159926 0.160420 0.159700 0.159952 0.159700 0.159971 
14.984061 0.156819 0.156851 0.156623 0.156851 0.157057 0.157103 0.156623 0.157103 0.157029 
15.005605 0.153714 0.153572 0.153566 0.153572 0.153568 0.153818 0.153566 0.153818 0.153675 
15.027149 0.150574 0.150820 0.150748 0.150820 0.150429 0.150622 0.150748 0.150622 0.150787 
15.048693 0.147505 0.147371 0.147427 0.147371 0.146898 0.147247 0.147427 0.147247 0.147509 
15.070238 0.144356 0.144373 0.144382 0.144373 0.144466 0.144441 0.144382 0.144441 0.144568 
15.091782 0.141363 0.141558 0.141298 0.141558 0.141340 0.141402 0.141298 0.141402 0.141159 
15.113327 0.138292 0.138236 0.138328 0.138236 0.138233 0.137911 0.138328 0.137911 0.137916 
15.134871 0.135164 0.135226 0.135194 0.135226 0.135130 0.135068 0.135194 0.135068 0.135142 
15.156415 0.132162 0.132282 0.132156 0.132282 0.132361 0.131961 0.132156 0.131961 0.132183 
15.177959 0.129297 0.129215 0.129244 0.129215 0.128917 0.129463 0.129244 0.129463 0.129056 
15.199503 0.126257 0.126104 0.126148 0.126104 0.126188 0.126630 0.126148 0.126630 0.126002 
15.221048 0.123131 0.122982 0.123077 0.122982 0.123154 0.123075 0.123077 0.123075 0.123227 
15.242592 0.120218 0.120200 0.120201 0.120200 0.119880 0.120369 0.120201 0.120369 0.120178 
15.264137 0.117420 0.117455 0.117558 0.117455 0.117702 0.117534 0.117558 0.117534 0.117590 
15.285681 0.114939 0.114886 0.114826 0.114886 0.114860 0.115152 0.114826 0.115152 0.114901 
15.307225 0.112359 0.112208 0.112527 0.112208 0.112390 0.112556 0.112527 0.112556 0.112440 
15.328769 0.109862 0.109975 0.109830 0.109975 0.110109 0.110062 0.109830 0.110062 0.110218 
15.350314 0.107644 0.107553 0.107659 0.107553 0.107369 0.107895 0.107659 0.107895 0.107652 
15.371858 0.105346 0.105361 0.105232 0.105361 0.105299 0.105262 0.105232 0.105262 0.105190 
15.393403 0.103195 0.103283 0.103129 0.103283 0.103557 0.103015 0.103129 0.103015 0.103388 
15.414947 0.101123 0.100839 0.100876 0.100839 0.100719 0.100971 0.100876 0.100971 0.101032 
15.436491 0.098872 0.098973 0.098956 0.098973 0.099092 0.098808 0.098956 0.098808 0.098590 
15.458035 0.096764 0.096807 0.096872 0.096807 0.096813 0.096412 0.096872 0.096412 0.096862 
15.479579 0.094817 0.094892 0.094858 0.094892 0.094840 0.094994 0.094858 0.094994 0.095005 
15.501124 0.092931 0.093073 0.092912 0.093073 0.092816 0.093023 0.092912 0.093023 0.092942 
15.522668 0.091006 0.090925 0.090847 0.090925 0.090975 0.090899 0.090847 0.090899 0.091060 
15.544213 0.089110 0.089105 0.089124 0.089105 0.089193 0.089152 0.089124 0.089152 0.089183 
15.565757 0.087258 0.087276 0.087263 0.087276 0.087482 0.087286 0.087263 0.087286 0.087261 
15.587301 0.085468 0.085407 0.085418 0.085407 0.085790 0.085482 0.085418 0.085482 0.085370 
15.608845 0.083659 0.083680 0.083619 0.083680 0.083875 0.083612 0.083619 0.083612 0.083597 
15.630390 0.081952 0.081872 0.081954 0.081872 0.081857 0.081888 0.081954 0.081888 0.082125 
15.651934 0.080283 0.080219 0.080286 0.080219 0.080320 0.080143 0.080286 0.080143 0.079828 
15.673479 0.078652 0.078415 0.078663 0.078415 0.078552 0.078718 0.078663 0.078718 0.078592 
15.695023 0.076949 0.076895 0.076947 0.076895 0.076997 0.076970 0.076947 0.076970 0.077060 
15.716567 0.075308 0.075319 0.075342 0.075319 0.075405 0.075541 0.075342 0.075541 0.075381 
15.738111 0.073858 0.073832 0.073814 0.073832 0.073626 0.073716 0.073814 0.073716 0.073977 
15.759655 0.072273 0.072427 0.072300 0.072427 0.072324 0.072203 0.072300 0.072203 0.072277 
15.781200 0.070663 0.070768 0.070754 0.070768 0.070605 0.070925 0.070754 0.070925 0.070420 
15.802744 0.069259 0.069297 0.069294 0.069297 0.069336 0.069288 0.069294 0.069288 0.069270 
15.824288 0.067895 0.067870 0.067806 0.067870 0.067929 0.067706 0.067806 0.067706 0.067945 
15.845832 0.066384 0.066361 0.066405 0.066361 0.066431 0.066404 0.066405 0.066404 0.066725 
15.867377 0.065042 0.064937 0.064997 0.064937 0.064984 0.064815 0.064997 0.064815 0.065276 
15.888921 0.063650 0.063529 0.063718 0.063529 0.063749 0.063762 0.063718 0.063762 0.063462 
15.910466 0.062237 0.062316 0.062261 0.062316 0.062236 0.062142 0.062261 0.062142 0.062243 
15.932010 0.060981 0.060884 0.060954 0.060884 0.060953 0.060958 0.060954 0.060958 0.061240 
15.953554 0.059624 0.059692 0.059711 0.059692 0.059766 0.059726 0.059711 0.059726 0.059988 
15.975098 0.058290 0.058350 0.058435 0.058350 0.058317 0.058462 0.058435 0.058462 0.058042 
15.996643 0.057045 0.057107 0.057033 0.057107 0.057092 0.057125 0.057033 0.057125 0.056983 
16.018188 0.055849 0.055838 0.055859 0.055838 0.055883 0.055827 0.055859 0.055827 0.056050 
16.039731 0.054597 0.054701 0.054622 0.054701 0.054488 0.054395 0.054622 0.054395 0.054720 
16.061275 0.053475 0.053341 0.053440 0.053341 0.053661 0.053458 0.053440 0.053458 0.053141 
16.082820 0.052256 0.052258 0.052343 0.052258 0.052430 0.052171 0.052343 0.052171 0.052383 
16.104364 0.051160 0.051135 0.051078 0.051135 0.051022 0.050951 0.051078 0.050951 0.050819 
16.125909 0.050006 0.050054 0.050026 0.050054 0.050208 0.050104 0.050026 0.050104 0.050004 
16.147452 0.048902 0.048938 0.048796 0.048938 0.048899 0.048835 0.048796 0.048835 0.048730 
16.168997 0.047824 0.047721 0.047717 0.047721 0.047833 0.047741 0.047717 0.047741 0.047638 
16.190541 0.046707 0.046696 0.046686 0.046696 0.046688 0.046682 0.046686 0.046682 0.046690 
16.212086 0.045685 0.045671 0.045692 0.045671 0.045642 0.045726 0.045692 0.045726 0.045510 
16.233630 0.044633 0.044668 0.044626 0.044668 0.044494 0.044690 0.044626 0.044690 0.044912 
16.255175 0.043580 0.043565 0.043617 0.043565 0.043600 0.043593 0.043617 0.043593 0.043571 
16.276719 0.042568 0.042620 0.042527 0.042620 0.042459 0.042554 0.042527 0.042554 0.042681 
16.298263 0.041647 0.041652 0.041598 0.041652 0.041779 0.041555 0.041598 0.041555 0.041632 
16.319807 0.040710 0.040660 0.040707 0.040660 0.040510 0.040800 0.040707 0.040800 0.040613 
16.341352 0.039715 0.039741 0.039725 0.039741 0.039542 0.039638 0.039725 0.039638 0.039796 
16.362896 0.038787 0.038756 0.038751 0.038756 0.038845 0.038823 0.038751 0.038823 0.038767 
16.384440 0.037884 0.037823 0.037818 0.037823 0.038007 0.037891 0.037818 0.037891 0.037805 
16.405984 0.036923 0.036942 0.036990 0.036942 0.036896 0.037033 0.036990 0.037033 0.036910 
16.427528 0.036067 0.036065 0.036105 0.036065 0.036068 0.036020 0.036105 0.036020 0.036104 
16.449073 0.035198 0.035222 0.035159 0.035222 0.035308 0.035255 0.035159 0.035255 0.035001 
16.470617 0.034349 0.034383 0.034364 0.034383 0.034300 0.034337 0.034364 0.034337 0.034521 
16.492162 0.033528 0.033508 0.033547 0.033508 0.033395 0.033599 0.033547 0.033599 0.033583 
16.513706 0.032682 0.032686 0.032684 0.032686 0.032668 0.032724 0.032684 0.032724 0.032638 
16.535251 0.031880 0.031828 0.031848 0.031828 0.031738 0.031707 0.031848 0.031707 0.031967 
16.556794 0.031078 0.031124 0.031079 0.031124 0.031187 0.030980 0.031079 0.030980 0.031179 
16.578339 0.030297 0.030334 0.030284 0.030334 0.030347 0.030407 0.030284 0.030407 0.030350 
16.599883 0.029525 0.029554 0.029542 0.029554 0.029471 0.029579 0.029542 0.029579 0.029647 
16.621428 0.028784 0.028753 0.028705 0.028753 0.028828 0.028810 0.028705 0.028810 0.028850 
16.642972 0.027996 0.028096 0.028094 0.028096 0.028076 0.027954 0.028094 0.027954 0.027997 
16.664516 0.027323 0.027287 0.027270 0.027287 0.027396 0.027204 0.027270 0.027204 0.027291 
16.686061 0.026632 0.026553 0.026565 0.026553 0.026667 0.026530 0.026565 0.026530 0.026600 
16.707604 0.025846 0.025891 0.025994 0.025891 0.025998 0.025882 0.025994 0.025882 0.025748 
16.729149 0.025196 0.025209 0.025177 0.025209 0.025282 0.025202 0.025177 0.025202 0.025225 
16.750693 0.024561 0.024529 0.024542 0.024529 0.024490 0.024520 0.024542 0.024520 0.024603 
16.772238 0.023915 0.023875 0.023915 0.023875 0.023932 0.023798 0.023915 0.023798 0.023916 
16.793782 0.023258 0.023223 0.023231 0.023223 0.023236 0.023203 0.023231 0.023203 0.023268 
16.815326 0.022576 0.022636 0.022592 0.022636 0.022430 0.022579 0.022592 0.022579 0.022671 
16.836870 0.021974 0.021940 0.021972 0.021940 0.021952 0.021983 0.021972 0.021983 0.021819 
16.858415 0.021365 0.021397 0.021337 0.021397 0.021219 0.021272 0.021337 0.021272 0.021378 
16.879959 0.020767 0.020778 0.020739 0.020778 0.020745 0.020708 0.020739 0.020708 0.020694 
16.901504 0.020209 0.020150 0.020201 0.020150 0.020136 0.020264 0.020201 0.020264 0.020237 
16.923048 0.019591 0.019580 0.019589 0.019580 0.019557 0.019603 0.019589 0.019603 0.019596 
16.944592 0.019030 0.019028 0.019015 0.019028 0.019070 0.019067 0.019015 0.019067 0.019110 
16.966136 0.018480 0.018420 0.018461 0.018420 0.018577 0.018494 0.018461 0.018494 0.018371 
16.987680 0.017910 0.017935 0.017938 0.017935 0.017851 0.017953 0.017938 0.017953 0.017982 
17.009225 0.017343 0.017383 0.017352 0.017383 0.017500 0.017391 0.017352 0.017391 0.017330 
17.030769 0.016852 0.016854 0.016852 0.016854 0.016876 0.016853 0.016852 0.016853 0.016805 
17.052314 0.016317 0.016376 0.016314 0.016376 0.016365 0.016372 0.016314 0.016372 0.016239 
17.073857 0.015822 0.015824 0.015857 0.015824 0.015891 0.015874 0.015857 0.015874 0.015852 
17.095402 0.015347 0.015372 0.015329 0.015372 0.015270 0.015367 0.015329 0.015367 0.015463 
17.116946 0.014841 0.014811 0.014855 0.014811 0.014824 0.014932 0.014855 0.014932 0.014850 
17.138491 0.014407 0.014385 0.014388 0.014385 0.014306 0.014482 0.014388 0.014482 0.014461 
17.160035 0.013917 0.013888 0.013901 0.013888 0.013873 0.013860 0.013901 0.013860 0.013878 
17.181580 0.013441 0.013425 0.013460 0.013425 0.013431 0.013534 0.013460 0.013534 0.013387 
17.203124 0.013021 0.013015 0.013015 0.013015 0.013094 0.012961 0.013015 0.012961 0.012963 
17.224668 0.012552 0.012578 0.012547 0.012578 0.012636 0.012519 0.012547 0.012519 0.012616 
17.246212 0.012157 0.012145 0.012183 0.012145 0.012223 0.012103 0.012183 0.012103 0.012189 
17.267756 0.011729 0.011676 0.011736 0.011676 0.011801 0.011694 0.011736 0.011694 0.011657 
17.289301 0.011335 0.011330 0.011300 0.011330 0.011375 0.011310 0.011300 0.011310 0.011321 
17.310845 0.010937 0.010939 0.010943 0.010939 0.010958 0.010930 0.010943 0.010930 0.010903 
17.332389 0.010527 0.010508 0.010518 0.010508 0.010542 0.010507 0.010518 0.010507 0.010477 
17.353933 0.010141 0.010157 0.010154 0.010157 0.010096 0.010145 0.010154 0.010145 0.010086 
17.375478 0.009775 0.009753 0.009764 0.009753 0.009795 0.009759 0.009764 0.009759 0.009783 
17.397022 0.009419 0.009392 0.009413 0.009392 0.009506 0.009442 0.009413 0.009442 0.009436 
17.418567 0.009055 0.009079 0.009047 0.009079 0.009088 0.009057 0.009047 0.009057 0.009024 
17.440111 0.008711 0.008683 0.008707 0.008683 0.008686 0.008691 0.008707 0.008691 0.008716 
17.461656 0.008396 0.008351 0.008361 0.008351 0.008339 0.008373 0.008361 0.008373 0.008348 
17.483199 0.008032 0.008036 0.008014 0.008036 0.008054 0.008062 0.008014 0.008062 0.008151 
17.504744 0.007709 0.007715 0.007701 0.007715 0.007707 0.007731 0.007701 0.007731 0.007803 
17.526288 0.007396 0.007410 0.007425 0.007410 0.007339 0.007403 0.007425 0.007403 0.007411 
17.547832 0.007080 0.007090 0.007102 0.007090 0.007132 0.007133 0.007102 0.007133 0.007062 
17.569377 0.006800 0.006787 0.006786 0.006787 0.006774 0.006801 0.006786 0.006801 0.006783 
17.590920 0.006493 0.006481 0.006504 0.006481 0.006623 0.006488 0.006504 0.006488 0.006513 
17.612465 0.006223 0.006231 0.006236 0.006231 0.006113 0.006241 0.006236 0.006241 0.006202 
17.634009 0.005949 0.005974 0.005946 0.005974 0.006004 0.005973 0.005946 0.005973 0.005940 
17.655554 0.005659 0.005681 0.005686 0.005681 0.005705 0.005631 0.005686 0.005631 0.005677 
17.677098 0.005429 0.005394 0.005385 0.005394 0.005344 0.005370 0.005385 0.005370 0.005355 
17.698643 0.005151 0.005163 0.005185 0.005163 0.005138 0.005157 0.005185 0.005157 0.005203 
17.720187 0.004898 0.004899 0.004899 0.004899 0.004910 0.004923 0.004899 0.004923 0.004926 
17.741731 0.004655 0.004702 0.004660 0.004702 0.004648 0.004641 0.004660 0.004641 0.004676 
17.763275 0.004429 0.004435 0.004433 0.004435 0.004439 0.004429 0.004433 0.004429 0.004399 
17.784820 0.004190 0.004203 0.004210 0.004203 0.004168 0.004169 0.004210 0.004169 0.004165 
17.806364 0.003977 0.003988 0.003973 0.003988 0.004043 0.004062 0.003973 0.004062 0.003940 
17.827909 0.003767 0.003779 0.003770 0.003779 0.003721 0.003824 0.003770 0.003824 0.003756 
17.849452 0.003568 0.003562 0.003550 0.003562 0.003580 0.003560 0.003550 0.003560 0.003520 
17.870996 0.003348 0.003348 0.003365 0.003348 0.003332 0.003330 0.003365 0.003330 0.003369 
17.892541 0.003168 0.003169 0.003154 0.003169 0.003160 0.003130 0.003154 0.003130 0.003188 
17.914085 0.002972 0.002974 0.002970 0.002974 0.003024 0.002971 0.002970 0.002971 0.002921 
17.935630 0.002795 0.002798 0.002795 0.002798 0.002812 0.002774 0.002795 0.002774 0.002838 
17.957174 0.002631 0.002625 0.002638 0.002625 0.002608 0.002623 0.002638 0.002623 0.002663 
17.978719 0.002466 0.002460 0.002447 0.002460 0.002471 0.002435 0.002447 0.002435 0.002436 
18.000262 0.002300 0.002288 0.002298 0.002288 0.002297 0.002283 0.002298 0.002283 0.002310 
18.021807 0.002133 0.002123 0.002163 0.002123 0.002132 0.002129 0.002163 0.002129 0.002097 
18.043351 0.001990 0.001985 0.001987 0.001985 0.001947 0.001957 0.001987 0.001957 0.001990 
18.064896 0.001855 0.001838 0.001827 0.001838 0.001838 0.001873 0.001827 0.001873 0.001818 
18.086440 0.001710 0.001706 0.001712 0.001706 0.001673 0.001682 0.001712 0.001682 0.001725 
18.107985 0.001568 0.001577 0.001570 0.001577 0.001561 0.001548 0.001570 0.001548 0.001561 
18.129529 0.001451 0.001450 0.001451 0.001450 0.001463 0.001416 0.001451 0.001416 0.001438 
18.151073 0.001322 0.001337 0.001335 0.001337 0.001311 0.001374 0.001335 0.001374 0.001344 
18.172617 0.001221 0.001216 0.001212 0.001216 0.001211 0.001205 0.001212 0.001205 0.001200 
18.194161 0.001101 0.001101 0.001100 0.001101 0.001117 0.001120 0.001100 0.001120 0.001090 
18.215706 0.001000 0.001004 0.001011 0.001004 0.000974 0.000991 0.001011 0.000991 0.001008 
18.237250 0.000901 0.000897 0.000894 0.000897 0.000909 0.000922 0.000894 0.000922 0.000911 
18.258794 0.000813 0.000797 0.000814 0.000797 0.000798 0.000811 0.000814 0.000811 0.000806 
18.280338 0.000719 0.000726 0.000711 0.000726 0.000732 0.000737 0.000711 0.000737 0.000732 
18.301883 0.000639 0.000638 0.000634 0.000638 0.000660 0.000645 0.000634 0.000645 0.000652 
18.323427 0.000559 0.000564 0.000563 0.000564 0.000588 0.000553 0.000563 0.000553 0.000559 
18.344972 0.000490 0.000491 0.000490 0.000491 0.000492 0.000482 0.000490 0.000482 0.000503 
18.366516 0.000420 0.000427 0.000429 0.000427 0.000432 0.000413 0.000429 0.000413 0.000426 
18.388061 0.000359 0.000358 0.000365 0.000358 0.000362 0.000358 0.000365 0.000358 0.000340 
18.409604 0.000308 0.000305 0.000301 0.000305 0.000314 0.000314 0.000301 0.000314 0.000311 
18.431149 0.000254 0.000255 0.000255 0.000255 0.000249 0.000259 0.000255 0.000259 0.000269 
18.452693 0.000203 0.000206 0.000211 0.000206 0.000208 0.000206 0.000211 0.000206 0.000204 
18.474237 0.000167 0.000163 0.000168 0.000163 0.000166 0.000163 0.000168 0.000163 0.000170 
18.495782 0.000128 0.000127 0.000128 0.000127 0.000132 0.000127 0.000128 0.000127 0.000139 
18.517325 0.000097 0.000098 0.000093 0.000098 0.000094 0.000095 0.000093 0.000095 0.000091 
18.538870 0.000069 0.000069 0.000067 0.000069 0.000066 0.000070 0.000067 0.000070 0.000069 
18.560414 0.000046 0.000048 0.000046 0.000048 0.000045 0.000046 0.000046 0.000046 0.000046 
18.581959 0.000028 0.000027 0.000028 0.000027 0.000032 0.000027 0.000028 0.000027 0.000026 
18.603503 0.000015 0.000015 0.000013 0.000015 0.000016 0.000014 0.000013 0.000014 0.000015 
18.625048 0.000006 0.000005 0.000006 0.000005 0.000006 0.000006 0.000006 0.000006 0.000005 
18.646592 0.000001 0.000001 0.000001 0.000001 0.000001 0.000001 0.000001 0.000001 0.000001 
18.668136 0.000000 0.000000 0.000000 0.000000 0.000000 0.000000 0.000000 0.000000 0.000000 
18.689680 0.000000 0.000000 0.000000 0.000000 0.000000 0.000000 0.000000 0.000000 0.000000 
18.711225 0.000000 0.000000 0.000000 0.000000 0.000000 0.000000 0.000000 0.000000 0.000000 
18.732769 0.000000 0.000000 0.000000 0.000000 0.000000 0.000000 0.000000 0.000000 0.000000 
18.754313 0.000000 0.000000 0.000000 0.000000 0.000000 0.000000 0.000000 0.000000 0.000000 
18.775857 0.000000 0.000000 0.000000 0.000000 0.000000 0.000000 0.000000 0.000000 0.000000 
18.797401 0.000000 0.000000 0.000000 0.000000 0.000000 0.000000 0.000000 0.000000 0.000000 
18.818946 0.000000 0.000000 0.000000 0.000000 0.000000 0.000000 0.000000 0.000000 0.000000 
18.840490 0.000000 0.000000 0.000000 0.000000 0.000000 0.000000 0.000000 0.000000 0.000000 
18.862035 0.000000 0.000000 0.000000 0.000000 0.000000 0.000000 0.000000 0.000000 0.000000 
18.883579 0.000000 0.000000 0.000000 0.000000 0.000000 0.000000 0.000000 0.000000 0.000000 
18.905124 0.000000 0.000000 0.000000 0.000000 0.000000 0.000000 0.000000 0.000000 0.000000 
18.926667 0.000000 0.000000 0.000000 0.000000 0.000000 0.000000 0.000000 0.000000 0.000000 
18.948212 0.000000 0.000000 0.000000 0.000000 0.000000 0.000000 0.000000 0.000000 0.000000 
18.969756 0.000000 0.000000 0.000000 0.000000 0.000000 0.000000 0.000000 0.000000 0.000000 
18.991301 0.000000 0.000000 0.000000 0.000000 0.000000 0.000000 0.000000 0.000000 0.000000 
19.012845 0.000000 0.000000 0.000000 0.000000 0.000000 0.000000 0.000000 0.000000 0.000000 
19.034389 0.000000 0.000000 0.000000 0.000000 0.000000 0.000000 0.000000 0.000000 0.000000 
19.055933 0.000000 0.000000 0.000000 0.000000 0.000000 0.000000 0.000000 0.000000 0.000000 
19.077477 0.000000 0.000000 0.000000 0.000000 0.000000 0.000000 0.000000 0.000000 0.000000 
19.099022 0.000000 0.000000 0.000000 0.000000 0.000000 0.000000 0.000000 0.000000 0.000000 
19.120566 0.000000 0.000000 0.000000 0.000000 0.000000 0.000000 0.000000 0.000000 0.000000 
19.142111 0.000000 0.000000 0.000000 0.000000 0.000000 0.000000 0.000000 0.000000 0.000000 
19.163655 0.000000 0.000000 0.000000 0.000000 0.000000 0.000000 0.000000 0.000000 0.000000 
19.185199 0.000000 0.000000 0.000000 0.000000 0.000000 0.000000 0.000000 0.000000 0.000000 
19.206743 0.000000 0.000000 0.000000 0.000000 0.000000 0.000000 0.000000 0.000000 0.000000 
19.228288 0.000000 0.000000 0.000000 0.000000 0.000000 0.000000 0.000000 0.000000 0.000000 
19.249832 0.000000 0.000000 0.000000 0.000000 0.000000 0.000000 0.000000 0.000000 0.000000 
19.271377 0.000000 0.000000 0.000000 0.000000 0.000000 0.000000 0.000000 0.000000 0.000000 
19.292920 0.000000 0.000000 0.000000 0.000000 0.000000 0.000000 0.000000 0.000000 0.000000 
19.314465 0.000000 0.000000 0.000000 0.000000 0.000000 0.000000 0.000000 0.000000 0.000000 
19.336009 0.000000 0.000000 0.000000 0.000000 0.000000 0.000000 0.000000 0.000000 0.000000 
19.357553 0.000000 0.000000 0.000000 0.000000 0.000000 0.000000 0.000000 0.000000 0.000000 
19.379098 0.000000 0.000000 0.000000 0.000000 0.000000 0.000000 0.000000 0.000000 0.000000 
19.400642 0.000000 0.000000 0.000000 0.000000 0.000000 0.000000 0.000000 0.000000 0.000000 
19.422187 0.000000 0.000000 0.000000 0.000000 0.000000 0.000000 0.000000 0.000000 0.000000 
19.443730 0.000000 0.000000 0.000000 0.000000 0.000000 0.000000 0.000000 0.000000 0.000000 
19.465275 0.000000 0.000000 0.000000 0.000000 0.000000 0.000000 0.000000 0.000000 0.000000 
19.486819 0.000000 0.000000 0.000000 0.000000 0.000000 0.000000 0.000000 0.000000 0.000000 
19.508364 0.000000 0.000000 0.000000 0.000000 0.000000 0.000000 0.000000 0.000000 0.000000 
19.529908 0.000000 0.000000 0.000000 0.000000 0.000000 0.000000 0.000000 0.000000 0.000000 
19.551453 0.000000 0.000000 0.000000 0.000000 0.000000 0.000000 0.000000 0.000000 0.000000 
19.572997 0.000000 0.000000 0.000000 0.000000 0.000000 0.000000 0.000000 0.000000 0.000000 
19.594541 0.000000 0.000000 0.000000 0.000000 0.000000 0.000000 0.000000 0.000000 0.000000 
19.616085 0.000000 0.000000 0.000000 0.000000 0.000000 0.000000 0.000000 0.000000 0.000000 
19.637630 0.000000 0.000000 0.000000 0.000000 0.000000 0.000000 0.000000 0.000000 0.000000 
19.659174 0.000000 0.000000 0.000000 0.000000 0.000000 0.000000 0.000000 0.000000 0.000000 
19.680718 0.000000 0.000000 0.000000 0.000000 0.000000 0.000000 0.000000 0.000000 0.000000 
19.702262 0.000000 0.000000 0.000000 0.000000 0.000000 0.000000 0.000000 0.000000 0.000000 
19.723806 0.000000 0.000000 0.000000 0.000000 0.000000 0.000000 0.000000 0.000000 0.000000 
19.745351 0.000000 0.000000 0.000000 0.000000 0.000000 0.000000 0.000000 0.000000 0.000000 
19.766895 0.000000 0.000000 0.000000 0.000000 0.000000 0.000000 0.000000 0.000000 0.000000 
19.788440 0.000000 0.000000 0.000000 0.000000 0.000000 0.000000 0.000000 0.000000 0.000000 
19.809984 0.000000 0.000000 0.000000 0.000000 0.000000 0.000000 0.000000 0.000000 0.000000 
19.831529 0.000000 0.000000 0.000000 0.000000 0.000000 0.000000 0.000000 0.000000 0.000000 
19.853072 0.000000 0.000000 0.000000 0.000000 0.000000 0.000000 0.000000 0.000000 0.000000 
19.874617 0.000000 0.000000 0.000000 0.000000 0.000000 0.000000 0.000000 0.000000 0.000000 
19.896161 0.000000 0.000000 0.000000 0.000000 0.000000 0.000000 0.000000 0.000000 0.000000 
19.917706 0.000000 0.000000 0.000000 0.000000 0.000000 0.000000 0.000000 0.000000 0.000000 
19.939250 0.000000 0.000000 0.000000 0.000000 0.000000 0.000000 0.000000 0.000000 0.000000 
19.960793 0.000000 0.000000 0.000000 0.000000 0.000000 0.000000 0.000000 0.000000 0.000000 
19.982338 0.000000 0.000000 0.000000 0.000000 0.000000 0.000000 0.000000 0.000000 0.000000 
20.003882 0.000000 0.000000 0.000000 0.000000 0.000000 0.000000 0.000000 0.000000 0.000000 
20.025427 0.000000 0.000000 0.000000 0.000000 0.000000 0.000000 0.000000 0.000000 0.000000 
20.046971 0.000000 0.000000 0.000000 0.000000 0.000000 0.000000 0.000000 0.000000 0.000000 
20.068516 0.000000 0.000000 0.000000 0.000000 0.000000 0.000000 0.000000 0.000000 0.000000 
20.090060 0.000000 0.000000 0.000000 0.000000 0.000000 0.000000 0.000000 0.000000 0.000000 
20.111604 0.000000 0.000000 0.000000 0.000000 0.000000 0.000000 0.000000 0.000000 0.000000 
20.133148 0.000000 0.000000 0.000000 0.000000 0.000000 0.000000 0.000000 0.000000 0.000000 
20.154693 0.000000 0.000000 0.000000 0.000000 0.000000 0.000000 0.000000 0.000000 0.000000 
20.176237 0.000000 0.000000 0.000000 0.000000 0.000000 0.000000 0.000000 0.000000 0.000000 
20.197782 0.000000 0.000000 0.000000 0.000000 0.000000 0.000000 0.000000 0.000000 0.000000 
20.219325 0.000000 0.000000 0.000000 0.000000 0.000000 0.000000 0.000000 0.000000 0.000000 
20.240870 0.000000 0.000000 0.000000 0.000000 0.000000 0.000000 0.000000 0.000000 0.000000 
20.262414 0.000000 0.000000 0.000000 0.000000 0.000000 0.000000 0.000000 0.000000 0.000000 
20.283958 0.000000 0.000000 0.000000 0.000000 0.000000 0.000000 0.000000 0.000000 0.000000 
20.305503 0.000000 0.000000 0.000000 0.000000 0.000000 0.000000 0.000000 0.000000 0.000000 
20.327047 0.000000 0.000000 0.000000 0.000000 0.000000 0.000000 0.000000 0.000000 0.000000 
20.348592 0.000000 0.000000 0.000000 0.000000 0.000000 0.000000 0.000000 0.000000 0.000000 
20.370135 0.000000 0.000000 0.000000 0.000000 0.000000 0.000000 0.000000 0.000000 0.000000 
20.391680 0.000000 0.000000 0.000000 0.000000 0.000000 0.000000 0.000000 0.000000 0.000000 
20.413224 0.000000 0.000000 0.000000 0.000000 0.000000 0.000000 0.000000 0.000000 0.000000 
20.434769 0.000000 0.000000 0.000000 0.000000 0.000000 0.000000 0.000000 0.000000 0.000000 
20.456313 0.000000 0.000000 0.000000 0.000000 0.000000 0.000000 0.000000 0.000000 0.000000 
20.477857 0.000000 0.000000 0.000000 0.000000 0.000000 0.000000 0.000000 0.000000 0.000000 
20.499401 0.000000 0.000000 0.000000 0.000000 0.000000 0.000000 0.000000 0.000000 0.000000 
20.520946 0.000000 0.000000 0.000000 0.000000 0.000000 0.000000 0.000000 0.000000 0.000000 
20.542490 0.000000 0.000000 0.000000 0.000000 0.000000 0.000000 0.000000 0.000000 0.000000 
20.564034 0.000000 0.000000 0.000000 0.000000 0.000000 0.000000 0.000000 0.000000 0.000000 
20.585579 0.000000 0.000000 0.000000 0.000000 0.000000 0.000000 0.000000 0.000000 0.000000 
20.607123 0.000000 0.000000 0.000000 0.000000 0.000000 0.000000 0.000000 0.000000 0.000000 
20.628667 0.000000 0.000000 0.000000 0.000000 0.000000 0.000000 0.000000 0.000000 0.000000 
20.650211 0.000000 0.000000 0.000000 0.000000 0.000000 0.000000 0.000000 0.000000 0.000000 
20.671756 0.000000 0.000000 0.000000 0.000000 0.000000 0.000000 0.000000 0.000000 0.000000 
20.693300 0.000000 0.000000 0.000000 0.000000 0.000000 0.000000 0.000000 0.000000 0.000000 
20.714845 0.000000 0.000000 0.000000 0.000000 0.000000 0.000000 0.000000 0.000000 0.000000 
20.736389 0.000000 0.000000 0.000000 0.000000 0.000000 0.000000 0.000000 0.000000 0.000000 
20.757934 0.000000 0.000000 0.000000 0.000000 0.000000 0.000000 0.000000 0.000000 0.000000 
20.779477 0.000000 0.000000 0.000000 0.000000 0.000000 0.000000 0.000000 0.000000 0.000000 
20.801022 0.000000 0.000000 0.000000 0.000000 0.000000 0.000000 0.000000 0.000000 0.000000 
20.822566 0.000000 0.000000 0.000000 0.000000 0.000000 0.000000 0.000000 0.000000 0.000000 
20.844110 0.000000 0.000000 0.000000 0.000000 0.000000 0.000000 0.000000 0.000000 0.000000 
20.865655 0.000000 0.000000 0.000000 0.000000 0.000000 0.000000 0.000000 0.000000 0.000000 
20.887198 0.000000 0.000000 0.000000 0.000000 0.000000 0.000000 0.000000 0.000000 0.000000 
20.908743 0.000000 0.000000 0.000000 0.000000 0.000000 0.000000 0.000000 0.000000 0.000000 
20.930287 0.000000 0.000000 0.000000 0.000000 0.000000 0.000000 0.000000 0.000000 0.000000 
20.951832 0.000000 0.000000 0.000000 0.000000 0.000000 0.000000 0.000000 0.000000 0.000000 
20.973376 0.000000 0.000000 0.000000 0.000000 0.000000 0.000000 0.000000 0.000000 0.000000 
20.994921 0.000000 0.000000 0.000000 0.000000 0.000000 0.000000 0.000000 0.000000 0.000000 
21.016465 0.000000 0.000000 0.000000 0.000000 0.000000 0.000000 0.000000 0.000000 0.000000 
21.038009 0.000000 0.000000 0.000000 0.000000 0.000000 0.000000 0.000000 0.000000 0.000000 
21.059553 0.000000 0.000000 0.000000 0.000000 0.000000 0.000000 0.000000 0.000000 0.000000 
21.081098 0.000000 0.000000 0.000000 0.000000 0.000000 0.000000 0.000000 0.000000 0.000000 
21.102642 0.000000 0.000000 0.000000 0.000000 0.000000 0.000000 0.000000 0.000000 0.000000 
21.124187 0.000000 0.000000 0.000000 0.000000 0.000000 0.000000 0.000000 0.000000 0.000000 
21.145730 0.000000 0.000000 0.000000 0.000000 0.000000 0.000000 0.000000 0.000000 0.000000 
21.167274 0.000000 0.000000 0.000000 0.000000 0.000000 0.000000 0.000000 0.000000 0.000000 
21.188819 0.000000 0.000000 0.000000 0.000000 0.000000 0.000000 0.000000 0.000000 0.000000 
21.210363 0.000000 0.000000 0.000000 0.000000 0.000000 0.000000 0.000000 0.000000 0.000000 
21.231908 0.000000 0.000000 0.000000 0.000000 0.000000 0.000000 0.000000 0.000000 0.000000 
21.253452 0.000000 0.000000 0.000000 0.000000 0.000000 0.000000 0.000000 0.000000 0.000000 
21.274997 0.000000 0.000000 0.000000 0.000000 0.000000 0.000000 0.000000 0.000000 0.000000 
21.296540 0.000000 0.000000 0.000000 0.000000 0.000000 0.000000 0.000000 0.000000 0.000000 
21.318085 0.000000 0.000000 0.000000 0.000000 0.000000 0.000000 0.000000 0.000000 0.000000 
21.339629 0.000000 0.000000 0.000000 0.000000 0.000000 0.000000 0.000000 0.000000 0.000000 
21.361174 0.000000 0.000000 0.000000 0.000000 0.000000 0.000000 0.000000 0.000000 0.000000 
21.382718 0.000000 0.000000 0.000000 0.000000 0.000000 0.000000 0.000000 0.000000 0.000000 
21.404262 0.000000 0.000000 0.000000 0.000000 0.000000 0.000000 0.000000 0.000000 0.000000 
21.425806 0.000000 0.000000 0.000000 0.000000 0.000000 0.000000 0.000000 0.000000 0.000000 
21.447351 0.000000 0.000000 0.000000 0.000000 0.000000 0.000000 0.000000 0.000000 0.000000 
21.468895 0.000000 0.000000 0.000000 0.000000 0.000000 0.000000 0.000000 0.000000 0.000000 
21.490439 0.000000 0.000000 0.000000 0.000000 0.000000 0.000000 0.000000 0.000000 0.000000 
21.511984 0.000000 0.000000 0.000000 0.000000 0.000000 0.000000 0.000000 0.000000 0.000000 
21.533528 0.000000 0.000000 0.000000 0.000000 0.000000 0.000000 0.000000 0.000000 0.000000 
