# concentrations: 0.571429 0.142857 0.285714
0.011502 0.000000 0.000000 0.000000 0.000000 0.000000 0.000000 0.000000 0.000000 0.000000 
0.034507 0.000000 0.000000 0.000000 0.000000 0.000000 0.000000 0.000000 0.000000 0.000000 
0.057511 0.000000 0.000000 0.000000 0.000000 0.000000 0.000000 0.000000 0.000000 0.000000 
0.080515 0.000000 0.000000 0.000000 0.000000 0.000000 0.000000 0.000000 0.000000 0.000000 
0.103520 0.000000 0.000000 0.000000 0.000000 0.000000 0.000000 0.000000 0.000000 0.000000 
0.126524 0.000000 0.000000 0.000000 0.000000 0.000000 0.000000 0.000000 0.000000 0.000000 
0.149529 0.000000 0.000000 0.000000 0.000000 0.000000 0.000000 0.000000 0.000000 0.000000 
0.172533 0.000000 0.000000 0.000000 0.000000 0.000000 0.000000 0.000000 0.000000 0.000000 
0.195537 0.000000 0.000000 0.000000 0.000000 0.000000 0.000000 0.000000 0.000000 0.000000 
0.218542 0.000000 0.000000 0.000000 0.000000 0.000000 0.000000 0.000000 0.000000 0.000000 
0.241546 0.000000 0.000000 0.000000 0.000000 0.000000 0.000000 0.000000 0.000000 0.000000 
0.264551 0.000000 0.000000 0.000000 0.000000 0.000000 0.000000 0.000000 0.000000 0.000000 
0.287555 0.000000 0.000000 0.000000 0.000000 0.000000 0.000000 0.000000 0.000000 0.000000 
0.310559 0.000000 0.000000 0.000000 0.000000 0.000000 0.000000 0.000000 0.000000 0.000000 
0.333564 0.000000 0.000000 0.000000 0.000000 0.000000 0.000000 0.000000 0.000000 0.000000 
0.356568 0.000000 0.000000 0.000000 0.000000 0.000000 0.000000 0.000000 0.000000 0.000000 
0.379573 0.000000 0.000000 0.000000 0.000000 0.000000 0.000000 0.000000 0.000000 0.000000 
0.402577 0.000000 0.000000 0.000000 0.000000 0.000000 0.000000 0.000000 0.000000 0.000000 
0.425581 0.000000 0.000000 0.000000 0.000000 0.000000 0.000000 0.000000 0.000000 0.000000 
0.448586 0.000000 0.000000 0.000000 0.000000 0.000000 0.000000 0.000000 0.000000 0.000000 
0.471590 0.000000 0.000000 0.000000 0.000000 0.000000 0.000000 0.000000 0.000000 0.000000 
0.494595 0.000000 0.000000 0.000000 0.000000 0.000000 0.000000 0.000000 0.000000 0.000000 
0.517599 0.000000 0.000000 0.000000 0.000000 0.000000 0.000000 0.000000 0.000000 0.000000 
0.540603 0.000000 0.000000 0.000000 0.000000 0.000000 0.000000 0.000000 0.000000 0.000000 
0.563608 0.000000 0.000000 0.000000 0.000000 0.000000 0.000000 0.000000 0.000000 0.000000 
0.586612 0.000000 0.000000 0.000000 0.000000 0.000000 0.000000 0.000000 0.000000 0.000000 
0.609617 0.000000 0.000000 0.000000 0.000000 0.000000 0.000000 0.000000 0.000000 0.000000 
0.632621 0.000000 0.000000 0.000000 0.000000 0.000000 0.000000 0.000000 0.000000 0.000000 
0.655625 0.000000 0.000082 0.000000 0.000082 0.000000 0.000041 0.000000 0.000041 0.000000 
0.678630 0.000000 0.004175 0.000000 0.004175 0.000231 0.000404 0.000000 0.000404 0.000000 
0.701634 0.000000 0.064278 0.000000 0.064278 0.005547 0.008982 0.000000 0.008982 0.000000 
0.724639 0.000000 0.332810 0.000055 0.332810 0.045114 0.074185 0.000055 0.074185 0.000000 
0.747643 0.000000 0.911241 0.002128 0.911241 0.174788 0.293059 0.002128 0.293059 0.000666 
0.770647 0.026700 1.675067 0.057031 1.675067 0.410825 0.720719 0.057031 0.720719 0.037177 
0.793652 0.000067 2.260539 0.180474 2.260539 0.647641 1.156018 0.180474 1.156018 0.072231 
0.816656 0.001472 2.603635 0.575249 2.603635 0.872757 1.531663 0.575249 1.531663 0.253700 
0.839661 0.018824 2.678258 1.173816 2.678258 1.038719 1.751427 1.173816 1.751427 0.576458 
0.862665 0.108337 2.577775 1.801570 2.577775 1.148708 1.833167 1.801570 1.833167 0.967498 
0.885669 0.351368 2.399452 2.254233 2.399452 1.188015 1.836600 2.254233 1.836600 1.317724 
0.908674 0.751178 2.183949 2.506269 2.183949 1.177373 1.739515 2.506269 1.739515 1.559784 
0.931678 1.218709 1.961544 2.546229 1.961544 1.161993 1.639702 2.546229 1.639702 1.677292 
0.954683 1.633245 1.759356 2.453722 1.759356 1.111885 1.516094 2.453722 1.516094 1.716795 
0.977687 1.918959 1.581463 2.286748 1.581463 1.068081 1.403538 2.286748 1.403538 1.666679 
1.000691 2.049885 1.423693 2.092148 1.423693 1.036507 1.300367 2.092148 1.300367 1.582653 
1.023696 2.057105 1.285795 1.894603 1.285795 0.994574 1.206074 1.894603 1.206074 1.493451 
1.046700 1.994343 1.174545 1.707107 1.174545 0.966391 1.119106 1.707107 1.119106 1.391838 
1.069705 1.881301 1.079960 1.537799 1.079960 0.912381 1.058938 1.537799 1.058938 1.286784 
1.092709 1.773646 1.024790 1.416487 1.024790 0.935052 1.020604 1.416487 1.020604 1.220897 
1.115713 1.606017 0.931633 1.260433 0.931633 0.870967 0.943763 1.260433 0.943763 1.114854 
1.138718 1.476463 0.878298 1.154500 0.878298 0.848304 0.899594 1.154500 0.899594 1.046025 
1.161722 1.354381 0.828338 1.061679 0.828338 0.850179 0.864981 1.061679 0.864981 0.986914 
1.184727 1.249181 0.792634 0.985299 0.792634 0.842040 0.845912 0.985299 0.845912 0.931469 
1.207731 1.151517 0.765947 0.920301 0.765947 0.841683 0.821176 0.920301 0.821176 0.886272 
1.230735 1.073491 0.740650 0.866368 0.740650 0.851346 0.805176 0.866368 0.805176 0.853627 
1.253740 1.003373 0.724864 0.823211 0.724864 0.850987 0.796771 0.823211 0.796771 0.827636 
1.276744 0.946544 0.715543 0.787538 0.715543 0.858062 0.792461 0.787538 0.792461 0.803301 
1.299749 0.895848 0.706843 0.759103 0.706843 0.873619 0.795577 0.759103 0.795577 0.789815 
1.322753 0.870750 0.721615 0.750112 0.721615 0.897292 0.814119 0.750112 0.814119 0.790335 
1.345757 0.827888 0.713382 0.724142 0.713382 0.904183 0.814186 0.724142 0.814186 0.773262 
1.368762 0.808189 0.717700 0.713526 0.717700 0.928816 0.821758 0.713526 0.821758 0.768949 
1.391766 0.787226 0.732763 0.710435 0.732763 0.943713 0.842760 0.710435 0.842760 0.776177 
1.414771 0.779030 0.749671 0.712088 0.749671 0.968679 0.863911 0.712088 0.863911 0.788159 
1.437775 0.774951 0.770630 0.717467 0.770630 0.996450 0.887939 0.717467 0.887939 0.798692 
1.460779 0.774899 0.794053 0.728990 0.794053 1.025345 0.901100 0.728990 0.901100 0.816264 
1.483784 0.784053 0.818667 0.744871 0.818667 1.041996 0.934502 0.744871 0.934502 0.838760 
1.506788 0.794420 0.850329 0.765728 0.850329 1.072172 0.967267 0.765728 0.967267 0.867195 
1.529793 0.816834 0.889536 0.796071 0.889536 1.104621 0.999619 0.796071 0.999619 0.894576 
1.552797 0.826893 0.913760 0.817078 0.913760 1.130042 1.022223 0.817078 1.022223 0.924021 
1.575801 0.848702 0.947166 0.844778 0.947166 1.139200 1.055009 0.844778 1.055009 0.955024 
1.598806 0.872009 0.981130 0.876074 0.981130 1.146898 1.079220 0.876074 1.079220 0.983961 
1.621810 0.897624 1.017395 0.908405 1.017395 1.154977 1.103143 0.908405 1.103143 1.011868 
1.644815 0.921619 1.046379 0.942320 1.046379 1.153086 1.126452 0.942320 1.126452 1.044554 
1.667819 0.949340 1.074502 0.975545 1.074502 1.147545 1.143355 0.975545 1.143355 1.073476 
1.690823 0.975662 1.099957 1.004641 1.099957 1.132969 1.151379 1.004641 1.151379 1.101336 
1.713828 1.022383 1.144307 1.057524 1.144307 1.141868 1.179711 1.057524 1.179711 1.151490 
1.736832 1.022709 1.136175 1.062796 1.136175 1.113243 1.153580 1.062796 1.153580 1.140951 
1.759837 1.044233 1.142937 1.087935 1.142937 1.087719 1.147354 1.087935 1.147354 1.155964 
1.782841 1.061167 1.147653 1.110370 1.147653 1.068104 1.133235 1.110370 1.133235 1.161780 
1.805845 1.077525 1.144279 1.124228 1.144279 1.051750 1.116729 1.124228 1.116729 1.166099 
1.828850 1.087959 1.136776 1.135276 1.136776 1.024270 1.100171 1.135276 1.100171 1.155783 
1.851854 1.096615 1.127101 1.142277 1.127101 1.008660 1.083176 1.142277 1.083176 1.146679 
1.874859 1.122936 1.129571 1.158693 1.129571 1.012311 1.080071 1.158693 1.080071 1.150466 
1.897863 1.107133 1.094260 1.136256 1.094260 0.974321 1.038930 1.136256 1.038930 1.116583 
1.920867 1.107815 1.076896 1.127095 1.076896 0.967926 1.021124 1.127095 1.021124 1.097209 
1.943872 1.104226 1.057225 1.115021 1.057225 0.956800 1.002362 1.115021 1.002362 1.077209 
1.966876 1.095389 1.039630 1.099545 1.039630 0.947769 0.985152 1.099545 0.985152 1.053904 
1.989881 1.086485 1.023764 1.080996 1.023764 0.934644 0.971546 1.080996 0.971546 1.035697 
2.012885 1.075920 1.007291 1.063672 1.007291 0.928910 0.958979 1.063672 0.958979 1.012769 
2.035889 1.062094 0.991624 1.046757 0.991624 0.930257 0.951108 1.046757 0.951108 0.997702 
2.058894 1.047150 0.977635 1.028297 0.977635 0.930737 0.939662 1.028297 0.939662 0.979820 
2.081898 1.032403 0.968943 1.012274 0.968943 0.922317 0.931913 1.012274 0.931913 0.962733 
2.104903 1.017502 0.956281 0.997215 0.956281 0.925402 0.929268 0.997215 0.929268 0.952972 
2.127907 1.002387 0.951727 0.982357 0.951727 0.935297 0.924478 0.982357 0.924478 0.942904 
2.150911 0.989560 0.946872 0.968832 0.946872 0.937551 0.928039 0.968832 0.928039 0.936243 
2.173916 0.985309 0.946242 0.966316 0.946242 0.951834 0.933729 0.966316 0.933729 0.934587 
2.196920 0.967121 0.941668 0.951493 0.941668 0.949491 0.927583 0.951493 0.927583 0.924990 
2.219925 0.960047 0.937430 0.945550 0.937430 0.962374 0.931495 0.945550 0.931495 0.923782 
2.242929 0.953255 0.940435 0.941663 0.940435 0.964529 0.939697 0.941663 0.939697 0.926213 
2.265933 0.947515 0.946335 0.939088 0.946335 0.973161 0.948940 0.939088 0.948940 0.925717 
2.288938 0.952378 0.958241 0.947272 0.958241 0.990953 0.963768 0.947272 0.963768 0.937275 
2.311942 0.950182 0.960657 0.946966 0.960657 1.000476 0.967370 0.946966 0.967370 0.944552 
2.334947 0.942633 0.959950 0.942372 0.959950 0.998111 0.965743 0.942372 0.965743 0.942572 
2.357951 0.945103 0.966529 0.946304 0.966529 1.009569 0.981748 0.946304 0.981748 0.950476 
2.380955 0.947361 0.973319 0.951677 0.973319 1.012718 0.988341 0.951677 0.988341 0.957531 
2.403960 0.951491 0.982915 0.957623 0.982915 1.018691 0.997509 0.957623 0.997509 0.966871 
2.426964 0.967188 1.000874 0.974861 1.000874 1.033615 1.014359 0.974861 1.014359 0.983828 
2.449969 0.963317 0.996364 0.971432 0.996364 1.030440 1.010864 0.971432 1.010864 0.984907 
2.472973 0.969880 1.002841 0.977843 1.002841 1.035024 1.016237 0.977843 1.016237 0.992806 
2.495977 0.977084 1.005750 0.987880 1.005750 1.030858 1.021440 0.987880 1.021440 0.999942 
2.518982 0.984860 1.014612 0.993380 1.014612 1.028167 1.029496 0.993380 1.029496 1.008450 
2.541986 1.000910 1.028150 1.010762 1.028150 1.041526 1.039608 1.010762 1.039608 1.021702 
2.564991 0.996974 1.019423 1.007586 1.019423 1.034060 1.031827 1.007586 1.031827 1.021726 
2.587995 1.003704 1.025494 1.012243 1.025494 1.036198 1.035474 1.012243 1.035474 1.025427 
2.610999 1.010503 1.025679 1.017855 1.025679 1.025011 1.032294 1.017855 1.032294 1.031203 
2.634004 1.014141 1.024831 1.021625 1.024831 1.019295 1.031314 1.021625 1.031314 1.033415 
2.657008 1.020548 1.030788 1.027659 1.030788 1.023996 1.031139 1.027659 1.031139 1.036585 
2.680013 1.021431 1.026142 1.026191 1.026142 1.019178 1.028698 1.026191 1.028698 1.034400 
2.703017 1.022984 1.023871 1.027685 1.023871 1.006797 1.024948 1.027685 1.024948 1.032801 
2.726021 1.025830 1.023023 1.026913 1.023023 1.007493 1.019706 1.026913 1.019706 1.033177 
2.749026 1.026939 1.018368 1.026560 1.018368 1.000013 1.017808 1.026560 1.017808 1.033994 
2.772030 1.033647 1.024426 1.033728 1.024426 1.006265 1.020722 1.033728 1.020722 1.034870 
2.795035 1.025463 1.011885 1.022016 1.011885 0.995676 1.007765 1.022016 1.007765 1.024212 
2.818039 1.024486 1.008121 1.019842 1.008121 0.992843 1.003043 1.019842 1.003043 1.019004 
2.841043 1.021300 1.006154 1.017349 1.006154 0.988005 1.000629 1.017349 1.000629 1.015918 
2.864048 1.034638 1.016974 1.029604 1.016974 0.998609 1.011343 1.029604 1.011343 1.026778 
2.887052 1.016461 0.998718 1.010086 0.998718 0.984662 0.992992 1.010086 0.992992 1.006140 
2.910057 1.013201 0.995815 1.006878 0.995815 0.984499 0.988394 1.006878 0.988394 1.001923 
2.933061 1.009037 0.991503 1.003104 0.991503 0.982892 0.986311 1.003104 0.986311 0.998953 
2.956065 1.004220 0.991336 0.999492 0.991336 0.980418 0.983871 0.999492 0.983871 0.993244 
2.979070 1.002219 0.986119 0.995935 0.986119 0.984003 0.983397 0.995935 0.983397 0.990961 
3.002074 0.998161 0.984348 0.992766 0.984348 0.984775 0.981211 0.992766 0.981211 0.987460 
3.025079 0.994848 0.985296 0.989507 0.985296 0.982796 0.979046 0.989507 0.979046 0.983946 
3.048083 0.992704 0.983571 0.987289 0.983571 0.983259 0.981627 0.987289 0.981627 0.983484 
3.071087 0.991754 0.985629 0.987986 0.985629 0.993662 0.985250 0.987986 0.985250 0.982598 
3.094092 0.988129 0.984228 0.985464 0.984228 0.990014 0.982901 0.985464 0.982901 0.981683 
3.117096 0.985631 0.984590 0.983861 0.984590 0.989611 0.982993 0.983861 0.982993 0.980855 
3.140101 0.986835 0.985589 0.983770 0.985589 0.991954 0.984273 0.983770 0.984273 0.980842 
3.163105 0.996983 1.000075 0.995165 1.000075 1.007858 0.999307 0.995165 0.999307 0.995070 
3.186109 0.985134 0.988868 0.984056 0.988868 1.000543 0.989889 0.984056 0.989889 0.984455 
3.209114 0.984648 0.988890 0.984356 0.988890 0.997528 0.993346 0.984356 0.993346 0.983308 
3.232118 0.984718 0.990971 0.984931 0.990971 1.004428 0.994331 0.984931 0.994331 0.988090 
3.255123 0.994474 1.002235 0.995369 1.002235 1.009755 1.004934 0.995369 1.004934 0.998569 
3.278127 0.986815 0.994850 0.989240 0.994850 1.003448 0.998404 0.989240 0.998404 0.989564 
3.301131 0.987283 0.997377 0.989669 0.997377 1.005384 0.999626 0.989669 0.999626 0.992660 
3.324136 0.990437 0.998266 0.992504 0.998266 1.008399 1.000481 0.992504 1.000481 0.995339 
3.347140 0.996947 1.007203 1.000263 1.007203 1.012849 1.009290 1.000263 1.009290 1.002183 
3.370144 0.993866 1.002743 0.997557 1.002743 1.007097 1.004418 0.997557 1.004418 0.999264 
3.393149 0.995871 1.002930 0.998222 1.002930 1.003399 1.006312 0.998222 1.006312 1.001730 
3.416153 0.997035 1.005148 1.000275 1.005148 1.006249 1.007339 1.000275 1.007339 1.003552 
3.439158 1.003735 1.009631 1.006726 1.009631 1.010157 1.014045 1.006726 1.014045 1.011313 
3.462162 0.999458 1.004431 1.003497 1.004431 1.005611 1.006763 1.003497 1.006763 1.005700 
3.485167 1.000922 1.005772 1.004318 1.005772 1.003789 1.007002 1.004318 1.007002 1.005774 
3.508171 1.013665 1.015445 1.015144 1.015445 1.012890 1.016653 1.015144 1.016653 1.017337 
3.531175 1.003516 1.005196 1.005954 1.005196 1.004777 1.006283 1.005954 1.006283 1.007927 
3.554180 1.004939 1.005651 1.005958 1.005651 1.002778 1.005432 1.005958 1.005432 1.005894 
3.577184 1.005379 1.005695 1.007457 1.005695 1.002422 1.002965 1.007457 1.002965 1.005693 
3.600188 1.010317 1.008863 1.011575 1.008863 1.001257 1.007391 1.011575 1.007391 1.011020 
3.623193 1.006265 1.002767 1.005902 1.002767 1.004893 1.002847 1.005902 1.002847 1.005976 
3.646197 1.005352 1.004249 1.004890 1.004249 0.992912 1.001140 1.004890 1.001140 1.004377 
3.669202 1.004860 1.001988 1.004975 1.001988 0.998456 1.000262 1.004975 1.000262 1.004507 
3.692206 1.004985 1.000852 1.004333 1.000852 0.995328 1.000200 1.004333 1.000200 1.003219 
3.715211 1.003781 1.000804 1.002699 1.000804 0.995247 0.997144 1.002699 0.997144 1.002374 
3.738215 1.002955 0.997673 1.002425 0.997673 0.994297 0.997348 1.002425 0.997348 0.999177 
3.761219 1.007334 1.002243 1.006366 1.002243 1.002558 0.998989 1.006366 0.998989 1.003753 
3.784224 1.001859 0.996289 1.000159 0.996289 0.995691 0.995765 1.000159 0.995765 0.998716 
3.807228 1.001451 0.996390 0.998792 0.996390 0.997551 0.996248 0.998792 0.996248 0.996811 
3.830233 1.005851 1.001348 1.004136 1.001348 0.998891 1.000237 1.004136 1.000237 1.003062 
3.853237 0.998946 0.995395 0.996683 0.995395 0.994017 0.992614 0.996683 0.992614 0.995831 
3.876241 0.998301 0.994480 0.996123 0.994480 0.993594 0.993914 0.996123 0.993914 0.994976 
3.899246 1.009854 1.006844 1.008114 1.006844 1.009315 1.007085 1.008114 1.007085 1.007484 
3.922250 0.997420 0.992912 0.995202 0.992912 0.994092 0.994146 0.995202 0.994146 0.992868 
3.945255 0.995833 0.994339 0.994234 0.994339 0.997345 0.994156 0.994234 0.994156 0.994163 
3.968259 0.994982 0.994554 0.994519 0.994554 0.997210 0.995250 0.994519 0.995250 0.993593 
3.991263 1.000406 0.999887 0.999962 0.999887 1.000040 1.000555 0.999962 1.000555 0.999708 
4.014268 0.995287 0.994627 0.994105 0.994627 0.996647 0.995734 0.994105 0.995734 0.994537 
4.037272 0.994305 0.995791 0.994262 0.995791 0.995074 0.995837 0.994262 0.995837 0.995342 
4.060277 0.994502 0.995428 0.993634 0.995428 0.996695 0.997724 0.993634 0.997724 0.994989 
4.083281 0.994791 0.996782 0.994833 0.996782 1.000862 0.997889 0.994833 0.997889 0.994763 
4.106285 0.995752 0.995949 0.994325 0.995949 0.998435 0.997644 0.994325 0.997644 0.995286 
4.129290 1.006733 1.007344 1.006179 1.007344 1.012031 1.010371 1.006179 1.010371 1.006970 
4.152294 0.994974 0.998077 0.995760 0.998077 1.002280 0.998331 0.995760 0.998331 0.995596 
4.175299 0.995549 0.998672 0.996337 0.998672 0.999024 0.998082 0.996337 0.998082 0.998346 
4.198303 1.003095 1.006797 1.004390 1.006797 1.011035 1.005713 1.004390 1.005713 1.006128 
4.221307 0.996485 0.999407 0.997504 0.999407 1.004391 1.000496 0.997504 1.000496 0.998570 
4.244312 0.996713 0.998532 0.998095 0.998532 1.002333 1.000148 0.998095 1.000148 0.999773 
4.267316 0.998195 0.999787 0.998221 0.999787 0.997433 1.001057 0.998221 1.001057 1.000512 
4.290320 0.998023 0.999836 0.998912 0.999836 0.999292 1.001773 0.998912 1.001773 0.998742 
4.313325 0.998689 0.999294 0.998800 0.999294 0.998545 1.001284 0.998800 1.001284 1.000231 
4.336329 1.000430 1.002297 1.001237 1.002297 1.003254 1.003633 1.001237 1.003633 1.002947 
4.359334 0.999551 1.001060 1.000493 1.001060 0.999392 0.999584 1.000493 0.999584 1.000402 
4.382338 0.999880 1.000214 1.000242 1.000214 1.000741 0.999063 1.000242 0.999063 1.000652 
4.405343 1.006635 1.006950 1.006788 1.006950 1.004835 1.005602 1.006788 1.005602 1.006628 
4.428347 1.000173 1.000875 1.001347 1.000875 0.997885 1.000849 1.001347 1.000849 1.000018 
4.451351 1.000570 0.999694 1.000906 0.999694 0.997726 1.000627 1.000906 1.000627 1.000621 
4.474356 1.006359 1.006187 1.007117 1.006187 1.004705 1.006079 1.007117 1.006079 1.007907 
4.497360 1.000836 0.999962 1.000630 0.999962 0.999570 1.000418 1.000630 1.000418 1.000453 
4.520365 1.000709 0.998824 1.000563 0.998824 0.998983 0.997159 1.000563 0.997159 1.000364 
4.543369 1.006181 1.005343 1.005949 1.005343 1.002713 1.005172 1.005949 1.005172 1.005377 
4.566373 1.000704 0.999337 1.000031 0.999337 0.998779 0.997423 1.000031 0.997423 0.998892 
4.589378 1.001959 1.000928 1.002225 1.000928 1.000127 0.999615 1.002225 0.999615 1.001196 
4.612382 1.001282 1.000759 1.000694 1.000759 0.998457 0.999109 1.000694 0.999109 1.000476 
4.635386 0.999338 0.998128 0.999610 0.998128 0.996810 0.997019 0.999610 0.997019 0.998035 
4.658391 1.002237 1.000664 1.002153 1.000664 1.000148 1.000846 1.002153 1.000846 1.001844 
4.681395 0.999349 0.997141 0.997822 0.997141 0.998408 0.997076 0.997822 0.997076 0.998522 
4.704400 0.998565 0.997803 0.998777 0.997803 0.997993 0.997918 0.998777 0.997918 0.997663 
4.727404 1.006624 1.005211 1.006509 1.005211 1.005500 1.005425 1.006509 1.005425 1.006745 
4.750409 0.998551 0.996809 0.997653 0.996809 0.997914 0.996854 0.997653 0.996854 0.996390 
4.773413 0.997951 0.997635 0.996926 0.997635 0.998283 0.997448 0.996926 0.997448 0.997465 
4.796417 0.997639 0.997615 0.997690 0.997615 0.998219 0.997645 0.997690 0.997645 0.997516 
4.819422 0.997820 0.997153 0.996893 0.997153 0.996830 0.996009 0.996893 0.996009 0.997035 
4.842426 1.000477 0.999614 0.999664 0.999614 1.000807 0.999901 0.999664 0.999901 1.000200 
4.865430 0.997733 0.997657 0.996630 0.997657 0.996497 0.996389 0.996630 0.996389 0.995967 
4.888435 0.997355 0.997597 0.998233 0.997597 0.999561 0.998739 0.998233 0.998739 0.997495 
4.911439 1.007724 1.007637 1.007163 1.007637 1.008124 1.009080 1.007163 1.009080 1.008182 
4.934444 0.997278 0.997860 0.997367 0.997860 1.000066 0.997967 0.997367 0.997967 0.996939 
4.957448 0.997143 0.997036 0.997194 0.997036 0.997789 0.998775 0.997194 0.998775 0.997847 
4.980453 1.002571 1.003670 1.002762 1.003670 1.005540 1.002971 1.002762 1.002971 1.003187 
5.003457 0.997769 0.997538 0.997443 0.997538 0.997980 0.998616 0.997443 0.998616 0.998025 
5.026461 1.000325 1.000813 1.000335 1.000813 1.003490 1.000831 1.000335 1.000831 1.000441 
5.049466 0.997693 0.998206 0.998095 0.998206 0.999083 0.999460 0.998095 0.999460 0.997777 
5.072470 0.997746 0.998515 0.997827 0.998515 0.997299 0.998778 0.997827 0.998778 0.998608 
5.095474 1.000373 1.001216 0.999772 1.001216 1.003478 1.001220 0.999772 1.001220 1.001018 
5.118479 0.997548 0.998804 0.998094 0.998804 0.998347 0.998534 0.998094 0.998534 0.998258 
5.141483 1.005069 1.005605 1.005695 1.005605 1.004850 1.005850 1.005695 1.005850 1.006535 
5.164488 0.998193 0.999070 0.998764 0.999070 1.000734 0.998555 0.998764 0.998555 0.997829 
5.187492 0.998131 0.998320 0.998146 0.998320 0.997599 0.998104 0.998146 0.998104 0.999831 
5.210496 1.003585 1.004243 1.003490 1.004243 1.006340 1.003235 1.003490 1.003235 1.004807 
5.233501 0.998772 0.999104 0.999125 0.999104 0.997157 0.998625 0.999125 0.998625 0.999812 
5.256505 0.999076 1.000119 0.999408 1.000119 0.996369 0.998862 0.999408 0.998862 0.997129 
5.279510 0.998907 0.998928 0.999043 0.998928 0.997669 0.999350 0.999043 0.999350 0.999305 
5.302514 0.999182 1.000094 0.999944 1.000094 1.001587 0.999416 0.999944 0.999416 0.999699 
5.325519 0.998691 0.998529 0.998877 0.998529 0.997060 0.998419 0.998877 0.998419 1.000395 
5.348523 0.999407 0.997729 0.998962 0.997729 0.997659 0.999201 0.998962 0.999201 0.999827 
5.371527 1.003938 1.004250 1.004087 1.004250 1.005107 1.004506 1.004087 1.004506 1.003199 
5.394532 0.999108 0.998123 0.999491 0.998123 0.994301 0.999694 0.999491 0.999694 0.998403 
5.417536 1.006781 1.005384 1.006299 1.005384 1.006720 1.005099 1.006299 1.005099 1.007784 
5.440541 0.999162 0.998344 0.998758 0.998344 0.997092 0.998535 0.998758 0.998535 0.998050 
5.463545 0.999185 0.997929 0.998305 0.997929 0.997890 0.998104 0.998305 0.998104 0.998740 
5.486549 1.003330 1.002064 1.002440 1.002064 1.000655 1.002302 1.002440 1.002302 1.002912 
5.509554 0.998942 0.998114 0.998614 0.998114 0.998295 0.998442 0.998614 0.998442 0.999045 
5.532558 1.001036 1.000418 1.000265 1.000418 1.001055 0.999463 1.000265 0.999463 1.000456 
5.555562 0.999115 0.998618 0.998295 0.998618 0.996760 0.997880 0.998295 0.997880 0.998698 
5.578567 1.004400 1.004229 1.004000 1.004229 1.005929 1.003446 1.004000 1.003446 1.004066 
5.601571 0.998388 0.998427 0.998072 0.998427 0.997264 0.999139 0.998072 0.999139 0.998979 
5.624576 1.006295 1.006117 1.006581 1.006117 1.006592 1.006874 1.006581 1.006874 1.005919 
5.647580 0.998559 0.998887 0.998264 0.998887 0.998468 0.996838 0.998264 0.996838 0.997810 
5.670584 0.998093 0.998050 0.998567 0.998050 0.998463 0.998589 0.998567 0.998589 0.997973 
5.693589 0.998060 0.998106 0.998023 0.998106 0.996325 0.997713 0.998023 0.997713 0.997430 
5.716593 0.998069 0.997423 0.997865 0.997423 1.000969 0.998349 0.997865 0.998349 0.998041 
5.739598 1.001792 1.001196 1.001537 1.001196 1.001892 1.002819 1.001537 1.002819 1.002060 
5.762602 0.998044 0.998972 0.997708 0.998972 0.998137 1.000300 0.997708 1.000300 0.998584 
5.785606 1.001673 1.001397 1.001534 1.001397 1.003684 1.002604 1.001534 1.002604 1.002171 
5.808611 0.998292 0.998064 0.998253 0.998064 0.998901 0.997255 0.998253 0.997255 0.998491 
5.831615 0.999533 1.000674 0.999985 1.000674 0.999378 0.999577 0.999985 0.999577 0.999937 
5.854620 0.997710 0.997997 0.998481 0.997997 1.000059 0.998149 0.998481 0.998149 0.998115 
5.877624 0.998396 0.998128 0.997589 0.998128 1.000195 0.998314 0.997589 0.998314 0.998353 
5.900629 1.003089 1.003575 1.003491 1.003575 1.003522 1.004916 1.003491 1.004916 1.002765 
5.923633 0.998731 0.998166 0.998081 0.998166 0.997418 0.997794 0.998081 0.997794 0.998084 
5.946637 0.997890 0.998476 0.998214 0.998476 0.997571 0.998629 0.998214 0.998629 0.997878 
5.969642 0.998261 0.998071 0.998381 0.998071 0.998445 0.998129 0.998381 0.998129 0.998532 
5.992646 1.003831 1.003764 1.003676 1.003764 1.003457 1.004720 1.003676 1.004720 1.003455 
6.015651 0.998140 0.998074 0.998088 0.998074 0.997972 0.998390 0.998088 0.998390 0.998471 
6.038655 1.005179 1.005333 1.005552 1.005333 1.004460 1.005162 1.005552 1.005162 1.004997 
6.061659 0.998151 0.998462 0.998055 0.998462 0.998591 0.997802 0.998055 0.997802 0.998305 
6.084664 0.998738 0.998618 0.998734 0.998618 0.999785 0.997471 0.998734 0.997471 0.998837 
6.107668 0.998630 0.998474 0.998802 0.998474 0.998482 0.999714 0.998802 0.999714 0.998019 
6.130672 0.999401 0.998753 0.998653 0.998753 1.000906 0.999780 0.998653 0.999780 0.999719 
6.153677 0.998275 0.998743 0.998830 0.998743 0.996729 0.998934 0.998830 0.998934 0.999127 
6.176681 1.005688 1.005406 1.005092 1.005406 1.005770 1.005892 1.005092 1.005892 1.005184 
6.199686 0.998533 0.998678 0.998774 0.998678 0.999519 0.998408 0.998774 0.998408 0.998350 
6.222690 1.005044 1.005238 1.004694 1.005238 1.003773 1.006189 1.004694 1.006189 1.005064 
6.245695 0.998709 0.997920 0.998433 0.997920 0.998781 0.997701 0.998433 0.997701 0.998832 
6.268699 1.000831 1.000123 0.999974 1.000123 1.000278 0.999722 0.999974 0.999722 1.000013 
6.291703 0.998949 0.998361 0.998258 0.998361 0.999404 0.998279 0.998258 0.998279 0.998679 
6.314708 1.001316 1.001129 1.002336 1.001129 1.002415 1.001777 1.002336 1.001777 1.002037 
6.337712 0.998667 0.998567 0.998720 0.998567 0.999527 0.997935 0.998720 0.997935 0.998915 
6.360716 1.004433 1.004046 1.004544 1.004046 1.004247 1.004203 1.004544 1.004203 1.004797 
6.383721 0.998343 0.998693 0.998447 0.998693 0.997416 0.997913 0.998447 0.997913 0.999083 
6.406725 1.001752 1.001290 1.001091 1.001290 1.003220 1.001339 1.001091 1.001339 1.001361 
6.429730 0.998130 0.998642 0.998890 0.998642 0.998274 0.998578 0.998890 0.998578 0.998510 
6.452734 0.998400 0.998388 0.998532 0.998388 0.998199 0.998177 0.998532 0.998177 0.998028 
6.475739 0.998444 0.998155 0.998142 0.998155 0.997554 0.998466 0.998142 0.998466 0.998335 
6.498743 1.000298 1.000919 1.000232 1.000919 0.999975 1.001228 1.000232 1.001228 1.000703 
6.521747 0.998436 0.997722 0.997967 0.997722 0.998485 0.998491 0.997967 0.998491 0.998243 
6.544752 1.001439 1.001171 1.001490 1.001171 1.002709 1.001417 1.001490 1.001417 1.001074 
6.567756 0.998242 0.998260 0.998478 0.998260 0.998510 0.997748 0.998478 0.997748 0.997517 
6.590760 1.005955 1.005953 1.005564 1.005953 1.004200 1.005583 1.005564 1.005583 1.005230 
6.613765 0.998724 0.997683 0.998107 0.997683 0.996121 0.996881 0.998107 0.996881 0.998246 
6.636769 1.001789 1.002056 1.001148 1.002056 1.002198 1.000931 1.001148 1.000931 1.002690 
6.659774 0.998217 0.997991 0.998841 0.997991 0.998081 0.997996 0.998841 0.997996 0.998823 
6.682778 1.000053 0.999818 0.999987 0.999818 1.001216 0.999558 0.999987 0.999558 1.000132 
6.705782 0.998168 0.997789 0.998186 0.997789 0.999800 0.998758 0.998186 0.998758 0.998436 
6.728787 1.003606 1.004074 1.003804 1.004074 1.003095 1.003517 1.003804 1.003517 1.003025 
6.751791 0.997900 0.998092 0.998100 0.998092 0.997475 0.998827 0.998100 0.998827 0.998343 
6.774796 1.001110 1.001372 1.001219 1.001372 1.000655 1.001170 1.001219 1.001170 1.001176 
6.797800 0.998266 0.998476 0.998373 0.998476 0.999592 0.998676 0.998373 0.998676 0.998559 
6.820805 0.998447 0.998333 0.998045 0.998333 1.000170 0.998643 0.998045 0.998643 0.998553 
6.843809 0.998388 0.998192 0.998273 0.998192 0.998931 0.998342 0.998273 0.998342 0.998692 
6.866813 0.999718 0.999866 0.999502 0.999866 0.999378 1.000572 0.999502 1.000572 0.999158 
6.889818 1.001066 1.000564 1.000346 1.000564 1.002159 1.000484 1.000346 1.000484 1.000775 
6.912822 1.001610 1.001483 1.001639 1.001483 1.002204 1.000737 1.001639 1.000737 1.002274 
6.935827 1.001153 1.000832 1.000665 1.000832 1.001137 1.001026 1.000665 1.001026 1.001479 
6.958831 0.998453 0.998481 0.998842 0.998481 1.000831 0.999266 0.998842 0.999266 0.997819 
6.981835 1.002388 1.002370 1.002198 1.002370 1.002886 1.002547 1.002198 1.002547 1.003243 
7.004840 0.998808 0.997987 0.998262 0.997987 0.997075 0.998720 0.998262 0.998720 0.999896 
7.027844 1.000956 1.001374 1.000950 1.001374 1.002084 1.001774 1.000950 1.001774 1.000961 
7.050848 0.998717 0.998436 0.998568 0.998436 0.998352 0.998399 0.998568 0.998399 0.998628 
7.073853 1.001332 1.001246 1.001108 1.001246 1.001232 1.001009 1.001108 1.001009 1.000597 
7.096857 0.998262 0.998258 0.998299 0.998258 0.997673 0.997925 0.998299 0.997925 0.998115 
7.119862 1.004446 1.004725 1.004433 1.004725 1.004607 1.004401 1.004433 1.004401 1.005230 
7.142866 0.997918 0.998328 0.998296 0.998328 0.998508 0.997712 0.998296 0.997712 0.998891 
7.165870 0.998298 0.998822 0.998381 0.998822 0.998176 0.998382 0.998381 0.998382 0.998927 
7.188875 0.999952 0.999740 0.999561 0.999740 0.998893 0.999799 0.999561 0.999799 0.998712 
7.211879 0.998642 0.997960 0.998074 0.997960 0.997712 0.998211 0.998074 0.998211 0.998231 
7.234884 1.005755 1.005822 1.005986 1.005822 1.005855 1.005395 1.005986 1.005395 1.005117 
7.257888 0.997997 0.998156 0.998671 0.998156 0.998995 0.998129 0.998671 0.998129 0.998574 
7.280892 1.004336 1.004377 1.004268 1.004377 1.004052 1.005120 1.004268 1.005120 1.004650 
7.303897 1.001108 1.000349 1.000706 1.000349 1.000520 0.999685 1.000706 0.999685 1.000580 
7.326901 0.998419 0.997755 0.998470 0.997755 0.998485 0.998180 0.998470 0.998180 0.998414 
7.349906 0.998159 0.998272 0.998287 0.998272 0.997623 0.997987 0.998287 0.997987 0.998306 
7.372910 0.998452 0.998331 0.998540 0.998331 0.997808 0.997911 0.998540 0.997911 0.999025 
7.395915 1.000968 1.000739 1.000644 1.000739 1.001050 1.000359 1.000644 1.000359 1.000826 
7.418919 0.998213 0.998241 0.998498 0.998241 0.999783 0.998347 0.998498 0.998347 0.998806 
7.441923 1.003020 1.003151 1.002649 1.003151 1.002902 1.002934 1.002649 1.002934 1.003198 
7.464928 0.998482 0.998227 0.998267 0.998227 0.997984 0.998225 0.998267 0.998225 0.998534 
7.487932 0.998114 0.998329 0.998099 0.998329 0.997353 0.998041 0.998099 0.998041 0.997668 
7.510936 0.999824 1.000152 0.999834 1.000152 1.000078 1.000178 0.999834 1.000178 0.999327 
7.533941 0.998289 0.998313 0.998183 0.998313 0.998861 0.998129 0.998183 0.998129 0.998183 
7.556945 1.000410 0.999854 1.000855 0.999854 0.999815 1.000943 1.000855 1.000943 1.001067 
7.579950 1.003161 1.003490 1.003177 1.003490 1.003019 1.003979 1.003177 1.003979 1.003322 
7.602954 0.998730 0.997811 0.998486 0.997811 0.998543 0.997614 0.998486 0.997614 0.998012 
7.625958 1.001685 1.001656 1.001499 1.001656 1.001872 1.002066 1.001499 1.002066 1.002200 
7.648963 0.998161 0.998135 0.998279 0.998135 0.998354 0.998974 0.998279 0.998974 0.998490 
7.671967 0.999807 0.999777 0.999669 0.999777 1.000699 0.999322 0.999669 0.999322 0.999685 
7.694972 1.005426 1.005228 1.005973 1.005228 1.006034 1.005862 1.005973 1.005862 1.006067 
7.717976 0.998901 0.998507 0.998300 0.998507 1.000325 0.997784 0.998300 0.997784 0.997780 
7.740981 1.000399 1.001183 1.000300 1.001183 1.000432 1.000747 1.000300 1.000747 1.001027 
7.763985 0.998090 0.998556 0.998135 0.998556 0.997643 0.998749 0.998135 0.998749 0.998099 
7.786989 0.998187 0.998505 0.998367 0.998505 0.999462 0.999043 0.998367 0.999043 0.998367 
7.809994 1.001444 1.000941 1.001263 1.000941 1.002230 1.000967 1.001263 1.000967 1.001466 
7.832998 0.998592 0.998667 0.998726 0.998667 0.998467 0.998699 0.998726 0.998699 0.998185 
7.856002 1.002789 1.002149 1.002233 1.002149 1.003928 1.002573 1.002233 1.002573 1.002692 
7.879007 0.998507 0.998591 0.998602 0.998591 0.998366 0.998317 0.998602 0.998317 0.997625 
7.902011 1.001919 1.001243 1.001443 1.001243 1.000673 1.001996 1.001443 1.001996 1.001705 
7.925016 1.001651 1.001587 1.001456 1.001587 1.002120 1.001153 1.001456 1.001153 1.000612 
7.948020 0.998545 0.998435 0.998342 0.998435 1.000180 0.997903 0.998342 0.997903 0.998426 
7.971025 0.999804 0.999915 0.999542 0.999915 1.000255 0.999073 0.999542 0.999073 0.999310 
7.994029 0.998406 0.997799 0.998454 0.997799 0.997479 0.998878 0.998454 0.998878 0.998594 
8.017034 1.001314 1.001176 1.001322 1.001176 1.000434 1.001051 1.001322 1.001051 1.001719 
8.040038 1.004365 1.003974 1.004195 1.003974 1.003013 1.004150 1.004195 1.004150 1.004088 
8.063042 0.998665 0.998402 0.998629 0.998402 0.996820 0.998354 0.998629 0.998354 0.999015 
8.086046 0.998562 0.998351 0.998674 0.998351 0.998399 0.998586 0.998674 0.998586 0.998747 
8.109051 0.998223 0.998098 0.997988 0.998098 0.998810 0.998404 0.997988 0.998404 0.999010 
8.132055 0.998106 0.998183 0.998281 0.998183 0.997869 0.998573 0.998281 0.998573 0.998543 
8.155060 1.002225 1.001320 1.001909 1.001320 1.003414 1.002239 1.001909 1.002239 1.002118 
8.178064 1.002458 1.002006 1.002164 1.002006 1.003109 1.002396 1.002164 1.002396 1.001904 
8.201068 0.998298 0.998156 0.998275 0.998156 0.997425 0.999011 0.998275 0.999011 0.998532 
8.224072 1.000147 1.000126 1.000552 1.000126 0.999480 0.999936 1.000552 0.999936 1.000585 
8.247077 0.998705 0.998589 0.998325 0.998589 0.998291 0.998125 0.998325 0.998125 0.998516 
8.270082 1.001205 1.001353 1.000920 1.001353 1.001068 1.000722 1.000920 1.000722 1.001551 
8.293086 1.002745 1.003241 1.002848 1.003241 1.003767 1.003317 1.002848 1.003317 1.002822 
8.316091 0.998544 0.998134 0.998577 0.998134 0.999151 0.998284 0.998577 0.998284 0.998098 
8.339095 1.000786 1.001056 1.001153 1.001056 1.001536 1.000968 1.001153 1.000968 1.000270 
8.362100 0.998426 0.998013 0.998134 0.998013 0.998358 0.998469 0.998134 0.998469 0.998744 
8.385104 0.998466 0.998508 0.998407 0.998508 0.997892 0.997968 0.998407 0.997968 0.998413 
8.408108 1.000585 1.000069 1.000119 1.000069 1.000195 1.000404 1.000119 1.000404 1.000279 
8.431112 1.001172 1.000783 1.001230 1.000783 1.002236 1.001849 1.001230 1.001849 1.001550 
8.454117 0.998265 0.998570 0.998452 0.998570 0.997029 0.999182 0.998452 0.999182 0.998019 
8.477121 1.002692 1.002868 1.002906 1.002868 1.002714 1.002449 1.002906 1.002449 1.002723 
8.500126 0.999942 1.000017 1.000247 1.000017 1.000140 0.999795 1.000247 0.999795 1.000754 
8.523130 0.998230 0.998321 0.997984 0.998321 0.996712 0.997986 0.997984 0.997986 0.997978 
8.546134 0.998524 0.998487 0.998295 0.998487 0.999180 0.998590 0.998295 0.998590 0.998619 
8.569139 1.003714 1.003669 1.003204 1.003669 1.004978 1.003597 1.003204 1.003597 1.003925 
8.592143 0.998249 0.998103 0.997616 0.998103 0.998562 0.998660 0.997616 0.998660 0.999343 
8.615148 1.003207 1.003927 1.003529 1.003927 1.003586 1.003184 1.003529 1.003184 1.003647 
8.638152 0.998764 0.997746 0.998446 0.997746 0.998557 0.998346 0.998446 0.998346 0.997727 
8.661157 0.998601 0.998213 0.998595 0.998213 0.998808 0.998570 0.998595 0.998570 0.998850 
8.684161 0.999034 0.999095 0.998754 0.999095 0.999678 0.998657 0.998754 0.998657 0.999036 
8.707165 1.003445 1.003412 1.003279 1.003412 1.003597 1.003393 1.003279 1.003393 1.003972 
8.730169 0.998446 0.997821 0.998325 0.997821 0.998103 0.998792 0.998325 0.998792 0.998250 
8.753174 0.999840 1.000292 0.999761 1.000292 1.000348 1.000206 0.999761 1.000206 1.000546 
8.776178 1.002881 1.002379 1.002417 1.002379 1.002282 1.003012 1.002417 1.003012 1.002161 
8.799183 1.000272 1.000534 1.000101 1.000534 1.000885 1.000159 1.000101 1.000159 1.000147 
8.822187 0.998795 0.998359 0.998084 0.998359 0.998879 0.999008 0.998084 0.999008 0.998796 
8.845192 1.000136 1.000178 1.000000 1.000178 0.999020 0.999963 1.000000 0.999963 0.999868 
8.868196 1.004349 1.003595 1.004052 1.003595 1.003852 1.003976 1.004052 1.003976 1.003568 
8.891200 0.998317 0.998563 0.998561 0.998563 0.997155 0.997989 0.998561 0.997989 0.998242 
8.914205 0.998290 0.998119 0.998310 0.998119 0.998729 0.998445 0.998310 0.998445 0.998395 
8.937209 0.999803 0.999773 0.999860 0.999773 0.999271 1.000311 0.999860 1.000311 1.000836 
8.960214 0.998355 0.998211 0.998231 0.998211 0.999046 0.998642 0.998231 0.998642 0.998848 
8.983218 1.001169 1.001145 1.001944 1.001145 1.000619 1.001040 1.001944 1.001040 1.001500 
9.006223 1.001747 1.001193 1.001476 1.001193 1.001401 1.001243 1.001476 1.001243 1.000983 
9.029227 1.000836 1.000522 1.000908 1.000522 1.001175 1.000812 1.000908 1.000812 1.001129 
9.052231 0.998417 0.998941 0.998325 0.998941 0.998362 0.997647 0.998325 0.997647 0.998482 
9.075235 1.000363 0.999843 1.000031 0.999843 1.001230 1.000047 1.000031 1.000047 0.999933 
9.098240 1.001378 1.001711 1.001356 1.001711 1.003018 1.001095 1.001356 1.001095 1.001537 
9.121244 0.998159 0.998128 0.998293 0.998128 0.998107 0.998324 0.998293 0.998324 0.998905 
9.144249 0.999987 0.999299 0.999747 0.999299 0.999875 0.999810 0.999747 0.999810 1.000310 
9.167253 0.998358 0.998122 0.998003 0.998122 0.998213 0.998969 0.998003 0.998969 0.997565 
9.190258 0.998721 0.998726 0.998868 0.998726 0.997425 0.998891 0.998868 0.998891 0.998209 
9.213262 0.998986 0.998846 0.998882 0.998846 0.999065 0.999140 0.998882 0.999140 0.998847 
9.236266 1.001071 1.001251 1.001206 1.001251 1.001778 1.000916 1.001206 1.000916 1.001162 
9.259271 1.004007 1.004211 1.004060 1.004211 1.003587 1.004225 1.004060 1.004225 1.004617 
9.282275 0.998363 0.998092 0.998213 0.998092 0.997089 0.998688 0.998213 0.998688 0.998331 
9.305280 1.000080 1.000131 0.999886 1.000131 0.998571 0.999955 0.999886 0.999955 1.000322 
9.328284 0.999034 0.999472 0.999301 0.999472 1.000234 0.998999 0.999301 0.998999 0.999163 
9.351289 1.003717 1.003389 1.003559 1.003389 1.003208 1.003560 1.003559 1.003560 1.003140 
9.374293 0.998104 0.998382 0.998404 0.998382 0.997929 0.999044 0.998404 0.999044 0.998475 
9.397297 1.002292 1.002029 1.001955 1.002029 1.002586 1.002096 1.001955 1.002096 1.002468 
9.420301 0.998383 0.998434 0.998301 0.998434 0.999512 0.998629 0.998301 0.998629 0.998756 
9.443306 1.000544 1.000321 1.000049 1.000321 1.000467 1.000683 1.000049 1.000683 0.999533 
9.466311 0.998428 0.998197 0.998628 0.998197 0.999123 0.998571 0.998628 0.998571 0.998760 
9.489315 1.002744 1.003037 1.002551 1.003037 1.003379 1.002791 1.002551 1.002791 1.002547 
9.512320 1.001315 1.000970 1.000935 1.000970 1.001298 1.001044 1.000935 1.001044 1.000740 
9.535324 1.001287 1.001025 1.001295 1.001025 1.000302 1.001058 1.001295 1.001058 1.001604 
9.558328 0.998306 0.998441 0.998345 0.998441 0.998160 0.998384 0.998345 0.998384 0.998444 
9.581332 0.998396 0.998291 0.998196 0.998291 0.998279 0.998530 0.998196 0.998530 0.998592 
9.604337 1.000417 1.000476 1.000237 1.000476 1.001109 1.000768 1.000237 1.000768 1.000741 
9.627341 1.001205 1.001244 1.001581 1.001244 1.001100 1.001282 1.001581 1.001282 1.001157 
9.650346 0.998584 0.998479 0.998384 0.998479 1.000010 0.998437 0.998384 0.998437 0.998672 
9.673350 0.998527 0.997971 0.998362 0.997971 0.998158 0.998364 0.998362 0.998364 0.998134 
9.696354 0.999406 0.999027 0.998857 0.999027 0.999177 0.999108 0.998857 0.999108 0.999425 
9.719358 1.003789 1.003552 1.003704 1.003552 1.002277 1.003656 1.003704 1.003656 1.003397 
9.742363 0.998479 0.997977 0.998326 0.997977 0.998212 0.998132 0.998326 0.998132 0.998778 
9.765368 1.001082 1.001265 1.001565 1.001265 1.001342 1.001512 1.001565 1.001512 1.001820 
9.788372 0.999136 0.998847 0.998714 0.998847 0.999164 0.998684 0.998714 0.998684 0.999408 
9.811377 1.000927 1.001317 1.000986 1.001317 0.998808 1.000777 1.000986 1.000777 1.000714 
9.834381 0.998850 0.998421 0.998429 0.998421 0.998548 0.998131 0.998429 0.998131 0.999558 
9.857386 1.000910 1.000962 1.000847 1.000962 1.001835 1.001032 1.000847 1.001032 1.001040 
9.880390 1.001805 1.001595 1.001418 1.001595 1.001921 1.001390 1.001418 1.001390 1.002253 
9.903394 0.998549 0.998094 0.998268 0.998094 0.998838 0.999131 0.998268 0.999131 0.998298 
9.926398 0.998373 0.998082 0.998249 0.998082 0.998692 0.998204 0.998249 0.998204 0.998611 
9.949403 0.999782 0.999486 0.999787 0.999486 0.998550 0.999328 0.999787 0.999328 0.999631 
9.972407 1.000414 1.000331 1.000444 1.000331 1.000515 1.000458 1.000444 1.000458 1.000118 
9.995412 1.002186 1.001916 1.001865 1.001916 1.001783 1.002546 1.001865 1.002546 1.002158 
10.018416 1.001425 1.001754 1.001636 1.001754 1.001223 1.001394 1.001636 1.001394 1.001520 
10.041420 0.998413 0.998350 0.998276 0.998350 0.998600 0.998075 0.998276 0.998075 0.998437 
10.064425 0.999009 0.999226 0.998976 0.999226 0.999131 0.998654 0.998976 0.998654 0.999070 
10.087429 1.002735 1.002673 1.003003 1.002673 1.003362 1.003045 1.003003 1.003045 1.003154 
10.110434 1.001784 1.002033 1.001863 1.002033 1.002266 1.002305 1.001863 1.002305 1.002246 
10.133438 0.998374 0.998397 0.998262 0.998397 0.997467 0.997900 0.998262 0.997900 0.997856 
10.156443 0.998530 0.998653 0.998160 0.998653 0.997003 0.998700 0.998160 0.998700 0.998375 
10.179447 0.998813 0.998858 0.999008 0.998858 0.999778 0.999153 0.999008 0.999153 0.998436 
10.202451 0.999839 0.999395 0.999523 0.999395 0.999433 0.999758 0.999523 0.999758 0.999001 
10.225455 1.001107 1.000606 1.000899 1.000606 1.000015 1.001183 1.000899 1.001183 1.000783 
10.248460 1.001513 1.001722 1.001291 1.001722 1.002357 1.001776 1.001291 1.001776 1.001450 
10.271464 0.998168 0.997930 0.998385 0.997930 0.998475 0.998513 0.998385 0.998513 0.998605 
10.294469 0.999757 1.000175 0.999984 1.000175 1.000435 0.999912 0.999984 0.999912 1.000417 
10.317473 1.001043 1.001448 1.001135 1.001448 1.001043 1.001733 1.001135 1.001733 1.001555 
10.340478 1.002039 1.002078 1.001893 1.002078 1.001890 1.001843 1.001893 1.001843 1.001724 
10.363482 0.998690 0.998052 0.998386 0.998052 0.999416 0.998099 0.998386 0.998099 0.998512 
10.386486 0.998483 0.998319 0.998605 0.998319 0.997829 0.998233 0.998605 0.998233 0.998728 
10.409491 0.999490 0.999613 0.999647 0.999613 0.999833 0.999671 0.999647 0.999671 0.999270 
10.432495 1.002990 1.002585 1.003284 1.002585 1.003180 1.002285 1.003284 1.002285 1.003316 
10.455500 1.002115 1.001856 1.001636 1.001856 1.003338 1.001825 1.001636 1.001825 1.001643 
10.478504 0.999804 0.999736 0.999602 0.999736 1.000701 0.999114 0.999602 0.999114 1.000076 
10.501509 0.998422 0.998140 0.998236 0.998140 0.998547 0.998260 0.998236 0.998260 0.998574 
10.524513 0.998375 0.998642 0.998351 0.998642 0.998433 0.998758 0.998351 0.998758 0.998791 
10.547517 1.002886 1.003079 1.002887 1.003079 1.001272 1.003191 1.002887 1.003191 1.002855 
10.570521 0.999723 0.999375 0.999691 0.999375 0.998803 0.999179 0.999691 0.999179 0.999377 
10.593526 0.998653 0.997905 0.998170 0.997905 0.997965 0.998314 0.998170 0.998314 0.998141 
10.616530 0.998458 0.998826 0.998346 0.998826 0.998733 0.998474 0.998346 0.998474 0.998753 
10.639535 0.998634 0.998745 0.998518 0.998745 0.999032 0.998100 0.998518 0.998100 0.998181 
10.662539 0.999234 0.999446 0.999274 0.999446 0.999692 0.999567 0.999274 0.999567 0.999629 
10.685544 1.003930 1.003938 1.003847 1.003938 1.004391 1.004134 1.003847 1.004134 1.003741 
10.708548 1.000686 1.000663 1.000554 1.000663 0.999917 1.000887 1.000554 1.000887 1.000720 
10.731552 0.999546 0.999392 0.999818 0.999392 0.999798 0.999359 0.999818 0.999359 0.999840 
10.754557 1.001038 1.001033 1.001255 1.001033 0.998476 1.001168 1.001255 1.001168 1.000829 
10.777561 0.998528 0.998353 0.998423 0.998353 0.998031 0.997881 0.998423 0.997881 0.998705 
10.800566 1.001295 1.001097 1.000932 1.001097 1.002134 1.000614 1.000932 1.000614 1.001723 
10.823570 0.998263 0.998472 0.998394 0.998472 0.997719 0.998514 0.998394 0.998514 0.998625 
10.846575 1.000154 0.999943 1.000057 0.999943 1.000854 1.000361 1.000057 1.000361 1.000062 
10.869579 1.001692 1.001446 1.001480 1.001446 1.001812 1.001628 1.001480 1.001628 1.002054 
10.892583 1.000012 0.999821 1.000166 0.999821 1.000962 0.999694 1.000166 0.999694 0.999982 
10.915587 1.000607 1.000689 1.000221 1.000689 0.999901 1.000625 1.000221 1.000625 1.000486 
10.938592 0.998476 0.997990 0.998422 0.997990 0.998408 0.998141 0.998422 0.998141 0.998610 
10.961596 0.999465 0.999519 0.999348 0.999519 1.000500 0.999357 0.999348 0.999357 0.999965 
10.984601 1.000625 1.000596 1.000591 1.000596 1.000035 1.000081 1.000591 1.000081 1.000259 
11.007606 1.003662 1.003131 1.003451 1.003131 1.003122 1.003404 1.003451 1.003404 1.003898 
11.030610 0.998391 0.998522 0.998175 0.998522 0.997498 0.998543 0.998175 0.998543 0.998496 
11.053614 0.998579 0.999054 0.998851 0.999054 0.998862 0.999644 0.998851 0.999644 0.999535 
11.076618 1.003413 1.003262 1.003261 1.003262 1.003015 1.004009 1.003261 1.004009 1.003513 
11.099623 0.998450 0.998204 0.998183 0.998204 0.999516 0.998453 0.998183 0.998453 0.998170 
11.122627 1.000725 1.000170 1.000085 1.000170 1.001185 1.000165 1.000085 1.000165 1.000416 
11.145632 0.999645 1.000128 0.999633 1.000128 1.000418 1.000299 0.999633 1.000299 1.000396 
11.168636 1.000134 0.999518 0.999972 0.999518 0.999972 1.000011 0.999972 1.000011 0.999587 
11.191640 1.000403 1.000422 1.000245 1.000422 0.999677 1.000320 1.000245 1.000320 1.001067 
11.214644 0.999752 0.999831 1.000218 0.999831 1.000396 0.999654 1.000218 0.999654 0.999670 
11.237649 0.998681 0.998480 0.998453 0.998480 0.998317 0.998597 0.998453 0.998597 0.998125 
11.260653 1.000420 1.000208 1.000452 1.000208 1.000322 1.000421 1.000452 1.000421 1.000414 
11.283658 0.998322 0.997949 0.998321 0.997949 0.998890 0.997829 0.998321 0.997829 0.998826 
11.306663 1.000552 1.000267 1.000268 1.000267 1.001266 1.000828 1.000268 1.000828 0.999915 
11.329667 1.000915 1.000734 1.000970 1.000734 1.001500 1.000789 1.000970 1.000789 1.000761 
11.352671 1.000362 1.000287 1.000286 1.000287 1.000561 1.000826 1.000286 1.000826 1.000365 
11.375675 0.998526 0.998438 0.998336 0.998438 0.998361 0.998046 0.998336 0.998046 0.998538 
11.398680 1.002421 1.002337 1.002168 1.002337 1.001848 1.002121 1.002168 1.002121 1.001956 
11.421684 1.001406 1.001384 1.001486 1.001384 1.001241 1.001760 1.001486 1.001760 1.001036 
11.444689 0.998432 0.998390 0.998600 0.998390 0.998300 0.998598 0.998600 0.998598 0.998771 
11.467693 0.999353 0.999004 0.999429 0.999004 0.999059 0.998868 0.999429 0.998868 0.999774 
11.490698 0.999696 0.999668 0.999504 0.999668 0.999360 1.000327 0.999504 1.000327 0.999220 
11.513702 0.997360 0.997116 0.997241 0.997116 0.996805 0.997278 0.997241 0.997278 0.997171 
11.536706 0.991050 0.991101 0.991023 0.991101 0.991895 0.991315 0.991023 0.991315 0.991088 
11.559711 0.985610 0.985400 0.985403 0.985400 0.985529 0.985339 0.985403 0.985339 0.985267 
11.582715 0.978542 0.978165 0.978330 0.978165 0.977904 0.979148 0.978330 0.979148 0.978436 
11.605720 0.973924 0.973690 0.973752 0.973690 0.973673 0.973539 0.973752 0.973539 0.972954 
11.628724 0.969944 0.969817 0.969997 0.969817 0.969957 0.969943 0.969997 0.969943 0.970064 
11.651729 0.960015 0.959785 0.959803 0.959785 0.960404 0.960441 0.959803 0.960441 0.960189 
11.674733 0.954688 0.954110 0.954531 0.954110 0.954723 0.954482 0.954531 0.954482 0.954385 
11.697737 0.950855 0.950883 0.950690 0.950883 0.950780 0.950581 0.950690 0.950581 0.951358 
11.720741 0.946623 0.946018 0.946328 0.946018 0.946852 0.946833 0.946328 0.946833 0.946341 
11.743746 0.937126 0.937388 0.937133 0.937388 0.937172 0.937265 0.937133 0.937265 0.937064 
11.766750 0.930834 0.931144 0.931096 0.931144 0.931119 0.931190 0.931096 0.931190 0.931209 
11.789755 0.926452 0.926620 0.926542 0.926620 0.927206 0.926528 0.926542 0.926528 0.926909 
11.812759 0.922323 0.922437 0.922406 0.922437 0.923754 0.922607 0.922406 0.922607 0.922350 
11.835764 0.915460 0.915268 0.915188 0.915268 0.915324 0.915416 0.915188 0.915416 0.915482 
11.858768 0.908453 0.908259 0.908458 0.908259 0.908267 0.908179 0.908458 0.908179 0.908870 
11.881772 0.902665 0.902567 0.902503 0.902567 0.903035 0.902173 0.902503 0.902173 0.902530 
11.904777 0.899545 0.899620 0.899606 0.899620 0.899783 0.899445 0.899606 0.899445 0.899601 
11.927781 0.893612 0.893542 0.893329 0.893542 0.892609 0.893531 0.893329 0.893531 0.893530 
11.950786 0.887633 0.887649 0.887490 0.887649 0.887202 0.887479 0.887490 0.887479 0.887701 
11.973790 0.881599 0.881342 0.881971 0.881342 0.881244 0.881853 0.881971 0.881853 0.881853 
11.996795 0.877618 0.877418 0.877398 0.877418 0.877981 0.877659 0.877398 0.877659 0.877343 
12.019799 0.872077 0.872293 0.872192 0.872293 0.871491 0.872085 0.872192 0.872085 0.871887 
12.042803 0.864030 0.863603 0.864034 0.863603 0.864315 0.863923 0.864034 0.863923 0.864523 
12.065807 0.860214 0.860178 0.860280 0.860178 0.859983 0.859879 0.860280 0.859879 0.860227 
12.088812 0.855644 0.855451 0.856003 0.855451 0.856361 0.855953 0.856003 0.855953 0.855654 
12.111816 0.847662 0.847406 0.847286 0.847406 0.847061 0.848266 0.847286 0.848266 0.848039 
12.134821 0.844238 0.844228 0.844103 0.844228 0.844372 0.844311 0.844103 0.844311 0.843927 
12.157825 0.839475 0.839348 0.839341 0.839348 0.839142 0.839341 0.839341 0.839341 0.839669 
12.180830 0.831518 0.831747 0.831537 0.831747 0.831993 0.831748 0.831537 0.831748 0.831436 
12.203834 0.827168 0.827182 0.827109 0.827182 0.827606 0.827028 0.827109 0.827028 0.827051 
12.226838 0.823728 0.823794 0.823928 0.823794 0.824839 0.823838 0.823928 0.823838 0.824053 
12.249843 0.815553 0.815515 0.815714 0.815515 0.816296 0.815819 0.815714 0.815819 0.815562 
12.272847 0.810236 0.809973 0.810247 0.809973 0.810935 0.810294 0.810247 0.810294 0.810528 
12.295852 0.807930 0.807537 0.807530 0.807537 0.808344 0.807641 0.807530 0.807641 0.807810 
12.318856 0.801154 0.801145 0.800860 0.801145 0.801202 0.801179 0.800860 0.801179 0.800813 
12.341861 0.795860 0.795607 0.795985 0.795607 0.796202 0.795542 0.795985 0.795542 0.796172 
12.364865 0.790719 0.790705 0.790417 0.790705 0.789899 0.790801 0.790417 0.790801 0.790805 
12.387869 0.786706 0.787241 0.786876 0.787241 0.787162 0.786935 0.786876 0.786935 0.786984 
12.410873 0.780039 0.779934 0.779849 0.779934 0.779691 0.779637 0.779849 0.779637 0.779985 
12.433878 0.773912 0.774016 0.773836 0.774016 0.774482 0.774239 0.773836 0.774239 0.773768 
12.456882 0.770054 0.769982 0.769874 0.769982 0.769126 0.769496 0.769874 0.769496 0.770089 
12.479887 0.764716 0.764514 0.764524 0.764514 0.764524 0.764419 0.764524 0.764419 0.764561 
12.502892 0.761542 0.761222 0.761431 0.761222 0.761644 0.760873 0.761431 0.760873 0.761644 
12.525896 0.754460 0.754495 0.754259 0.754495 0.754558 0.754341 0.754259 0.754341 0.754695 
12.548900 0.749293 0.749243 0.748760 0.749243 0.748952 0.749427 0.748760 0.749427 0.749414 
12.571904 0.747365 0.747145 0.747058 0.747145 0.746624 0.747122 0.747058 0.747122 0.746763 
12.594909 0.741274 0.741195 0.741538 0.741195 0.741634 0.741117 0.741538 0.741117 0.741342 
12.617913 0.733679 0.733530 0.733517 0.733530 0.734155 0.733735 0.733517 0.733735 0.733737 
12.640918 0.728957 0.728637 0.728661 0.728637 0.728949 0.728785 0.728661 0.728785 0.728994 
12.663922 0.724228 0.724262 0.724215 0.724262 0.724827 0.724295 0.724215 0.724295 0.724379 
12.686926 0.720367 0.720407 0.720414 0.720407 0.720321 0.720714 0.720414 0.720714 0.720806 
12.709930 0.715206 0.715207 0.715050 0.715207 0.715189 0.714985 0.715050 0.714985 0.715011 
12.732935 0.709631 0.709477 0.709526 0.709477 0.710130 0.709463 0.709526 0.709463 0.709413 
12.755939 0.704876 0.704552 0.704816 0.704552 0.704886 0.704439 0.704816 0.704439 0.705021 
12.778944 0.701400 0.701498 0.701306 0.701498 0.701895 0.701541 0.701306 0.701541 0.701604 
12.801949 0.694307 0.694405 0.694459 0.694405 0.694231 0.694533 0.694459 0.694533 0.694448 
12.824953 0.690146 0.690508 0.690487 0.690508 0.690307 0.690479 0.690487 0.690479 0.690109 
12.847957 0.687385 0.687431 0.687256 0.687431 0.687388 0.687330 0.687256 0.687330 0.687422 
12.870961 0.680605 0.680336 0.680694 0.680336 0.681145 0.680313 0.680694 0.680313 0.680341 
12.893966 0.675853 0.676158 0.675776 0.676158 0.675687 0.676006 0.675776 0.676006 0.676211 
12.916970 0.670373 0.670213 0.670350 0.670213 0.669984 0.670317 0.670350 0.670317 0.670493 
12.939975 0.667861 0.667659 0.667916 0.667659 0.668270 0.667837 0.667916 0.667837 0.668129 
12.962979 0.662697 0.662795 0.662787 0.662795 0.662694 0.662674 0.662787 0.662674 0.662538 
12.985984 0.656146 0.656207 0.656181 0.656207 0.656313 0.656079 0.656181 0.656079 0.656057 
13.008988 0.651531 0.651334 0.651695 0.651334 0.651760 0.651561 0.651695 0.651561 0.651768 
13.031992 0.648106 0.648026 0.648201 0.648026 0.648854 0.647996 0.648201 0.647996 0.647861 
13.054996 0.644027 0.643948 0.643923 0.643948 0.643479 0.644255 0.643923 0.644255 0.643905 
13.078001 0.638554 0.638742 0.638800 0.638742 0.638816 0.638329 0.638800 0.638329 0.638694 
13.101006 0.633252 0.633283 0.633268 0.633283 0.633945 0.633399 0.633268 0.633399 0.633323 
13.124010 0.630263 0.629728 0.630187 0.629728 0.629873 0.630009 0.630187 0.630009 0.629843 
13.147015 0.625519 0.625546 0.625341 0.625546 0.625094 0.625593 0.625341 0.625593 0.625566 
13.170019 0.619141 0.618748 0.618805 0.618748 0.618544 0.619200 0.618805 0.619200 0.619114 
13.193023 0.615667 0.615672 0.615584 0.615672 0.616540 0.615398 0.615584 0.615398 0.615894 
13.216027 0.611544 0.611709 0.611549 0.611709 0.611611 0.611860 0.611549 0.611860 0.611627 
13.239032 0.605974 0.605855 0.605924 0.605855 0.605888 0.605696 0.605924 0.605696 0.606053 
13.262036 0.602577 0.602585 0.602701 0.602585 0.603186 0.602637 0.602701 0.602637 0.602612 
13.285041 0.597399 0.597343 0.597220 0.597343 0.597203 0.596927 0.597220 0.596927 0.597447 
13.308045 0.592680 0.592595 0.592724 0.592595 0.592775 0.592484 0.592724 0.592484 0.592548 
13.331050 0.588789 0.588923 0.589070 0.588923 0.589147 0.589023 0.589070 0.589023 0.588882 
13.354054 0.583206 0.582944 0.583045 0.582944 0.582916 0.583148 0.583045 0.583148 0.582729 
13.377058 0.579056 0.578786 0.578928 0.578786 0.578237 0.578583 0.578928 0.578583 0.578665 
13.400063 0.575919 0.575822 0.575832 0.575822 0.575542 0.576026 0.575832 0.576026 0.575821 
13.423067 0.571342 0.571273 0.571352 0.571273 0.571475 0.571524 0.571352 0.571524 0.571238 
13.446072 0.566301 0.566258 0.566383 0.566258 0.566683 0.566340 0.566383 0.566340 0.566444 
13.469076 0.561748 0.561839 0.561801 0.561839 0.562090 0.561883 0.561801 0.561883 0.561698 
13.492081 0.557390 0.557396 0.557323 0.557396 0.556744 0.557462 0.557323 0.557462 0.557413 
13.515085 0.552237 0.552247 0.552206 0.552247 0.552348 0.552221 0.552206 0.552221 0.552646 
13.538089 0.548625 0.548609 0.548652 0.548609 0.549166 0.548455 0.548652 0.548455 0.548316 
13.561093 0.544883 0.545017 0.545032 0.545017 0.545251 0.545240 0.545032 0.545240 0.545223 
13.584098 0.541852 0.541733 0.541679 0.541733 0.541833 0.541650 0.541679 0.541650 0.541746 
13.607102 0.536064 0.536132 0.535956 0.536132 0.536251 0.535655 0.535956 0.535655 0.536189 
13.630107 0.530987 0.530673 0.530894 0.530673 0.531031 0.531008 0.530894 0.531008 0.530746 
13.653111 0.527379 0.527576 0.527430 0.527576 0.527968 0.527659 0.527430 0.527659 0.527598 
13.676116 0.523755 0.523560 0.523609 0.523560 0.523218 0.523498 0.523609 0.523498 0.523937 
13.699120 0.518049 0.518143 0.518120 0.518143 0.518351 0.517791 0.518120 0.517791 0.518209 
13.722124 0.513695 0.513813 0.513759 0.513813 0.513246 0.514071 0.513759 0.514071 0.513963 
13.745129 0.511303 0.511386 0.511158 0.511386 0.511815 0.511330 0.511158 0.511330 0.511403 
13.768133 0.506378 0.506318 0.506478 0.506318 0.506365 0.506226 0.506478 0.506226 0.506581 
13.791138 0.502066 0.501977 0.502157 0.501977 0.502185 0.502415 0.502157 0.502415 0.502259 
13.814142 0.498801 0.498778 0.498601 0.498778 0.498312 0.498559 0.498601 0.498559 0.498484 
13.837147 0.495430 0.495335 0.495296 0.495335 0.495575 0.495074 0.495296 0.495074 0.495226 
13.860151 0.488857 0.488916 0.488785 0.488916 0.489299 0.488909 0.488785 0.488909 0.488979 
13.883155 0.484685 0.484793 0.484636 0.484793 0.484591 0.484732 0.484636 0.484732 0.484595 
13.906159 0.482218 0.482135 0.482234 0.482135 0.482434 0.482216 0.482234 0.482216 0.482358 
13.929164 0.476463 0.476406 0.476549 0.476406 0.477081 0.476638 0.476549 0.476638 0.476720 
13.952168 0.473099 0.473031 0.473173 0.473031 0.473078 0.473046 0.473173 0.473046 0.473088 
13.975173 0.469030 0.468811 0.468896 0.468811 0.468440 0.468919 0.468896 0.468919 0.468993 
13.998178 0.465731 0.465600 0.465511 0.465600 0.465935 0.465314 0.465511 0.465314 0.465599 
14.021182 0.460679 0.460437 0.460568 0.460437 0.460529 0.460695 0.460568 0.460695 0.460729 
14.044186 0.456397 0.456097 0.456181 0.456097 0.456323 0.456334 0.456181 0.456334 0.456286 
14.067190 0.452538 0.452299 0.452673 0.452299 0.452712 0.452593 0.452673 0.452593 0.452750 
14.090195 0.449284 0.449267 0.449266 0.449267 0.449401 0.449365 0.449266 0.449365 0.449321 
14.113199 0.445317 0.445165 0.445105 0.445165 0.444631 0.445233 0.445105 0.445233 0.445311 
14.136204 0.440707 0.440770 0.440553 0.440770 0.440748 0.440665 0.440553 0.440665 0.440725 
14.159208 0.437861 0.437961 0.437924 0.437961 0.438200 0.437821 0.437924 0.437821 0.437966 
14.182212 0.433973 0.434157 0.433898 0.434157 0.433989 0.434373 0.433898 0.434373 0.433939 
14.205216 0.428460 0.428166 0.428575 0.428166 0.428221 0.428346 0.428575 0.428346 0.428307 
14.228221 0.425467 0.425577 0.425473 0.425577 0.425033 0.425488 0.425473 0.425488 0.425634 
14.251225 0.421344 0.421246 0.421377 0.421246 0.421221 0.421233 0.421377 0.421233 0.421030 
14.274230 0.418234 0.418181 0.418046 0.418181 0.418309 0.418315 0.418046 0.418315 0.418112 
14.297235 0.412893 0.412575 0.412885 0.412575 0.413079 0.412673 0.412885 0.412673 0.412883 
14.320239 0.410187 0.410375 0.410098 0.410375 0.410312 0.410236 0.410098 0.410236 0.410070 
14.343243 0.406376 0.406478 0.406392 0.406478 0.406430 0.406618 0.406392 0.406618 0.406475 
14.366247 0.401218 0.401265 0.401292 0.401265 0.401343 0.401338 0.401292 0.401338 0.401461 
14.389252 0.397649 0.397708 0.397722 0.397708 0.397842 0.397659 0.397722 0.397659 0.397645 
14.412256 0.394379 0.394405 0.394359 0.394405 0.394933 0.394286 0.394359 0.394286 0.394331 
14.435261 0.390682 0.390688 0.390705 0.390688 0.390817 0.390814 0.390705 0.390814 0.390992 
14.458265 0.387274 0.386934 0.387061 0.386934 0.386892 0.387397 0.387061 0.387397 0.387252 
14.481270 0.382215 0.382099 0.382262 0.382099 0.382086 0.382148 0.382262 0.382148 0.382368 
14.504274 0.378823 0.378709 0.378590 0.378709 0.379242 0.378659 0.378590 0.378659 0.378816 
14.527278 0.374670 0.374506 0.374491 0.374506 0.374530 0.374630 0.374491 0.374630 0.374677 
14.550282 0.371563 0.371430 0.371372 0.371430 0.371692 0.371568 0.371372 0.371568 0.371336 
14.573287 0.367531 0.367448 0.367497 0.367448 0.367490 0.367303 0.367497 0.367303 0.367596 
14.596292 0.364329 0.364298 0.364411 0.364298 0.364872 0.364139 0.364411 0.364139 0.364473 
14.619296 0.360136 0.360106 0.360198 0.360106 0.360217 0.359961 0.360198 0.359961 0.360210 
14.642301 0.357507 0.357543 0.357550 0.357543 0.358086 0.357592 0.357550 0.357592 0.357584 
14.665305 0.353579 0.353504 0.353558 0.353504 0.353575 0.353728 0.353558 0.353728 0.353700 
14.688309 0.348700 0.348775 0.348662 0.348775 0.348614 0.348783 0.348662 0.348783 0.348898 
14.711313 0.345020 0.345076 0.345029 0.345076 0.345671 0.345016 0.345029 0.345016 0.345243 
14.734318 0.342668 0.342623 0.342662 0.342623 0.342849 0.342729 0.342662 0.342729 0.342574 
14.757322 0.338478 0.338340 0.338265 0.338340 0.338334 0.338392 0.338265 0.338392 0.338355 
14.780327 0.334939 0.334830 0.334957 0.334830 0.335094 0.335133 0.334957 0.335133 0.335089 
14.803331 0.330717 0.330771 0.330770 0.330771 0.330699 0.330701 0.330770 0.330701 0.330671 
14.826336 0.328081 0.328123 0.328065 0.328123 0.327446 0.327864 0.328065 0.327864 0.327911 
14.849340 0.323297 0.323380 0.323235 0.323380 0.323290 0.323088 0.323235 0.323088 0.323569 
14.872344 0.320237 0.320115 0.320251 0.320115 0.320511 0.320110 0.320251 0.320110 0.320330 
14.895349 0.317282 0.317187 0.317197 0.317187 0.317576 0.317028 0.317197 0.317028 0.317223 
14.918353 0.312870 0.312791 0.312737 0.312791 0.312599 0.312812 0.312737 0.312812 0.312834 
14.941358 0.309007 0.309044 0.309000 0.309044 0.309206 0.309073 0.309000 0.309073 0.308848 
14.964362 0.306535 0.306501 0.306525 0.306501 0.306222 0.306582 0.306525 0.306582 0.306444 
14.987367 0.302176 0.302294 0.302069 0.302294 0.301892 0.302174 0.302069 0.302174 0.302356 
15.010371 0.298424 0.298365 0.298335 0.298365 0.298663 0.298197 0.298335 0.298197 0.298255 
15.033375 0.294835 0.294942 0.294804 0.294942 0.295091 0.294799 0.294804 0.294799 0.294705 
15.056379 0.291943 0.291883 0.291846 0.291883 0.291890 0.291804 0.291846 0.291804 0.291887 
15.079384 0.288199 0.288221 0.288318 0.288221 0.288154 0.288136 0.288318 0.288136 0.288336 
15.102388 0.284696 0.284537 0.284682 0.284537 0.284452 0.284899 0.284682 0.284899 0.284741 
15.125393 0.281849 0.281683 0.281715 0.281683 0.281882 0.281938 0.281715 0.281938 0.281821 
15.148397 0.278560 0.278448 0.278636 0.278448 0.278378 0.278371 0.278636 0.278371 0.278650 
15.171402 0.274160 0.274227 0.274200 0.274227 0.274327 0.274158 0.274200 0.274158 0.274346 
15.194406 0.270854 0.270841 0.270832 0.270841 0.270344 0.270779 0.270832 0.270779 0.270870 
15.217410 0.267987 0.268200 0.268137 0.268200 0.268137 0.267968 0.268137 0.267968 0.268226 
15.240415 0.264296 0.264258 0.264143 0.264258 0.264213 0.264220 0.264143 0.264220 0.264216 
15.263419 0.260814 0.260827 0.260724 0.260827 0.261275 0.260902 0.260724 0.260902 0.260983 
15.286424 0.257548 0.257495 0.257586 0.257495 0.257664 0.257701 0.257586 0.257701 0.257527 
15.309428 0.253666 0.253583 0.253540 0.253583 0.253530 0.253681 0.253540 0.253681 0.253627 
15.332433 0.250141 0.250237 0.250153 0.250237 0.250290 0.250026 0.250153 0.250026 0.250085 
15.355437 0.247493 0.247536 0.247671 0.247536 0.247635 0.247585 0.247671 0.247585 0.247729 
15.378441 0.243745 0.243591 0.243694 0.243591 0.243642 0.243672 0.243694 0.243672 0.243551 
15.401445 0.240920 0.241083 0.240890 0.241083 0.240891 0.240995 0.240890 0.240995 0.240884 
15.424450 0.236987 0.236910 0.237051 0.236910 0.236856 0.236961 0.237051 0.236961 0.237087 
15.447454 0.233768 0.233664 0.233704 0.233664 0.233640 0.233655 0.233704 0.233655 0.233904 
15.470459 0.230136 0.230040 0.230111 0.230040 0.230098 0.230171 0.230111 0.230171 0.230160 
15.493464 0.227031 0.227138 0.227070 0.227138 0.227221 0.227249 0.227070 0.227249 0.226871 
15.516468 0.224299 0.224265 0.224248 0.224265 0.224479 0.224421 0.224248 0.224421 0.224246 
15.539472 0.220451 0.220463 0.220480 0.220463 0.220592 0.220391 0.220480 0.220391 0.220510 
15.562476 0.216995 0.216885 0.216947 0.216885 0.217490 0.216858 0.216947 0.216858 0.216874 
15.585481 0.214184 0.214233 0.214158 0.214233 0.213943 0.214230 0.214158 0.214230 0.214273 
15.608485 0.210906 0.211082 0.210929 0.211082 0.210902 0.210829 0.210929 0.210829 0.210911 
15.631490 0.207177 0.207008 0.207153 0.207008 0.207216 0.207130 0.207153 0.207130 0.207025 
15.654494 0.204804 0.204691 0.204688 0.204691 0.204507 0.204576 0.204688 0.204576 0.204741 
15.677498 0.200963 0.200980 0.200981 0.200980 0.201015 0.201001 0.200981 0.201001 0.201000 
15.700502 0.198037 0.197993 0.197994 0.197993 0.197978 0.197890 0.197994 0.197890 0.197881 
15.723507 0.194974 0.194872 0.194912 0.194872 0.194925 0.194816 0.194912 0.194816 0.194920 
15.746511 0.191331 0.191324 0.191265 0.191324 0.191499 0.191344 0.191265 0.191344 0.191355 
15.769516 0.187849 0.187896 0.187936 0.187896 0.187915 0.187814 0.187936 0.187814 0.187742 
15.792521 0.184776 0.184709 0.184732 0.184709 0.184767 0.184739 0.184732 0.184739 0.184651 
15.815525 0.181888 0.181909 0.181894 0.181909 0.182269 0.181775 0.181894 0.181775 0.181962 
15.838529 0.178612 0.178605 0.178554 0.178605 0.178670 0.178475 0.178554 0.178475 0.178772 
15.861533 0.175504 0.175344 0.175431 0.175344 0.175388 0.175581 0.175431 0.175581 0.175436 
15.884538 0.172496 0.172512 0.172643 0.172512 0.172359 0.172591 0.172643 0.172591 0.172657 
15.907542 0.169396 0.169336 0.169445 0.169336 0.169490 0.169495 0.169445 0.169495 0.169420 
15.930547 0.165803 0.165913 0.165880 0.165913 0.165865 0.165883 0.165880 0.165883 0.165905 
15.953551 0.162919 0.162952 0.162836 0.162952 0.162994 0.162904 0.162836 0.162904 0.163003 
15.976556 0.160100 0.160130 0.160034 0.160130 0.159854 0.160234 0.160034 0.160234 0.159980 
15.999560 0.156519 0.156459 0.156488 0.156459 0.156378 0.156649 0.156488 0.156649 0.156481 
16.022565 0.153626 0.153570 0.153644 0.153570 0.153317 0.153647 0.153644 0.153647 0.153595 
16.045569 0.150786 0.150791 0.150802 0.150791 0.150912 0.150882 0.150802 0.150882 0.150878 
16.068574 0.147272 0.147242 0.147164 0.147242 0.147449 0.147139 0.147164 0.147139 0.147224 
16.091578 0.144794 0.144784 0.144730 0.144784 0.144371 0.144840 0.144730 0.144840 0.144762 
16.114581 0.141207 0.141205 0.141239 0.141205 0.141395 0.141094 0.141239 0.141094 0.141218 
16.137586 0.138286 0.138226 0.138299 0.138226 0.138312 0.138392 0.138299 0.138392 0.138167 
16.160590 0.134973 0.135026 0.134958 0.135026 0.134814 0.135125 0.134958 0.135125 0.135002 
16.183595 0.132923 0.133018 0.132999 0.133018 0.132909 0.132808 0.132999 0.132808 0.132921 
16.206599 0.128972 0.128935 0.128968 0.128935 0.128858 0.128921 0.128968 0.128921 0.128949 
16.229604 0.125968 0.125971 0.125943 0.125971 0.126096 0.125942 0.125943 0.125942 0.126021 
16.252608 0.122932 0.122930 0.122937 0.122930 0.123043 0.122985 0.122937 0.122985 0.122902 
16.275613 0.120290 0.120374 0.120377 0.120374 0.120357 0.120252 0.120377 0.120252 0.120338 
16.298617 0.117310 0.117300 0.117302 0.117300 0.117393 0.117205 0.117302 0.117205 0.117207 
16.321622 0.114689 0.114675 0.114706 0.114675 0.114402 0.114617 0.114706 0.114617 0.114621 
16.344626 0.112211 0.112246 0.112234 0.112246 0.112207 0.112245 0.112234 0.112245 0.112260 
16.367631 0.110029 0.110024 0.109965 0.110024 0.109880 0.109985 0.109965 0.109985 0.109975 
16.390635 0.107936 0.107846 0.107938 0.107846 0.108402 0.108014 0.107938 0.108014 0.107928 
16.413639 0.105393 0.105372 0.105443 0.105372 0.105256 0.105490 0.105443 0.105490 0.105490 
16.436643 0.103312 0.103227 0.103253 0.103227 0.103037 0.103375 0.103253 0.103375 0.103287 
16.459647 0.101339 0.101292 0.101288 0.101292 0.101512 0.101361 0.101288 0.101361 0.101273 
16.482652 0.098701 0.098721 0.098693 0.098721 0.098765 0.098770 0.098693 0.098770 0.098767 
16.505656 0.096688 0.096681 0.096667 0.096681 0.096664 0.096580 0.096667 0.096580 0.096575 
16.528661 0.095162 0.095090 0.095184 0.095090 0.095346 0.095187 0.095184 0.095187 0.095087 
16.551665 0.092776 0.092762 0.092780 0.092762 0.092784 0.092802 0.092780 0.092802 0.092740 
16.574670 0.090951 0.090917 0.090941 0.090917 0.090982 0.090854 0.090941 0.090854 0.090983 
16.597674 0.089207 0.089151 0.089140 0.089151 0.089102 0.089224 0.089140 0.089224 0.089296 
16.620679 0.087316 0.087257 0.087341 0.087257 0.087383 0.087236 0.087341 0.087236 0.087413 
16.643683 0.085293 0.085187 0.085323 0.085187 0.085385 0.085287 0.085323 0.085287 0.085224 
16.666688 0.083779 0.083695 0.083820 0.083695 0.084032 0.083853 0.083820 0.083853 0.083819 
16.689692 0.081816 0.081819 0.081804 0.081819 0.081800 0.081883 0.081804 0.081883 0.081846 
16.712697 0.080415 0.080480 0.080389 0.080480 0.080323 0.080402 0.080389 0.080402 0.080361 
16.735702 0.078451 0.078425 0.078486 0.078425 0.078414 0.078510 0.078486 0.078510 0.078547 
16.758705 0.076839 0.076803 0.076911 0.076803 0.076988 0.076878 0.076911 0.076878 0.076817 
16.781709 0.075240 0.075338 0.075220 0.075338 0.075209 0.075313 0.075220 0.075313 0.075266 
16.804713 0.073679 0.073694 0.073693 0.073694 0.073690 0.073563 0.073693 0.073563 0.073674 
16.827718 0.072407 0.072357 0.072357 0.072357 0.072345 0.072404 0.072357 0.072404 0.072348 
16.850722 0.070685 0.070660 0.070652 0.070660 0.070737 0.070585 0.070652 0.070585 0.070709 
16.873727 0.069375 0.069296 0.069341 0.069296 0.069464 0.069401 0.069341 0.069401 0.069528 
16.896731 0.068427 0.068409 0.068399 0.068409 0.068408 0.068487 0.068399 0.068487 0.068425 
16.919736 0.066320 0.066274 0.066252 0.066274 0.066376 0.066245 0.066252 0.066245 0.066285 
16.942740 0.064918 0.064934 0.064857 0.064934 0.064823 0.064841 0.064857 0.064841 0.064903 
16.965745 0.063692 0.063769 0.063699 0.063769 0.063811 0.063661 0.063699 0.063661 0.063782 
16.988750 0.062170 0.062139 0.062194 0.062139 0.062214 0.062090 0.062194 0.062090 0.062129 
17.011754 0.061026 0.061077 0.061074 0.061077 0.060918 0.061042 0.061074 0.061042 0.061058 
17.034759 0.059763 0.059787 0.059775 0.059787 0.059670 0.059726 0.059775 0.059726 0.059834 
17.057763 0.058211 0.058255 0.058233 0.058255 0.058249 0.058191 0.058233 0.058191 0.058253 
17.080767 0.057009 0.057032 0.056988 0.057032 0.057194 0.056989 0.056988 0.056989 0.056972 
17.103770 0.055711 0.055782 0.055793 0.055782 0.055753 0.055759 0.055793 0.055759 0.055759 
17.126775 0.054618 0.054592 0.054558 0.054592 0.054630 0.054636 0.054558 0.054636 0.054575 
17.149779 0.053320 0.053377 0.053341 0.053377 0.053350 0.053420 0.053341 0.053420 0.053382 
17.172784 0.052400 0.052400 0.052428 0.052400 0.052461 0.052456 0.052428 0.052456 0.052398 
17.195788 0.051069 0.051011 0.051013 0.051011 0.050996 0.050934 0.051013 0.050934 0.051007 
17.218793 0.049926 0.049881 0.049908 0.049881 0.050021 0.049886 0.049908 0.049886 0.049956 
17.241797 0.048824 0.048813 0.048748 0.048813 0.048779 0.048863 0.048748 0.048863 0.048768 
17.264802 0.047764 0.047718 0.047783 0.047718 0.047760 0.047788 0.047783 0.047788 0.047763 
17.287807 0.046671 0.046623 0.046619 0.046623 0.046553 0.046626 0.046619 0.046626 0.046711 
17.310811 0.045989 0.046029 0.046035 0.046029 0.046073 0.046046 0.046035 0.046046 0.045953 
17.333816 0.044584 0.044581 0.044571 0.044581 0.044460 0.044535 0.044571 0.044535 0.044530 
17.356820 0.043861 0.043828 0.043849 0.043828 0.043860 0.043909 0.043849 0.043909 0.043834 
17.379825 0.042548 0.042561 0.042620 0.042561 0.042444 0.042526 0.042620 0.042526 0.042651 
17.402829 0.041727 0.041789 0.041775 0.041789 0.041793 0.041778 0.041775 0.041778 0.041737 
17.425833 0.040573 0.040549 0.040577 0.040549 0.040386 0.040520 0.040577 0.040520 0.040617 
17.448836 0.039643 0.039617 0.039629 0.039617 0.039589 0.039595 0.039629 0.039595 0.039577 
17.471841 0.038731 0.038685 0.038688 0.038685 0.038678 0.038792 0.038688 0.038792 0.038672 
17.494845 0.037983 0.038029 0.038000 0.038029 0.037942 0.038072 0.038000 0.038072 0.037977 
17.517850 0.036903 0.036894 0.036896 0.036894 0.037030 0.036917 0.036896 0.036917 0.036935 
17.540854 0.035998 0.036018 0.036019 0.036018 0.035968 0.036062 0.036019 0.036062 0.035954 
17.563859 0.035127 0.035125 0.035140 0.035125 0.035225 0.035198 0.035140 0.035198 0.035148 
17.586864 0.034308 0.034316 0.034308 0.034316 0.034263 0.034301 0.034308 0.034301 0.034294 
17.609868 0.033467 0.033432 0.033458 0.033432 0.033505 0.033414 0.033458 0.033414 0.033481 
17.632873 0.032652 0.032625 0.032628 0.032625 0.032645 0.032634 0.032628 0.032634 0.032685 
17.655877 0.031829 0.031809 0.031821 0.031809 0.031826 0.031813 0.031821 0.031813 0.031841 
17.678882 0.031100 0.031053 0.031072 0.031053 0.031086 0.031114 0.031072 0.031114 0.031085 
17.701886 0.030255 0.030269 0.030254 0.030269 0.030264 0.030257 0.030254 0.030257 0.030302 
17.724891 0.029670 0.029687 0.029666 0.029687 0.029560 0.029670 0.029666 0.029670 0.029690 
17.747894 0.028926 0.028906 0.028940 0.028906 0.028941 0.028921 0.028940 0.028921 0.028910 
17.770898 0.028007 0.027985 0.027991 0.027985 0.027891 0.028050 0.027991 0.028050 0.028035 
17.793902 0.027459 0.027446 0.027459 0.027446 0.027436 0.027507 0.027459 0.027507 0.027464 
17.816907 0.026551 0.026579 0.026573 0.026579 0.026538 0.026568 0.026573 0.026568 0.026503 
17.839911 0.025876 0.025867 0.025855 0.025867 0.025895 0.025918 0.025855 0.025918 0.025840 
17.862916 0.025381 0.025395 0.025380 0.025395 0.025515 0.025359 0.025380 0.025359 0.025394 
17.885921 0.024496 0.024499 0.024511 0.024499 0.024496 0.024513 0.024511 0.024513 0.024471 
17.908925 0.023850 0.023863 0.023829 0.023863 0.023899 0.023867 0.023829 0.023867 0.023821 
17.931930 0.023216 0.023175 0.023178 0.023175 0.023213 0.023192 0.023178 0.023192 0.023138 
17.954934 0.022545 0.022556 0.022547 0.022556 0.022500 0.022551 0.022547 0.022551 0.022533 
17.977939 0.021986 0.021946 0.021963 0.021946 0.022010 0.021985 0.021963 0.021985 0.021985 
18.000943 0.021331 0.021318 0.021297 0.021318 0.021343 0.021297 0.021297 0.021297 0.021340 
18.023948 0.020725 0.020690 0.020728 0.020690 0.020755 0.020738 0.020728 0.020738 0.020731 
18.046952 0.020122 0.020115 0.020123 0.020115 0.020115 0.020107 0.020123 0.020107 0.020164 
18.069957 0.019552 0.019552 0.019537 0.019552 0.019379 0.019555 0.019537 0.019555 0.019577 
18.092960 0.018981 0.018986 0.018963 0.018986 0.018897 0.018985 0.018963 0.018985 0.018998 
18.115964 0.018427 0.018424 0.018428 0.018424 0.018401 0.018413 0.018428 0.018413 0.018459 
18.138968 0.017875 0.017873 0.017880 0.017873 0.017848 0.017899 0.017880 0.017899 0.017905 
18.161973 0.017547 0.017542 0.017554 0.017542 0.017566 0.017552 0.017554 0.017552 0.017539 
18.184978 0.016898 0.016937 0.016946 0.016937 0.016843 0.016906 0.016946 0.016906 0.016895 
18.207982 0.016305 0.016302 0.016301 0.016302 0.016310 0.016306 0.016301 0.016306 0.016308 
18.230987 0.015990 0.015990 0.015994 0.015990 0.015929 0.016006 0.015994 0.016006 0.016011 
18.253991 0.015307 0.015298 0.015324 0.015298 0.015252 0.015302 0.015324 0.015302 0.015267 
18.276996 0.014807 0.014850 0.014826 0.014850 0.014826 0.014810 0.014826 0.014810 0.014830 
18.300000 0.014343 0.014351 0.014344 0.014351 0.014373 0.014375 0.014344 0.014375 0.014317 
18.323005 0.013955 0.013946 0.013936 0.013946 0.013988 0.013964 0.013936 0.013964 0.013934 
18.346009 0.013446 0.013426 0.013441 0.013426 0.013503 0.013455 0.013441 0.013455 0.013480 
18.369014 0.012995 0.012993 0.012982 0.012993 0.013029 0.012971 0.012982 0.012971 0.013016 
18.392018 0.012557 0.012522 0.012554 0.012522 0.012550 0.012528 0.012554 0.012528 0.012529 
18.415022 0.012133 0.012115 0.012135 0.012115 0.012167 0.012122 0.012135 0.012122 0.012153 
18.438025 0.011707 0.011705 0.011716 0.011705 0.011682 0.011762 0.011716 0.011762 0.011697 
18.461030 0.011319 0.011298 0.011302 0.011298 0.011264 0.011311 0.011302 0.011311 0.011299 
18.484035 0.010922 0.010905 0.010911 0.010905 0.010912 0.010936 0.010911 0.010936 0.010896 
18.507039 0.010526 0.010543 0.010507 0.010543 0.010523 0.010518 0.010507 0.010518 0.010519 
18.530044 0.010134 0.010121 0.010148 0.010121 0.010145 0.010119 0.010148 0.010119 0.010124 
18.553048 0.009775 0.009763 0.009758 0.009763 0.009728 0.009774 0.009758 0.009774 0.009761 
18.576053 0.009398 0.009414 0.009375 0.009414 0.009439 0.009392 0.009375 0.009392 0.009410 
18.599057 0.009084 0.009104 0.009102 0.009104 0.009088 0.009102 0.009102 0.009102 0.009111 
18.622062 0.008864 0.008886 0.008894 0.008886 0.008768 0.008874 0.008894 0.008874 0.008839 
18.645066 0.008360 0.008350 0.008349 0.008350 0.008385 0.008341 0.008349 0.008341 0.008348 
18.668071 0.008016 0.008021 0.008022 0.008021 0.008011 0.008068 0.008022 0.008068 0.008006 
18.691075 0.007761 0.007754 0.007743 0.007754 0.007758 0.007743 0.007743 0.007743 0.007753 
18.714080 0.007384 0.007402 0.007383 0.007402 0.007391 0.007389 0.007383 0.007389 0.007395 
18.737083 0.007071 0.007085 0.007073 0.007085 0.007132 0.007088 0.007073 0.007088 0.007068 
18.760087 0.006773 0.006772 0.006773 0.006772 0.006726 0.006766 0.006773 0.006766 0.006798 
18.783092 0.006491 0.006483 0.006486 0.006483 0.006524 0.006485 0.006486 0.006485 0.006519 
18.806096 0.006196 0.006223 0.006206 0.006223 0.006203 0.006180 0.006206 0.006180 0.006212 
18.829101 0.005931 0.005936 0.005923 0.005936 0.005954 0.005938 0.005923 0.005938 0.005947 
18.852105 0.005650 0.005666 0.005659 0.005666 0.005675 0.005673 0.005659 0.005673 0.005672 
18.875110 0.005397 0.005391 0.005404 0.005391 0.005349 0.005399 0.005404 0.005399 0.005390 
18.898114 0.005140 0.005156 0.005134 0.005156 0.005114 0.005128 0.005134 0.005128 0.005139 
18.921119 0.004902 0.004896 0.004888 0.004896 0.004848 0.004909 0.004888 0.004909 0.004896 
18.944123 0.004654 0.004641 0.004661 0.004641 0.004689 0.004657 0.004661 0.004657 0.004662 
18.967128 0.004426 0.004408 0.004432 0.004408 0.004399 0.004406 0.004432 0.004406 0.004421 
18.990132 0.004193 0.004192 0.004197 0.004192 0.004160 0.004197 0.004197 0.004197 0.004210 
19.013137 0.003985 0.003980 0.003985 0.003980 0.003926 0.003988 0.003985 0.003988 0.003972 
19.036141 0.003845 0.003848 0.003851 0.003848 0.003840 0.003848 0.003851 0.003848 0.003856 
19.059146 0.003562 0.003543 0.003556 0.003543 0.003566 0.003582 0.003556 0.003582 0.003560 
19.082150 0.003399 0.003402 0.003402 0.003402 0.003408 0.003387 0.003402 0.003387 0.003406 
19.105153 0.003156 0.003163 0.003161 0.003163 0.003146 0.003167 0.003161 0.003167 0.003171 
19.128158 0.002968 0.002972 0.002974 0.002972 0.003010 0.002972 0.002974 0.002972 0.002971 
19.151162 0.002801 0.002807 0.002787 0.002807 0.002801 0.002786 0.002787 0.002786 0.002787 
19.174167 0.002628 0.002620 0.002620 0.002620 0.002629 0.002614 0.002620 0.002614 0.002629 
19.197171 0.002454 0.002455 0.002453 0.002455 0.002441 0.002443 0.002453 0.002443 0.002439 
19.220176 0.002295 0.002294 0.002291 0.002294 0.002294 0.002301 0.002291 0.002301 0.002284 
19.243180 0.002135 0.002131 0.002133 0.002131 0.002127 0.002130 0.002133 0.002130 0.002147 
19.266185 0.001985 0.001986 0.001989 0.001986 0.002007 0.001997 0.001989 0.001997 0.001985 
19.289189 0.001841 0.001841 0.001844 0.001841 0.001857 0.001839 0.001844 0.001839 0.001833 
19.312194 0.001703 0.001703 0.001700 0.001703 0.001693 0.001700 0.001700 0.001700 0.001685 
19.335198 0.001573 0.001571 0.001569 0.001571 0.001588 0.001579 0.001569 0.001579 0.001558 
19.358203 0.001444 0.001430 0.001446 0.001430 0.001430 0.001459 0.001446 0.001459 0.001453 
19.381207 0.001325 0.001321 0.001329 0.001321 0.001339 0.001329 0.001329 0.001329 0.001323 
19.404211 0.001214 0.001215 0.001207 0.001215 0.001201 0.001209 0.001207 0.001209 0.001208 
19.427215 0.001105 0.001098 0.001102 0.001098 0.001084 0.001111 0.001102 0.001111 0.001090 
19.450219 0.000997 0.000991 0.000999 0.000991 0.000988 0.000991 0.000999 0.000991 0.000992 
19.473224 0.000899 0.000902 0.000903 0.000902 0.000897 0.000901 0.000903 0.000901 0.000896 
19.496228 0.000845 0.000849 0.000848 0.000849 0.000872 0.000842 0.000848 0.000842 0.000844 
19.519233 0.000725 0.000717 0.000717 0.000717 0.000711 0.000719 0.000717 0.000719 0.000724 
19.542237 0.000637 0.000640 0.000639 0.000640 0.000655 0.000638 0.000639 0.000638 0.000636 
19.565242 0.000559 0.000561 0.000564 0.000561 0.000545 0.000564 0.000564 0.000564 0.000558 
19.588246 0.000489 0.000488 0.000489 0.000488 0.000489 0.000497 0.000489 0.000497 0.000491 
19.611251 0.000420 0.000422 0.000422 0.000422 0.000417 0.000423 0.000422 0.000423 0.000430 
19.634255 0.000362 0.000359 0.000361 0.000359 0.000354 0.000362 0.000361 0.000362 0.000361 
19.657260 0.000304 0.000307 0.000304 0.000307 0.000298 0.000305 0.000304 0.000305 0.000308 
19.680264 0.000252 0.000253 0.000255 0.000253 0.000248 0.000253 0.000255 0.000253 0.000250 
19.703269 0.000206 0.000208 0.000208 0.000208 0.000212 0.000205 0.000208 0.000205 0.000212 
19.726274 0.000164 0.000166 0.000166 0.000166 0.000159 0.000165 0.000166 0.000165 0.000161 
19.749277 0.000128 0.000129 0.000130 0.000129 0.000125 0.000129 0.000130 0.000129 0.000128 
19.772281 0.000095 0.000096 0.000095 0.000096 0.000101 0.000093 0.000095 0.000093 0.000098 
19.795285 0.000067 0.000068 0.000069 0.000068 0.000068 0.000070 0.000069 0.000070 0.000070 
19.818290 0.000045 0.000047 0.000046 0.000047 0.000047 0.000046 0.000046 0.000046 0.000046 
19.841294 0.000028 0.000027 0.000027 0.000027 0.000027 0.000029 0.000027 0.000029 0.000027 
19.864299 0.000014 0.000014 0.000014 0.000014 0.000015 0.000014 0.000014 0.000014 0.000014 
19.887303 0.000005 0.000006 0.000005 0.000006 0.000007 0.000005 0.000005 0.000005 0.000005 
19.910308 0.000001 0.000001 0.000001 0.000001 0.000001 0.000001 0.000001 0.000001 0.000001 
19.933312 0.000006 0.000007 0.000007 0.000007 0.000006 0.000007 0.000007 0.000007 0.000007 
19.956317 0.000000 0.000000 0.000000 0.000000 0.000000 0.000000 0.000000 0.000000 0.000000 
19.979321 0.000000 0.000000 0.000000 0.000000 0.000000 0.000000 0.000000 0.000000 0.000000 
20.002326 0.000000 0.000000 0.000000 0.000000 0.000000 0.000000 0.000000 0.000000 0.000000 
20.025331 0.000000 0.000000 0.000000 0.000000 0.000000 0.000000 0.000000 0.000000 0.000000 
20.048335 0.000000 0.000000 0.000000 0.000000 0.000000 0.000000 0.000000 0.000000 0.000000 
20.071339 0.000000 0.000000 0.000000 0.000000 0.000000 0.000000 0.000000 0.000000 0.000000 
20.094342 0.000000 0.000000 0.000000 0.000000 0.000000 0.000000 0.000000 0.000000 0.000000 
20.117347 0.000000 0.000000 0.000000 0.000000 0.000000 0.000000 0.000000 0.000000 0.000000 
20.140351 0.000000 0.000000 0.000000 0.000000 0.000000 0.000000 0.000000 0.000000 0.000000 
20.163356 0.000000 0.000000 0.000000 0.000000 0.000000 0.000000 0.000000 0.000000 0.000000 
20.186360 0.000000 0.000000 0.000000 0.000000 0.000000 0.000000 0.000000 0.000000 0.000000 
20.209365 0.000000 0.000000 0.000000 0.000000 0.000000 0.000000 0.000000 0.000000 0.000000 
20.232369 0.000000 0.000000 0.000000 0.000000 0.000000 0.000000 0.000000 0.000000 0.000000 
20.255374 0.000000 0.000000 0.000000 0.000000 0.000000 0.000000 0.000000 0.000000 0.000000 
20.278378 0.000000 0.000000 0.000000 0.000000 0.000000 0.000000 0.000000 0.000000 0.000000 
20.301383 0.000000 0.000000 0.000000 0.000000 0.000000 0.000000 0.000000 0.000000 0.000000 
20.324388 0.000000 0.000000 0.000000 0.000000 0.000000 0.000000 0.000000 0.000000 0.000000 
20.347392 0.000000 0.000000 0.000000 0.000000 0.000000 0.000000 0.000000 0.000000 0.000000 
20.370397 0.000000 0.000000 0.000000 0.000000 0.000000 0.000000 0.000000 0.000000 0.000000 
20.393400 0.000000 0.000000 0.000000 0.000000 0.000000 0.000000 0.000000 0.000000 0.000000 
20.416404 0.000000 0.000000 0.000000 0.000000 0.000000 0.000000 0.000000 0.000000 0.000000 
20.439408 0.000000 0.000000 0.000000 0.000000 0.000000 0.000000 0.000000 0.000000 0.000000 
20.462413 0.000000 0.000000 0.000000 0.000000 0.000000 0.000000 0.000000 0.000000 0.000000 
20.485417 0.000000 0.000000 0.000000 0.000000 0.000000 0.000000 0.000000 0.000000 0.000000 
20.508422 0.000000 0.000000 0.000000 0.000000 0.000000 0.000000 0.000000 0.000000 0.000000 
20.531426 0.000000 0.000000 0.000000 0.000000 0.000000 0.000000 0.000000 0.000000 0.000000 
20.554431 0.000000 0.000000 0.000000 0.000000 0.000000 0.000000 0.000000 0.000000 0.000000 
20.577435 0.000000 0.000000 0.000000 0.000000 0.000000 0.000000 0.000000 0.000000 0.000000 
20.600440 0.000000 0.000000 0.000000 0.000000 0.000000 0.000000 0.000000 0.000000 0.000000 
20.623445 0.000000 0.000000 0.000000 0.000000 0.000000 0.000000 0.000000 0.000000 0.000000 
20.646449 0.000000 0.000000 0.000000 0.000000 0.000000 0.000000 0.000000 0.000000 0.000000 
20.669454 0.000000 0.000000 0.000000 0.000000 0.000000 0.000000 0.000000 0.000000 0.000000 
20.692458 0.000000 0.000000 0.000000 0.000000 0.000000 0.000000 0.000000 0.000000 0.000000 
20.715463 0.000000 0.000000 0.000000 0.000000 0.000000 0.000000 0.000000 0.000000 0.000000 
20.738466 0.000000 0.000000 0.000000 0.000000 0.000000 0.000000 0.000000 0.000000 0.000000 
20.761470 0.000000 0.000000 0.000000 0.000000 0.000000 0.000000 0.000000 0.000000 0.000000 
20.784474 0.000000 0.000000 0.000000 0.000000 0.000000 0.000000 0.000000 0.000000 0.000000 
20.807479 0.000000 0.000000 0.000000 0.000000 0.000000 0.000000 0.000000 0.000000 0.000000 
20.830483 0.000000 0.000000 0.000000 0.000000 0.000000 0.000000 0.000000 0.000000 0.000000 
20.853488 0.000000 0.000000 0.000000 0.000000 0.000000 0.000000 0.000000 0.000000 0.000000 
20.876493 0.000000 0.000000 0.000000 0.000000 0.000000 0.000000 0.000000 0.000000 0.000000 
20.899497 0.000000 0.000000 0.000000 0.000000 0.000000 0.000000 0.000000 0.000000 0.000000 
20.922502 0.000000 0.000000 0.000000 0.000000 0.000000 0.000000 0.000000 0.000000 0.000000 
20.945506 0.000000 0.000000 0.000000 0.000000 0.000000 0.000000 0.000000 0.000000 0.000000 
20.968511 0.000000 0.000000 0.000000 0.000000 0.000000 0.000000 0.000000 0.000000 0.000000 
20.991515 0.000000 0.000000 0.000000 0.000000 0.000000 0.000000 0.000000 0.000000 0.000000 
21.014520 0.000000 0.000000 0.000000 0.000000 0.000000 0.000000 0.000000 0.000000 0.000000 
21.037524 0.000000 0.000000 0.000000 0.000000 0.000000 0.000000 0.000000 0.000000 0.000000 
21.060528 0.000000 0.000000 0.000000 0.000000 0.000000 0.000000 0.000000 0.000000 0.000000 
21.083531 0.000000 0.000000 0.000000 0.000000 0.000000 0.000000 0.000000 0.000000 0.000000 
21.106536 0.000000 0.000000 0.000000 0.000000 0.000000 0.000000 0.000000 0.000000 0.000000 
21.129540 0.000000 0.000000 0.000000 0.000000 0.000000 0.000000 0.000000 0.000000 0.000000 
21.152545 0.000000 0.000000 0.000000 0.000000 0.000000 0.000000 0.000000 0.000000 0.000000 
21.175550 0.000000 0.000000 0.000000 0.000000 0.000000 0.000000 0.000000 0.000000 0.000000 
21.198554 0.000000 0.000000 0.000000 0.000000 0.000000 0.000000 0.000000 0.000000 0.000000 
21.221559 0.000000 0.000000 0.000000 0.000000 0.000000 0.000000 0.000000 0.000000 0.000000 
21.244563 0.000000 0.000000 0.000000 0.000000 0.000000 0.000000 0.000000 0.000000 0.000000 
21.267568 0.000000 0.000000 0.000000 0.000000 0.000000 0.000000 0.000000 0.000000 0.000000 
21.290572 0.000000 0.000000 0.000000 0.000000 0.000000 0.000000 0.000000 0.000000 0.000000 
21.313577 0.000000 0.000000 0.000000 0.000000 0.000000 0.000000 0.000000 0.000000 0.000000 
21.336581 0.000000 0.000000 0.000000 0.000000 0.000000 0.000000 0.000000 0.000000 0.000000 
21.359586 0.000000 0.000000 0.000000 0.000000 0.000000 0.000000 0.000000 0.000000 0.000000 
21.382590 0.000000 0.000000 0.000000 0.000000 0.000000 0.000000 0.000000 0.000000 0.000000 
21.405594 0.000000 0.000000 0.000000 0.000000 0.000000 0.000000 0.000000 0.000000 0.000000 
21.428597 0.000000 0.000000 0.000000 0.000000 0.000000 0.000000 0.000000 0.000000 0.000000 
21.451602 0.000000 0.000000 0.000000 0.000000 0.000000 0.000000 0.000000 0.000000 0.000000 
21.474607 0.000000 0.000000 0.000000 0.000000 0.000000 0.000000 0.000000 0.000000 0.000000 
21.497611 0.000000 0.000000 0.000000 0.000000 0.000000 0.000000 0.000000 0.000000 0.000000 
21.520616 0.000000 0.000000 0.000000 0.000000 0.000000 0.000000 0.000000 0.000000 0.000000 
21.543620 0.000000 0.000000 0.000000 0.000000 0.000000 0.000000 0.000000 0.000000 0.000000 
21.566625 0.000000 0.000000 0.000000 0.000000 0.000000 0.000000 0.000000 0.000000 0.000000 
21.589629 0.000000 0.000000 0.000000 0.000000 0.000000 0.000000 0.000000 0.000000 0.000000 
21.612634 0.000000 0.000000 0.000000 0.000000 0.000000 0.000000 0.000000 0.000000 0.000000 
21.635638 0.000000 0.000000 0.000000 0.000000 0.000000 0.000000 0.000000 0.000000 0.000000 
21.658643 0.000000 0.000000 0.000000 0.000000 0.000000 0.000000 0.000000 0.000000 0.000000 
21.681647 0.000000 0.000000 0.000000 0.000000 0.000000 0.000000 0.000000 0.000000 0.000000 
21.704652 0.000000 0.000000 0.000000 0.000000 0.000000 0.000000 0.000000 0.000000 0.000000 
21.727655 0.000000 0.000000 0.000000 0.000000 0.000000 0.000000 0.000000 0.000000 0.000000 
21.750659 0.000000 0.000000 0.000000 0.000000 0.000000 0.000000 0.000000 0.000000 0.000000 
21.773664 0.000000 0.000000 0.000000 0.000000 0.000000 0.000000 0.000000 0.000000 0.000000 
21.796668 0.000000 0.000000 0.000000 0.000000 0.000000 0.000000 0.000000 0.000000 0.000000 
21.819673 0.000000 0.000000 0.000000 0.000000 0.000000 0.000000 0.000000 0.000000 0.000000 
21.842677 0.000000 0.000000 0.000000 0.000000 0.000000 0.000000 0.000000 0.000000 0.000000 
21.865682 0.000000 0.000000 0.000000 0.000000 0.000000 0.000000 0.000000 0.000000 0.000000 
21.888686 0.000000 0.000000 0.000000 0.000000 0.000000 0.000000 0.000000 0.000000 0.000000 
21.911691 0.000000 0.000000 0.000000 0.000000 0.000000 0.000000 0.000000 0.000000 0.000000 
21.934695 0.000000 0.000000 0.000000 0.000000 0.000000 0.000000 0.000000 0.000000 0.000000 
21.957700 0.000000 0.000000 0.000000 0.000000 0.000000 0.000000 0.000000 0.000000 0.000000 
21.980704 0.000000 0.000000 0.000000 0.000000 0.000000 0.000000 0.000000 0.000000 0.000000 
22.003709 0.000000 0.000000 0.000000 0.000000 0.000000 0.000000 0.000000 0.000000 0.000000 
22.026713 0.000000 0.000000 0.000000 0.000000 0.000000 0.000000 0.000000 0.000000 0.000000 
22.049718 0.000000 0.000000 0.000000 0.000000 0.000000 0.000000 0.000000 0.000000 0.000000 
22.072721 0.000000 0.000000 0.000000 0.000000 0.000000 0.000000 0.000000 0.000000 0.000000 
22.095725 0.000000 0.000000 0.000000 0.000000 0.000000 0.000000 0.000000 0.000000 0.000000 
22.118730 0.000000 0.000000 0.000000 0.000000 0.000000 0.000000 0.000000 0.000000 0.000000 
22.141734 0.000000 0.000000 0.000000 0.000000 0.000000 0.000000 0.000000 0.000000 0.000000 
22.164739 0.000000 0.000000 0.000000 0.000000 0.000000 0.000000 0.000000 0.000000 0.000000 
22.187743 0.000000 0.000000 0.000000 0.000000 0.000000 0.000000 0.000000 0.000000 0.000000 
22.210748 0.000000 0.000000 0.000000 0.000000 0.000000 0.000000 0.000000 0.000000 0.000000 
22.233752 0.000000 0.000000 0.000000 0.000000 0.000000 0.000000 0.000000 0.000000 0.000000 
22.256757 0.000000 0.000000 0.000000 0.000000 0.000000 0.000000 0.000000 0.000000 0.000000 
22.279761 0.000000 0.000000 0.000000 0.000000 0.000000 0.000000 0.000000 0.000000 0.000000 
22.302766 0.000000 0.000000 0.000000 0.000000 0.000000 0.000000 0.000000 0.000000 0.000000 
22.325770 0.000000 0.000000 0.000000 0.000000 0.000000 0.000000 0.000000 0.000000 0.000000 
22.348775 0.000000 0.000000 0.000000 0.000000 0.000000 0.000000 0.000000 0.000000 0.000000 
22.371779 0.000000 0.000000 0.000000 0.000000 0.000000 0.000000 0.000000 0.000000 0.000000 
22.394783 0.000000 0.000000 0.000000 0.000000 0.000000 0.000000 0.000000 0.000000 0.000000 
22.417787 0.000000 0.000000 0.000000 0.000000 0.000000 0.000000 0.000000 0.000000 0.000000 
22.440791 0.000000 0.000000 0.000000 0.000000 0.000000 0.000000 0.000000 0.000000 0.000000 
22.463796 0.000000 0.000000 0.000000 0.000000 0.000000 0.000000 0.000000 0.000000 0.000000 
22.486800 0.000000 0.000000 0.000000 0.000000 0.000000 0.000000 0.000000 0.000000 0.000000 
22.509805 0.000000 0.000000 0.000000 0.000000 0.000000 0.000000 0.000000 0.000000 0.000000 
22.532809 0.000000 0.000000 0.000000 0.000000 0.000000 0.000000 0.000000 0.000000 0.000000 
22.555814 0.000000 0.000000 0.000000 0.000000 0.000000 0.000000 0.000000 0.000000 0.000000 
22.578818 0.000000 0.000000 0.000000 0.000000 0.000000 0.000000 0.000000 0.000000 0.000000 
22.601823 0.000000 0.000000 0.000000 0.000000 0.000000 0.000000 0.000000 0.000000 0.000000 
22.624827 0.000000 0.000000 0.000000 0.000000 0.000000 0.000000 0.000000 0.000000 0.000000 
22.647832 0.000000 0.000000 0.000000 0.000000 0.000000 0.000000 0.000000 0.000000 0.000000 
22.670836 0.000000 0.000000 0.000000 0.000000 0.000000 0.000000 0.000000 0.000000 0.000000 
22.693841 0.000000 0.000000 0.000000 0.000000 0.000000 0.000000 0.000000 0.000000 0.000000 
22.716845 0.000000 0.000000 0.000000 0.000000 0.000000 0.000000 0.000000 0.000000 0.000000 
22.739848 0.000000 0.000000 0.000000 0.000000 0.000000 0.000000 0.000000 0.000000 0.000000 
22.762853 0.000000 0.000000 0.000000 0.000000 0.000000 0.000000 0.000000 0.000000 0.000000 
22.785857 0.000000 0.000000 0.000000 0.000000 0.000000 0.000000 0.000000 0.000000 0.000000 
22.808862 0.000000 0.000000 0.000000 0.000000 0.000000 0.000000 0.000000 0.000000 0.000000 
22.831866 0.000000 0.000000 0.000000 0.000000 0.000000 0.000000 0.000000 0.000000 0.000000 
22.854871 0.000000 0.000000 0.000000 0.000000 0.000000 0.000000 0.000000 0.000000 0.000000 
22.877875 0.000000 0.000000 0.000000 0.000000 0.000000 0.000000 0.000000 0.000000 0.000000 
22.900880 0.000000 0.000000 0.000000 0.000000 0.000000 0.000000 0.000000 0.000000 0.000000 
22.923884 0.000000 0.000000 0.000000 0.000000 0.000000 0.000000 0.000000 0.000000 0.000000 
22.946889 0.000000 0.000000 0.000000 0.000000 0.000000 0.000000 0.000000 0.000000 0.000000 
22.969893 0.000000 0.000000 0.000000 0.000000 0.000000 0.000000 0.000000 0.000000 0.000000 
22.992898 0.000000 0.000000 0.000000 0.000000 0.000000 0.000000 0.000000 0.000000 0.000000 
