# concentrations: 0.333333 0.333333 0.333333
0.006082 0.000000 0.000000 0.000000 0.000000 0.000000 0.000000 0.000000 0.000000 0.000000 
0.018247 0.000000 0.000000 0.000000 0.000000 0.000000 0.000000 0.000000 0.000000 0.000000 
0.030411 0.000000 0.000000 0.000000 0.000000 0.000000 0.000000 0.000000 0.000000 0.000000 
0.042575 0.000000 0.000000 0.000000 0.000000 0.000000 0.000000 0.000000 0.000000 0.000000 
0.054740 0.000000 0.000000 0.000000 0.000000 0.000000 0.000000 0.000000 0.000000 0.000000 
0.066904 0.000000 0.000000 0.000000 0.000000 0.000000 0.000000 0.000000 0.000000 0.000000 
0.079069 0.000000 0.000000 0.000000 0.000000 0.000000 0.000000 0.000000 0.000000 0.000000 
0.091233 0.000000 0.000000 0.000000 0.000000 0.000000 0.000000 0.000000 0.000000 0.000000 
0.103397 0.000000 0.000000 0.000000 0.000000 0.000000 0.000000 0.000000 0.000000 0.000000 
0.115562 0.000000 0.000000 0.000000 0.000000 0.000000 0.000000 0.000000 0.000000 0.000000 
0.127726 0.000000 0.000000 0.000000 0.000000 0.000000 0.000000 0.000000 0.000000 0.000000 
0.139891 0.000000 0.000000 0.000000 0.000000 0.000000 0.000000 0.000000 0.000000 0.000000 
0.152055 0.000000 0.000000 0.000000 0.000000 0.000000 0.000000 0.000000 0.000000 0.000000 
0.164219 0.000000 0.000000 0.000000 0.000000 0.000000 0.000000 0.000000 0.000000 0.000000 
0.176384 0.000000 0.000000 0.000000 0.000000 0.000000 0.000000 0.000000 0.000000 0.000000 
0.188548 0.000000 0.000000 0.000000 0.000000 0.000000 0.000000 0.000000 0.000000 0.000000 
0.200713 0.000000 0.000000 0.000000 0.000000 0.000000 0.000000 0.000000 0.000000 0.000000 
0.212877 0.000000 0.000000 0.000000 0.000000 0.000000 0.000000 0.000000 0.000000 0.000000 
0.225041 0.000000 0.000000 0.000000 0.000000 0.000000 0.000000 0.000000 0.000000 0.000000 
0.237206 0.000000 0.000000 0.000000 0.000000 0.000000 0.000000 0.000000 0.000000 0.000000 
0.249370 0.000000 0.000000 0.000000 0.000000 0.000000 0.000000 0.000000 0.000000 0.000000 
0.261535 0.000000 0.000000 0.000000 0.000000 0.000000 0.000000 0.000000 0.000000 0.000000 
0.273699 0.000000 0.000000 0.000000 0.000000 0.000000 0.000000 0.000000 0.000000 0.000000 
0.285863 0.000000 0.000000 0.000000 0.000000 0.000000 0.000000 0.000000 0.000000 0.000000 
0.298028 0.000000 0.000000 0.000000 0.000000 0.000000 0.000000 0.000000 0.000000 0.000000 
0.310192 0.000000 0.000000 0.000000 0.000000 0.000000 0.000000 0.000000 0.000000 0.000000 
0.322357 0.000000 0.000000 0.000000 0.000000 0.000000 0.000000 0.000000 0.000000 0.000000 
0.334521 0.000000 0.000000 0.000000 0.000000 0.000000 0.000000 0.000000 0.000000 0.000000 
0.346685 0.000000 0.000000 0.000000 0.000000 0.000000 0.000000 0.000000 0.000000 0.000000 
0.358850 0.000000 0.000000 0.000000 0.000000 0.000000 0.000000 0.000000 0.000000 0.000000 
0.371014 0.000000 0.000000 0.000000 0.000000 0.000000 0.000000 0.000000 0.000000 0.000000 
0.383179 0.000000 0.000000 0.000000 0.000000 0.000000 0.000000 0.000000 0.000000 0.000000 
0.395343 0.000000 0.000000 0.000000 0.000000 0.000000 0.000000 0.000000 0.000000 0.000000 
0.407507 0.000000 0.000000 0.000000 0.000000 0.000000 0.000000 0.000000 0.000000 0.000000 
0.419672 0.000000 0.000000 0.000000 0.000000 0.000000 0.000000 0.000000 0.000000 0.000000 
0.431836 0.000000 0.000000 0.000000 0.000000 0.000000 0.000000 0.000000 0.000000 0.000000 
0.444001 0.000000 0.000000 0.000000 0.000000 0.000000 0.000000 0.000000 0.000000 0.000000 
0.456165 0.000000 0.000000 0.000000 0.000000 0.000000 0.000000 0.000000 0.000000 0.000000 
0.468329 0.000000 0.000000 0.000000 0.000000 0.000000 0.000000 0.000000 0.000000 0.000000 
0.480494 0.000000 0.000000 0.000000 0.000000 0.000000 0.000000 0.000000 0.000000 0.000000 
0.492658 0.000000 0.000000 0.000000 0.000000 0.000000 0.000000 0.000000 0.000000 0.000000 
0.504823 0.000000 0.000000 0.000000 0.000000 0.000000 0.000000 0.000000 0.000000 0.000000 
0.516987 0.000000 0.000000 0.000000 0.000000 0.000000 0.000000 0.000000 0.000000 0.000000 
0.529151 0.000000 0.000000 0.000000 0.000000 0.000000 0.000000 0.000000 0.000000 0.000000 
0.541316 0.000000 0.000000 0.000000 0.000000 0.000000 0.000000 0.000000 0.000000 0.000000 
0.553480 0.000000 0.000000 0.000000 0.000000 0.000000 0.000000 0.000000 0.000000 0.000000 
0.565645 0.000000 0.000000 0.000000 0.000000 0.000000 0.000000 0.000000 0.000000 0.000000 
0.577809 0.000000 0.000000 0.000000 0.000000 0.000000 0.000000 0.000000 0.000000 0.000000 
0.589973 0.000000 0.000000 0.000000 0.000000 0.000000 0.000000 0.000000 0.000000 0.000000 
0.602138 0.000000 0.000000 0.000000 0.000000 0.000000 0.000000 0.000000 0.000000 0.000000 
0.614302 0.000000 0.000000 0.000000 0.000000 0.000000 0.000000 0.000000 0.000000 0.000000 
0.626467 0.000000 0.000000 0.000000 0.000000 0.000000 0.000000 0.000000 0.000000 0.000000 
0.638631 0.000000 0.000000 0.000000 0.000000 0.000000 0.000000 0.000000 0.000000 0.000000 
0.650795 0.000000 0.000000 0.000000 0.000000 0.000000 0.000000 0.000000 0.000000 0.000000 
0.662960 0.000000 0.000000 0.000000 0.000000 0.000000 0.000000 0.000000 0.000000 0.000000 
0.675124 0.000000 0.000000 0.000000 0.000000 0.000000 0.000000 0.000000 0.000000 0.000000 
0.687289 0.000000 0.000000 0.000000 0.000000 0.000000 0.000000 0.000000 0.000000 0.000000 
0.699453 0.000000 0.000000 0.000000 0.000000 0.000000 0.000000 0.000000 0.000000 0.000000 
0.711617 0.000000 0.000000 0.000000 0.000000 0.000000 0.000000 0.000000 0.000000 0.000000 
0.723782 0.000000 0.000000 0.000000 0.000000 0.000000 0.000000 0.000000 0.000000 0.000000 
0.735946 0.000000 0.000000 0.000000 0.000000 0.000000 0.000000 0.000000 0.000000 0.000000 
0.748111 0.000000 0.000000 0.000000 0.000000 0.000000 0.000000 0.000000 0.000000 0.000000 
0.760275 0.000000 0.000000 0.000000 0.000000 0.000000 0.000000 0.000000 0.000000 0.000000 
0.772439 0.000000 0.000000 0.000000 0.000000 0.000000 0.000000 0.000000 0.000000 0.000000 
0.784604 0.000000 0.000000 0.000000 0.000000 0.000000 0.000000 0.000000 0.000000 0.000000 
0.796768 0.000000 0.000000 0.000000 0.000000 0.000000 0.000000 0.000000 0.000000 0.000000 
0.808933 0.000000 0.000000 0.000000 0.000000 0.000000 0.000000 0.000000 0.000000 0.000000 
0.821097 0.000000 0.000000 0.000000 0.000000 0.000000 0.000000 0.000000 0.000000 0.000000 
0.833261 0.000000 0.000000 0.000000 0.000000 0.000000 0.000000 0.000000 0.000000 0.000000 
0.845426 0.000000 0.000000 0.000000 0.000000 0.000000 0.000000 0.000000 0.000000 0.000000 
0.857590 0.000000 0.000000 0.000000 0.000000 0.000000 0.000000 0.000000 0.000000 0.000000 
0.869755 0.000000 0.000000 0.000000 0.000000 0.000000 0.000000 0.000000 0.000000 0.000000 
0.881919 0.000000 0.000000 0.000000 0.000000 0.000317 0.000000 0.000000 0.000000 0.000000 
0.894083 0.000000 0.000000 0.000000 0.000000 0.001749 0.000051 0.000000 0.000051 0.000000 
0.906248 0.000000 0.000000 0.000000 0.000000 0.006610 0.000000 0.000000 0.000000 0.000000 
0.918412 0.000000 0.000000 0.000000 0.000000 0.031887 0.000000 0.000000 0.000000 0.000000 
0.930577 0.000000 0.000000 0.000000 0.000000 0.076744 0.000663 0.000000 0.000663 0.000000 
0.942741 0.000000 0.000000 0.000000 0.000000 0.168340 0.003597 0.000000 0.003597 0.000000 
0.954905 0.000000 0.000000 0.000000 0.000000 0.307683 0.011508 0.000000 0.011508 0.000090 
0.967070 0.000000 0.000394 0.000000 0.000394 0.499719 0.034185 0.000000 0.034185 0.000264 
0.979234 0.000000 0.000684 0.000000 0.000684 0.741021 0.085918 0.000000 0.085918 0.001544 
0.991399 0.000000 0.005213 0.000000 0.005213 1.011240 0.176611 0.000000 0.176611 0.005021 
1.003563 0.000000 0.016523 0.000081 0.016523 1.324407 0.314024 0.000081 0.314024 0.015272 
1.015727 0.000000 0.042232 0.000318 0.042232 1.565697 0.503963 0.000318 0.503963 0.043449 
1.027892 0.000000 0.095511 0.001474 0.095511 1.820460 0.728239 0.001474 0.728239 0.089914 
1.040056 0.000000 0.187339 0.008071 0.187339 2.022072 0.998988 0.008071 0.998988 0.187053 
1.052221 0.000149 0.320270 0.022139 0.320270 2.195116 1.269157 0.022139 1.269157 0.322344 
1.064385 0.000508 0.504956 0.050579 0.504956 2.299340 1.516061 0.050579 1.516061 0.516845 
1.076549 0.003265 0.723109 0.107656 0.723109 2.371891 1.769611 0.107656 1.769611 0.723185 
1.088714 0.009993 0.959653 0.203335 0.959653 2.380112 1.967029 0.203335 1.967029 0.967547 
1.100878 0.027351 1.229208 0.339626 1.229208 2.380446 2.117876 0.339626 2.117876 1.219643 
1.113043 0.058691 1.469367 0.507964 1.469367 2.388475 2.222066 0.507964 2.222066 1.471792 
1.125207 0.120963 1.713030 0.720221 1.713030 2.331827 2.304598 0.720221 2.304598 1.682055 
1.137371 0.217008 1.893075 0.954047 1.893075 2.272637 2.346905 0.954047 2.346905 1.896609 
1.149536 0.343712 2.051523 1.198115 2.051523 2.165911 2.351718 1.198115 2.351718 2.083562 
1.161700 0.521401 2.152879 1.427508 2.152879 2.107116 2.336204 1.427508 2.336204 2.151486 
1.173865 0.710023 2.265838 1.631030 2.265838 1.996958 2.294751 1.631030 2.294751 2.249033 
1.186029 0.935262 2.300232 1.834510 2.300232 1.924903 2.238109 1.834510 2.238109 2.282285 
1.198193 1.158606 2.319766 1.973451 2.319766 1.843698 2.173075 1.973451 2.173075 2.323801 
1.210358 1.394435 2.295840 2.100041 2.295840 1.772183 2.116129 2.100041 2.116129 2.304052 
1.222522 1.591566 2.272900 2.178723 2.272900 1.691782 2.023882 2.178723 2.023882 2.271064 
1.234687 1.774199 2.226287 2.238655 2.226287 1.622909 1.952410 2.238655 1.952410 2.212690 
1.246851 1.921803 2.152818 2.268220 2.152818 1.556161 1.859977 2.268220 1.859977 2.179462 
1.259015 2.036812 2.115070 2.249636 2.115070 1.501262 1.788843 2.249636 1.788843 2.112000 
1.271180 2.121116 2.035893 2.258454 2.035893 1.431299 1.734217 2.258454 1.734217 2.035653 
1.283344 2.163528 1.965208 2.213930 1.965208 1.376513 1.644090 2.213930 1.644090 1.964664 
1.295509 2.217695 1.900630 2.156281 1.900630 1.330264 1.574032 2.156281 1.574032 1.891059 
1.307673 2.225209 1.827226 2.106260 1.827226 1.268978 1.519476 2.106260 1.519476 1.802697 
1.319837 2.204898 1.750528 2.031875 1.750528 1.239591 1.462734 2.031875 1.462734 1.762002 
1.332002 2.177905 1.691111 1.972451 1.691111 1.190595 1.400530 1.972451 1.400530 1.667769 
1.344166 2.132337 1.600728 1.906626 1.600728 1.151708 1.334575 1.906626 1.334575 1.600254 
1.356331 2.074657 1.540980 1.834061 1.540980 1.095541 1.297942 1.834061 1.297942 1.547788 
1.368495 2.029438 1.495862 1.762310 1.495862 1.076602 1.251498 1.762310 1.251498 1.469243 
1.380659 1.972758 1.426514 1.696757 1.426514 1.042818 1.215812 1.696757 1.215812 1.429861 
1.392824 1.902430 1.366963 1.631093 1.366963 1.014983 1.178516 1.631093 1.178516 1.381816 
1.404988 1.843130 1.318956 1.561048 1.318956 0.996109 1.131204 1.561048 1.131204 1.337201 
1.417153 1.764549 1.278355 1.510409 1.278355 0.963959 1.100060 1.510409 1.100060 1.275709 
1.429317 1.709576 1.227830 1.446181 1.227830 0.944329 1.060801 1.446181 1.060801 1.230869 
1.441481 1.624658 1.191579 1.388032 1.191579 0.928529 1.026530 1.388032 1.026530 1.189587 
1.453646 1.571361 1.161276 1.340685 1.161276 0.905823 1.004214 1.340685 1.004214 1.144355 
1.465810 1.527282 1.107953 1.305686 1.107953 0.892650 0.969893 1.305686 0.969893 1.116865 
1.477975 1.456594 1.076401 1.248711 1.076401 0.874431 0.953102 1.248711 0.953102 1.099148 
1.490139 1.405291 1.049883 1.208115 1.049883 0.853146 0.934310 1.208115 0.934310 1.052024 
1.502303 1.369615 1.020001 1.169106 1.020001 0.847367 0.921184 1.169106 0.921184 1.008233 
1.514468 1.308277 0.989374 1.132751 0.989374 0.835989 0.889120 1.132751 0.889120 1.002312 
1.526632 1.273937 0.968773 1.101310 0.968773 0.809705 0.873855 1.101310 0.873855 0.951332 
1.538797 1.216000 0.949301 1.060969 0.949301 0.805144 0.863842 1.060969 0.863842 0.953293 
1.550961 1.169521 0.928991 1.036240 0.928991 0.800265 0.849722 1.036240 0.849722 0.926371 
1.563125 1.153173 0.909590 0.997846 0.909590 0.790349 0.832959 0.997846 0.832959 0.899015 
1.575290 1.111159 0.889245 0.975730 0.889245 0.784944 0.826231 0.975730 0.826231 0.882756 
1.587454 1.089473 0.868667 0.952010 0.868667 0.771173 0.808892 0.952010 0.808892 0.877349 
1.599619 1.054408 0.860319 0.941886 0.860319 0.777257 0.813496 0.941886 0.813496 0.859612 
1.611783 1.024569 0.842846 0.912885 0.842846 0.778907 0.791520 0.912885 0.791520 0.837132 
1.623947 0.987507 0.832691 0.895872 0.832691 0.769652 0.787587 0.895872 0.787587 0.820427 
1.636112 0.965156 0.820424 0.879268 0.820424 0.769304 0.773523 0.879268 0.773523 0.815824 
1.648276 0.936349 0.809845 0.860885 0.809845 0.764901 0.777197 0.860885 0.777197 0.808739 
1.660441 0.923724 0.794515 0.846638 0.794515 0.759463 0.777581 0.846638 0.777581 0.802303 
1.672605 0.901243 0.794318 0.838477 0.794318 0.766001 0.770729 0.838477 0.770729 0.788610 
1.684769 0.894457 0.781972 0.821323 0.781972 0.767158 0.762680 0.821323 0.762680 0.791093 
1.696934 0.866132 0.784786 0.809895 0.784786 0.788525 0.760431 0.809895 0.760431 0.775728 
1.709098 0.863316 0.774195 0.804169 0.774195 0.772702 0.770687 0.804169 0.770687 0.773406 
1.721263 0.843273 0.773958 0.796689 0.773958 0.775672 0.759003 0.796689 0.759003 0.769370 
1.733427 0.830321 0.771829 0.788008 0.771829 0.775382 0.767423 0.788008 0.767423 0.770154 
1.745591 0.819013 0.764426 0.774394 0.764426 0.785109 0.768932 0.774394 0.768932 0.765215 
1.757756 0.809013 0.764209 0.783949 0.764209 0.785134 0.768879 0.783949 0.768879 0.766632 
1.769920 0.794525 0.765145 0.775390 0.765145 0.794630 0.769973 0.775390 0.769973 0.751044 
1.782085 0.790035 0.766338 0.766428 0.766338 0.793428 0.778109 0.766428 0.778109 0.758412 
1.794249 0.774906 0.762659 0.766466 0.762659 0.807558 0.775888 0.766466 0.775888 0.763690 
1.806413 0.780947 0.774186 0.765619 0.774186 0.807111 0.780353 0.765619 0.780353 0.768394 
1.818578 0.776553 0.766987 0.761682 0.766987 0.812988 0.791105 0.761682 0.791105 0.766903 
1.830742 0.765426 0.771092 0.758631 0.771092 0.831489 0.796615 0.758631 0.796615 0.758309 
1.842907 0.762022 0.780216 0.761232 0.780216 0.847487 0.790329 0.761232 0.790329 0.769069 
1.855071 0.756786 0.777668 0.758063 0.777668 0.855163 0.803514 0.758063 0.803514 0.777437 
1.867235 0.745030 0.780614 0.759100 0.780614 0.859801 0.810886 0.759100 0.810886 0.784947 
1.879400 0.766109 0.787391 0.764832 0.787391 0.869572 0.821091 0.764832 0.821091 0.786462 
1.891564 0.755360 0.794427 0.773657 0.794427 0.886851 0.829928 0.773657 0.829928 0.798095 
1.903729 0.756866 0.800352 0.777585 0.800352 0.883983 0.845105 0.777585 0.845105 0.806977 
1.915893 0.759655 0.810321 0.780349 0.810321 0.901632 0.847361 0.780349 0.847361 0.807519 
1.928057 0.766421 0.819956 0.788874 0.819956 0.914886 0.862440 0.788874 0.862440 0.815784 
1.940222 0.764714 0.831818 0.788080 0.831818 0.929941 0.874653 0.788080 0.874653 0.839090 
1.952386 0.770334 0.838736 0.800810 0.838736 0.936031 0.882920 0.800810 0.882920 0.839362 
1.964551 0.768929 0.849736 0.805194 0.849736 0.947650 0.900183 0.805194 0.900183 0.839621 
1.976715 0.773704 0.860437 0.805249 0.860437 0.961599 0.905922 0.805249 0.905922 0.857421 
1.988879 0.787134 0.871406 0.821409 0.871406 0.971800 0.923610 0.821409 0.923610 0.867791 
2.001044 0.791397 0.877744 0.829889 0.877744 0.981774 0.932611 0.829889 0.932611 0.881224 
2.013208 0.799262 0.896020 0.837313 0.896020 0.996357 0.943562 0.837313 0.943562 0.885410 
2.025373 0.808117 0.898699 0.854474 0.898699 0.995052 0.951597 0.854474 0.951597 0.905103 
2.037537 0.815931 0.914520 0.868076 0.914520 1.018631 0.958850 0.868076 0.958850 0.915845 
2.049701 0.829044 0.928927 0.871414 0.928927 1.035513 0.978772 0.871414 0.978772 0.925230 
2.061866 0.834965 0.937957 0.886501 0.937957 1.040452 0.987379 0.886501 0.987379 0.937157 
2.074030 0.836383 0.955611 0.893483 0.955611 1.041057 1.005579 0.893483 1.005579 0.946445 
2.086195 0.862244 0.964691 0.914531 0.964691 1.053879 1.016000 0.914531 1.016000 0.966358 
2.098359 0.865782 0.969299 0.915809 0.969299 1.060003 1.027388 0.915809 1.027388 0.972672 
2.110523 0.879725 0.991635 0.938235 0.991635 1.066229 1.036983 0.938235 1.036983 0.987879 
2.122688 0.893896 1.003736 0.943833 1.003736 1.078505 1.043999 0.943833 1.043999 1.005030 
2.134852 0.901623 1.013670 0.960204 1.013670 1.090863 1.056496 0.960204 1.056496 1.014921 
2.147017 0.918218 1.018010 0.970340 1.018010 1.095937 1.060718 0.970340 1.060718 1.019264 
2.159181 0.935141 1.038179 0.986042 1.038179 1.098179 1.072934 0.986042 1.072934 1.041528 
2.171345 0.942139 1.044384 1.000463 1.044384 1.100773 1.079316 1.000463 1.079316 1.037584 
2.183510 0.953028 1.052107 1.012224 1.052107 1.111797 1.083607 1.012224 1.083607 1.050588 
2.195674 0.974144 1.065686 1.024842 1.065686 1.115170 1.088990 1.024842 1.088990 1.067740 
2.207839 0.981108 1.072403 1.031276 1.072403 1.118427 1.108518 1.031276 1.108518 1.077339 
2.220003 0.988711 1.081425 1.036905 1.081425 1.124596 1.104845 1.036905 1.104845 1.080235 
2.232167 1.013291 1.090401 1.052535 1.090401 1.124720 1.116035 1.052535 1.116035 1.083665 
2.244332 1.020871 1.105508 1.069483 1.105508 1.117770 1.115826 1.069483 1.115826 1.096999 
2.256496 1.029711 1.098188 1.070311 1.098188 1.120881 1.130041 1.070311 1.130041 1.102418 
2.268661 1.043424 1.104160 1.085301 1.104160 1.120805 1.118558 1.085301 1.118558 1.120965 
2.280825 1.050713 1.108968 1.089262 1.108968 1.129452 1.122205 1.089262 1.122205 1.110289 
2.292989 1.060854 1.115140 1.095354 1.115140 1.107035 1.123738 1.095354 1.123738 1.118126 
2.305154 1.070708 1.118374 1.101434 1.118374 1.118121 1.126497 1.101434 1.126497 1.110412 
2.317318 1.082420 1.125754 1.108931 1.125754 1.111277 1.118167 1.108931 1.118167 1.118215 
2.329483 1.093341 1.123144 1.111285 1.123144 1.101830 1.128152 1.111285 1.128152 1.128992 
2.341647 1.100627 1.124221 1.114989 1.124221 1.102817 1.116633 1.114989 1.116633 1.122048 
2.353811 1.107259 1.124061 1.126021 1.124061 1.096080 1.121494 1.126021 1.121494 1.123441 
2.365976 1.105924 1.121209 1.124050 1.121209 1.091348 1.114744 1.124050 1.114744 1.129007 
2.378140 1.112971 1.121183 1.120596 1.121183 1.092872 1.107732 1.120596 1.107732 1.118541 
2.390305 1.124597 1.120346 1.128518 1.120346 1.084735 1.102620 1.128518 1.102620 1.125922 
2.402469 1.118981 1.119228 1.129212 1.119228 1.069489 1.100224 1.129212 1.100224 1.118411 
2.414633 1.127090 1.113041 1.127615 1.113041 1.068926 1.093982 1.127615 1.093982 1.118922 
2.426798 1.125163 1.109796 1.128226 1.109796 1.060178 1.090149 1.128226 1.090149 1.109213 
2.438962 1.130491 1.103425 1.124841 1.103425 1.052699 1.082933 1.124841 1.082933 1.102159 
2.451127 1.133924 1.105175 1.122940 1.105175 1.050962 1.078030 1.122940 1.078030 1.104573 
2.463291 1.126096 1.097247 1.116114 1.097247 1.044261 1.070848 1.116114 1.070848 1.105126 
2.475455 1.127619 1.092944 1.116302 1.092944 1.035728 1.069975 1.116302 1.069975 1.090721 
2.487620 1.122772 1.083514 1.111982 1.083514 1.034981 1.060139 1.111982 1.060139 1.089211 
2.499784 1.125600 1.081653 1.105345 1.081653 1.027223 1.055199 1.105345 1.055199 1.079558 
2.511949 1.120022 1.073688 1.101140 1.073688 1.024852 1.049835 1.101140 1.049835 1.079352 
2.524113 1.125399 1.066583 1.097116 1.066583 1.007155 1.034994 1.097116 1.034994 1.073913 
2.536277 1.116049 1.062767 1.092639 1.062767 1.005534 1.035183 1.092639 1.035183 1.068917 
2.548442 1.109941 1.055783 1.093606 1.055783 0.998314 1.031017 1.093606 1.031017 1.056660 
2.560606 1.105204 1.046025 1.080433 1.046025 0.990382 1.019475 1.080433 1.019475 1.046557 
2.572771 1.098856 1.038001 1.068096 1.038001 0.992961 1.011008 1.068096 1.011008 1.046753 
2.584935 1.097570 1.036758 1.069129 1.036758 0.993935 1.004627 1.069129 1.004627 1.032895 
2.597099 1.084923 1.027737 1.057010 1.027737 0.979622 1.009209 1.057010 1.009209 1.026254 
2.609264 1.080593 1.018442 1.052097 1.018442 0.977335 0.998255 1.052097 0.998255 1.020731 
2.621428 1.072024 1.014929 1.039570 1.014929 0.974761 0.990182 1.039570 0.990182 1.019934 
2.633593 1.069226 1.009769 1.043478 1.009769 0.971439 0.986024 1.043478 0.986024 1.013502 
2.645757 1.070730 1.001116 1.033439 1.001116 0.974660 0.986015 1.033439 0.986015 1.006926 
2.657921 1.058320 1.000949 1.024378 1.000949 0.963267 0.977259 1.024378 0.977259 1.000455 
2.670086 1.038200 0.995041 1.017825 0.995041 0.962759 0.976729 1.017825 0.976729 0.996794 
2.682250 1.043793 0.986036 1.014847 0.986036 0.958140 0.971622 1.014847 0.971622 0.990003 
2.694414 1.040304 0.984668 1.010170 0.984668 0.959025 0.967944 1.010170 0.967944 0.984097 
2.706579 1.025385 0.975974 1.007514 0.975974 0.953605 0.961717 1.007514 0.961717 0.982831 
2.718743 1.017329 0.975941 0.996486 0.975941 0.953466 0.960192 0.996486 0.960192 0.974709 
2.730908 1.012885 0.970393 0.988091 0.970393 0.953406 0.960566 0.988091 0.960566 0.972629 
2.743072 1.013497 0.966529 0.991342 0.966529 0.950391 0.959485 0.991342 0.959485 0.969619 
2.755237 1.003560 0.967273 0.977786 0.967273 0.947262 0.950087 0.977786 0.950087 0.961120 
2.767401 0.997133 0.965128 0.978095 0.965128 0.957578 0.952374 0.978095 0.952374 0.965676 
2.779565 0.986027 0.960283 0.974389 0.960283 0.944326 0.951916 0.974389 0.951916 0.959965 
2.791730 0.987764 0.958864 0.969382 0.958864 0.957992 0.951191 0.969382 0.951191 0.949697 
2.803894 0.985667 0.953492 0.964509 0.953492 0.944895 0.951438 0.964509 0.951438 0.947783 
2.816059 0.983818 0.950586 0.959636 0.950586 0.950503 0.944275 0.959636 0.944275 0.954393 
2.828223 0.971529 0.951504 0.963694 0.951504 0.950244 0.948982 0.963694 0.948982 0.943426 
2.840387 0.977956 0.954496 0.955532 0.954496 0.956454 0.945772 0.955532 0.945772 0.954079 
2.852552 0.967884 0.948710 0.954760 0.948710 0.954016 0.950317 0.954760 0.950317 0.955158 
2.864716 0.963130 0.944616 0.945824 0.944616 0.953919 0.948412 0.945824 0.948412 0.943415 
2.876881 0.962376 0.948793 0.952789 0.948793 0.951076 0.948080 0.952789 0.948080 0.949208 
2.889045 0.959020 0.946169 0.947028 0.946169 0.953984 0.951364 0.947028 0.951364 0.945135 
2.901209 0.954072 0.945048 0.948028 0.945048 0.963805 0.951983 0.948028 0.951983 0.943078 
2.913374 0.954223 0.945880 0.945407 0.945880 0.961917 0.959749 0.945407 0.959749 0.947110 
2.925538 0.947842 0.948523 0.944371 0.948523 0.966697 0.953327 0.944371 0.953327 0.945516 
2.937703 0.952475 0.950611 0.946013 0.950611 0.962635 0.957099 0.946013 0.957099 0.946518 
2.949867 0.944825 0.950917 0.948289 0.950917 0.969439 0.960225 0.948289 0.960225 0.942112 
2.962031 0.945733 0.955886 0.950289 0.955886 0.966114 0.956405 0.950289 0.956405 0.953608 
2.974196 0.948883 0.953500 0.946614 0.953500 0.972445 0.958764 0.946614 0.958764 0.957949 
2.986360 0.944922 0.956806 0.949622 0.956806 0.974952 0.963580 0.949622 0.963580 0.949985 
2.998525 0.943144 0.956722 0.948284 0.956722 0.978639 0.968069 0.948284 0.968069 0.957388 
3.010689 0.946328 0.958951 0.944774 0.958951 0.983369 0.968008 0.944774 0.968008 0.954413 
3.022853 0.951526 0.957200 0.952234 0.957200 0.982382 0.972429 0.952234 0.972429 0.957071 
3.035018 0.947272 0.960548 0.951025 0.960548 0.980695 0.974921 0.951025 0.974921 0.967488 
3.047182 0.943896 0.966181 0.953847 0.966181 0.993946 0.976370 0.953847 0.976370 0.963225 
3.059347 0.950334 0.968025 0.954541 0.968025 0.994309 0.975089 0.954541 0.975089 0.964544 
3.071511 0.952517 0.973159 0.959282 0.973159 0.995961 0.980224 0.959282 0.980224 0.972203 
3.083675 0.951312 0.976793 0.959913 0.976793 0.993454 0.984737 0.959913 0.984737 0.974095 
3.095840 0.952511 0.974659 0.962440 0.974659 0.997112 0.986313 0.962440 0.986313 0.974018 
3.108004 0.953508 0.975404 0.967405 0.975404 0.998731 0.986801 0.967405 0.986801 0.976942 
3.120169 0.964413 0.978777 0.970512 0.978777 1.005348 0.990557 0.970512 0.990557 0.982299 
3.132333 0.954875 0.980042 0.970621 0.980042 1.006575 0.994200 0.970621 0.994200 0.979254 
3.144497 0.958330 0.984961 0.971170 0.984961 1.008223 0.998044 0.971170 0.998044 0.986288 
3.156662 0.969021 0.990106 0.975232 0.990106 1.013340 0.997708 0.975232 0.997708 0.986595 
3.168826 0.971851 0.988789 0.981923 0.988789 1.009728 1.000296 0.981923 1.000296 0.994558 
3.180991 0.970684 0.998307 0.981739 0.998307 1.005174 1.002018 0.981739 1.002018 0.990794 
3.193155 0.966811 0.992746 0.986860 0.992746 1.013987 1.007121 0.986860 1.007121 0.997788 
3.205319 0.973886 0.996165 0.991740 0.996165 1.018678 1.006793 0.991740 1.006793 1.002843 
3.217484 0.976662 0.997674 0.992174 0.997674 1.012217 1.010063 0.992174 1.010063 1.000959 
3.229648 0.985303 1.001262 0.992998 1.001262 1.018777 1.010709 0.992998 1.010709 0.998992 
3.241813 0.981209 1.008996 0.993543 1.008996 1.016859 1.014854 0.993543 1.014854 1.003554 
3.253977 0.989540 1.008129 0.999790 1.008129 1.021715 1.014206 0.999790 1.014206 1.007088 
3.266141 0.991420 1.012791 1.002090 1.012791 1.020742 1.018032 1.002090 1.018032 1.010141 
3.278306 0.988809 1.007908 1.001379 1.007908 1.019437 1.021638 1.001379 1.021638 1.015924 
3.290470 0.991361 1.011827 1.006198 1.011827 1.023032 1.021538 1.006198 1.021538 1.018596 
3.302635 1.002698 1.018457 1.008837 1.018457 1.026007 1.021963 1.008837 1.021963 1.013776 
3.314799 1.001049 1.015741 1.009052 1.015741 1.030520 1.021210 1.009052 1.021210 1.024419 
3.326963 1.005320 1.021740 1.011704 1.021740 1.026305 1.022995 1.011704 1.022995 1.020628 
3.339128 1.007247 1.019884 1.010991 1.019884 1.019522 1.023501 1.010991 1.023501 1.019758 
3.351292 1.010088 1.018415 1.016900 1.018415 1.028200 1.024710 1.016900 1.024710 1.015413 
3.363457 1.008685 1.026450 1.020641 1.026450 1.028803 1.024536 1.020641 1.024536 1.028439 
3.375621 1.014963 1.025860 1.022457 1.025860 1.023300 1.026907 1.022457 1.026907 1.017684 
3.387785 1.013248 1.024431 1.021935 1.024431 1.019512 1.025795 1.021935 1.025795 1.023568 
3.399950 1.013540 1.026199 1.022572 1.026199 1.022612 1.026231 1.022572 1.026231 1.021509 
3.412114 1.019988 1.029432 1.021799 1.029432 1.022503 1.025239 1.021799 1.025239 1.026043 
3.424279 1.015988 1.023903 1.026853 1.023903 1.026132 1.029468 1.026853 1.029468 1.023368 
3.436443 1.020001 1.025119 1.023588 1.025119 1.021206 1.031047 1.023588 1.031047 1.026221 
3.448607 1.019347 1.030111 1.027067 1.030111 1.027121 1.025282 1.027067 1.025282 1.028193 
3.460772 1.022104 1.029580 1.025144 1.029580 1.024281 1.020353 1.025144 1.020353 1.029583 
3.472936 1.030941 1.023256 1.028646 1.023256 1.020350 1.022053 1.028646 1.022053 1.024599 
3.485101 1.020892 1.027269 1.027559 1.027269 1.019565 1.022531 1.027559 1.022531 1.025402 
3.497265 1.032094 1.030561 1.023346 1.030561 1.020063 1.024783 1.023346 1.024783 1.028033 
3.509429 1.032051 1.024770 1.026774 1.024770 1.018080 1.019262 1.026774 1.019262 1.026248 
3.521594 1.029092 1.023120 1.026230 1.023120 1.012279 1.021196 1.026230 1.021196 1.030942 
3.533758 1.027229 1.023280 1.029382 1.023280 1.012435 1.018491 1.029382 1.018491 1.025458 
3.545923 1.029378 1.023847 1.029207 1.023847 1.013933 1.017546 1.029207 1.017546 1.026042 
3.558087 1.028940 1.021851 1.024231 1.021851 1.014724 1.019902 1.024231 1.019902 1.022410 
3.570251 1.021443 1.020862 1.030171 1.020862 1.011054 1.013553 1.030171 1.013553 1.016275 
3.582416 1.032066 1.020025 1.023720 1.020025 1.008872 1.015375 1.023720 1.015375 1.018383 
3.594580 1.025595 1.016333 1.025929 1.016333 1.009311 1.011540 1.025929 1.011540 1.021807 
3.606745 1.030950 1.017024 1.021120 1.017024 1.006410 1.012313 1.021120 1.012313 1.020378 
3.618909 1.024351 1.016617 1.023925 1.016617 1.001647 1.009957 1.023925 1.009957 1.013416 
3.631073 1.027125 1.012357 1.021662 1.012357 1.003388 1.005953 1.021662 1.005953 1.013307 
3.643238 1.022130 1.010778 1.018096 1.010778 1.002319 1.008576 1.018096 1.008576 1.011329 
3.655402 1.019622 1.006723 1.020996 1.006723 1.000576 1.006269 1.020996 1.006269 1.012961 
3.667567 1.021505 1.011365 1.018365 1.011365 0.999253 1.004418 1.018365 1.004418 1.012180 
3.679731 1.018729 1.009367 1.015276 1.009367 1.000511 1.002120 1.015276 1.002120 1.012102 
3.691895 1.020005 1.008858 1.015754 1.008858 0.990284 1.001962 1.015754 1.001962 1.010796 
3.704060 1.019071 1.004615 1.010957 1.004615 1.002693 1.000997 1.010957 1.000997 1.005517 
3.716224 1.017638 1.010165 1.011450 1.010165 0.991689 1.000635 1.011450 1.000635 1.007954 
3.728389 1.020655 1.006508 1.010731 1.006508 0.996159 1.002896 1.010731 1.002896 1.002241 
3.740553 1.017908 1.002222 1.006520 1.002222 0.991712 1.000125 1.006520 1.000125 1.000283 
3.752717 1.019408 1.004121 1.011743 1.004121 0.990719 0.993835 1.011743 0.993835 1.002658 
3.764882 1.011538 1.000902 1.004152 1.000902 0.992562 0.996622 1.004152 0.996622 1.000216 
3.777046 1.016192 0.998603 1.003527 0.998603 0.992185 0.997706 1.003527 0.997706 1.001467 
3.789211 1.011582 0.998790 1.003255 0.998790 0.990020 0.996968 1.003255 0.996968 1.000715 
3.801375 1.009069 0.995582 1.002940 0.995582 0.992961 0.993466 1.002940 0.993466 1.001146 
3.813539 1.007687 0.996346 1.001064 0.996346 0.988932 0.994629 1.001064 0.994629 0.996273 
3.825704 1.004093 0.994285 0.999589 0.994285 0.989993 0.991496 0.999589 0.991496 0.993337 
3.837868 0.999933 0.994340 0.999168 0.994340 0.991869 0.991410 0.999168 0.991410 0.994510 
3.850033 0.999897 0.994374 0.995873 0.994374 0.989726 0.993235 0.995873 0.993235 0.991352 
3.862197 1.005880 0.993577 0.998285 0.993577 0.989547 0.989544 0.998285 0.989544 0.992608 
3.874361 0.998522 0.993148 0.997471 0.993148 0.987058 0.988091 0.997471 0.988091 0.998577 
3.886526 0.998745 0.994018 0.996053 0.994018 0.992096 0.990300 0.996053 0.990300 0.987369 
3.898690 0.999335 0.992865 0.993215 0.992865 0.989243 0.988955 0.993215 0.988955 0.983761 
3.910855 0.998470 0.989144 0.992719 0.989144 0.990022 0.987512 0.992719 0.987512 0.991694 
3.923019 0.997229 0.994182 0.991964 0.994182 0.986145 0.991836 0.991964 0.991836 0.991858 
3.935183 0.998095 0.990239 0.993167 0.990239 0.989485 0.989472 0.993167 0.989472 0.992938 
3.947348 0.994656 0.989846 0.990783 0.989846 0.992386 0.989157 0.990783 0.989157 0.989879 
3.959512 0.998575 0.985531 0.994083 0.985531 0.992578 0.986216 0.994083 0.986216 0.993984 
3.971677 0.995503 0.988349 0.987612 0.988349 0.986112 0.989636 0.987612 0.989636 0.991165 
3.983841 0.993951 0.987520 0.990932 0.987520 0.992453 0.989073 0.990932 0.989073 0.987794 
3.996005 0.989377 0.989731 0.986577 0.989731 0.994873 0.990846 0.986577 0.990846 0.985415 
4.008170 0.988752 0.988508 0.989937 0.988508 0.987201 0.988816 0.989937 0.988816 0.988967 
4.020334 0.988760 0.989695 0.988467 0.989695 0.993992 0.987952 0.988467 0.987952 0.989722 
4.032499 0.992649 0.989713 0.987911 0.989713 0.990859 0.992204 0.987911 0.992204 0.986782 
4.044663 0.991050 0.988553 0.988566 0.988553 0.996656 0.986837 0.988566 0.986837 0.992981 
4.056827 0.990589 0.989262 0.988221 0.989262 0.990744 0.986742 0.988221 0.986742 0.987901 
4.068992 0.991397 0.987052 0.987389 0.987052 0.994487 0.992912 0.987389 0.992912 0.989509 
4.081156 0.989885 0.988650 0.987398 0.988650 0.992656 0.992145 0.987398 0.992145 0.990112 
4.093321 0.990594 0.990837 0.989093 0.990837 0.998090 0.990352 0.989093 0.990352 0.988459 
4.105485 0.983985 0.989334 0.987172 0.989334 0.996210 0.991849 0.987172 0.991849 0.995483 
4.117649 0.988829 0.989077 0.987745 0.989077 0.997411 0.992626 0.987745 0.992626 0.990701 
4.129814 0.991389 0.990279 0.986568 0.990279 0.995488 0.993826 0.986568 0.993826 0.995811 
4.141978 0.987181 0.989596 0.991856 0.989596 0.993836 0.993942 0.991856 0.993942 0.991064 
4.154143 0.990797 0.994285 0.989929 0.994285 0.998614 0.995432 0.989929 0.995432 0.988619 
4.166307 0.993185 0.991384 0.992019 0.991384 0.998412 0.995530 0.992019 0.995530 0.993526 
4.178471 0.989610 0.995558 0.988088 0.995558 0.994311 0.996756 0.988088 0.996756 0.990420 
4.190636 0.989727 0.992985 0.991400 0.992985 0.997685 0.996649 0.991400 0.996649 0.992889 
4.202800 0.987943 0.991913 0.992827 0.991913 1.000558 0.996689 0.992827 0.996689 0.993419 
4.214965 0.990011 0.993877 0.994015 0.993877 0.999113 0.996687 0.994015 0.996687 0.991983 
4.227129 0.993019 0.998504 0.996350 0.998504 0.999353 0.998121 0.996350 0.998121 1.000292 
4.239293 0.994269 0.997044 0.994679 0.997044 0.995976 1.000874 0.994679 1.000874 1.000182 
4.251458 0.992799 1.001046 0.995248 1.001046 1.003147 1.000731 0.995248 1.000731 0.999593 
4.263622 0.989330 0.999689 0.993146 0.999689 1.002030 0.999015 0.993146 0.999015 0.997392 
4.275787 0.995208 0.999535 0.999172 0.999535 1.004921 0.999354 0.999172 0.999354 0.999940 
4.287951 0.992511 1.000969 0.998571 1.000969 1.002850 0.998666 0.998571 0.998666 0.998398 
4.300115 0.994347 0.998257 0.996723 0.998257 1.006793 1.003882 0.996723 1.003882 0.999836 
4.312280 0.993579 1.001793 0.999018 1.001793 1.001005 1.000501 0.999018 1.000501 1.002385 
4.324444 0.993671 0.999363 0.998598 0.999363 1.007403 1.004233 0.998598 1.004233 1.004306 
4.336609 0.999143 1.002585 0.998664 1.002585 1.005621 1.001759 0.998664 1.001759 1.002380 
4.348773 0.998372 0.999227 0.999025 0.999227 1.007792 1.002489 0.999025 1.002489 1.004313 
4.360937 0.998376 1.001934 1.001624 1.001934 1.005421 1.002719 1.001624 1.002719 1.002268 
4.373102 0.998043 1.004822 1.000959 1.004822 1.007514 1.006845 1.000959 1.006845 1.002094 
4.385266 1.002303 1.002592 1.002247 1.002592 1.009429 1.007319 1.002247 1.007319 1.003197 
4.397431 1.002223 1.005777 1.003337 1.005777 1.006217 1.005249 1.003337 1.005249 1.004630 
4.409595 1.000919 1.005640 1.004044 1.005640 1.009811 1.007103 1.004044 1.007103 1.003614 
4.421759 1.004434 1.007878 1.001530 1.007878 1.006613 1.004031 1.001530 1.004031 1.007988 
4.433924 1.002530 1.006856 1.000664 1.006856 1.000689 1.005576 1.000664 1.005576 1.005906 
4.446088 1.003890 1.006932 1.003246 1.006932 1.006620 1.006213 1.003246 1.006213 1.002197 
4.458253 1.000915 1.007829 1.002556 1.007829 1.006572 1.006132 1.002556 1.006132 1.003948 
4.470417 1.006298 1.006762 1.002884 1.006762 1.003886 1.007248 1.002884 1.007248 1.001647 
4.482581 1.002961 1.007688 1.003920 1.007688 1.004967 1.008031 1.003920 1.008031 1.007063 
4.494746 1.001870 1.006194 1.007344 1.006194 1.007342 1.005967 1.007344 1.005967 1.008784 
4.506910 1.005282 1.006272 1.003943 1.006272 0.999617 1.005134 1.003943 1.005134 1.003355 
4.519075 1.006237 1.008627 1.006068 1.008627 1.008432 1.007088 1.006068 1.007088 1.002499 
4.531239 1.002676 1.005927 1.006766 1.005927 1.000188 1.008035 1.006766 1.008035 1.006001 
4.543403 1.007005 1.007836 1.007528 1.007836 1.004662 1.006265 1.007528 1.006265 1.005626 
4.555568 1.002260 1.008220 1.006211 1.008220 1.007817 1.006981 1.006211 1.006981 1.010004 
4.567732 1.002456 1.006792 1.007073 1.006792 1.003887 1.008244 1.007073 1.008244 1.012051 
4.579897 1.003608 1.005103 1.008538 1.005103 1.006827 1.005158 1.008538 1.005158 1.007129 
4.592061 1.003689 1.006280 1.006869 1.006280 1.006092 1.007778 1.006869 1.007778 1.008206 
4.604225 1.010808 1.006547 1.008630 1.006547 1.007735 1.007636 1.008630 1.007636 1.007130 
4.616390 1.004752 1.008250 1.008177 1.008250 1.006307 1.005161 1.008177 1.005161 1.005902 
4.628554 1.013463 1.004209 1.009855 1.004209 1.002605 1.006710 1.009855 1.006710 1.009578 
4.640719 1.007240 1.005617 1.004631 1.005617 1.001141 1.003458 1.004631 1.003458 1.004918 
4.652883 1.008650 1.005352 1.006056 1.005352 1.002970 1.002887 1.006056 1.002887 1.005652 
4.665047 1.008633 1.004438 1.007755 1.004438 1.001369 1.004860 1.007755 1.004860 1.009294 
4.677212 1.003203 1.006069 1.008025 1.006069 1.002978 1.003365 1.008025 1.003365 1.004726 
4.689376 1.007990 1.006681 1.008049 1.006681 1.001841 1.001924 1.008049 1.001924 1.006693 
4.701541 1.007838 1.006400 1.009301 1.006400 0.998342 1.004836 1.009301 1.004836 1.007786 
4.713705 1.006754 1.003517 1.007350 1.003517 0.998988 1.000749 1.007350 1.000749 1.006221 
4.725869 1.006032 1.004057 1.008250 1.004057 0.999112 1.002189 1.008250 1.002189 1.007166 
4.738034 1.009369 1.003209 1.005327 1.003209 0.997823 1.004819 1.005327 1.004819 0.999875 
4.750198 1.004462 1.005804 1.004781 1.005804 1.001976 0.999771 1.004781 0.999771 1.002949 
4.762363 1.003170 1.006081 1.004357 1.006081 0.996051 1.001680 1.004357 1.001680 1.006764 
4.774527 1.005357 1.004528 1.002052 1.004528 0.999396 1.003476 1.002052 1.003476 1.006836 
4.786691 1.006327 1.002751 1.006630 1.002751 1.002300 1.001211 1.006630 1.001211 1.003405 
4.798856 1.002922 1.002873 1.003914 1.002873 0.999578 1.003197 1.003914 1.003197 1.003422 
4.811020 1.006314 1.002086 1.006521 1.002086 0.997991 1.000344 1.006521 1.000344 1.002867 
4.823184 1.010317 1.003383 1.004501 1.003383 1.000463 1.002973 1.004501 1.002973 1.003992 
4.835349 1.004012 1.000718 1.002631 1.000718 1.003590 1.001188 1.002631 1.001188 1.000712 
4.847513 1.002406 1.000506 1.004762 1.000506 0.998024 1.000035 1.004762 1.000035 1.001815 
4.859678 1.004577 1.002210 1.004002 1.002210 1.000390 1.002004 1.004002 1.002004 1.000700 
4.871842 1.002982 1.000756 1.003516 1.000756 0.997510 0.998629 1.003516 0.998629 1.001447 
4.884007 1.004549 1.001667 1.003357 1.001667 0.999962 1.000764 1.003357 1.000764 1.000149 
4.896171 1.006012 0.997873 1.000195 0.997873 1.000783 1.000600 1.000195 1.000600 1.001967 
4.908335 1.002199 0.999488 1.001860 0.999488 0.999000 0.999674 1.001860 0.999674 0.996389 
4.920500 1.002569 0.999627 0.998958 0.999627 1.001132 0.998079 0.998958 0.998079 0.997415 
4.932664 1.005086 0.999431 0.999478 0.999431 0.999951 0.998336 0.999478 0.998336 0.999102 
4.944829 0.999543 0.999323 1.000034 0.999323 1.000472 0.998642 1.000034 0.998642 0.999560 
4.956993 1.004201 1.001078 0.999034 1.001078 0.997748 0.998574 0.999034 0.998574 0.999927 
4.969157 0.999734 0.998918 1.001994 0.998918 0.997509 0.996430 1.001994 0.996430 1.000030 
4.981322 0.999438 0.999230 0.998335 0.999230 1.001708 0.998453 0.998335 0.998453 0.998722 
4.993486 0.997758 1.001926 0.997481 1.001926 0.996013 0.998749 0.997481 0.998749 1.000555 
5.005651 1.003632 0.999166 1.001056 0.999166 0.999824 0.996967 1.001056 0.996967 0.997342 
5.017815 1.004436 0.994380 0.999037 0.994380 0.992830 0.998406 0.999037 0.998406 0.995430 
5.029979 0.999737 1.000472 0.998326 1.000472 0.997315 1.000846 0.998326 1.000846 0.997344 
5.042144 0.999523 0.997449 0.999845 0.997449 0.995032 0.996178 0.999845 0.996178 0.995689 
5.054308 1.000509 1.000651 0.998261 1.000651 1.002129 0.998543 0.998261 0.998543 0.996417 
5.066473 1.000092 0.997169 0.999554 0.997169 0.998099 0.998141 0.999554 0.998141 0.999006 
5.078637 1.000421 0.997043 0.996783 0.997043 0.996833 0.996552 0.996783 0.996552 0.995953 
5.090801 1.000184 1.001990 0.998720 1.001990 1.001730 0.999714 0.998720 0.999714 1.001139 
5.102966 0.994671 0.996528 0.998673 0.996528 0.997930 0.995078 0.998673 0.995078 0.999346 
5.115130 1.000284 0.997385 0.998405 0.997385 1.001965 0.997963 0.998405 0.997963 0.997109 
5.127295 0.995604 1.000145 0.997524 1.000145 0.993132 0.997070 0.997524 0.997070 0.996108 
5.139459 0.997556 0.995640 0.996232 0.995640 1.000084 1.000012 0.996232 1.000012 0.999069 
5.151623 1.003939 0.998684 0.998129 0.998684 0.998206 0.997329 0.998129 0.997329 0.998023 
5.163788 0.997018 0.997871 0.996887 0.997871 0.992989 0.997840 0.996887 0.997840 0.999337 
5.175952 0.998021 0.997156 0.997715 0.997156 1.000084 0.998580 0.997715 0.998580 0.998149 
5.188117 0.997617 0.998810 0.997402 0.998810 0.997492 0.997330 0.997402 0.997330 1.000912 
5.200281 0.995973 0.996988 0.998327 0.996988 1.001813 0.994751 0.998327 0.994751 0.997737 
5.212445 0.999834 0.998117 1.000155 0.998117 0.996967 0.998788 1.000155 0.998788 0.994854 
5.224610 0.998570 0.997963 0.997928 0.997963 1.000327 0.998392 0.997928 0.998392 0.992905 
5.236774 0.998079 0.996707 0.996641 0.996707 0.999257 0.997970 0.996641 0.997970 1.000091 
5.248939 0.998145 0.999013 0.998088 0.999013 1.001122 1.000275 0.998088 1.000275 1.002116 
5.261103 0.997680 0.997696 0.998001 0.997696 1.001629 1.001101 0.998001 1.001101 0.998868 
5.273268 0.998338 0.999652 1.000593 0.999652 1.000311 0.999163 1.000593 0.999163 0.997256 
5.285432 0.999464 0.997667 0.999965 0.997667 0.996696 0.997121 0.999965 0.997121 0.997438 
5.297596 0.997575 0.997755 1.000275 0.997755 0.997841 0.995110 1.000275 0.995110 0.998387 
5.309761 0.999154 1.000039 1.000450 1.000039 0.999262 1.001682 1.000450 1.001682 0.999429 
5.321925 0.997637 0.994786 0.998384 0.994786 0.999987 0.998206 0.998384 0.998206 0.999865 
5.334090 0.999018 0.997049 0.996646 0.997049 0.999163 0.999131 0.996646 0.999131 0.999221 
5.346254 0.999503 0.999952 1.003166 0.999952 1.003365 0.999984 1.003166 0.999984 0.998764 
5.358418 0.999154 1.000629 1.000443 1.000629 1.000340 0.999255 1.000443 0.999255 0.998756 
5.370583 1.002697 0.999518 1.000506 0.999518 1.005494 1.001237 1.000506 1.001237 1.001975 
5.382747 0.999862 1.001600 1.000939 1.001600 0.999902 1.000502 1.000939 1.000502 1.000112 
5.394911 1.001208 1.002425 0.998837 1.002425 0.996163 0.999861 0.998837 0.999861 0.996867 
5.407076 1.003759 1.001791 0.998641 1.001791 0.998987 0.999057 0.998641 0.999057 1.000577 
5.419240 1.001582 1.000236 1.001646 1.000236 1.002027 1.002542 1.001646 1.002542 1.001299 
5.431405 1.001699 1.002798 1.001881 1.002798 1.003383 1.001461 1.001881 1.001461 0.999766 
5.443569 0.999275 1.000848 1.003513 1.000848 1.000113 1.005107 1.003513 1.005107 1.000269 
5.455733 0.998804 1.001246 1.000808 1.001246 1.000763 1.000523 1.000808 1.000523 0.996446 
5.467898 1.002708 1.001972 1.000184 1.001972 1.003808 1.001312 1.000184 1.001312 1.001696 
5.480062 1.001709 1.000923 1.002012 1.000923 1.001288 1.001372 1.002012 1.001372 0.998595 
5.492227 1.001126 0.998973 1.001063 0.998973 1.005000 0.999971 1.001063 0.999971 0.998800 
5.504391 1.000030 1.004180 1.003807 1.004180 0.999778 1.004314 1.003807 1.004314 1.001349 
5.516555 1.004821 1.002141 0.998160 1.002141 0.999940 1.002138 0.998160 1.002138 1.000767 
5.528720 1.003572 1.003897 1.003500 1.003897 1.006487 1.002524 1.003500 1.002524 0.999480 
5.540884 1.002120 1.001281 1.002857 1.001281 1.002619 1.001775 1.002857 1.001775 1.004057 
5.553049 0.999820 1.002038 1.003817 1.002038 1.000372 1.003942 1.003817 1.003942 1.004795 
5.565213 1.003796 1.000790 1.000634 1.000790 1.003145 1.001940 1.000634 1.001940 1.003807 
5.577377 1.001225 1.002587 1.002655 1.002587 1.002468 1.004497 1.002655 1.004497 1.004964 
5.589542 1.000569 1.003814 1.001534 1.003814 0.999837 1.003453 1.001534 1.003453 1.001901 
5.601706 0.998333 1.000868 1.001079 1.000868 1.004199 1.000288 1.001079 1.000288 1.001994 
5.613871 1.003850 1.003208 1.003768 1.003208 1.002216 1.003992 1.003768 1.003992 1.001235 
5.626035 1.001122 1.002857 1.001454 1.002857 1.004004 1.001732 1.001454 1.001732 1.002580 
5.638199 1.004469 1.001843 1.006251 1.001843 1.002132 1.003285 1.006251 1.003285 1.003354 
5.650364 1.002348 1.003403 1.003417 1.003403 1.002157 1.003229 1.003417 1.003229 1.004270 
5.662528 1.000301 1.002247 1.002599 1.002247 1.002161 1.002697 1.002599 1.002697 1.001360 
5.674693 1.004360 1.001147 1.001753 1.001147 1.001185 1.001684 1.001753 1.001684 1.005190 
5.686857 0.999904 1.003276 1.002091 1.003276 1.001710 1.000897 1.002091 1.000897 1.001819 
5.699021 1.002818 1.001072 1.002690 1.001072 1.000995 1.002926 1.002690 1.002926 1.003413 
5.711186 1.002733 1.001798 1.003306 1.001798 1.000058 1.000693 1.003306 1.000693 1.004128 
5.723350 1.003168 1.001936 1.002817 1.001936 1.004358 1.001423 1.002817 1.001423 1.002455 
5.735515 1.001905 1.002005 1.001800 1.002005 1.001320 1.004770 1.001800 1.004770 1.003275 
5.747679 1.002068 1.002586 1.001090 1.002586 1.001625 1.003213 1.001090 1.003213 1.001491 
5.759843 1.002089 1.000883 1.001300 1.000883 1.003264 1.002993 1.001300 1.002993 1.004234 
5.772008 1.002270 1.000812 1.003204 1.000812 1.000640 1.000715 1.003204 1.000715 1.002529 
5.784172 0.999821 1.001986 1.001900 1.001986 0.998186 1.002986 1.001900 1.002986 0.998388 
5.796337 1.004364 1.002451 1.001469 1.002451 1.001600 1.000467 1.001469 1.000467 1.001779 
5.808501 1.005240 1.002405 1.003768 1.002405 1.002819 1.001156 1.003768 1.001156 1.000749 
5.820665 1.004014 1.002418 1.002294 1.002418 1.001033 1.002998 1.002294 1.002998 0.999375 
5.832830 1.004368 1.002064 1.002834 1.002064 0.999777 1.001373 1.002834 1.001373 1.003764 
5.844994 1.002027 1.000645 1.002719 1.000645 1.001081 1.001956 1.002719 1.001956 0.999756 
5.857159 1.004127 1.002698 1.003195 1.002698 0.997395 1.003944 1.003195 1.003944 1.002145 
5.869323 1.003096 1.001814 1.003060 1.001814 0.998426 1.002024 1.003060 1.002024 1.002896 
5.881487 1.004219 1.001931 1.001551 1.001931 0.999031 1.001564 1.001551 1.001564 0.997450 
5.893652 1.002374 0.999673 1.002965 0.999673 1.001417 1.002174 1.002965 1.002174 1.001263 
5.905816 1.002779 1.002808 1.000489 1.002808 0.996914 1.000471 1.000489 1.000471 0.999874 
5.917981 1.002580 1.002460 1.001415 1.002460 0.999588 1.002033 1.001415 1.002033 1.004989 
5.930145 1.004326 1.003088 1.001160 1.003088 1.000424 1.000664 1.001160 1.000664 1.003224 
5.942309 1.003819 1.001773 1.002298 1.001773 1.001219 1.001627 1.002298 1.001627 1.005109 
5.954474 1.004626 1.003088 0.999517 1.003088 1.001536 1.001184 0.999517 1.001184 1.002977 
5.966638 1.002015 1.000875 1.002208 1.000875 1.002103 1.000484 1.002208 1.000484 1.000837 
5.978802 0.998823 1.002495 0.999948 1.002495 1.001133 1.000577 0.999948 1.000577 1.001499 
5.990967 1.002517 0.999620 1.000808 0.999620 0.999803 1.001763 1.000808 1.001763 1.001719 
6.003131 0.999700 1.000732 1.002003 1.000732 0.998595 1.002318 1.002003 1.002318 1.003199 
6.015296 1.003766 0.998781 0.998791 0.998781 0.998761 0.999403 0.998791 0.999403 1.000195 
6.027460 1.001347 1.000332 1.002747 1.000332 1.000476 1.001819 1.002747 1.001819 1.001687 
6.039624 0.998580 0.999549 1.001570 0.999549 0.997800 1.001694 1.001570 1.001694 0.999495 
6.051789 1.002749 0.999920 1.000140 0.999920 0.998327 1.000455 1.000140 1.000455 1.000651 
6.063953 1.003153 0.999692 1.001003 0.999692 1.000782 1.001491 1.001003 1.001491 0.999348 
6.076118 1.001764 0.998658 1.001208 0.998658 1.003062 1.000196 1.001208 1.000196 0.998627 
6.088282 0.998494 0.995713 0.996962 0.995713 0.997074 0.995773 0.996962 0.995773 0.995458 
6.100446 0.990607 0.991216 0.991303 0.991216 0.989040 0.989879 0.991303 0.989879 0.991338 
6.112611 0.983423 0.985233 0.988192 0.985233 0.985052 0.983718 0.988192 0.983718 0.982664 
6.124775 0.982291 0.979572 0.978691 0.979572 0.979908 0.980009 0.978691 0.980009 0.977904 
6.136940 0.975242 0.972619 0.973694 0.972619 0.973724 0.972755 0.973694 0.972755 0.974978 
6.149104 0.971347 0.967837 0.967742 0.967837 0.966637 0.968363 0.967742 0.968363 0.968667 
6.161268 0.963506 0.960640 0.961946 0.960640 0.963196 0.960278 0.961946 0.960278 0.962325 
6.173433 0.957053 0.954412 0.956570 0.954412 0.953451 0.957156 0.956570 0.957156 0.954453 
6.185597 0.948289 0.951225 0.949699 0.951225 0.945284 0.949448 0.949699 0.949448 0.949029 
6.197762 0.941803 0.943971 0.945009 0.943971 0.943512 0.944842 0.945009 0.944842 0.944863 
6.209926 0.936780 0.938141 0.939470 0.938141 0.939557 0.938892 0.939470 0.938892 0.937090 
6.222090 0.932118 0.932966 0.932329 0.932966 0.935462 0.933381 0.932329 0.933381 0.934431 
6.234255 0.928012 0.927833 0.927922 0.927833 0.926657 0.924410 0.927922 0.924410 0.926511 
6.246419 0.922525 0.920905 0.921253 0.920905 0.920900 0.919817 0.921253 0.919817 0.919230 
6.258584 0.910343 0.914300 0.916257 0.914300 0.915593 0.914888 0.916257 0.914888 0.915773 
6.270748 0.908499 0.910325 0.911354 0.910325 0.913847 0.909966 0.911354 0.909966 0.908894 
6.282912 0.907470 0.904579 0.906060 0.904579 0.901890 0.902847 0.906060 0.902847 0.902655 
6.295077 0.898744 0.900298 0.898452 0.900298 0.897424 0.896909 0.898452 0.896909 0.899697 
6.307241 0.893399 0.892665 0.893296 0.892665 0.892462 0.894215 0.893296 0.894215 0.893110 
6.319406 0.887436 0.887259 0.887350 0.887259 0.886398 0.888149 0.887350 0.888149 0.887986 
6.331570 0.879010 0.882897 0.881129 0.882897 0.881487 0.881912 0.881129 0.881912 0.882435 
6.343735 0.874782 0.875591 0.876494 0.875591 0.877251 0.876192 0.876494 0.876192 0.875606 
6.355899 0.871441 0.871597 0.872320 0.871597 0.870330 0.869624 0.872320 0.869624 0.871867 
6.368063 0.868257 0.865390 0.867166 0.865390 0.864673 0.865290 0.867166 0.865290 0.866922 
6.380228 0.860537 0.860624 0.860973 0.860624 0.859551 0.858812 0.860973 0.858812 0.860252 
6.392392 0.854778 0.856512 0.855072 0.856512 0.854166 0.854944 0.855072 0.854944 0.855678 
6.404557 0.850616 0.850113 0.851816 0.850113 0.848517 0.848506 0.851816 0.848506 0.849880 
6.416721 0.843441 0.846466 0.842723 0.846466 0.844458 0.844099 0.842723 0.844099 0.844038 
6.428885 0.838611 0.837583 0.839137 0.837583 0.837708 0.838683 0.839137 0.838683 0.839638 
6.441050 0.835767 0.833085 0.830809 0.833085 0.835234 0.832575 0.830809 0.832575 0.833085 
6.453214 0.826839 0.825756 0.826999 0.825756 0.830698 0.827921 0.826999 0.827921 0.827001 
6.465379 0.826221 0.822932 0.822425 0.822932 0.822435 0.824336 0.822425 0.824336 0.822478 
6.477543 0.819508 0.818990 0.816469 0.818990 0.817430 0.818289 0.816469 0.818289 0.817871 
6.489707 0.812910 0.813792 0.812553 0.813792 0.809441 0.811501 0.812553 0.811501 0.811656 
6.501872 0.806446 0.806870 0.805850 0.806870 0.808267 0.806666 0.805850 0.806666 0.808353 
6.514036 0.799939 0.800382 0.802380 0.800382 0.802877 0.801192 0.802380 0.801192 0.803001 
6.526201 0.798964 0.797293 0.795912 0.797293 0.795468 0.797057 0.795912 0.797057 0.796024 
6.538365 0.793140 0.792410 0.791391 0.792410 0.791066 0.791586 0.791391 0.791586 0.791923 
6.550529 0.785428 0.786916 0.786996 0.786916 0.787040 0.786741 0.786996 0.786741 0.785342 
6.562694 0.781858 0.781250 0.780845 0.781250 0.782084 0.783465 0.780845 0.783465 0.782712 
6.574858 0.776862 0.776944 0.774533 0.776944 0.774215 0.777095 0.774533 0.777095 0.778306 
6.587023 0.772080 0.770497 0.773591 0.770497 0.770554 0.770840 0.773591 0.770840 0.771045 
6.599187 0.767316 0.766381 0.765768 0.766381 0.766843 0.765036 0.765768 0.765036 0.764333 
6.611351 0.760649 0.759341 0.759826 0.759341 0.760795 0.760430 0.759826 0.760430 0.760496 
6.623516 0.756415 0.755465 0.755491 0.755465 0.755844 0.756419 0.755491 0.756419 0.752636 
6.635680 0.751569 0.750837 0.750922 0.750837 0.750809 0.748993 0.750922 0.748993 0.754393 
6.647845 0.746809 0.746586 0.746489 0.746586 0.746035 0.745220 0.746489 0.745220 0.746670 
6.660009 0.739755 0.740252 0.740404 0.740252 0.741057 0.741229 0.740404 0.741229 0.740905 
6.672173 0.734195 0.735337 0.735062 0.735337 0.736693 0.735648 0.735062 0.735648 0.736215 
6.684338 0.731003 0.732067 0.731384 0.732067 0.730868 0.729682 0.731384 0.729682 0.731853 
6.696502 0.725645 0.724201 0.725717 0.724201 0.724513 0.726742 0.725717 0.726742 0.725847 
6.708667 0.720763 0.721224 0.720381 0.721224 0.719968 0.719122 0.720381 0.719122 0.719851 
6.720831 0.716870 0.716035 0.717412 0.716035 0.714492 0.716116 0.717412 0.716116 0.715453 
6.732995 0.710155 0.710903 0.711839 0.710903 0.708602 0.711596 0.711839 0.711596 0.710337 
6.745160 0.706484 0.706033 0.707620 0.706033 0.705815 0.704937 0.707620 0.704937 0.705978 
6.757324 0.703560 0.700690 0.700954 0.700690 0.698956 0.699898 0.700954 0.699898 0.701479 
6.769489 0.695396 0.695708 0.696078 0.695708 0.694958 0.695494 0.696078 0.695494 0.696131 
6.781653 0.690407 0.690898 0.691856 0.690898 0.690938 0.691600 0.691856 0.691600 0.692928 
6.793817 0.686625 0.686038 0.686241 0.686038 0.687728 0.687264 0.686241 0.687264 0.686880 
6.805982 0.681539 0.681186 0.681874 0.681186 0.680779 0.680993 0.681874 0.680993 0.682393 
6.818146 0.677643 0.678201 0.677597 0.678201 0.677319 0.677147 0.677597 0.677147 0.678683 
6.830311 0.675304 0.670966 0.673309 0.670966 0.670274 0.673736 0.673309 0.673736 0.672398 
6.842475 0.667425 0.667226 0.667213 0.667226 0.668121 0.668717 0.667213 0.668717 0.666320 
6.854639 0.665207 0.661408 0.663673 0.661408 0.660271 0.661155 0.663673 0.661155 0.661281 
6.866804 0.656528 0.658971 0.658716 0.658971 0.656770 0.657448 0.658716 0.657448 0.658195 
6.878968 0.653804 0.654098 0.653705 0.654098 0.655626 0.652349 0.653705 0.652349 0.653203 
6.891133 0.648944 0.649369 0.649802 0.649369 0.650308 0.648362 0.649802 0.648362 0.648801 
6.903297 0.643658 0.643212 0.643647 0.643212 0.642661 0.643791 0.643647 0.643791 0.642213 
6.915461 0.638892 0.639293 0.640953 0.639293 0.640481 0.640109 0.640953 0.640109 0.640139 
6.927626 0.633596 0.634358 0.634376 0.634358 0.633963 0.636977 0.634376 0.636977 0.635509 
6.939790 0.628990 0.629620 0.630432 0.629620 0.630234 0.629256 0.630432 0.629256 0.629436 
6.951955 0.626436 0.624205 0.625144 0.624205 0.624672 0.626022 0.625144 0.626022 0.625039 
6.964119 0.622170 0.620556 0.621195 0.620556 0.623635 0.620277 0.621195 0.620277 0.621300 
6.976283 0.616295 0.616893 0.615791 0.616893 0.614953 0.615678 0.615791 0.615678 0.617094 
6.988448 0.612262 0.610798 0.611701 0.610798 0.610370 0.611568 0.611701 0.611568 0.611159 
7.000612 0.606902 0.608113 0.606399 0.608113 0.604974 0.607187 0.606399 0.607187 0.606106 
7.012777 0.603196 0.602668 0.601666 0.602668 0.602064 0.602292 0.601666 0.602292 0.601918 
7.024941 0.597330 0.598248 0.597108 0.598248 0.598144 0.599316 0.597108 0.599316 0.596225 
7.037105 0.592128 0.593323 0.594272 0.593323 0.593483 0.594012 0.594272 0.594012 0.591586 
7.049270 0.589919 0.589651 0.588572 0.589651 0.589469 0.588040 0.588572 0.588040 0.590278 
7.061434 0.585602 0.585860 0.584416 0.585860 0.584264 0.584702 0.584416 0.584702 0.584600 
7.073599 0.580353 0.579721 0.581626 0.579721 0.579990 0.579333 0.581626 0.579333 0.580479 
7.085763 0.576356 0.575784 0.578223 0.575784 0.575034 0.575145 0.578223 0.575145 0.575829 
7.097927 0.570842 0.572120 0.571065 0.572120 0.570078 0.572235 0.571065 0.572235 0.572870 
7.110092 0.567180 0.565961 0.566351 0.565961 0.567159 0.566102 0.566351 0.566102 0.567251 
7.122256 0.563038 0.562211 0.562107 0.562211 0.563242 0.563049 0.562107 0.563049 0.562392 
7.134421 0.557841 0.559182 0.558650 0.559182 0.558115 0.557323 0.558650 0.557323 0.557889 
7.146585 0.555029 0.554700 0.554111 0.554700 0.552343 0.551943 0.554111 0.551943 0.553230 
7.158749 0.552152 0.548869 0.548406 0.548869 0.548655 0.549643 0.548406 0.549643 0.548929 
7.170914 0.546292 0.544759 0.546613 0.544759 0.544563 0.544389 0.546613 0.544389 0.543886 
7.183078 0.542636 0.539731 0.540721 0.539731 0.542142 0.540669 0.540721 0.540669 0.542820 
7.195243 0.537349 0.536209 0.536907 0.536209 0.538584 0.536365 0.536907 0.536365 0.535813 
7.207407 0.532114 0.531993 0.531842 0.531993 0.532112 0.530838 0.531842 0.530838 0.532497 
7.219571 0.528138 0.526565 0.527936 0.526565 0.525948 0.527258 0.527936 0.527258 0.527870 
7.231736 0.523084 0.523611 0.523568 0.523611 0.522746 0.523938 0.523568 0.523938 0.522551 
7.243900 0.521002 0.519387 0.521428 0.519387 0.519686 0.518399 0.521428 0.518399 0.518477 
7.256065 0.517181 0.515170 0.515022 0.515170 0.515842 0.513490 0.515022 0.513490 0.515328 
7.268229 0.511387 0.511682 0.510848 0.511682 0.510146 0.511237 0.510848 0.511237 0.511175 
7.280393 0.506998 0.506683 0.506114 0.506683 0.506333 0.505881 0.506114 0.505881 0.506897 
7.292558 0.503721 0.502441 0.502378 0.502441 0.500521 0.501684 0.502378 0.501684 0.502105 
7.304722 0.498407 0.497224 0.497363 0.497224 0.498165 0.496864 0.497363 0.496864 0.496243 
7.316887 0.493432 0.493787 0.493561 0.493787 0.494363 0.494816 0.493561 0.494816 0.493897 
7.329051 0.489513 0.489506 0.490352 0.489506 0.491525 0.489875 0.490352 0.489875 0.489465 
7.341215 0.486350 0.485515 0.485600 0.485515 0.485780 0.484625 0.485600 0.484625 0.485362 
7.353380 0.480853 0.480257 0.481968 0.480257 0.483571 0.481145 0.481968 0.481145 0.483555 
7.365544 0.478418 0.477640 0.479380 0.477640 0.477285 0.475261 0.479380 0.475261 0.478519 
7.377709 0.472479 0.474098 0.473009 0.474098 0.474434 0.474988 0.473009 0.474988 0.474138 
7.389873 0.469753 0.469505 0.469192 0.469505 0.469981 0.470349 0.469192 0.470349 0.469801 
7.402037 0.467170 0.465524 0.466357 0.465524 0.466287 0.464696 0.466357 0.464696 0.464950 
7.414202 0.460853 0.462240 0.461626 0.462240 0.459352 0.460963 0.461626 0.460963 0.461250 
7.426366 0.456180 0.457441 0.458184 0.457441 0.456639 0.456787 0.458184 0.456787 0.457278 
7.438531 0.453295 0.453371 0.451838 0.453371 0.454826 0.453942 0.451838 0.453942 0.452983 
7.450695 0.449064 0.449345 0.448894 0.449345 0.447393 0.448711 0.448894 0.448711 0.449761 
7.462859 0.444624 0.446108 0.445572 0.446108 0.444793 0.445837 0.445572 0.445837 0.444543 
7.475024 0.442140 0.441614 0.441516 0.441614 0.441861 0.441182 0.441516 0.441182 0.441585 
7.487188 0.436584 0.436592 0.437329 0.436592 0.435653 0.436396 0.437329 0.436396 0.437107 
7.499353 0.433065 0.432819 0.432770 0.432819 0.431863 0.432660 0.432770 0.432660 0.432418 
7.511517 0.428501 0.429834 0.429097 0.429834 0.427592 0.430666 0.429097 0.430666 0.430808 
7.523681 0.425803 0.425115 0.426174 0.425115 0.425127 0.426339 0.426174 0.426339 0.425043 
7.535846 0.421894 0.421092 0.420767 0.421092 0.422527 0.421522 0.420767 0.421522 0.421899 
7.548010 0.418317 0.418407 0.419223 0.418407 0.417001 0.418543 0.419223 0.418543 0.418708 
7.560175 0.414017 0.414188 0.413739 0.414188 0.413409 0.413814 0.413739 0.413814 0.413427 
7.572339 0.409614 0.409867 0.411148 0.409867 0.410458 0.410700 0.411148 0.410700 0.410765 
7.584503 0.406769 0.406738 0.406816 0.406738 0.407027 0.405482 0.406816 0.405482 0.404998 
7.596668 0.402146 0.402017 0.401605 0.402017 0.401432 0.402135 0.401605 0.402135 0.400447 
7.608832 0.398449 0.398541 0.398753 0.398541 0.397919 0.398196 0.398753 0.398196 0.397844 
7.620997 0.393550 0.393881 0.395097 0.393881 0.394304 0.394597 0.395097 0.394597 0.393782 
7.633161 0.392481 0.391112 0.390271 0.391112 0.390465 0.391049 0.390271 0.391049 0.390821 
7.645325 0.387311 0.386506 0.386335 0.386506 0.386843 0.386757 0.386335 0.386757 0.387974 
7.657490 0.383975 0.384266 0.383460 0.384266 0.381483 0.383343 0.383460 0.383343 0.385014 
7.669654 0.380436 0.380891 0.379346 0.380891 0.378953 0.378292 0.379346 0.378292 0.379202 
7.681818 0.375282 0.376605 0.375765 0.376605 0.375792 0.374668 0.375765 0.374668 0.375518 
7.693983 0.372412 0.371748 0.371052 0.371748 0.371189 0.371038 0.371052 0.371038 0.372216 
7.706147 0.368851 0.368520 0.367892 0.368520 0.366813 0.368164 0.367892 0.368164 0.369060 
7.718312 0.365194 0.364122 0.363934 0.364122 0.365469 0.364771 0.363934 0.364771 0.364162 
7.730476 0.359665 0.360920 0.360560 0.360920 0.360775 0.360755 0.360560 0.360755 0.362331 
7.742640 0.357581 0.356789 0.357068 0.356789 0.358072 0.357091 0.357068 0.357091 0.356836 
7.754805 0.354788 0.353495 0.353338 0.353495 0.353516 0.353613 0.353338 0.353613 0.352347 
7.766969 0.349684 0.349258 0.349252 0.349258 0.349503 0.348680 0.349252 0.348680 0.350895 
7.779134 0.345997 0.347333 0.346185 0.347333 0.345055 0.345668 0.346185 0.345668 0.345498 
7.791298 0.343675 0.342776 0.341945 0.342776 0.342770 0.342013 0.341945 0.342013 0.341473 
7.803463 0.339592 0.338314 0.338224 0.338314 0.337798 0.338449 0.338224 0.338449 0.338207 
7.815627 0.335709 0.334996 0.335350 0.334996 0.334780 0.335926 0.335350 0.335926 0.336235 
7.827791 0.331919 0.329894 0.330655 0.329894 0.330544 0.331970 0.330655 0.331970 0.331358 
7.839956 0.327367 0.328995 0.327998 0.328995 0.327395 0.327510 0.327998 0.327510 0.327359 
7.852120 0.324467 0.324134 0.323680 0.324134 0.322932 0.324809 0.323680 0.324809 0.324180 
7.864285 0.321049 0.320539 0.320843 0.320539 0.319421 0.320593 0.320843 0.320593 0.320110 
7.876449 0.317125 0.316816 0.317631 0.316816 0.316961 0.316302 0.317631 0.316302 0.318305 
7.888613 0.313258 0.312587 0.313026 0.312587 0.312883 0.313310 0.313026 0.313310 0.313886 
7.900778 0.309894 0.309712 0.309878 0.309712 0.310249 0.309598 0.309878 0.309598 0.309874 
7.912942 0.306697 0.306353 0.306578 0.306353 0.305433 0.306278 0.306578 0.306278 0.306723 
7.925107 0.302793 0.303052 0.303475 0.303052 0.303695 0.302299 0.303475 0.302299 0.302989 
7.937271 0.299520 0.298571 0.300058 0.298571 0.297087 0.299422 0.300058 0.299422 0.298985 
7.949435 0.296492 0.295996 0.295132 0.295996 0.294878 0.295666 0.295132 0.295666 0.296066 
7.961600 0.291865 0.291643 0.292476 0.291643 0.293164 0.292313 0.292476 0.292313 0.291988 
7.973764 0.285999 0.288829 0.288815 0.288829 0.288967 0.289217 0.288815 0.289217 0.288414 
7.985929 0.283524 0.285608 0.285319 0.285608 0.285387 0.284698 0.285319 0.284698 0.285436 
7.998093 0.282093 0.281524 0.281522 0.281524 0.280894 0.280880 0.281522 0.280880 0.282973 
8.010257 0.278009 0.278329 0.277600 0.278329 0.279620 0.277352 0.277600 0.277352 0.278428 
8.022422 0.275802 0.274208 0.274237 0.274208 0.274882 0.274447 0.274237 0.274447 0.273878 
8.034586 0.271080 0.271168 0.271420 0.271168 0.271853 0.271815 0.271420 0.271815 0.271173 
8.046751 0.267409 0.268486 0.267792 0.268486 0.267877 0.267702 0.267792 0.267702 0.268397 
8.058915 0.265519 0.264491 0.264456 0.264491 0.263332 0.264404 0.264456 0.264404 0.263708 
8.071079 0.261216 0.260779 0.261249 0.260779 0.260473 0.260192 0.261249 0.260192 0.260338 
8.083244 0.257244 0.257440 0.257270 0.257440 0.258375 0.258660 0.257270 0.258660 0.256327 
8.095408 0.254332 0.254323 0.253846 0.254323 0.254363 0.254486 0.253846 0.254486 0.253546 
8.107573 0.251577 0.251216 0.251140 0.251216 0.249775 0.250630 0.251140 0.250630 0.250310 
8.119737 0.247855 0.246618 0.246949 0.246618 0.247609 0.247715 0.246949 0.247715 0.248503 
8.131901 0.243119 0.244487 0.243593 0.244487 0.244185 0.244665 0.243593 0.244665 0.244413 
8.144066 0.240450 0.240807 0.240751 0.240807 0.239898 0.240029 0.240751 0.240029 0.240811 
8.156230 0.237555 0.237203 0.237788 0.237203 0.237677 0.237503 0.237788 0.237503 0.237368 
8.168395 0.233990 0.233694 0.234328 0.233694 0.234336 0.233842 0.234328 0.233842 0.234031 
8.180559 0.230428 0.230948 0.231076 0.230948 0.229595 0.230551 0.231076 0.230551 0.231553 
8.192723 0.227329 0.227289 0.227523 0.227289 0.227512 0.227029 0.227523 0.227029 0.227119 
8.204888 0.224041 0.223799 0.224765 0.223799 0.223004 0.224081 0.224765 0.224081 0.224476 
8.217052 0.220424 0.221453 0.220481 0.221453 0.221548 0.220871 0.220481 0.220871 0.220236 
8.229217 0.217891 0.217199 0.217517 0.217199 0.216497 0.217612 0.217517 0.217612 0.218369 
8.241381 0.214422 0.214834 0.214133 0.214834 0.214701 0.214031 0.214133 0.214031 0.214687 
8.253545 0.211500 0.210672 0.211626 0.210672 0.210311 0.210650 0.211626 0.210650 0.211083 
8.265710 0.208019 0.208906 0.207795 0.208906 0.207387 0.207927 0.207795 0.207927 0.206912 
8.277874 0.205019 0.204476 0.204519 0.204476 0.203862 0.203713 0.204519 0.203713 0.204833 
8.290039 0.202278 0.201557 0.200929 0.201557 0.200194 0.200933 0.200929 0.200933 0.201020 
8.302203 0.197845 0.198050 0.198480 0.198050 0.197966 0.198485 0.198480 0.198485 0.198711 
8.314367 0.194565 0.194997 0.194859 0.194997 0.194829 0.194114 0.194859 0.194114 0.193813 
8.326532 0.191474 0.191397 0.191018 0.191397 0.190905 0.191761 0.191018 0.191761 0.191829 
8.338696 0.188854 0.187868 0.188620 0.187868 0.189160 0.188411 0.188620 0.188411 0.188325 
8.350861 0.185221 0.185407 0.185398 0.185407 0.185507 0.185220 0.185398 0.185220 0.184991 
8.363025 0.182413 0.181839 0.182275 0.181839 0.182936 0.181804 0.182275 0.181804 0.181639 
8.375189 0.178574 0.179264 0.178916 0.179264 0.178705 0.179207 0.178916 0.179207 0.178393 
8.387354 0.175918 0.175812 0.175166 0.175812 0.175906 0.175201 0.175166 0.175201 0.175712 
8.399518 0.172150 0.172584 0.172695 0.172584 0.172482 0.172217 0.172695 0.172217 0.172339 
8.411683 0.168921 0.170127 0.169873 0.170127 0.169702 0.169235 0.169873 0.169235 0.170243 
8.423847 0.167061 0.165971 0.166503 0.165971 0.166232 0.165971 0.166503 0.165971 0.166480 
8.436011 0.164039 0.163232 0.163247 0.163232 0.162984 0.163246 0.163247 0.163246 0.162573 
8.448176 0.160295 0.159519 0.160218 0.159519 0.159319 0.159743 0.160218 0.159743 0.160076 
8.460340 0.157333 0.156228 0.156562 0.156228 0.156654 0.156651 0.156562 0.156651 0.156534 
8.472505 0.154160 0.153756 0.153188 0.153756 0.153312 0.154322 0.153188 0.154322 0.153387 
8.484669 0.151040 0.150597 0.150454 0.150597 0.149920 0.151060 0.150454 0.151060 0.150587 
8.496833 0.147857 0.147859 0.147841 0.147859 0.146915 0.147416 0.147841 0.147416 0.147528 
8.508997 0.145158 0.144481 0.144368 0.144481 0.145027 0.144188 0.144368 0.144188 0.144488 
8.521162 0.141507 0.141579 0.141912 0.141579 0.141890 0.141444 0.141912 0.141444 0.140976 
8.533327 0.138171 0.138241 0.138544 0.138241 0.139266 0.139096 0.138544 0.139096 0.137688 
8.545491 0.135523 0.134814 0.134961 0.134814 0.135434 0.135164 0.134961 0.135164 0.135265 
8.557655 0.131977 0.132235 0.132209 0.132235 0.132164 0.132279 0.132209 0.132279 0.132776 
8.569820 0.129328 0.129003 0.129121 0.129003 0.129374 0.129627 0.129121 0.129627 0.129180 
8.581984 0.126321 0.126265 0.126739 0.126265 0.126295 0.125930 0.126739 0.125930 0.125793 
8.594149 0.123359 0.123731 0.123741 0.123731 0.123127 0.123515 0.123741 0.123515 0.122661 
8.606313 0.120509 0.119909 0.120455 0.119909 0.119662 0.120243 0.120455 0.120243 0.120649 
8.618477 0.118045 0.117719 0.117933 0.117719 0.117009 0.117829 0.117933 0.117829 0.117518 
8.630641 0.114979 0.114995 0.114696 0.114995 0.114865 0.115215 0.114696 0.115215 0.115525 
8.642806 0.111987 0.111806 0.112623 0.111806 0.112432 0.112606 0.112623 0.112606 0.112130 
8.654971 0.110109 0.109830 0.110303 0.109830 0.110086 0.110432 0.110303 0.110432 0.110196 
8.667135 0.107612 0.107812 0.107532 0.107812 0.108165 0.108100 0.107532 0.108100 0.107527 
8.679299 0.105137 0.105207 0.105983 0.105207 0.105238 0.105397 0.105983 0.105397 0.105563 
8.691464 0.103817 0.103241 0.102847 0.103241 0.103291 0.103678 0.102847 0.103678 0.102891 
8.703628 0.100781 0.101134 0.101198 0.101134 0.101210 0.100902 0.101198 0.100902 0.101303 
8.715793 0.098845 0.098707 0.098808 0.098707 0.099003 0.098996 0.098808 0.098996 0.099610 
8.727957 0.097381 0.096822 0.097040 0.096822 0.096554 0.097145 0.097040 0.097145 0.096730 
8.740121 0.094636 0.094816 0.095040 0.094816 0.094219 0.095038 0.095040 0.095038 0.094819 
8.752285 0.093185 0.093496 0.092892 0.093496 0.093277 0.092978 0.092892 0.092978 0.092921 
8.764450 0.090927 0.090813 0.091181 0.090813 0.091084 0.090880 0.091181 0.090880 0.091569 
8.776615 0.089373 0.088937 0.088870 0.088937 0.089071 0.089186 0.088870 0.089186 0.088895 
8.788779 0.087024 0.086878 0.087209 0.086878 0.087140 0.087306 0.087209 0.087306 0.087350 
8.800943 0.084781 0.085451 0.085604 0.085451 0.085854 0.085426 0.085604 0.085426 0.085577 
8.813108 0.083793 0.083364 0.083657 0.083364 0.083683 0.083488 0.083657 0.083488 0.083833 
8.825272 0.082172 0.081744 0.082208 0.081744 0.081811 0.082028 0.082208 0.082028 0.081852 
8.837437 0.080701 0.080814 0.080070 0.080814 0.080303 0.080336 0.080070 0.080336 0.080419 
8.849601 0.078437 0.079062 0.078360 0.079062 0.079425 0.078464 0.078360 0.078464 0.078920 
8.861765 0.077167 0.077048 0.077273 0.077048 0.077293 0.076738 0.077273 0.076738 0.077304 
8.873930 0.075840 0.075504 0.075446 0.075504 0.075388 0.075537 0.075446 0.075537 0.075373 
8.886094 0.073401 0.073786 0.073850 0.073786 0.073905 0.073877 0.073850 0.073877 0.073950 
8.898259 0.072922 0.072006 0.071972 0.072006 0.071901 0.072377 0.071972 0.072377 0.071777 
8.910423 0.071330 0.070888 0.070536 0.070888 0.071032 0.070758 0.070536 0.070758 0.070656 
8.922587 0.069214 0.069471 0.069469 0.069471 0.068951 0.069123 0.069469 0.069123 0.069323 
8.934752 0.067772 0.068075 0.067949 0.068075 0.068157 0.067574 0.067949 0.067574 0.067838 
8.946916 0.066674 0.066224 0.066597 0.066224 0.066469 0.066789 0.066597 0.066789 0.066522 
8.959081 0.064987 0.065118 0.064945 0.065118 0.065123 0.064893 0.064945 0.064893 0.065348 
8.971245 0.063800 0.063795 0.063474 0.063795 0.063768 0.063387 0.063474 0.063387 0.063798 
8.983409 0.061826 0.062229 0.062243 0.062229 0.062089 0.062249 0.062243 0.062249 0.062509 
8.995574 0.060729 0.060683 0.061337 0.060683 0.060809 0.060831 0.061337 0.060831 0.061083 
9.007738 0.059770 0.059765 0.059798 0.059765 0.059733 0.059679 0.059798 0.059679 0.059660 
9.019903 0.058323 0.058367 0.058363 0.058367 0.058059 0.058290 0.058363 0.058290 0.058366 
9.032067 0.056849 0.056696 0.057549 0.056696 0.057119 0.056633 0.057549 0.056633 0.056775 
9.044231 0.055601 0.055894 0.056246 0.055894 0.055492 0.055671 0.056246 0.055671 0.055840 
9.056396 0.054616 0.055135 0.054702 0.055135 0.055106 0.054753 0.054702 0.054753 0.054634 
9.068560 0.053287 0.053444 0.053253 0.053444 0.052962 0.053611 0.053253 0.053611 0.053589 
9.080724 0.052537 0.052633 0.052082 0.052633 0.052647 0.052241 0.052082 0.052241 0.052166 
9.092889 0.051543 0.050942 0.051116 0.050942 0.051103 0.051119 0.051116 0.051119 0.051085 
9.105053 0.050148 0.049694 0.050050 0.049694 0.049864 0.049830 0.050050 0.049830 0.050129 
9.117218 0.049062 0.048786 0.048900 0.048786 0.048684 0.048556 0.048900 0.048556 0.048965 
9.129382 0.047966 0.047727 0.047883 0.047727 0.047888 0.047770 0.047883 0.047770 0.047864 
9.141547 0.046542 0.046967 0.046877 0.046967 0.046690 0.046386 0.046877 0.046386 0.046429 
9.153711 0.045556 0.045483 0.045747 0.045483 0.045470 0.045947 0.045747 0.045947 0.045806 
9.165875 0.045013 0.044627 0.044919 0.044627 0.044642 0.044861 0.044919 0.044861 0.044349 
9.178040 0.044026 0.043709 0.043463 0.043709 0.043999 0.043763 0.043463 0.043763 0.043343 
9.190204 0.042562 0.042732 0.042627 0.042732 0.042679 0.042461 0.042627 0.042461 0.042684 
9.202368 0.041940 0.041946 0.041549 0.041946 0.041586 0.041525 0.041549 0.041525 0.041779 
9.214533 0.040323 0.040654 0.040977 0.040654 0.040784 0.040694 0.040977 0.040694 0.041026 
9.226697 0.039922 0.039715 0.039876 0.039715 0.039505 0.039626 0.039876 0.039626 0.039728 
9.238862 0.038918 0.038904 0.038791 0.038904 0.038996 0.038880 0.038791 0.038880 0.038863 
9.251026 0.038034 0.037992 0.038166 0.037992 0.037928 0.037829 0.038166 0.037829 0.037777 
9.263191 0.037332 0.037223 0.037087 0.037223 0.036955 0.037163 0.037087 0.037163 0.036817 
9.275355 0.036185 0.036459 0.036022 0.036459 0.035800 0.036024 0.036022 0.036024 0.036175 
9.287519 0.035389 0.035235 0.035144 0.035235 0.035347 0.035221 0.035144 0.035221 0.034900 
9.299684 0.034009 0.034493 0.034526 0.034493 0.034466 0.034365 0.034526 0.034365 0.034575 
9.311848 0.033467 0.033510 0.033851 0.033510 0.033408 0.033465 0.033851 0.033465 0.033667 
9.324012 0.032895 0.032808 0.032691 0.032808 0.032789 0.032614 0.032691 0.032614 0.032880 
9.336177 0.031877 0.031786 0.032049 0.031786 0.031790 0.032059 0.032049 0.032059 0.032085 
9.348341 0.031218 0.031083 0.030949 0.031083 0.030595 0.031086 0.030949 0.031086 0.031196 
9.360506 0.030224 0.030299 0.030370 0.030299 0.030202 0.030353 0.030370 0.030353 0.030134 
9.372670 0.029835 0.029595 0.029480 0.029595 0.029407 0.029399 0.029480 0.029399 0.029629 
9.384835 0.028803 0.028869 0.028717 0.028869 0.028947 0.028885 0.028717 0.028885 0.028684 
9.396999 0.028063 0.028044 0.027915 0.028044 0.028089 0.028287 0.027915 0.028287 0.028289 
9.409163 0.027491 0.027571 0.027251 0.027571 0.027383 0.027565 0.027251 0.027565 0.027387 
9.421328 0.026723 0.026552 0.026821 0.026552 0.026774 0.026394 0.026821 0.026394 0.026613 
9.433492 0.026085 0.025680 0.026112 0.025680 0.025654 0.025836 0.026112 0.025836 0.025926 
9.445656 0.025191 0.025389 0.025564 0.025389 0.025305 0.025255 0.025564 0.025255 0.025008 
9.457821 0.024887 0.024501 0.024644 0.024501 0.024822 0.024623 0.024644 0.024623 0.024955 
9.469985 0.023837 0.023840 0.023999 0.023840 0.023942 0.023805 0.023999 0.023805 0.024022 
9.482150 0.023442 0.023414 0.023377 0.023414 0.023133 0.023245 0.023377 0.023245 0.022796 
9.494314 0.022669 0.022699 0.022707 0.022699 0.022867 0.022593 0.022707 0.022593 0.022584 
9.506479 0.022201 0.022035 0.021948 0.022035 0.021976 0.022160 0.021948 0.022160 0.022152 
9.518643 0.021230 0.021425 0.021311 0.021425 0.021486 0.021453 0.021311 0.021453 0.021259 
9.530807 0.021020 0.020716 0.020703 0.020716 0.020771 0.020953 0.020703 0.020953 0.020511 
9.542972 0.020141 0.020183 0.020239 0.020183 0.020058 0.020088 0.020239 0.020088 0.019980 
9.555136 0.019436 0.019448 0.019450 0.019448 0.019715 0.019637 0.019450 0.019637 0.019783 
9.567300 0.019113 0.019060 0.018870 0.019060 0.018758 0.018956 0.018870 0.018956 0.019066 
9.579465 0.018532 0.018351 0.018289 0.018351 0.018810 0.018396 0.018289 0.018396 0.018666 
9.591630 0.017830 0.017994 0.018011 0.017994 0.018008 0.017928 0.018011 0.017928 0.017994 
9.603794 0.017501 0.017447 0.017290 0.017447 0.017221 0.017530 0.017290 0.017530 0.017492 
9.615958 0.016652 0.016870 0.016865 0.016870 0.016771 0.016997 0.016865 0.016997 0.017058 
9.628123 0.016469 0.016195 0.016511 0.016195 0.016413 0.016368 0.016511 0.016368 0.016513 
9.640287 0.015796 0.015793 0.015881 0.015793 0.015910 0.015911 0.015881 0.015911 0.015780 
9.652451 0.015397 0.015418 0.015444 0.015418 0.015353 0.015347 0.015444 0.015347 0.015363 
9.664616 0.015000 0.014857 0.014837 0.014857 0.015040 0.014847 0.014837 0.014847 0.014721 
9.676780 0.014337 0.014400 0.014304 0.014400 0.014525 0.014380 0.014304 0.014380 0.014586 
9.688944 0.013808 0.014052 0.013821 0.014052 0.013870 0.014084 0.013821 0.014084 0.014088 
9.701109 0.013404 0.013486 0.013463 0.013486 0.013528 0.013419 0.013463 0.013419 0.013529 
9.713274 0.013065 0.013138 0.013151 0.013138 0.013084 0.013094 0.013151 0.013094 0.013220 
9.725438 0.012585 0.012524 0.012494 0.012524 0.012580 0.012569 0.012494 0.012569 0.012683 
9.737602 0.012255 0.012172 0.012111 0.012172 0.012117 0.012103 0.012111 0.012103 0.011940 
9.749767 0.011558 0.011825 0.011885 0.011825 0.011566 0.011690 0.011885 0.011690 0.011811 
9.761931 0.011354 0.011262 0.011294 0.011262 0.011268 0.011325 0.011294 0.011325 0.011275 
9.774095 0.011013 0.010958 0.010928 0.010958 0.010914 0.010849 0.010928 0.010849 0.011023 
9.786260 0.010366 0.010582 0.010437 0.010582 0.010627 0.010408 0.010437 0.010408 0.010627 
9.798424 0.010127 0.010194 0.010123 0.010194 0.010119 0.010132 0.010123 0.010132 0.010254 
9.810588 0.009731 0.009774 0.009727 0.009774 0.009790 0.009814 0.009727 0.009814 0.009801 
9.822753 0.009320 0.009372 0.009356 0.009372 0.009648 0.009424 0.009356 0.009424 0.009406 
9.834918 0.009055 0.009020 0.008962 0.009020 0.009085 0.009024 0.008962 0.009024 0.009156 
9.847082 0.008767 0.008647 0.008585 0.008647 0.008610 0.008734 0.008585 0.008734 0.008723 
9.859246 0.008400 0.008295 0.008341 0.008295 0.008191 0.008258 0.008341 0.008258 0.008359 
9.871411 0.008015 0.007989 0.008138 0.007989 0.008021 0.008028 0.008138 0.008028 0.007906 
9.883575 0.007630 0.007777 0.007801 0.007777 0.007639 0.007592 0.007801 0.007592 0.007611 
9.895739 0.007556 0.007318 0.007322 0.007318 0.007383 0.007433 0.007322 0.007433 0.007287 
9.907904 0.007117 0.006978 0.007080 0.006978 0.007162 0.007114 0.007080 0.007114 0.006970 
9.920068 0.006640 0.006801 0.006706 0.006801 0.006756 0.006834 0.006706 0.006834 0.006725 
9.932232 0.006384 0.006486 0.006549 0.006486 0.006498 0.006491 0.006549 0.006491 0.006438 
9.944397 0.006184 0.006188 0.006175 0.006188 0.006225 0.006304 0.006175 0.006304 0.006172 
9.956562 0.005857 0.006090 0.005920 0.006090 0.005902 0.005885 0.005920 0.005885 0.005964 
9.968726 0.005748 0.005632 0.005676 0.005632 0.005650 0.005646 0.005676 0.005646 0.005664 
9.980890 0.005427 0.005310 0.005442 0.005310 0.005415 0.005470 0.005442 0.005470 0.005339 
9.993055 0.005123 0.005174 0.005192 0.005174 0.005105 0.005071 0.005192 0.005071 0.005207 
10.005219 0.004924 0.004881 0.004847 0.004881 0.004773 0.004839 0.004847 0.004839 0.004865 
10.017383 0.004655 0.004771 0.004673 0.004771 0.004568 0.004647 0.004673 0.004647 0.004704 
10.029548 0.004405 0.004449 0.004506 0.004449 0.004432 0.004384 0.004506 0.004384 0.004412 
10.041712 0.004237 0.004269 0.004177 0.004269 0.004160 0.004226 0.004177 0.004226 0.004230 
10.053876 0.003989 0.004016 0.003977 0.004016 0.003961 0.003924 0.003977 0.003924 0.003920 
10.066041 0.003817 0.003740 0.003773 0.003740 0.003781 0.003814 0.003773 0.003814 0.003764 
10.078206 0.003585 0.003535 0.003605 0.003535 0.003549 0.003532 0.003605 0.003532 0.003441 
10.090370 0.003436 0.003463 0.003392 0.003463 0.003374 0.003373 0.003392 0.003373 0.003390 
10.102534 0.003186 0.003167 0.003140 0.003167 0.003210 0.003204 0.003140 0.003204 0.003128 
10.114699 0.003021 0.002993 0.002982 0.002993 0.002880 0.002950 0.002982 0.002950 0.002940 
10.126863 0.002727 0.002783 0.002818 0.002783 0.002770 0.002808 0.002818 0.002808 0.002908 
10.139027 0.002712 0.002588 0.002559 0.002588 0.002617 0.002642 0.002559 0.002642 0.002623 
10.151192 0.002503 0.002486 0.002476 0.002486 0.002454 0.002478 0.002476 0.002478 0.002459 
10.163356 0.002255 0.002339 0.002304 0.002339 0.002236 0.002357 0.002304 0.002357 0.002279 
10.175520 0.002135 0.002135 0.002124 0.002135 0.002200 0.002106 0.002124 0.002106 0.002096 
10.187685 0.001909 0.001976 0.001971 0.001976 0.002092 0.002010 0.001971 0.002010 0.001990 
10.199850 0.001827 0.001866 0.001878 0.001866 0.001852 0.001869 0.001878 0.001869 0.001835 
10.212014 0.001661 0.001734 0.001700 0.001734 0.001667 0.001697 0.001700 0.001697 0.001738 
10.224178 0.001632 0.001582 0.001592 0.001582 0.001539 0.001583 0.001592 0.001583 0.001545 
10.236342 0.001446 0.001479 0.001467 0.001479 0.001396 0.001446 0.001467 0.001446 0.001465 
10.248507 0.001343 0.001308 0.001338 0.001308 0.001334 0.001353 0.001338 0.001353 0.001331 
10.260671 0.001250 0.001228 0.001240 0.001228 0.001232 0.001219 0.001240 0.001219 0.001279 
10.272836 0.001175 0.001079 0.001107 0.001079 0.001158 0.001101 0.001107 0.001101 0.001167 
10.285000 0.001009 0.000976 0.000990 0.000976 0.000967 0.000987 0.000990 0.000987 0.000990 
10.297164 0.000916 0.000874 0.000913 0.000874 0.000956 0.000893 0.000913 0.000893 0.000915 
10.309329 0.000809 0.000822 0.000777 0.000822 0.000826 0.000828 0.000777 0.000828 0.000864 
10.321494 0.000750 0.000746 0.000752 0.000746 0.000678 0.000725 0.000752 0.000725 0.000755 
10.333658 0.000625 0.000654 0.000633 0.000654 0.000656 0.000651 0.000633 0.000651 0.000608 
10.345822 0.000575 0.000591 0.000535 0.000591 0.000563 0.000577 0.000535 0.000577 0.000562 
10.357986 0.000480 0.000518 0.000479 0.000518 0.000487 0.000497 0.000479 0.000497 0.000483 
10.370151 0.000434 0.000400 0.000438 0.000400 0.000447 0.000438 0.000438 0.000438 0.000406 
10.382315 0.000368 0.000367 0.000387 0.000367 0.000366 0.000372 0.000387 0.000372 0.000340 
10.394480 0.000304 0.000301 0.000294 0.000301 0.000330 0.000302 0.000294 0.000302 0.000311 
10.406644 0.000224 0.000254 0.000248 0.000254 0.000227 0.000260 0.000248 0.000260 0.000272 
10.418808 0.000202 0.000219 0.000201 0.000219 0.000204 0.000210 0.000201 0.000210 0.000220 
10.430973 0.000163 0.000147 0.000167 0.000147 0.000180 0.000167 0.000167 0.000167 0.000143 
10.443138 0.000133 0.000135 0.000129 0.000135 0.000143 0.000124 0.000129 0.000124 0.000129 
10.455302 0.000087 0.000103 0.000096 0.000103 0.000105 0.000092 0.000096 0.000092 0.000091 
10.467466 0.000074 0.000079 0.000063 0.000079 0.000067 0.000065 0.000063 0.000065 0.000065 
10.479630 0.000055 0.000040 0.000039 0.000040 0.000040 0.000042 0.000039 0.000042 0.000039 
10.491795 0.000027 0.000024 0.000027 0.000024 0.000025 0.000029 0.000027 0.000029 0.000028 
10.503959 0.000016 0.000018 0.000010 0.000018 0.000015 0.000014 0.000010 0.000014 0.000013 
10.516124 0.000005 0.000007 0.000004 0.000007 0.000006 0.000004 0.000004 0.000004 0.000001 
10.528288 0.000001 0.000001 0.000000 0.000001 0.000003 0.000000 0.000000 0.000000 0.000001 
10.540452 0.000000 0.000000 0.000000 0.000000 0.000000 0.000000 0.000000 0.000000 0.000000 
10.552617 0.000000 0.000000 0.000000 0.000000 0.000000 0.000000 0.000000 0.000000 0.000000 
10.564782 0.000000 0.000000 0.000000 0.000000 0.000000 0.000000 0.000000 0.000000 0.000000 
10.576946 0.000000 0.000000 0.000000 0.000000 0.000000 0.000000 0.000000 0.000000 0.000000 
10.589110 0.000000 0.000000 0.000000 0.000000 0.000000 0.000000 0.000000 0.000000 0.000000 
10.601274 0.000000 0.000000 0.000000 0.000000 0.000000 0.000000 0.000000 0.000000 0.000000 
10.613439 0.000000 0.000000 0.000000 0.000000 0.000000 0.000000 0.000000 0.000000 0.000000 
10.625603 0.000000 0.000000 0.000000 0.000000 0.000000 0.000000 0.000000 0.000000 0.000000 
10.637768 0.000000 0.000000 0.000000 0.000000 0.000000 0.000000 0.000000 0.000000 0.000000 
10.649932 0.000000 0.000000 0.000000 0.000000 0.000000 0.000000 0.000000 0.000000 0.000000 
10.662097 0.000000 0.000000 0.000000 0.000000 0.000000 0.000000 0.000000 0.000000 0.000000 
10.674261 0.000000 0.000000 0.000000 0.000000 0.000000 0.000000 0.000000 0.000000 0.000000 
10.686426 0.000000 0.000000 0.000000 0.000000 0.000000 0.000000 0.000000 0.000000 0.000000 
10.698590 0.000000 0.000000 0.000000 0.000000 0.000000 0.000000 0.000000 0.000000 0.000000 
10.710754 0.000000 0.000000 0.000000 0.000000 0.000000 0.000000 0.000000 0.000000 0.000000 
10.722919 0.000000 0.000000 0.000000 0.000000 0.000000 0.000000 0.000000 0.000000 0.000000 
10.735083 0.000000 0.000000 0.000000 0.000000 0.000000 0.000000 0.000000 0.000000 0.000000 
10.747247 0.000000 0.000000 0.000000 0.000000 0.000000 0.000000 0.000000 0.000000 0.000000 
10.759412 0.000000 0.000000 0.000000 0.000000 0.000000 0.000000 0.000000 0.000000 0.000000 
10.771576 0.000000 0.000000 0.000000 0.000000 0.000000 0.000000 0.000000 0.000000 0.000000 
10.783741 0.000000 0.000000 0.000000 0.000000 0.000000 0.000000 0.000000 0.000000 0.000000 
10.795905 0.000000 0.000000 0.000000 0.000000 0.000000 0.000000 0.000000 0.000000 0.000000 
10.808069 0.000000 0.000000 0.000000 0.000000 0.000000 0.000000 0.000000 0.000000 0.000000 
10.820234 0.000000 0.000000 0.000000 0.000000 0.000000 0.000000 0.000000 0.000000 0.000000 
10.832398 0.000000 0.000000 0.000000 0.000000 0.000000 0.000000 0.000000 0.000000 0.000000 
10.844563 0.000000 0.000000 0.000000 0.000000 0.000000 0.000000 0.000000 0.000000 0.000000 
10.856727 0.000000 0.000000 0.000000 0.000000 0.000000 0.000000 0.000000 0.000000 0.000000 
10.868891 0.000000 0.000000 0.000000 0.000000 0.000000 0.000000 0.000000 0.000000 0.000000 
10.881056 0.000000 0.000000 0.000000 0.000000 0.000000 0.000000 0.000000 0.000000 0.000000 
10.893220 0.000000 0.000000 0.000000 0.000000 0.000000 0.000000 0.000000 0.000000 0.000000 
10.905385 0.000000 0.000000 0.000000 0.000000 0.000000 0.000000 0.000000 0.000000 0.000000 
10.917549 0.000000 0.000000 0.000000 0.000000 0.000000 0.000000 0.000000 0.000000 0.000000 
10.929713 0.000000 0.000000 0.000000 0.000000 0.000000 0.000000 0.000000 0.000000 0.000000 
10.941878 0.000000 0.000000 0.000000 0.000000 0.000000 0.000000 0.000000 0.000000 0.000000 
10.954042 0.000000 0.000000 0.000000 0.000000 0.000000 0.000000 0.000000 0.000000 0.000000 
10.966207 0.000000 0.000000 0.000000 0.000000 0.000000 0.000000 0.000000 0.000000 0.000000 
10.978371 0.000000 0.000000 0.000000 0.000000 0.000000 0.000000 0.000000 0.000000 0.000000 
10.990535 0.000000 0.000000 0.000000 0.000000 0.000000 0.000000 0.000000 0.000000 0.000000 
11.002700 0.000000 0.000000 0.000000 0.000000 0.000000 0.000000 0.000000 0.000000 0.000000 
11.014864 0.000000 0.000000 0.000000 0.000000 0.000000 0.000000 0.000000 0.000000 0.000000 
11.027029 0.000000 0.000000 0.000000 0.000000 0.000000 0.000000 0.000000 0.000000 0.000000 
11.039193 0.000000 0.000000 0.000000 0.000000 0.000000 0.000000 0.000000 0.000000 0.000000 
11.051357 0.000000 0.000000 0.000000 0.000000 0.000000 0.000000 0.000000 0.000000 0.000000 
11.063522 0.000000 0.000000 0.000000 0.000000 0.000000 0.000000 0.000000 0.000000 0.000000 
11.075686 0.000000 0.000000 0.000000 0.000000 0.000000 0.000000 0.000000 0.000000 0.000000 
11.087851 0.000000 0.000000 0.000000 0.000000 0.000000 0.000000 0.000000 0.000000 0.000000 
11.100015 0.000000 0.000000 0.000000 0.000000 0.000000 0.000000 0.000000 0.000000 0.000000 
11.112179 0.000000 0.000000 0.000000 0.000000 0.000000 0.000000 0.000000 0.000000 0.000000 
11.124344 0.000000 0.000000 0.000000 0.000000 0.000000 0.000000 0.000000 0.000000 0.000000 
11.136508 0.000000 0.000000 0.000000 0.000000 0.000000 0.000000 0.000000 0.000000 0.000000 
11.148673 0.000000 0.000000 0.000000 0.000000 0.000000 0.000000 0.000000 0.000000 0.000000 
11.160837 0.000000 0.000000 0.000000 0.000000 0.000000 0.000000 0.000000 0.000000 0.000000 
11.173001 0.000000 0.000000 0.000000 0.000000 0.000000 0.000000 0.000000 0.000000 0.000000 
11.185166 0.000000 0.000000 0.000000 0.000000 0.000000 0.000000 0.000000 0.000000 0.000000 
11.197330 0.000000 0.000000 0.000000 0.000000 0.000000 0.000000 0.000000 0.000000 0.000000 
11.209495 0.000000 0.000000 0.000000 0.000000 0.000000 0.000000 0.000000 0.000000 0.000000 
11.221659 0.000000 0.000000 0.000000 0.000000 0.000000 0.000000 0.000000 0.000000 0.000000 
11.233823 0.000000 0.000000 0.000000 0.000000 0.000000 0.000000 0.000000 0.000000 0.000000 
11.245988 0.000000 0.000000 0.000000 0.000000 0.000000 0.000000 0.000000 0.000000 0.000000 
11.258152 0.000000 0.000000 0.000000 0.000000 0.000000 0.000000 0.000000 0.000000 0.000000 
11.270317 0.000000 0.000000 0.000000 0.000000 0.000000 0.000000 0.000000 0.000000 0.000000 
11.282481 0.000000 0.000000 0.000000 0.000000 0.000000 0.000000 0.000000 0.000000 0.000000 
11.294645 0.000000 0.000000 0.000000 0.000000 0.000000 0.000000 0.000000 0.000000 0.000000 
11.306810 0.000000 0.000000 0.000000 0.000000 0.000000 0.000000 0.000000 0.000000 0.000000 
11.318974 0.000000 0.000000 0.000000 0.000000 0.000000 0.000000 0.000000 0.000000 0.000000 
11.331139 0.000000 0.000000 0.000000 0.000000 0.000000 0.000000 0.000000 0.000000 0.000000 
11.343303 0.000000 0.000000 0.000000 0.000000 0.000000 0.000000 0.000000 0.000000 0.000000 
11.355467 0.000000 0.000000 0.000000 0.000000 0.000000 0.000000 0.000000 0.000000 0.000000 
11.367631 0.000000 0.000000 0.000000 0.000000 0.000000 0.000000 0.000000 0.000000 0.000000 
11.379796 0.000000 0.000000 0.000000 0.000000 0.000000 0.000000 0.000000 0.000000 0.000000 
11.391961 0.000000 0.000000 0.000000 0.000000 0.000000 0.000000 0.000000 0.000000 0.000000 
11.404125 0.000000 0.000000 0.000000 0.000000 0.000000 0.000000 0.000000 0.000000 0.000000 
11.416289 0.000000 0.000000 0.000000 0.000000 0.000000 0.000000 0.000000 0.000000 0.000000 
11.428454 0.000000 0.000000 0.000000 0.000000 0.000000 0.000000 0.000000 0.000000 0.000000 
11.440618 0.000000 0.000000 0.000000 0.000000 0.000000 0.000000 0.000000 0.000000 0.000000 
11.452783 0.000000 0.000000 0.000000 0.000000 0.000000 0.000000 0.000000 0.000000 0.000000 
11.464947 0.000000 0.000000 0.000000 0.000000 0.000000 0.000000 0.000000 0.000000 0.000000 
11.477111 0.000000 0.000000 0.000000 0.000000 0.000000 0.000000 0.000000 0.000000 0.000000 
11.489275 0.000000 0.000000 0.000000 0.000000 0.000000 0.000000 0.000000 0.000000 0.000000 
11.501440 0.000000 0.000000 0.000000 0.000000 0.000000 0.000000 0.000000 0.000000 0.000000 
11.513605 0.000000 0.000000 0.000000 0.000000 0.000000 0.000000 0.000000 0.000000 0.000000 
11.525769 0.000000 0.000000 0.000000 0.000000 0.000000 0.000000 0.000000 0.000000 0.000000 
11.537933 0.000000 0.000000 0.000000 0.000000 0.000000 0.000000 0.000000 0.000000 0.000000 
11.550098 0.000000 0.000000 0.000000 0.000000 0.000000 0.000000 0.000000 0.000000 0.000000 
11.562262 0.000000 0.000000 0.000000 0.000000 0.000000 0.000000 0.000000 0.000000 0.000000 
11.574427 0.000000 0.000000 0.000000 0.000000 0.000000 0.000000 0.000000 0.000000 0.000000 
11.586591 0.000000 0.000000 0.000000 0.000000 0.000000 0.000000 0.000000 0.000000 0.000000 
11.598755 0.000000 0.000000 0.000000 0.000000 0.000000 0.000000 0.000000 0.000000 0.000000 
11.610919 0.000000 0.000000 0.000000 0.000000 0.000000 0.000000 0.000000 0.000000 0.000000 
11.623084 0.000000 0.000000 0.000000 0.000000 0.000000 0.000000 0.000000 0.000000 0.000000 
11.635249 0.000000 0.000000 0.000000 0.000000 0.000000 0.000000 0.000000 0.000000 0.000000 
11.647413 0.000000 0.000000 0.000000 0.000000 0.000000 0.000000 0.000000 0.000000 0.000000 
11.659577 0.000000 0.000000 0.000000 0.000000 0.000000 0.000000 0.000000 0.000000 0.000000 
11.671742 0.000000 0.000000 0.000000 0.000000 0.000000 0.000000 0.000000 0.000000 0.000000 
11.683906 0.000000 0.000000 0.000000 0.000000 0.000000 0.000000 0.000000 0.000000 0.000000 
11.696071 0.000000 0.000000 0.000000 0.000000 0.000000 0.000000 0.000000 0.000000 0.000000 
11.708235 0.000000 0.000000 0.000000 0.000000 0.000000 0.000000 0.000000 0.000000 0.000000 
11.720399 0.000000 0.000000 0.000000 0.000000 0.000000 0.000000 0.000000 0.000000 0.000000 
11.732563 0.000000 0.000000 0.000000 0.000000 0.000000 0.000000 0.000000 0.000000 0.000000 
11.744728 0.000000 0.000000 0.000000 0.000000 0.000000 0.000000 0.000000 0.000000 0.000000 
11.756893 0.000000 0.000000 0.000000 0.000000 0.000000 0.000000 0.000000 0.000000 0.000000 
11.769057 0.000000 0.000000 0.000000 0.000000 0.000000 0.000000 0.000000 0.000000 0.000000 
11.781221 0.000000 0.000000 0.000000 0.000000 0.000000 0.000000 0.000000 0.000000 0.000000 
11.793386 0.000000 0.000000 0.000000 0.000000 0.000000 0.000000 0.000000 0.000000 0.000000 
11.805550 0.000000 0.000000 0.000000 0.000000 0.000000 0.000000 0.000000 0.000000 0.000000 
11.817715 0.000000 0.000000 0.000000 0.000000 0.000000 0.000000 0.000000 0.000000 0.000000 
11.829879 0.000000 0.000000 0.000000 0.000000 0.000000 0.000000 0.000000 0.000000 0.000000 
11.842043 0.000000 0.000000 0.000000 0.000000 0.000000 0.000000 0.000000 0.000000 0.000000 
11.854208 0.000000 0.000000 0.000000 0.000000 0.000000 0.000000 0.000000 0.000000 0.000000 
11.866372 0.000000 0.000000 0.000000 0.000000 0.000000 0.000000 0.000000 0.000000 0.000000 
11.878537 0.000000 0.000000 0.000000 0.000000 0.000000 0.000000 0.000000 0.000000 0.000000 
11.890701 0.000000 0.000000 0.000000 0.000000 0.000000 0.000000 0.000000 0.000000 0.000000 
11.902865 0.000000 0.000000 0.000000 0.000000 0.000000 0.000000 0.000000 0.000000 0.000000 
11.915030 0.000000 0.000000 0.000000 0.000000 0.000000 0.000000 0.000000 0.000000 0.000000 
11.927194 0.000000 0.000000 0.000000 0.000000 0.000000 0.000000 0.000000 0.000000 0.000000 
11.939358 0.000000 0.000000 0.000000 0.000000 0.000000 0.000000 0.000000 0.000000 0.000000 
11.951523 0.000000 0.000000 0.000000 0.000000 0.000000 0.000000 0.000000 0.000000 0.000000 
11.963687 0.000000 0.000000 0.000000 0.000000 0.000000 0.000000 0.000000 0.000000 0.000000 
11.975852 0.000000 0.000000 0.000000 0.000000 0.000000 0.000000 0.000000 0.000000 0.000000 
11.988016 0.000000 0.000000 0.000000 0.000000 0.000000 0.000000 0.000000 0.000000 0.000000 
12.000181 0.000000 0.000000 0.000000 0.000000 0.000000 0.000000 0.000000 0.000000 0.000000 
12.012345 0.000000 0.000000 0.000000 0.000000 0.000000 0.000000 0.000000 0.000000 0.000000 
12.024509 0.000000 0.000000 0.000000 0.000000 0.000000 0.000000 0.000000 0.000000 0.000000 
12.036674 0.000000 0.000000 0.000000 0.000000 0.000000 0.000000 0.000000 0.000000 0.000000 
12.048838 0.000000 0.000000 0.000000 0.000000 0.000000 0.000000 0.000000 0.000000 0.000000 
12.061002 0.000000 0.000000 0.000000 0.000000 0.000000 0.000000 0.000000 0.000000 0.000000 
12.073167 0.000000 0.000000 0.000000 0.000000 0.000000 0.000000 0.000000 0.000000 0.000000 
12.085331 0.000000 0.000000 0.000000 0.000000 0.000000 0.000000 0.000000 0.000000 0.000000 
12.097496 0.000000 0.000000 0.000000 0.000000 0.000000 0.000000 0.000000 0.000000 0.000000 
12.109660 0.000000 0.000000 0.000000 0.000000 0.000000 0.000000 0.000000 0.000000 0.000000 
12.121825 0.000000 0.000000 0.000000 0.000000 0.000000 0.000000 0.000000 0.000000 0.000000 
12.133989 0.000000 0.000000 0.000000 0.000000 0.000000 0.000000 0.000000 0.000000 0.000000 
12.146153 0.000000 0.000000 0.000000 0.000000 0.000000 0.000000 0.000000 0.000000 0.000000 
12.158318 0.000000 0.000000 0.000000 0.000000 0.000000 0.000000 0.000000 0.000000 0.000000 
