# concentrations: 0.666667 0.166667 0.166667
0.010772 0.000000 0.000000 0.000000 0.000000 0.000000 0.000000 0.000000 0.000000 0.000000 
0.032316 0.000000 0.000000 0.000000 0.000000 0.000000 0.000000 0.000000 0.000000 0.000000 
0.053861 0.000000 0.000000 0.000000 0.000000 0.000000 0.000000 0.000000 0.000000 0.000000 
0.075405 0.000000 0.000000 0.000000 0.000000 0.000000 0.000000 0.000000 0.000000 0.000000 
0.096949 0.000000 0.000000 0.000000 0.000000 0.000000 0.000000 0.000000 0.000000 0.000000 
0.118494 0.000000 0.000000 0.000000 0.000000 0.000000 0.000000 0.000000 0.000000 0.000000 
0.140038 0.000000 0.000000 0.000000 0.000000 0.000000 0.000000 0.000000 0.000000 0.000000 
0.161582 0.000000 0.000000 0.000000 0.000000 0.000000 0.000000 0.000000 0.000000 0.000000 
0.183127 0.000000 0.000000 0.000000 0.000000 0.000000 0.000000 0.000000 0.000000 0.000000 
0.204671 0.000000 0.000000 0.000000 0.000000 0.000000 0.000000 0.000000 0.000000 0.000000 
0.226215 0.000000 0.000000 0.000000 0.000000 0.000000 0.000000 0.000000 0.000000 0.000000 
0.247759 0.000000 0.000000 0.000000 0.000000 0.000000 0.000000 0.000000 0.000000 0.000000 
0.269304 0.000000 0.000000 0.000000 0.000000 0.000000 0.000000 0.000000 0.000000 0.000000 
0.290848 0.000000 0.000000 0.000000 0.000000 0.000000 0.000000 0.000000 0.000000 0.000000 
0.312392 0.000000 0.000000 0.000000 0.000000 0.000000 0.000000 0.000000 0.000000 0.000000 
0.333937 0.000000 0.000000 0.000000 0.000000 0.000000 0.000000 0.000000 0.000000 0.000000 
0.355481 0.000000 0.000000 0.000000 0.000000 0.000000 0.000000 0.000000 0.000000 0.000000 
0.377025 0.000000 0.000000 0.000000 0.000000 0.000000 0.000000 0.000000 0.000000 0.000000 
0.398570 0.000000 0.000000 0.000000 0.000000 0.000000 0.000000 0.000000 0.000000 0.000000 
0.420114 0.000000 0.000000 0.000000 0.000000 0.000000 0.000000 0.000000 0.000000 0.000000 
0.441658 0.000000 0.000000 0.000000 0.000000 0.000000 0.000000 0.000000 0.000000 0.000000 
0.463202 0.000000 0.000000 0.000000 0.000000 0.000000 0.000000 0.000000 0.000000 0.000000 
0.484747 0.000000 0.000000 0.000000 0.000000 0.000000 0.000000 0.000000 0.000000 0.000000 
0.506291 0.000000 0.000000 0.000000 0.000000 0.000000 0.000000 0.000000 0.000000 0.000000 
0.527835 0.000000 0.000000 0.000000 0.000000 0.000000 0.000000 0.000000 0.000000 0.000000 
0.549380 0.000000 0.000000 0.000000 0.000000 0.000000 0.000000 0.000000 0.000000 0.000000 
0.570924 0.000000 0.000000 0.000000 0.000000 0.000000 0.000000 0.000000 0.000000 0.000000 
0.592468 0.000000 0.000000 0.000000 0.000000 0.000000 0.000000 0.000000 0.000000 0.000000 
0.614013 0.000000 0.000000 0.000000 0.000000 0.000000 0.000000 0.000000 0.000000 0.000000 
0.635557 0.000000 0.000000 0.000000 0.000000 0.000000 0.000000 0.000000 0.000000 0.000000 
0.657101 0.000000 0.000000 0.000000 0.000000 0.000000 0.000000 0.000000 0.000000 0.000000 
0.678645 0.000000 0.000000 0.000000 0.000000 0.000000 0.000000 0.000000 0.000000 0.000000 
0.700190 0.000000 0.000000 0.000000 0.000000 0.000000 0.000000 0.000000 0.000000 0.000000 
0.721734 0.000000 0.000015 0.000000 0.000015 0.000000 0.000000 0.000000 0.000000 0.000000 
0.743278 0.000000 0.002070 0.000000 0.002070 0.000000 0.000028 0.000000 0.000028 0.000000 
0.764823 0.000000 0.054443 0.000000 0.054443 0.000237 0.001055 0.000000 0.001055 0.000000 
0.786367 0.000000 0.433436 0.000006 0.433436 0.004418 0.021007 0.000006 0.021007 0.000000 
0.807911 0.000000 1.525866 0.000071 1.525866 0.030766 0.144027 0.000071 0.144027 0.000000 
0.829456 0.000000 3.052909 0.003050 3.052909 0.108723 0.488906 0.003050 0.488906 0.000112 
0.851000 0.000000 4.257470 0.056816 4.257470 0.247755 1.025844 0.056816 1.025844 0.003325 
0.872544 0.000003 4.660091 0.372665 4.660091 0.434281 1.555092 0.372665 1.555092 0.033372 
0.894088 0.000244 4.401961 1.222079 4.401961 0.620580 1.882675 1.222079 1.882675 0.158567 
0.915633 0.006879 3.806726 2.477808 3.806726 0.738277 2.004555 2.477808 2.004555 0.422780 
0.937177 0.069923 3.120707 3.605695 3.120707 0.833002 1.947612 3.605695 1.947612 0.775498 
0.958721 0.337797 2.508977 4.203230 2.508977 0.870564 1.791067 4.203230 1.791067 1.116020 
0.980266 0.944925 1.994106 4.220100 1.994106 0.868496 1.609340 4.220100 1.609340 1.363914 
1.001810 1.800531 1.602438 3.840456 1.602438 0.869149 1.426043 3.840456 1.426043 1.458747 
1.023354 2.612430 1.296163 3.302149 1.296163 0.855459 1.257657 3.302149 1.257657 1.454600 
1.044899 3.125694 1.063994 2.738847 1.063994 0.842333 1.123525 2.738847 1.123525 1.388323 
1.066443 3.266450 0.887923 2.233399 0.887923 0.829537 1.015943 2.233399 1.015943 1.280592 
1.087987 3.129173 0.758523 1.817319 0.758523 0.812459 0.914146 1.817319 0.914146 1.171548 
1.109531 2.819693 0.658687 1.491036 0.658687 0.812586 0.844602 1.491036 0.844602 1.065593 
1.131076 2.450592 0.584631 1.226162 0.584631 0.817826 0.790410 1.226162 0.790410 0.957378 
1.152620 2.089311 0.525470 1.021381 0.525470 0.830874 0.752007 1.021381 0.752007 0.881288 
1.174164 1.764230 0.486896 0.869530 0.486896 0.860072 0.720641 0.869530 0.720641 0.808882 
1.195709 1.488842 0.455493 0.748780 0.455493 0.870087 0.698364 0.748780 0.698364 0.752275 
1.217253 1.263358 0.431497 0.654637 0.431497 0.913512 0.696110 0.654637 0.696110 0.708595 
1.238797 1.083349 0.418206 0.582581 0.418206 0.944388 0.698253 0.582581 0.698253 0.672837 
1.260342 0.935623 0.409574 0.527430 0.409574 0.982248 0.703656 0.527430 0.703656 0.646339 
1.281886 0.822663 0.409065 0.490817 0.409065 1.037750 0.728589 0.490817 0.728589 0.630595 
1.303430 0.734462 0.412923 0.458718 0.412923 1.082324 0.749978 0.458718 0.749978 0.627727 
1.324974 0.663584 0.422404 0.438016 0.422404 1.122591 0.783799 0.438016 0.783799 0.625021 
1.346519 0.610094 0.437882 0.423952 0.437882 1.158962 0.819688 0.423952 0.819688 0.634599 
1.368063 0.572015 0.458005 0.416428 0.458005 1.193077 0.865797 0.416428 0.865797 0.645133 
1.389607 0.545174 0.485787 0.416445 0.485787 1.224661 0.915110 0.416445 0.915110 0.673032 
1.411152 0.527340 0.519398 0.421648 0.519398 1.245596 0.962300 0.421648 0.962300 0.696756 
1.432696 0.518347 0.560489 0.433446 0.560489 1.246184 1.017068 0.433446 1.017068 0.738343 
1.454240 0.518457 0.603992 0.450306 0.603992 1.255314 1.061544 0.450306 1.061544 0.780321 
1.475785 0.525703 0.659009 0.473088 0.659009 1.247564 1.104038 0.473088 1.104038 0.833751 
1.497329 0.541409 0.719036 0.503002 0.719036 1.234664 1.140701 0.503002 1.140701 0.888044 
1.518873 0.564542 0.782421 0.541041 0.782421 1.222924 1.174669 0.541041 1.174669 0.947438 
1.540417 0.596820 0.852350 0.587451 0.852350 1.214483 1.201970 0.587451 1.201970 1.012319 
1.561962 0.634880 0.922995 0.640831 0.922995 1.218889 1.212841 0.640831 1.212841 1.073759 
1.583506 0.683515 0.989151 0.705247 0.989151 1.221807 1.215833 0.705247 1.215833 1.132957 
1.605050 0.738695 1.054399 0.775800 1.054399 1.243136 1.217529 0.775800 1.217529 1.184853 
1.626595 0.798778 1.111043 0.849963 1.111043 1.264450 1.223060 0.849963 1.223060 1.230109 
1.648139 0.861208 1.154450 0.926880 1.154450 1.286417 1.225323 0.926880 1.225323 1.267977 
1.669683 0.922740 1.192792 0.999710 1.192792 1.313848 1.230521 0.999710 1.230521 1.284734 
1.691228 0.982210 1.223428 1.067967 1.223428 1.325194 1.238716 1.067967 1.238716 1.300207 
1.712772 1.033679 1.239837 1.128784 1.239837 1.310981 1.262043 1.128784 1.262043 1.301578 
1.734316 1.080603 1.257256 1.177536 1.257256 1.282164 1.285262 1.177536 1.285262 1.306315 
1.755860 1.118221 1.275747 1.213989 1.275747 1.238088 1.301737 1.213989 1.301737 1.311413 
1.777405 1.150357 1.289089 1.241133 1.289089 1.169404 1.317785 1.241133 1.317785 1.310458 
1.798949 1.175096 1.306445 1.257202 1.306445 1.100461 1.313097 1.257202 1.313097 1.312576 
1.820493 1.191646 1.320701 1.266256 1.320701 1.035003 1.296024 1.266256 1.296024 1.325570 
1.842038 1.202543 1.335326 1.269691 1.335326 0.976427 1.251850 1.269691 1.251850 1.334571 
1.863582 1.204950 1.337667 1.275198 1.337667 0.914188 1.198240 1.275198 1.198240 1.342504 
1.885126 1.201612 1.328444 1.278325 1.328444 0.853684 1.141957 1.278325 1.141957 1.331435 
1.906671 1.194855 1.304411 1.287891 1.304411 0.811385 1.076990 1.287891 1.076990 1.310672 
1.928215 1.183631 1.268930 1.294476 1.268930 0.779575 1.011130 1.294476 1.011130 1.279642 
1.949759 1.173562 1.221906 1.296349 1.221906 0.748844 0.953366 1.296349 0.953366 1.234059 
1.971303 1.167182 1.168206 1.291962 1.168206 0.727397 0.891911 1.291962 0.891911 1.173900 
1.992848 1.163050 1.110495 1.275386 1.110495 0.716959 0.846671 1.275386 0.846671 1.116879 
2.014392 1.160060 1.052481 1.246874 1.052481 0.708656 0.805879 1.246874 0.805879 1.049865 
2.035936 1.158587 0.998790 1.211164 0.998790 0.712286 0.771187 1.211164 0.771187 0.985228 
2.057481 1.152528 0.949872 1.162844 0.949872 0.714926 0.743130 1.162844 0.743130 0.930699 
2.079025 1.141084 0.904672 1.111830 0.904672 0.725063 0.724952 1.111830 0.724952 0.873290 
2.100569 1.125758 0.868309 1.059133 0.868309 0.741828 0.718521 1.059133 0.718521 0.824862 
2.122114 1.100026 0.838640 1.007701 0.838640 0.765073 0.714124 1.007701 0.714124 0.790740 
2.143658 1.068283 0.816247 0.959128 0.816247 0.788678 0.713819 0.959128 0.713819 0.762191 
2.165202 1.034857 0.800678 0.913270 0.800678 0.817049 0.721569 0.913270 0.721569 0.740222 
2.186746 0.996625 0.791180 0.874998 0.791180 0.850851 0.736014 0.874998 0.736014 0.720981 
2.208291 0.959417 0.788811 0.844587 0.788811 0.886747 0.755888 0.844587 0.755888 0.716022 
2.229835 0.924594 0.790018 0.818921 0.790018 0.921403 0.781248 0.818921 0.781248 0.714036 
2.251379 0.892385 0.799296 0.800638 0.799296 0.954582 0.808974 0.800638 0.808974 0.718926 
2.272924 0.865490 0.808423 0.789866 0.808423 0.992333 0.838529 0.789866 0.838529 0.727515 
2.294468 0.843647 0.826523 0.785574 0.826523 1.020600 0.870424 0.785574 0.870424 0.745282 
2.316012 0.827747 0.846965 0.786234 0.846965 1.053590 0.906661 0.786234 0.906661 0.768547 
2.337556 0.817264 0.869397 0.791694 0.869397 1.079716 0.939372 0.791694 0.939372 0.791490 
2.359101 0.814187 0.892203 0.803962 0.892203 1.102851 0.975005 0.803962 0.975005 0.822462 
2.380645 0.815807 0.919040 0.823045 0.919040 1.124605 1.011559 0.823045 1.011559 0.853781 
2.402189 0.824197 0.945289 0.842085 0.945289 1.136838 1.040120 0.842085 1.040120 0.891218 
2.423734 0.837366 0.972106 0.866049 0.972106 1.146114 1.070891 0.866049 1.070891 0.922775 
2.445278 0.854229 0.996972 0.890236 0.996972 1.154090 1.097191 0.890236 1.097191 0.961463 
2.466822 0.874507 1.020911 0.919381 1.020911 1.160183 1.114750 0.919381 1.114750 0.991970 
2.488367 0.897892 1.043764 0.946633 1.043764 1.154502 1.137336 0.946633 1.137336 1.030948 
2.509911 0.923435 1.063096 0.975667 1.063096 1.150279 1.143549 0.975667 1.143549 1.059424 
2.531455 0.950299 1.078222 1.002437 1.078222 1.146924 1.154305 1.002437 1.154305 1.087812 
2.553000 0.977121 1.090039 1.027033 1.090039 1.134001 1.157029 1.027033 1.157029 1.110734 
2.574544 1.003643 1.098316 1.051053 1.098316 1.127616 1.155975 1.051053 1.155975 1.130246 
2.596088 1.028176 1.103408 1.070687 1.103408 1.121298 1.151502 1.070687 1.151502 1.140564 
2.617633 1.049737 1.107223 1.086566 1.107223 1.100944 1.146162 1.086566 1.146162 1.152655 
2.639177 1.068536 1.105893 1.099570 1.105893 1.087869 1.135115 1.099570 1.135115 1.161811 
2.660721 1.085587 1.102850 1.108389 1.102850 1.073410 1.125266 1.108389 1.125266 1.158303 
2.682265 1.098109 1.095633 1.115139 1.095633 1.061026 1.112819 1.115139 1.112819 1.152734 
2.703810 1.106382 1.088775 1.116490 1.088775 1.043466 1.097041 1.116490 1.097041 1.149184 
2.725354 1.110919 1.080438 1.115016 1.080438 1.025078 1.085636 1.115016 1.085636 1.137937 
2.746898 1.112633 1.069338 1.110276 1.069338 1.014702 1.070828 1.110276 1.070828 1.128381 
2.768443 1.110891 1.058622 1.102641 1.058622 1.000268 1.057374 1.102641 1.057374 1.109062 
2.789987 1.107177 1.048551 1.094122 1.048551 0.980004 1.042312 1.094122 1.042312 1.096428 
2.811531 1.098972 1.037515 1.083160 1.037515 0.965516 1.027256 1.083160 1.027256 1.082185 
2.833075 1.089712 1.028507 1.071218 1.028507 0.948491 1.012387 1.071218 1.012387 1.064612 
2.854620 1.079615 1.018636 1.060838 1.018636 0.934983 0.994890 1.060838 0.994890 1.050442 
2.876164 1.066952 1.006907 1.046627 1.006907 0.924713 0.980817 1.046627 0.980817 1.041258 
2.897708 1.054718 0.996056 1.034826 0.996056 0.917156 0.964682 1.034826 0.964682 1.021847 
2.919253 1.042679 0.986208 1.024078 0.986208 0.909011 0.949473 1.024078 0.949473 1.007620 
2.940797 1.029853 0.976146 1.011593 0.976146 0.903519 0.937826 1.011593 0.937826 0.992234 
2.962341 1.018931 0.967484 1.001473 0.967484 0.905100 0.927984 1.001473 0.927984 0.977825 
2.983886 1.005952 0.958242 0.990071 0.958242 0.906919 0.916872 0.990071 0.916872 0.965517 
3.005430 0.995082 0.949553 0.980908 0.949553 0.909557 0.911549 0.980908 0.911549 0.953751 
3.026974 0.984904 0.943244 0.970362 0.943244 0.913702 0.908010 0.970362 0.908010 0.939042 
3.048518 0.976227 0.938360 0.961734 0.938360 0.923180 0.905978 0.961734 0.905978 0.928139 
3.070063 0.968876 0.932883 0.953251 0.932883 0.933440 0.904336 0.953251 0.904336 0.920627 
3.091607 0.962450 0.931609 0.945998 0.931609 0.946624 0.910154 0.945998 0.910154 0.912818 
3.113151 0.956107 0.931402 0.940120 0.931402 0.955954 0.918377 0.940120 0.918377 0.910285 
3.134696 0.950730 0.932954 0.934472 0.932954 0.970179 0.925104 0.934472 0.925104 0.907100 
3.156240 0.946242 0.936950 0.930841 0.936950 0.983518 0.935433 0.930841 0.935433 0.908310 
3.177784 0.942806 0.943120 0.928866 0.943120 0.996707 0.945720 0.928866 0.945720 0.912304 
3.199329 0.940702 0.949492 0.929538 0.949492 1.007128 0.957251 0.929538 0.957251 0.917445 
3.220873 0.938886 0.959486 0.931328 0.959486 1.017926 0.970079 0.931328 0.970079 0.926350 
3.242417 0.939472 0.968864 0.934190 0.968864 1.025774 0.982422 0.934190 0.982422 0.937390 
3.263961 0.940799 0.978980 0.940950 0.978980 1.036759 0.994672 0.940950 0.994672 0.945647 
3.285506 0.943535 0.988296 0.947583 0.988296 1.042113 1.009573 0.947583 1.009573 0.960953 
3.307050 0.947348 0.998469 0.957105 0.998469 1.048035 1.019774 0.957105 1.019774 0.971146 
3.328594 0.952937 1.008852 0.966976 1.008852 1.048626 1.030347 0.966976 1.030347 0.985272 
3.350139 0.960171 1.017436 0.976828 1.017436 1.051664 1.037253 0.976828 1.037253 0.998906 
3.371683 0.967304 1.026269 0.988609 1.026269 1.051546 1.045597 0.988609 1.045597 1.010748 
3.393227 0.975762 1.033859 0.999201 1.033859 1.053011 1.047424 0.999201 1.047424 1.023043 
3.414772 0.984935 1.039027 1.009716 1.039027 1.049383 1.052371 1.009716 1.052371 1.030777 
3.436316 0.993961 1.043221 1.018856 1.043221 1.045361 1.054334 1.018856 1.054334 1.041695 
3.457860 1.003700 1.047061 1.028427 1.047061 1.041888 1.053663 1.028427 1.053663 1.047141 
3.479404 1.012417 1.048300 1.035883 1.048300 1.035186 1.054394 1.035883 1.054394 1.052266 
3.500949 1.019716 1.048707 1.041584 1.048707 1.033957 1.050494 1.041584 1.050494 1.058070 
3.522493 1.028113 1.046503 1.046108 1.046503 1.023651 1.047455 1.046108 1.047455 1.058076 
3.544037 1.034289 1.044567 1.050359 1.044567 1.020361 1.043398 1.050359 1.043398 1.056687 
3.565582 1.038638 1.041795 1.052265 1.041795 1.014253 1.036913 1.052265 1.036913 1.055412 
3.587126 1.043452 1.038654 1.051803 1.038654 1.008505 1.032385 1.051803 1.032385 1.051931 
3.608670 1.045975 1.032615 1.050681 1.032615 0.999607 1.028205 1.050681 1.028205 1.052209 
3.630215 1.046364 1.028115 1.047654 1.028115 0.996202 1.019756 1.047654 1.019756 1.040911 
3.651759 1.046450 1.020923 1.045206 1.020923 0.989260 1.012805 1.045206 1.012805 1.039530 
3.673303 1.045728 1.015126 1.039531 1.015126 0.987020 1.003663 1.039531 1.003663 1.033678 
3.694847 1.041932 1.008425 1.035765 1.008425 0.982734 0.998965 1.035765 0.998965 1.024356 
3.716392 1.039420 1.003257 1.028353 1.003257 0.980164 0.993256 1.028353 0.993256 1.017864 
3.737936 1.034498 0.996960 1.023594 0.996960 0.974842 0.987317 1.023594 0.987317 1.011375 
3.759480 1.028870 0.992088 1.015534 0.992088 0.973334 0.981616 1.015534 0.981616 1.004054 
3.781025 1.023589 0.986775 1.008022 0.986775 0.972318 0.979119 1.008022 0.979119 0.999773 
3.802569 1.018010 0.982562 1.003512 0.982562 0.971053 0.974880 1.003512 0.974880 0.991193 
3.824113 1.011755 0.978177 0.997098 0.978177 0.972222 0.972231 0.997098 0.972231 0.988571 
3.845658 1.005740 0.975944 0.990661 0.975944 0.971613 0.970068 0.990661 0.970068 0.980825 
3.867202 0.999925 0.972965 0.985640 0.972965 0.972598 0.970072 0.985640 0.970072 0.974938 
3.888746 0.994354 0.971034 0.980797 0.971034 0.974903 0.967578 0.980797 0.967578 0.973728 
3.910290 0.989385 0.970633 0.976814 0.970633 0.976147 0.968555 0.976814 0.968555 0.969690 
3.931835 0.984810 0.970298 0.973829 0.970298 0.981073 0.969140 0.973829 0.969140 0.966465 
3.953379 0.980743 0.970178 0.971578 0.970178 0.983029 0.971766 0.971578 0.971766 0.968147 
3.974923 0.977421 0.971331 0.969614 0.971331 0.987731 0.973569 0.969614 0.973569 0.964970 
3.996468 0.975444 0.972910 0.968469 0.972910 0.991784 0.975863 0.968469 0.975863 0.964727 
4.018012 0.972864 0.975744 0.968650 0.975744 0.994390 0.977835 0.968650 0.977835 0.968090 
4.039556 0.972241 0.977691 0.969324 0.977691 1.000407 0.982507 0.969324 0.982507 0.967597 
4.061100 0.971250 0.980974 0.970179 0.980974 1.005736 0.987187 0.970179 0.987187 0.973253 
4.082645 0.971662 0.984629 0.972226 0.984629 1.009218 0.991124 0.972226 0.991124 0.975350 
4.104189 0.972849 0.988111 0.973887 0.988111 1.009572 0.994761 0.973887 0.994761 0.977243 
4.125733 0.974830 0.991512 0.976824 0.991512 1.015432 1.001963 0.976824 1.001963 0.982618 
4.147278 0.976358 0.996544 0.980588 0.996544 1.019124 1.003134 0.980588 1.003134 0.986895 
4.168822 0.978815 1.000837 0.983724 1.000837 1.020038 1.008721 0.983724 1.008721 0.992054 
4.190366 0.982139 1.003305 0.987899 1.003305 1.019812 1.012864 0.987899 1.012864 0.998204 
4.211911 0.985971 1.008349 0.992170 1.008349 1.020829 1.014413 0.992170 1.014413 1.001147 
4.233455 0.988554 1.009778 0.996845 1.009778 1.021385 1.019020 0.996845 1.019020 1.006144 
4.254999 0.992163 1.014033 1.000180 1.014033 1.019955 1.019696 1.000180 1.019696 1.011579 
4.276544 0.995599 1.016103 1.003401 1.016103 1.020122 1.020710 1.003401 1.020710 1.015189 
4.298088 0.998890 1.018211 1.007662 1.018211 1.018499 1.022597 1.007662 1.022597 1.019895 
4.319632 1.002487 1.020004 1.011561 1.020004 1.016221 1.024308 1.011561 1.024308 1.020182 
4.341177 1.006237 1.020528 1.014013 1.020528 1.016309 1.022653 1.014013 1.022653 1.022477 
4.362721 1.008846 1.020767 1.016806 1.020767 1.011745 1.023145 1.016806 1.023145 1.023351 
4.384265 1.011591 1.020457 1.019198 1.020457 1.010373 1.021392 1.019198 1.021392 1.027657 
4.405809 1.014012 1.020627 1.021187 1.020627 1.007184 1.018382 1.021187 1.018382 1.024478 
4.427354 1.016070 1.018989 1.021494 1.018989 1.002555 1.016923 1.021494 1.016923 1.025177 
4.448898 1.016941 1.016745 1.021789 1.016745 1.001222 1.014281 1.021789 1.014281 1.023300 
4.470442 1.018497 1.015527 1.021683 1.015527 0.998711 1.010171 1.021683 1.010171 1.020017 
4.491987 1.018987 1.013048 1.021416 1.013048 0.996099 1.007434 1.021416 1.007434 1.018304 
4.513531 1.018546 1.011576 1.020204 1.011576 0.996013 1.004805 1.020204 1.004805 1.017199 
4.535075 1.019134 1.007937 1.018548 1.007937 0.992803 1.002332 1.018548 1.002332 1.014710 
4.556619 1.018118 1.005115 1.016030 1.005115 0.990754 0.998776 1.016030 0.998776 1.009610 
4.578164 1.016378 1.002837 1.013983 1.002837 0.986823 0.995350 1.013983 0.995350 1.008660 
4.599708 1.014993 1.000231 1.011882 1.000231 0.986339 0.991785 1.011882 0.991785 1.004975 
4.621252 1.013310 0.997530 1.008885 0.997530 0.985993 0.990351 1.008885 0.990351 1.003073 
4.642797 1.010635 0.995521 1.004993 0.995521 0.985793 0.987974 1.004993 0.987974 0.998686 
4.664341 1.007966 0.992523 1.002733 0.992523 0.986215 0.988302 1.002733 0.988302 0.994287 
4.685885 1.005557 0.990699 0.999378 0.990699 0.985845 0.985322 0.999378 0.985322 0.992781 
4.707429 1.003141 0.989043 0.996694 0.989043 0.985509 0.983900 0.996694 0.983900 0.991038 
4.728974 1.001270 0.987397 0.994338 0.987397 0.987556 0.984680 0.994338 0.984680 0.986302 
4.750518 0.998260 0.986273 0.991881 0.986273 0.991552 0.984557 0.991881 0.984557 0.985298 
4.772062 0.996236 0.986578 0.989564 0.986578 0.990652 0.985271 0.989564 0.985271 0.984261 
4.793607 0.993856 0.985603 0.988469 0.985603 0.991408 0.985091 0.988469 0.985091 0.983185 
4.815151 0.991675 0.985600 0.987126 0.985600 0.993011 0.986833 0.987126 0.986833 0.984059 
4.836695 0.990695 0.987118 0.985297 0.987118 0.995868 0.989331 0.985297 0.989331 0.982715 
4.858240 0.989227 0.986346 0.985803 0.986346 0.996706 0.990285 0.985803 0.990285 0.983536 
4.879784 0.988148 0.988108 0.985162 0.988108 0.998216 0.991810 0.985162 0.991810 0.984411 
4.901328 0.987255 0.989879 0.985643 0.989879 1.002312 0.992342 0.985643 0.992342 0.983616 
4.922873 0.986930 0.991291 0.986039 0.991291 1.002423 0.994810 0.986039 0.994810 0.986456 
4.944417 0.987303 0.992889 0.986598 0.992889 1.004534 0.996612 0.986598 0.996612 0.989901 
4.965961 0.987858 0.993911 0.987783 0.993911 1.006029 0.999287 0.987783 0.999287 0.990345 
4.987505 0.988229 0.996817 0.989527 0.996817 1.007415 1.000958 0.989527 1.000958 0.992733 
5.009050 0.989181 0.998235 0.990245 0.998235 1.005415 1.003222 0.990245 1.003222 0.995283 
5.030594 0.989943 0.999712 0.992700 0.999712 1.009471 1.004142 0.992700 1.004142 0.998882 
5.052138 0.991810 1.001709 0.994185 1.001709 1.010766 1.004866 0.994185 1.004866 0.999277 
5.073683 0.993040 1.003124 0.997364 1.003124 1.010177 1.007510 0.997364 1.007510 1.002074 
5.095227 0.994726 1.004750 0.998180 1.004750 1.010604 1.010167 0.998180 1.010167 1.002108 
5.116771 0.996412 1.006779 1.000892 1.006779 1.010693 1.011137 1.000892 1.011137 1.004255 
5.138316 0.998262 1.006964 1.002212 1.006964 1.009740 1.010605 1.002212 1.010605 1.010874 
5.159860 0.999899 1.008163 1.003526 1.008163 1.009007 1.012362 1.003526 1.012362 1.008996 
5.181404 1.001292 1.009479 1.005230 1.009479 1.007785 1.010124 1.005230 1.010124 1.008434 
5.202949 1.003377 1.009525 1.006915 1.009525 1.007852 1.009193 1.006915 1.009193 1.012377 
5.224493 1.004751 1.009303 1.008152 1.009303 1.005873 1.010130 1.008152 1.010130 1.009449 
5.246037 1.005512 1.009373 1.008890 1.009373 1.005742 1.009672 1.008890 1.009672 1.011837 
5.267581 1.006335 1.009413 1.009061 1.009413 1.002906 1.007978 1.009061 1.007978 1.012130 
5.289126 1.007758 1.007922 1.009803 1.007922 1.001084 1.007137 1.009803 1.007137 1.011762 
5.310670 1.008360 1.008544 1.010115 1.008544 1.002206 1.006992 1.010115 1.006992 1.011659 
5.332214 1.008906 1.007002 1.010101 1.007002 1.000285 1.005193 1.010101 1.005193 1.010987 
5.353759 1.008557 1.006099 1.009745 1.006099 0.997578 1.003920 1.009745 1.003920 1.009060 
5.375303 1.008863 1.004726 1.008501 1.004726 0.996668 1.002455 1.008501 1.002455 1.006306 
5.396847 1.008575 1.003878 1.008229 1.003878 0.995854 1.001830 1.008229 1.001830 1.005585 
5.418391 1.008123 1.002694 1.007500 1.002694 0.996280 0.999707 1.007500 0.999707 1.005020 
5.439936 1.007340 1.001445 1.006079 1.001445 0.994423 0.998634 1.006079 0.998634 1.003645 
5.461480 1.006489 0.999801 1.004771 0.999801 0.994854 0.997989 1.004771 0.997989 1.003477 
5.483024 1.005739 0.999104 1.003939 0.999104 0.993832 0.995945 1.003939 0.995945 1.000870 
5.504569 1.004835 0.997604 1.002571 0.997604 0.994495 0.994513 1.002571 0.994513 0.999458 
5.526113 1.003660 0.996609 1.000881 0.996609 0.991353 0.993249 1.000881 0.993249 0.997741 
5.547657 1.002710 0.995462 0.999681 0.995462 0.992678 0.993770 0.999681 0.993770 0.997223 
5.569201 1.001603 0.995064 0.998565 0.995064 0.993331 0.992151 0.998565 0.992151 0.993868 
5.590746 1.000457 0.994002 0.997765 0.994002 0.993091 0.992525 0.997765 0.992525 0.995530 
5.612290 0.999108 0.994274 0.995867 0.994274 0.995545 0.993817 0.995867 0.993817 0.994221 
5.633834 0.998212 0.994044 0.995268 0.994044 0.994221 0.991933 0.995268 0.991933 0.993339 
5.655379 0.997104 0.993338 0.995284 0.993338 0.996577 0.992439 0.995284 0.992439 0.993291 
5.676923 0.996229 0.993198 0.994338 0.993198 0.996373 0.993878 0.994338 0.993878 0.991298 
5.698467 0.995563 0.993906 0.993351 0.993906 0.997350 0.994396 0.993351 0.994396 0.993841 
5.720012 0.995364 0.994162 0.992645 0.994162 0.998112 0.994448 0.992645 0.994448 0.993524 
5.741556 0.994225 0.994246 0.993214 0.994246 1.000449 0.996072 0.993214 0.996072 0.993634 
5.763100 0.994146 0.995087 0.993448 0.995087 1.000022 0.996051 0.993448 0.996051 0.992554 
5.784645 0.994262 0.996494 0.993757 0.996494 1.002289 0.997171 0.993757 0.997171 0.994155 
5.806189 0.994070 0.997332 0.993637 0.997332 1.001447 1.000309 0.993637 1.000309 0.994342 
5.827733 0.994155 0.997527 0.994747 0.997527 1.003595 0.999962 0.994747 0.999962 0.995867 
5.849277 0.994558 0.997880 0.994932 0.997880 1.005482 1.000368 0.994932 1.000368 0.997728 
5.870822 0.995238 0.998692 0.995766 0.998692 1.003034 1.000727 0.995766 1.000727 0.998907 
5.892366 0.995859 0.999761 0.996587 0.999761 1.003970 1.001555 0.996587 1.001555 0.997711 
5.913910 0.996096 1.000753 0.997887 1.000753 1.004091 1.003235 0.997887 1.003235 0.998576 
5.935455 0.997042 1.001327 0.998224 1.001327 1.005619 1.004460 0.998224 1.004460 1.000360 
5.956999 0.997273 1.002184 0.999749 1.002184 1.005637 1.004497 0.999749 1.004497 1.003106 
5.978543 0.998703 1.003878 1.000137 1.003878 1.006868 1.004255 1.000137 1.004255 1.002325 
6.000087 0.999219 1.003509 1.000983 1.003509 1.005000 1.004592 1.000983 1.004592 1.003708 
6.021632 1.000333 1.003970 1.001941 1.003970 1.003505 1.005679 1.001941 1.005679 1.004870 
6.043176 1.000614 1.004419 1.002573 1.004419 1.003502 1.005610 1.002573 1.005610 1.005296 
6.064720 1.001466 1.004068 1.002984 1.004068 1.003410 1.005058 1.002984 1.005058 1.004015 
6.086265 1.002333 1.004263 1.004125 1.004263 1.003548 1.005586 1.004125 1.005586 1.004808 
6.107809 1.002640 1.004159 1.004106 1.004159 1.001373 1.004034 1.004106 1.004034 1.005545 
6.129353 1.002948 1.004062 1.004513 1.004062 1.001429 1.003365 1.004513 1.003365 1.005037 
6.150898 1.003690 1.003913 1.004447 1.003913 1.000335 1.002626 1.004447 1.002626 1.006316 
6.172442 1.003916 1.003325 1.004616 1.003325 1.001202 1.004029 1.004616 1.004029 1.004164 
6.193986 1.004312 1.003397 1.004751 1.003397 0.999098 1.002898 1.004751 1.002898 1.005995 
6.215531 1.004052 1.003096 1.004871 1.003096 0.999814 1.002029 1.004871 1.002029 1.003887 
6.237075 1.004174 1.002579 1.004908 1.002579 0.999209 1.001530 1.004908 1.001530 1.004503 
6.258619 1.004413 1.001976 1.003682 1.001976 0.998120 1.000080 1.003682 1.000080 1.003394 
6.280164 1.004082 1.001468 1.003720 1.001468 0.998102 1.000908 1.003720 1.000908 1.002828 
6.301708 1.003287 1.000508 1.002628 1.000508 0.996243 0.999001 1.002628 0.999001 1.004172 
6.323252 1.003476 0.999313 1.001597 0.999313 0.998206 0.998762 1.001597 0.998762 0.999892 
6.344796 1.002902 0.999522 1.001516 0.999522 0.998941 0.997519 1.001516 0.997519 1.000949 
6.366341 1.002492 0.998250 1.000738 0.998250 0.997327 0.997239 1.000738 0.997239 0.999162 
6.387885 1.001706 0.998536 1.000182 0.998536 0.997268 0.998289 1.000182 0.998289 0.997708 
6.409429 1.000918 0.997890 0.999465 0.997890 0.996645 0.996377 0.999465 0.996377 0.997838 
6.430974 1.000769 0.997684 0.999314 0.997684 0.996191 0.996100 0.999314 0.996100 0.997807 
6.452518 0.999732 0.997363 0.998564 0.997363 0.996922 0.997486 0.998564 0.997486 0.998465 
6.474062 0.999844 0.997105 0.998405 0.997105 0.997918 0.996435 0.998405 0.996435 0.996432 
6.495606 0.999193 0.997086 0.997570 0.997086 0.997611 0.997467 0.997570 0.997467 0.998631 
6.517151 0.998877 0.996925 0.997854 0.996925 0.997554 0.996760 0.997854 0.996760 0.996409 
6.538695 0.998235 0.996873 0.997163 0.996873 0.998663 0.997913 0.997163 0.997913 0.995977 
6.560239 0.997809 0.997371 0.997406 0.997371 0.999389 0.997598 0.997406 0.997598 0.995947 
6.581784 0.997829 0.997168 0.997158 0.997168 0.998451 0.997497 0.997158 0.997497 0.996370 
6.603328 0.997275 0.996990 0.997193 0.996990 1.000433 0.998382 0.997193 0.998382 0.997957 
6.624872 0.997316 0.998041 0.996679 0.998041 0.999208 0.998714 0.996679 0.998714 0.995140 
6.646417 0.997144 0.998700 0.997093 0.998700 0.998853 0.999842 0.997093 0.999842 0.995462 
6.667961 0.997156 0.997974 0.997329 0.997974 1.001477 0.999877 0.997329 0.999877 0.998401 
6.689505 0.997367 0.999119 0.997217 0.999119 1.001519 0.999629 0.997217 0.999629 0.996731 
6.711050 0.997626 0.999242 0.997751 0.999242 1.001855 1.000836 0.997751 1.000836 0.998156 
6.732594 0.997753 0.999935 0.998126 0.999935 1.001577 1.000614 0.998126 1.000614 0.999979 
6.754138 0.997789 0.999992 0.998279 0.999992 1.002247 1.000485 0.998279 1.000485 0.999968 
6.775682 0.998413 1.000280 0.998909 1.000280 1.001974 1.001622 0.998909 1.001622 1.001366 
6.797227 0.998969 1.000880 0.998869 1.000880 1.002283 1.001236 0.998869 1.001236 1.001524 
6.818771 0.998959 1.000641 0.999768 1.000641 1.001615 1.001999 0.999768 1.001999 0.999975 
6.840315 0.999176 1.001379 1.000191 1.001379 1.002017 1.002122 1.000191 1.002122 1.000127 
6.861860 0.999799 1.001801 1.000444 1.001801 1.001945 1.002097 1.000444 1.002097 1.001023 
6.883404 1.000206 1.001900 1.001357 1.001900 1.002724 1.003438 1.001357 1.003438 1.003622 
6.904948 1.000571 1.002359 1.001056 1.002359 1.001776 1.003190 1.001056 1.003190 1.002011 
6.926492 1.000991 1.001856 1.002020 1.001856 1.002149 1.002505 1.002020 1.002505 1.002563 
6.948037 1.000957 1.002452 1.001578 1.002452 1.000880 1.002151 1.001578 1.002151 1.002913 
6.969581 1.001302 1.001905 1.001900 1.001905 1.001947 1.002794 1.001900 1.002794 1.004178 
6.991125 1.001413 1.002027 1.002085 1.002027 1.002418 1.002074 1.002085 1.002074 1.002896 
7.012670 1.002218 1.001964 1.002213 1.001964 1.001463 1.002334 1.002213 1.002334 1.003463 
7.034214 1.002084 1.001674 1.002058 1.001674 1.000403 1.002026 1.002058 1.002026 1.003335 
7.055758 1.002093 1.001529 1.002473 1.001529 1.000252 1.002310 1.002473 1.002310 1.003491 
7.077302 1.002062 1.001329 1.001572 1.001329 1.000359 1.001207 1.001572 1.001207 1.003036 
7.098847 1.002090 1.000853 1.002099 1.000853 0.998824 0.999936 1.002099 0.999936 1.001455 
7.120391 1.001925 1.000820 1.001433 1.000820 0.999406 0.999627 1.001433 0.999627 1.002781 
7.141935 1.001995 1.000364 1.002053 1.000364 0.999794 0.999525 1.002053 0.999525 1.001224 
7.163480 1.001636 0.999982 1.001215 0.999982 0.997710 0.999251 1.001215 0.999251 1.000320 
7.185024 1.001593 0.999920 1.001330 0.999920 0.999550 0.999458 1.001330 0.999458 1.000062 
7.206568 1.001442 0.999771 1.000528 0.999771 0.999036 0.998634 1.000528 0.998634 0.999487 
7.228113 1.001116 0.999555 1.000381 0.999555 0.998538 0.999492 1.000381 0.999492 0.999359 
7.249657 1.000730 0.999358 1.000246 0.999358 0.998411 0.998606 1.000246 0.998606 1.000372 
7.271201 1.000507 0.998972 1.000056 0.998972 0.998537 0.998100 1.000056 0.998100 1.000114 
7.292746 1.000516 0.998717 0.999514 0.998717 0.999409 0.997599 0.999514 0.997599 0.998535 
7.314290 1.000402 0.999008 0.999604 0.999008 0.997890 0.998112 0.999604 0.998112 0.999514 
7.335834 0.999573 0.998385 0.998897 0.998385 0.999102 0.999055 0.998897 0.999055 0.998720 
7.357378 0.999414 0.998586 0.998888 0.998586 0.999794 0.998186 0.998888 0.998186 0.998969 
7.378923 0.999484 0.998223 0.999141 0.998223 0.999669 0.999268 0.999141 0.999268 0.998113 
7.400467 0.999170 0.998531 0.998386 0.998531 1.000271 0.998574 0.998386 0.998574 0.998446 
7.422011 0.999027 0.998876 0.998537 0.998876 0.999946 0.999140 0.998537 0.999140 0.998070 
7.443556 0.999070 0.998461 0.998456 0.998461 1.001125 0.998908 0.998456 0.998908 0.998519 
7.465100 0.998790 0.998641 0.998654 0.998641 1.001339 0.998970 0.998654 0.998970 0.998709 
7.486644 0.998862 0.999095 0.998175 0.999095 1.000565 0.999922 0.998175 0.999922 0.998967 
7.508188 0.998752 0.999141 0.998803 0.999141 1.000673 1.000080 0.998803 1.000080 1.000143 
7.529733 0.998547 0.999175 0.998544 0.999175 0.999845 0.999834 0.998544 0.999834 0.999305 
7.551277 0.998874 0.999509 0.998686 0.999509 1.000894 1.000410 0.998686 1.000410 0.999691 
7.572821 0.998666 0.999453 0.999064 0.999453 1.000152 0.999454 0.999064 0.999454 0.999586 
7.594366 0.999434 0.999754 0.999270 0.999754 1.000461 0.999881 0.999270 0.999881 0.999156 
7.615910 0.999172 1.000204 0.999314 1.000204 1.000999 1.000208 0.999314 1.000208 0.999139 
7.637455 0.999206 1.000322 0.999354 1.000322 1.001545 0.999939 0.999354 0.999939 1.000453 
7.658999 0.999181 1.000376 0.999997 1.000376 1.001083 1.000048 0.999997 1.000048 1.001303 
7.680543 0.999718 1.001071 0.999862 1.001071 1.001080 1.001406 0.999862 1.001406 1.002228 
7.702087 0.999903 1.000591 0.999784 1.000591 1.002551 1.001135 0.999784 1.001135 0.999855 
7.723632 0.999716 1.000827 1.000236 1.000827 1.001531 1.000998 1.000236 1.000998 0.999529 
7.745176 1.000120 1.000639 1.000692 1.000639 1.000572 1.001685 1.000692 1.001685 1.002215 
7.766720 1.000331 1.000898 1.000723 1.000898 1.001118 1.000856 1.000723 1.000856 1.000760 
7.788265 1.000329 1.001011 1.000874 1.001011 1.000474 1.001897 1.000874 1.001897 1.002079 
7.809809 1.000918 1.000988 1.000865 1.000988 1.000008 1.001479 1.000865 1.001479 1.001780 
7.831353 1.000971 1.001093 1.001205 1.001093 1.000882 1.000928 1.001205 1.000928 1.002177 
7.852897 1.000846 1.000779 1.001124 1.000779 1.000240 1.001330 1.001124 1.001330 1.001589 
7.874442 1.000960 1.001066 1.001154 1.001066 1.001102 1.001199 1.001154 1.001199 1.001179 
7.895986 1.000563 1.001184 1.001126 1.001184 0.999445 1.001086 1.001126 1.001086 1.001511 
7.917530 1.001063 1.000576 1.001314 1.000576 0.999245 1.000566 1.001314 1.000566 1.001085 
7.939075 1.001069 1.000208 1.001332 1.000208 1.000128 0.999801 1.001332 0.999801 1.001271 
7.960619 1.001100 1.000385 1.001174 1.000385 1.000038 0.999975 1.001174 0.999975 1.001400 
7.982163 1.001040 1.000523 1.000659 1.000523 1.000311 1.000563 1.000659 1.000563 1.000848 
8.003707 1.001203 1.000479 1.000588 1.000479 1.000264 0.999326 1.000588 0.999326 1.001059 
8.025252 1.000697 1.000172 1.000420 1.000172 0.998842 0.999663 1.000420 0.999663 1.000231 
8.046796 1.000974 1.000357 1.000123 1.000357 1.000446 0.999545 1.000123 0.999545 1.001420 
8.068340 1.000814 0.999988 1.000499 0.999988 0.999706 0.999640 1.000499 0.999640 1.000782 
8.089884 1.000492 0.999602 1.000144 0.999602 0.999819 0.999379 1.000144 0.999379 1.001007 
8.111429 1.000423 0.999973 0.999815 0.999973 0.999720 0.998923 0.999815 0.998923 1.000610 
8.132973 1.000467 0.999376 0.999769 0.999376 0.999483 0.998822 0.999769 0.998822 1.000002 
8.154518 1.000537 0.999154 0.999732 0.999154 0.999282 0.999048 0.999732 0.999048 0.998674 
8.176062 0.999960 0.999367 0.999802 0.999367 1.000198 0.999595 0.999802 0.999595 1.000173 
8.197606 0.999980 0.999894 0.999516 0.999894 0.999107 1.000118 0.999516 1.000118 0.999205 
8.219150 0.999883 0.999121 0.999576 0.999121 0.998710 0.999584 0.999576 0.999584 1.000053 
8.240695 0.999879 0.999461 0.999196 0.999461 0.998779 0.999906 0.999196 0.999906 0.999053 
8.262239 0.999821 0.999193 0.999576 0.999193 0.998745 0.999569 0.999576 0.999569 0.998809 
8.283783 0.999411 0.999059 0.999388 0.999059 0.999200 0.999293 0.999388 0.999293 0.999533 
8.305328 0.999455 0.999023 0.998875 0.999023 1.000750 0.999745 0.998875 0.999745 0.998668 
8.326872 0.999182 1.000082 0.999219 1.000082 0.999864 0.999447 0.999219 0.999447 1.000597 
8.348416 0.999333 0.999276 0.999246 0.999276 1.000973 0.999385 0.999246 0.999385 0.999905 
8.369960 0.999364 0.999308 0.999366 0.999308 0.999748 0.999655 0.999366 0.999655 0.999906 
8.391505 0.999463 0.999550 0.999285 0.999550 1.001299 0.999659 0.999285 0.999659 0.999373 
8.413049 0.999483 1.000154 0.999584 1.000154 1.000898 1.000790 0.999584 1.000790 0.999537 
8.434594 0.999537 0.999536 0.999346 0.999536 1.000731 1.000280 0.999346 1.000280 1.000216 
8.456138 0.999383 0.999986 0.999600 0.999986 1.000032 1.000517 0.999600 1.000517 1.000350 
8.477682 0.999868 1.000029 0.999692 1.000029 0.999802 1.000119 0.999692 1.000119 1.000281 
8.499226 0.999594 1.000071 0.999656 1.000071 1.000398 1.000594 0.999656 1.000594 1.000603 
8.520771 0.999669 1.000491 0.999599 1.000491 0.999694 1.000841 0.999599 1.000841 0.999873 
8.542315 1.000191 1.000541 1.000269 1.000541 1.000133 0.999975 1.000269 0.999975 1.000244 
8.563859 0.999793 1.000127 1.000459 1.000127 1.000476 1.000446 1.000459 1.000446 1.000741 
8.585404 1.000236 1.000371 0.999839 1.000371 1.000383 1.000144 0.999839 1.000144 1.001198 
8.606948 1.000302 1.000155 1.000693 1.000155 1.000889 1.001473 1.000693 1.001473 1.001856 
8.628492 1.000245 1.000198 1.000495 1.000198 1.001914 1.000956 1.000495 1.000956 1.000977 
8.650036 1.000358 1.000458 1.000436 1.000458 1.000372 1.000605 1.000436 1.000605 1.000650 
8.671581 1.000286 1.000700 1.000261 1.000700 1.000295 1.000941 1.000261 1.000941 1.000818 
8.693125 1.000492 1.000467 1.000601 1.000467 1.001063 1.000058 1.000601 1.000058 1.001355 
8.714670 1.000600 1.000222 1.000698 1.000222 1.001067 1.000680 1.000698 1.000680 1.001090 
8.736214 1.000612 1.000540 1.000636 1.000540 1.000481 1.000749 1.000636 1.000749 1.000993 
8.757758 1.000523 1.000525 1.000122 1.000525 1.000559 1.000295 1.000122 1.000295 0.999586 
8.779302 1.000595 1.000406 1.000428 1.000406 0.999899 1.000261 1.000428 1.000261 1.000122 
8.800847 1.000722 1.000331 1.000484 1.000331 1.000482 0.999822 1.000484 0.999822 1.000603 
8.822391 1.000477 1.000126 1.000702 1.000126 1.000424 1.000474 1.000702 1.000474 0.999973 
8.843935 1.000751 1.000113 1.000593 1.000113 0.999678 1.001047 1.000593 1.001047 1.000306 
8.865479 1.000359 1.000113 1.000302 1.000113 1.000370 1.001561 1.000302 1.001561 1.000950 
8.887023 1.000474 0.999843 1.000681 0.999843 1.000224 1.000476 1.000681 1.000476 1.000166 
8.908568 1.000321 1.000054 0.999974 1.000054 1.000418 1.000182 0.999974 1.000182 1.000499 
8.930112 1.000543 0.999736 1.000470 0.999736 1.000041 0.999547 1.000470 0.999547 0.999954 
8.951657 1.000379 0.999734 1.000462 0.999734 1.000349 0.999771 1.000462 0.999771 1.000585 
8.973201 1.000146 0.999803 0.999779 0.999803 0.999838 0.999373 0.999779 0.999373 0.999056 
8.994745 1.000179 0.999763 0.999782 0.999763 0.999983 1.000002 0.999782 1.000002 1.000448 
9.016289 0.999967 0.999699 0.999929 0.999699 0.999789 0.999862 0.999929 0.999862 0.999884 
9.037834 1.000119 0.999632 0.999748 0.999632 0.998722 0.999560 0.999748 0.999560 0.999499 
9.059378 1.000070 0.999628 0.999589 0.999628 1.000209 0.999766 0.999589 0.999766 1.000721 
9.080923 1.000091 0.999892 0.999539 0.999892 0.999588 0.999734 0.999539 0.999734 1.000312 
9.102467 0.999972 0.999953 0.999789 0.999953 1.000032 0.999967 0.999789 0.999967 1.000186 
9.124011 0.999652 0.999926 0.999739 0.999926 1.000063 0.999754 0.999739 0.999754 0.999149 
9.145555 0.999759 0.999907 0.999707 0.999907 1.000562 0.999208 0.999707 0.999208 0.999328 
9.167099 0.999801 0.999501 0.999635 0.999501 0.999916 1.000338 0.999635 1.000338 1.000299 
9.188644 0.999764 0.999831 0.999632 0.999831 0.999277 1.000217 0.999632 1.000217 0.999882 
9.210188 0.999763 0.999446 0.999696 0.999446 1.000213 1.000289 0.999696 1.000289 0.998858 
9.231733 1.000015 0.999330 0.999707 0.999330 0.999603 1.000519 0.999707 1.000519 0.999747 
9.253277 0.999945 0.999705 0.999593 0.999705 1.001116 0.999715 0.999593 0.999715 1.000284 
9.274821 0.999919 0.999723 0.999923 0.999723 1.001551 0.999741 0.999923 0.999741 1.000028 
9.296365 0.999993 0.999743 1.000003 0.999743 1.000256 0.999919 1.000003 0.999919 1.000065 
9.317910 0.999804 1.000031 0.999618 1.000031 1.000395 0.999740 0.999618 0.999740 1.000118 
9.339454 0.999836 0.999960 0.999956 0.999960 1.000144 1.000495 0.999956 1.000495 1.000652 
9.360999 1.000023 1.000177 1.000088 1.000177 1.000960 1.000259 1.000088 1.000259 1.000365 
9.382543 0.999903 1.000005 0.999836 1.000005 1.000371 1.000475 0.999836 1.000475 0.999873 
9.404087 0.999837 0.999972 0.999946 0.999972 0.999778 1.001056 0.999946 1.001056 0.998909 
9.425631 1.000049 1.000716 1.000121 1.000716 1.000507 1.000046 1.000121 1.000046 1.000781 
9.447176 1.000038 1.000199 1.000128 1.000199 1.000901 1.000069 1.000128 1.000069 1.000891 
9.468720 1.000020 0.999867 1.000018 0.999867 1.000353 1.000246 1.000018 1.000246 1.000368 
9.490264 1.000056 1.000373 0.999872 1.000373 0.999997 1.000389 0.999872 1.000389 1.000784 
9.511808 1.000315 1.000245 1.000670 1.000245 0.999910 0.999705 1.000670 0.999705 1.000566 
9.533352 1.000351 1.000385 1.000021 1.000385 1.000558 1.000539 1.000021 1.000539 1.001214 
9.554897 1.000420 1.000222 1.000157 1.000222 1.000904 1.000406 1.000157 1.000406 1.000693 
9.576441 1.000203 1.000021 0.999979 1.000021 1.000612 1.000893 0.999979 1.000893 1.000648 
9.597986 1.000404 1.000395 1.000509 1.000395 0.999734 1.000312 1.000509 1.000312 1.000972 
9.619530 1.000264 1.000526 1.000396 1.000526 0.999446 1.000870 1.000396 1.000870 1.001395 
9.641074 1.000514 0.999885 1.000515 0.999885 0.999466 1.000458 1.000515 1.000458 0.999893 
9.662618 1.000503 1.000185 1.000359 1.000185 1.000752 1.000727 1.000359 1.000727 1.000562 
9.684163 1.000292 1.000229 1.000388 1.000229 0.999874 1.000186 1.000388 1.000186 1.000493 
9.705707 1.000340 1.000114 1.000182 1.000114 0.999217 1.000080 1.000182 1.000080 1.000853 
9.727252 1.000413 0.999909 1.000008 0.999909 1.000708 1.000441 1.000008 1.000441 1.001368 
9.748796 1.000187 1.000044 1.000373 1.000044 1.000428 0.999990 1.000373 0.999990 0.999901 
9.770340 1.000359 0.999931 0.999935 0.999931 1.000508 0.999655 0.999935 0.999655 1.001150 
9.791884 1.000302 1.000110 1.000148 1.000110 1.000542 1.000637 1.000148 1.000637 1.000547 
9.813428 1.000098 0.999920 0.999919 0.999920 1.000109 0.999426 0.999919 0.999426 0.999464 
9.834973 1.000190 1.000088 1.000157 1.000088 1.000576 0.999927 1.000157 0.999927 1.000633 
9.856517 1.000253 0.999770 0.999626 0.999770 0.999792 0.999852 0.999626 0.999852 0.998881 
9.878062 1.000014 0.999974 0.999989 0.999974 0.999204 1.000344 0.999989 1.000344 0.999570 
9.899606 0.999968 1.000109 0.999908 1.000109 1.000429 0.999972 0.999908 0.999972 0.999527 
9.921150 1.000133 1.000007 1.000390 1.000007 0.999909 0.999670 1.000390 0.999670 0.999787 
9.942694 0.999933 0.999735 0.999782 0.999735 0.999992 0.999678 0.999782 0.999678 0.999883 
9.964239 1.000153 0.999877 0.999744 0.999877 0.999496 0.999092 0.999744 0.999092 1.000558 
9.985783 0.999857 0.999607 0.999874 0.999607 1.000566 0.999716 0.999874 0.999716 0.999621 
10.007328 0.999982 0.999793 0.999777 0.999793 1.000695 0.999784 0.999777 0.999784 0.999483 
10.028872 0.999794 0.999691 0.999825 0.999691 0.999860 0.999748 0.999825 0.999748 1.000631 
10.050416 0.999921 0.999785 0.999779 0.999785 0.999835 1.000186 0.999779 1.000186 0.999403 
10.071960 1.000030 0.999902 0.999497 0.999902 0.999977 1.000066 0.999497 1.000066 1.000130 
10.093504 0.999985 0.999599 0.999892 0.999599 0.999861 0.999927 0.999892 0.999927 1.000414 
10.115049 0.999937 1.000061 1.000319 1.000061 1.000711 1.000192 1.000319 1.000192 0.999775 
10.136593 0.999841 0.999862 1.000129 0.999862 0.999903 1.000342 1.000129 1.000342 1.000084 
10.158138 0.999851 1.000236 0.999909 1.000236 0.999872 1.000662 0.999909 1.000662 1.001124 
10.179682 1.000188 1.000025 1.000038 1.000025 0.999942 1.000508 1.000038 1.000508 1.000123 
10.201226 1.000078 0.999960 1.000088 0.999960 1.001357 1.000266 1.000088 1.000266 1.000283 
10.222770 1.000013 0.999829 0.999966 0.999829 1.000486 0.999755 0.999966 0.999755 1.000879 
10.244315 1.000219 0.999957 0.999837 0.999957 1.000131 0.999505 0.999837 0.999505 1.000429 
10.265859 0.999939 0.999704 1.000037 0.999704 0.999976 1.000346 1.000037 1.000346 1.000461 
10.287404 0.999985 1.000245 0.999909 1.000245 1.000734 1.000798 0.999909 1.000798 1.000404 
10.308948 1.000250 1.000292 1.000114 1.000292 1.000769 1.000189 1.000114 1.000189 1.000992 
10.330492 1.000448 1.000110 1.000165 1.000110 1.001157 1.000262 1.000165 1.000262 0.999928 
10.352036 1.000326 1.000120 1.000028 1.000120 1.000335 1.000563 1.000028 1.000563 1.000841 
10.373580 1.000028 0.999929 1.000001 0.999929 1.000633 1.000350 1.000001 1.000350 1.000136 
10.395125 1.000046 1.000145 1.000008 1.000145 0.999960 1.000285 1.000008 1.000285 1.000757 
10.416669 0.999823 1.000106 0.999991 1.000106 1.000344 1.000022 0.999991 1.000022 0.999691 
10.438213 1.000075 1.000356 1.000299 1.000356 1.000016 1.000680 1.000299 1.000680 1.000495 
10.459757 1.000243 1.000127 1.000224 1.000127 1.000356 1.000429 1.000224 1.000429 1.000620 
10.481302 1.000290 1.000225 1.000082 1.000225 1.000660 1.000254 1.000082 1.000254 1.000132 
10.502846 1.000315 1.000166 1.000007 1.000166 0.999992 1.000414 1.000007 1.000414 1.000404 
10.524391 1.000339 1.000220 1.000236 1.000220 1.000207 1.000343 1.000236 1.000343 1.000451 
10.545935 1.000453 1.000010 1.000184 1.000010 0.999979 0.999777 1.000184 0.999777 0.999698 
10.567479 1.000518 0.999851 1.000251 0.999851 0.999509 0.999903 1.000251 0.999903 1.000822 
10.589023 1.000327 1.000056 1.000043 1.000056 1.000268 1.000351 1.000043 1.000351 1.001029 
10.610568 1.000130 0.999967 1.000286 0.999967 1.000657 0.999958 1.000286 0.999958 1.000351 
10.632112 1.000093 0.999763 0.999945 0.999763 1.000476 1.000271 0.999945 1.000271 0.999654 
10.653656 1.000185 1.000090 1.000039 1.000090 1.000258 0.999616 1.000039 0.999616 1.001055 
10.675201 1.000145 0.999965 0.999940 0.999965 0.999817 1.000109 0.999940 1.000109 1.000277 
10.696745 1.000222 1.000061 0.999948 1.000061 1.000251 1.000210 0.999948 1.000210 1.000685 
10.718289 1.000242 1.000139 1.000054 1.000139 1.000308 1.000161 1.000054 1.000161 1.000915 
10.739833 0.999951 0.999953 1.000058 0.999953 0.999797 0.999539 1.000058 0.999539 0.999548 
10.761378 1.000058 0.999936 0.999753 0.999936 0.999122 0.999349 0.999753 0.999349 1.001116 
10.782922 0.997067 0.996697 0.996821 0.996697 0.997102 0.997070 0.996821 0.997070 0.996706 
10.804467 0.991003 0.990718 0.990861 0.990718 0.990688 0.991004 0.990861 0.991004 0.991980 
10.826011 0.985263 0.985142 0.985067 0.985142 0.986086 0.984888 0.985067 0.984888 0.985496 
10.847555 0.979089 0.978912 0.979082 0.978912 0.979952 0.978904 0.979082 0.978904 0.978937 
10.869099 0.973192 0.973149 0.973186 0.973149 0.973150 0.973167 0.973186 0.973167 0.972906 
10.890644 0.967510 0.967349 0.967368 0.967349 0.967372 0.966898 0.967368 0.966898 0.967179 
10.912188 0.961436 0.961376 0.961216 0.961376 0.961619 0.961476 0.961216 0.961476 0.961746 
10.933733 0.955634 0.955442 0.955476 0.955442 0.956420 0.956142 0.955476 0.956142 0.956465 
10.955276 0.949936 0.949688 0.949993 0.949688 0.949995 0.950363 0.949993 0.950363 0.950349 
10.976820 0.944051 0.944182 0.943814 0.944182 0.943913 0.943782 0.943814 0.943782 0.944495 
10.998365 0.938148 0.938081 0.938084 0.938081 0.938092 0.938160 0.938084 0.938160 0.938138 
11.019909 0.932532 0.932695 0.932786 0.932695 0.933337 0.932510 0.932786 0.932510 0.933400 
11.041454 0.927007 0.926788 0.926918 0.926788 0.926879 0.926334 0.926918 0.926334 0.927223 
11.062998 0.921323 0.921178 0.921210 0.921178 0.920648 0.920780 0.921210 0.920780 0.922102 
11.084543 0.915778 0.915490 0.915655 0.915490 0.916116 0.916180 0.915655 0.916180 0.915781 
11.106087 0.909934 0.909807 0.909833 0.909807 0.910645 0.910317 0.909833 0.910317 0.909845 
11.127631 0.904052 0.904527 0.904135 0.904527 0.904209 0.904747 0.904135 0.904747 0.904055 
11.149175 0.898624 0.898336 0.898551 0.898336 0.898552 0.898906 0.898551 0.898906 0.899025 
11.170720 0.893018 0.892922 0.893093 0.892922 0.893380 0.892892 0.893093 0.892892 0.893230 
11.192264 0.887567 0.887549 0.887592 0.887549 0.887124 0.887533 0.887592 0.887533 0.888019 
11.213809 0.881928 0.882151 0.881828 0.882151 0.882340 0.881634 0.881828 0.881634 0.881875 
11.235353 0.876669 0.876363 0.876274 0.876363 0.876814 0.876800 0.876274 0.876800 0.877152 
11.256896 0.870995 0.870806 0.871009 0.870806 0.870254 0.870526 0.871009 0.870526 0.871349 
11.278441 0.865366 0.865645 0.865605 0.865645 0.865575 0.865512 0.865605 0.865512 0.865218 
11.299985 0.859989 0.860163 0.859854 0.860163 0.859820 0.859796 0.859854 0.859796 0.859816 
11.321530 0.854622 0.854413 0.854260 0.854413 0.855096 0.855044 0.854260 0.855044 0.854321 
11.343074 0.849138 0.848888 0.848970 0.848888 0.848735 0.848749 0.848970 0.848749 0.849069 
11.364618 0.843715 0.843795 0.843485 0.843795 0.844388 0.843598 0.843485 0.843598 0.844288 
11.386162 0.838356 0.838463 0.838287 0.838463 0.838618 0.838197 0.838287 0.838197 0.839354 
11.407707 0.833062 0.832790 0.832946 0.832790 0.833071 0.833047 0.832946 0.833047 0.832856 
11.429251 0.827635 0.827856 0.827786 0.827856 0.827431 0.827485 0.827786 0.827485 0.827609 
11.450796 0.822396 0.822317 0.822153 0.822317 0.822195 0.822830 0.822153 0.822830 0.822572 
11.472340 0.816888 0.816844 0.816615 0.816844 0.817446 0.817331 0.816615 0.817331 0.816693 
11.493884 0.811670 0.811353 0.811705 0.811353 0.811912 0.812102 0.811705 0.812102 0.811900 
11.515428 0.806442 0.806207 0.806623 0.806207 0.806192 0.806777 0.806623 0.806777 0.806971 
11.536973 0.801167 0.801209 0.800800 0.801209 0.800995 0.801045 0.800800 0.801045 0.801082 
11.558517 0.796015 0.795874 0.795906 0.795874 0.796007 0.795480 0.795906 0.795480 0.796450 
11.580061 0.790656 0.790549 0.790736 0.790549 0.791191 0.790889 0.790736 0.790889 0.790925 
11.601606 0.785630 0.785322 0.785392 0.785322 0.785674 0.785624 0.785392 0.785624 0.786158 
11.623150 0.780521 0.780308 0.780626 0.780308 0.779984 0.780573 0.780626 0.780573 0.779933 
11.644694 0.775331 0.775133 0.775207 0.775133 0.775086 0.775166 0.775207 0.775166 0.774769 
11.666238 0.770185 0.769952 0.769983 0.769952 0.770979 0.770054 0.769983 0.770054 0.769931 
11.687783 0.765066 0.764947 0.764900 0.764947 0.764649 0.765349 0.764900 0.765349 0.765193 
11.709327 0.759897 0.759835 0.760178 0.759835 0.759735 0.759934 0.760178 0.759934 0.759935 
11.730872 0.754960 0.754843 0.754777 0.754843 0.755160 0.754882 0.754777 0.754882 0.754750 
11.752416 0.749930 0.749747 0.749534 0.749747 0.749703 0.749706 0.749534 0.749706 0.750368 
11.773960 0.744681 0.744383 0.744715 0.744383 0.744783 0.744689 0.744715 0.744689 0.744645 
11.795504 0.739825 0.739564 0.739725 0.739564 0.740233 0.739873 0.739725 0.739873 0.740373 
11.817049 0.734874 0.734430 0.734925 0.734430 0.734815 0.734788 0.734925 0.734788 0.734883 
11.838593 0.729853 0.729622 0.729620 0.729622 0.730219 0.729898 0.729620 0.729898 0.730128 
11.860137 0.724759 0.724610 0.725011 0.724610 0.724956 0.724792 0.725011 0.724792 0.724384 
11.881681 0.719950 0.720008 0.719859 0.720008 0.720445 0.719843 0.719859 0.719843 0.720184 
11.903225 0.714872 0.715122 0.715054 0.715122 0.715822 0.714852 0.715054 0.714852 0.715620 
11.924770 0.710266 0.710156 0.710050 0.710156 0.710520 0.710347 0.710050 0.710347 0.710113 
11.946314 0.705245 0.704958 0.705054 0.704958 0.705030 0.705290 0.705054 0.705290 0.704874 
11.967859 0.700329 0.700157 0.700388 0.700157 0.700822 0.700651 0.700388 0.700651 0.700411 
11.989403 0.695481 0.695379 0.695370 0.695379 0.695793 0.695418 0.695370 0.695418 0.695247 
12.010947 0.690730 0.690782 0.690702 0.690782 0.690797 0.690888 0.690702 0.690888 0.690319 
12.032491 0.685776 0.685918 0.685790 0.685918 0.685970 0.685833 0.685790 0.685833 0.685925 
12.054036 0.681110 0.680988 0.680997 0.680988 0.681019 0.681235 0.680997 0.681235 0.681720 
12.075580 0.676363 0.676443 0.676221 0.676443 0.676216 0.676063 0.676221 0.676063 0.676778 
12.097125 0.671536 0.671491 0.671431 0.671491 0.671104 0.671561 0.671431 0.671561 0.671596 
12.118669 0.666693 0.666558 0.666595 0.666558 0.666707 0.666477 0.666595 0.666477 0.666946 
12.140213 0.661960 0.662062 0.661953 0.662062 0.662703 0.662154 0.661953 0.662154 0.662058 
12.161757 0.657320 0.657359 0.657200 0.657359 0.657373 0.657394 0.657200 0.657394 0.657450 
12.183301 0.652576 0.652755 0.652618 0.652755 0.652282 0.652654 0.652618 0.652654 0.652980 
12.204846 0.647861 0.647784 0.647756 0.647784 0.648741 0.647632 0.647756 0.647632 0.647825 
12.226390 0.643151 0.643304 0.643114 0.643304 0.643512 0.643339 0.643114 0.643339 0.643536 
12.247935 0.638585 0.638370 0.638761 0.638370 0.638774 0.638737 0.638761 0.638737 0.638800 
12.269479 0.633992 0.633825 0.634108 0.633825 0.633695 0.633522 0.634108 0.633522 0.634175 
12.291023 0.629465 0.629446 0.629237 0.629446 0.629074 0.629359 0.629237 0.629359 0.629789 
12.312567 0.624809 0.624605 0.624623 0.624605 0.624863 0.624640 0.624623 0.624640 0.625099 
12.334112 0.620108 0.619963 0.619885 0.619963 0.620648 0.620422 0.619885 0.620422 0.619806 
12.355656 0.615613 0.615660 0.615720 0.615660 0.615290 0.615171 0.615720 0.615171 0.615778 
12.377201 0.611113 0.610848 0.610914 0.610848 0.610742 0.611318 0.610914 0.611318 0.610660 
12.398745 0.606488 0.606616 0.606577 0.606616 0.606667 0.606337 0.606577 0.606337 0.606931 
12.420289 0.601840 0.601845 0.601851 0.601845 0.601415 0.601991 0.601851 0.601991 0.601607 
12.441833 0.597588 0.597342 0.597564 0.597342 0.597092 0.597553 0.597564 0.597553 0.597629 
12.463377 0.592983 0.593067 0.592927 0.593067 0.593479 0.592887 0.592927 0.592887 0.593288 
12.484922 0.588600 0.588476 0.588303 0.588476 0.588395 0.588260 0.588303 0.588260 0.588557 
12.506466 0.583972 0.583924 0.583971 0.583924 0.584240 0.584089 0.583971 0.584089 0.583999 
12.528011 0.579422 0.579481 0.579593 0.579481 0.579490 0.579581 0.579593 0.579581 0.579954 
12.549555 0.575192 0.574950 0.575147 0.574950 0.575186 0.574832 0.575147 0.574832 0.575190 
12.571099 0.570804 0.570728 0.570506 0.570728 0.570737 0.570693 0.570506 0.570693 0.570504 
12.592643 0.566524 0.566261 0.566342 0.566261 0.566081 0.566345 0.566342 0.566345 0.566643 
12.614188 0.561885 0.561872 0.561846 0.561872 0.562364 0.561621 0.561846 0.561621 0.561918 
12.635732 0.557517 0.557562 0.557506 0.557562 0.557514 0.557623 0.557506 0.557623 0.557624 
12.657277 0.553149 0.553179 0.553165 0.553179 0.553385 0.553488 0.553165 0.553488 0.553304 
12.678821 0.548901 0.548896 0.548917 0.548896 0.549374 0.549064 0.548917 0.549064 0.549502 
12.700365 0.544638 0.544490 0.544674 0.544490 0.544729 0.545029 0.544674 0.545029 0.544544 
12.721909 0.540255 0.540260 0.540200 0.540260 0.540160 0.540300 0.540200 0.540300 0.540202 
12.743454 0.536007 0.535656 0.535965 0.535656 0.535922 0.536086 0.535965 0.536086 0.535489 
12.764998 0.531595 0.531504 0.531624 0.531504 0.531620 0.531605 0.531624 0.531605 0.531721 
12.786542 0.527497 0.527522 0.527495 0.527522 0.528065 0.527519 0.527495 0.527519 0.527618 
12.808086 0.523247 0.523205 0.523334 0.523205 0.523554 0.523007 0.523334 0.523007 0.523623 
12.829630 0.518938 0.518860 0.518924 0.518860 0.518693 0.518856 0.518924 0.518856 0.518966 
12.851175 0.514754 0.514725 0.514526 0.514725 0.514909 0.514867 0.514526 0.514867 0.514707 
12.872719 0.510456 0.510387 0.510500 0.510387 0.510470 0.510609 0.510500 0.510609 0.510255 
12.894264 0.506427 0.506240 0.506378 0.506240 0.506768 0.506352 0.506378 0.506352 0.506025 
12.915808 0.502119 0.502010 0.502173 0.502010 0.501895 0.502035 0.502173 0.502035 0.502011 
12.937352 0.497935 0.497986 0.497822 0.497986 0.497505 0.497708 0.497822 0.497708 0.498127 
12.958896 0.493801 0.493679 0.493803 0.493679 0.493762 0.493980 0.493803 0.493980 0.493864 
12.980441 0.489674 0.489859 0.489809 0.489859 0.489495 0.489832 0.489809 0.489832 0.490178 
13.001985 0.485593 0.485571 0.485438 0.485571 0.485721 0.485687 0.485438 0.485687 0.485809 
13.023530 0.481554 0.481441 0.481408 0.481441 0.481365 0.480760 0.481408 0.480760 0.481612 
13.045074 0.477290 0.477309 0.477304 0.477309 0.477521 0.477394 0.477304 0.477394 0.477157 
13.066618 0.473399 0.473150 0.473203 0.473150 0.473302 0.473899 0.473203 0.473899 0.473145 
13.088162 0.469187 0.468965 0.469002 0.468965 0.469533 0.469282 0.469002 0.469282 0.469319 
13.109706 0.465235 0.464951 0.465022 0.464951 0.465590 0.465236 0.465022 0.465236 0.465196 
13.131251 0.461042 0.461105 0.461106 0.461105 0.461379 0.460864 0.461106 0.460864 0.461017 
13.152795 0.457078 0.457062 0.456909 0.457062 0.456935 0.457228 0.456909 0.457228 0.456951 
13.174340 0.453036 0.453079 0.452926 0.453079 0.452872 0.452977 0.452926 0.452977 0.452955 
13.195884 0.448992 0.448991 0.448972 0.448991 0.449044 0.448776 0.448972 0.448776 0.449319 
13.217428 0.445208 0.445104 0.445065 0.445104 0.444933 0.444961 0.445065 0.444961 0.444911 
13.238972 0.441026 0.440950 0.440994 0.440950 0.441387 0.441157 0.440994 0.441157 0.441440 
13.260517 0.437072 0.437056 0.436975 0.437056 0.436888 0.436868 0.436975 0.436868 0.437170 
13.282061 0.433153 0.433127 0.433221 0.433127 0.433239 0.432926 0.433221 0.432926 0.433405 
13.303606 0.429186 0.429044 0.429249 0.429044 0.429053 0.429194 0.429249 0.429194 0.429661 
13.325150 0.425304 0.425115 0.425235 0.425115 0.424909 0.425259 0.425235 0.425259 0.425372 
13.346694 0.421357 0.421293 0.421279 0.421293 0.421465 0.421328 0.421279 0.421328 0.421084 
13.368238 0.417444 0.417380 0.417193 0.417380 0.417781 0.417057 0.417193 0.417057 0.417401 
13.389782 0.413572 0.413496 0.413575 0.413496 0.413713 0.413829 0.413575 0.413829 0.413724 
13.411327 0.409692 0.409648 0.409797 0.409648 0.410319 0.409879 0.409797 0.409879 0.410182 
13.432871 0.405752 0.405686 0.405950 0.405686 0.406385 0.405770 0.405950 0.405770 0.405660 
13.454415 0.401975 0.401989 0.401882 0.401989 0.402139 0.402133 0.401882 0.402133 0.401991 
13.475959 0.398160 0.398137 0.398191 0.398137 0.398635 0.398051 0.398191 0.398051 0.398376 
13.497504 0.394266 0.394232 0.394138 0.394232 0.394290 0.394455 0.394138 0.394455 0.394489 
13.519048 0.390400 0.390546 0.390512 0.390546 0.390573 0.390376 0.390512 0.390376 0.390300 
13.540593 0.386668 0.386613 0.386676 0.386613 0.386732 0.386609 0.386676 0.386609 0.386426 
13.562137 0.382734 0.382949 0.382819 0.382949 0.382917 0.382918 0.382819 0.382918 0.382462 
13.583681 0.379091 0.379156 0.379082 0.379156 0.378893 0.378867 0.379082 0.378867 0.379129 
13.605225 0.375399 0.375274 0.375284 0.375274 0.375728 0.375243 0.375284 0.375243 0.375054 
13.626770 0.371539 0.371538 0.371603 0.371538 0.371711 0.371493 0.371603 0.371493 0.371738 
13.648314 0.367753 0.367937 0.367882 0.367937 0.368072 0.367798 0.367882 0.367798 0.367967 
13.669858 0.364022 0.364003 0.364156 0.364003 0.364074 0.364099 0.364156 0.364099 0.364157 
13.691403 0.360370 0.360234 0.360282 0.360234 0.360273 0.360150 0.360282 0.360150 0.360542 
13.712947 0.356702 0.356625 0.356660 0.356625 0.356499 0.356643 0.356660 0.356643 0.357064 
13.734491 0.353063 0.352737 0.353101 0.352737 0.353299 0.353045 0.353101 0.353045 0.352870 
13.756035 0.349303 0.349255 0.349197 0.349255 0.348991 0.349526 0.349197 0.349526 0.349324 
13.777580 0.345647 0.345550 0.345489 0.345550 0.345335 0.345707 0.345489 0.345707 0.345758 
13.799124 0.342052 0.341927 0.341850 0.341927 0.341663 0.341822 0.341850 0.341822 0.341882 
13.820669 0.338368 0.338190 0.338292 0.338190 0.337949 0.338252 0.338292 0.338252 0.338301 
13.842213 0.334688 0.334595 0.334645 0.334595 0.334701 0.334816 0.334645 0.334816 0.334838 
13.863757 0.331013 0.331116 0.331014 0.331116 0.330790 0.331008 0.331014 0.331008 0.331356 
13.885301 0.327509 0.327500 0.327347 0.327500 0.328022 0.327457 0.327347 0.327457 0.327580 
13.906846 0.323865 0.323772 0.323702 0.323772 0.323739 0.323928 0.323702 0.323928 0.323717 
13.928390 0.320156 0.320222 0.320191 0.320222 0.320052 0.320426 0.320191 0.320426 0.320360 
13.949934 0.316674 0.316638 0.316581 0.316638 0.316663 0.316714 0.316581 0.316714 0.316337 
13.971479 0.312966 0.313065 0.313052 0.313065 0.313204 0.313135 0.313052 0.313135 0.313102 
13.993023 0.309534 0.309470 0.309441 0.309470 0.309596 0.309361 0.309441 0.309361 0.309580 
14.014567 0.305920 0.306035 0.305921 0.306035 0.306124 0.306163 0.305921 0.306163 0.306296 
14.036111 0.302398 0.302385 0.302350 0.302385 0.302447 0.302521 0.302350 0.302521 0.302251 
14.057656 0.298956 0.298929 0.298843 0.298929 0.298620 0.298823 0.298843 0.298823 0.299060 
14.079200 0.295354 0.295316 0.295363 0.295316 0.295237 0.295311 0.295363 0.295311 0.295185 
14.100745 0.291859 0.291765 0.291800 0.291765 0.291844 0.291806 0.291800 0.291806 0.291506 
14.122289 0.288336 0.288414 0.288304 0.288414 0.288243 0.288254 0.288304 0.288254 0.288397 
14.143833 0.284907 0.284783 0.284979 0.284783 0.285075 0.284683 0.284979 0.284683 0.285029 
14.165377 0.281418 0.281336 0.281349 0.281336 0.281262 0.281305 0.281349 0.281305 0.281714 
14.186922 0.277913 0.277924 0.278048 0.277924 0.278073 0.278030 0.278048 0.278030 0.277768 
14.208466 0.274516 0.274425 0.274469 0.274425 0.274372 0.274517 0.274469 0.274517 0.274694 
14.230011 0.271005 0.270987 0.271099 0.270987 0.271166 0.271064 0.271099 0.271064 0.271525 
14.251554 0.267601 0.267502 0.267571 0.267502 0.267843 0.267595 0.267571 0.267595 0.267675 
14.273098 0.264139 0.264112 0.264133 0.264112 0.264500 0.264383 0.264133 0.264383 0.264252 
14.294643 0.260853 0.260891 0.260720 0.260891 0.260906 0.260601 0.260720 0.260601 0.261083 
14.316187 0.257268 0.257249 0.257254 0.257249 0.257306 0.257183 0.257254 0.257183 0.257219 
14.337732 0.253891 0.253829 0.253862 0.253829 0.253886 0.254033 0.253862 0.254033 0.253993 
14.359276 0.250605 0.250600 0.250599 0.250600 0.250508 0.250534 0.250599 0.250534 0.250364 
14.380820 0.247283 0.247077 0.247195 0.247077 0.246965 0.247132 0.247195 0.247132 0.247205 
14.402364 0.243882 0.243888 0.243857 0.243888 0.243837 0.244095 0.243857 0.244095 0.243672 
14.423909 0.240514 0.240519 0.240406 0.240519 0.240105 0.240509 0.240406 0.240509 0.240580 
14.445453 0.237123 0.237152 0.237161 0.237152 0.237132 0.237376 0.237161 0.237376 0.237153 
14.466998 0.233876 0.233745 0.233859 0.233745 0.233764 0.233756 0.233859 0.233756 0.233751 
14.488542 0.230538 0.230531 0.230586 0.230531 0.230183 0.230534 0.230586 0.230534 0.230769 
14.510086 0.227197 0.227168 0.227189 0.227168 0.227294 0.227146 0.227189 0.227146 0.227413 
14.531630 0.223845 0.223891 0.223788 0.223891 0.223980 0.223653 0.223788 0.223653 0.224224 
14.553174 0.220633 0.220577 0.220500 0.220577 0.221000 0.220597 0.220500 0.220597 0.220484 
14.574719 0.217316 0.217315 0.217317 0.217315 0.217327 0.217362 0.217317 0.217362 0.217429 
14.596263 0.214036 0.213935 0.214035 0.213935 0.214403 0.214125 0.214035 0.214125 0.214012 
14.617808 0.210799 0.210740 0.210783 0.210740 0.210564 0.210895 0.210783 0.210895 0.210583 
14.639352 0.207596 0.207577 0.207544 0.207577 0.207434 0.207427 0.207544 0.207427 0.207326 
14.660896 0.204324 0.204305 0.204199 0.204305 0.204568 0.204406 0.204199 0.204406 0.204170 
14.682440 0.201020 0.201081 0.200993 0.201081 0.200964 0.200850 0.200993 0.200850 0.201158 
14.703985 0.197842 0.197851 0.197865 0.197851 0.197624 0.197663 0.197865 0.197663 0.198137 
14.725529 0.194608 0.194580 0.194627 0.194580 0.194749 0.194525 0.194627 0.194525 0.194738 
14.747074 0.191412 0.191426 0.191418 0.191426 0.191582 0.191399 0.191418 0.191399 0.191263 
14.768618 0.188149 0.188239 0.188192 0.188239 0.188367 0.188108 0.188192 0.188108 0.188674 
14.790162 0.185064 0.184972 0.184959 0.184972 0.185142 0.185033 0.184959 0.185033 0.185096 
14.811706 0.181805 0.181915 0.181890 0.181915 0.181642 0.181953 0.181890 0.181953 0.181762 
14.833251 0.178690 0.178551 0.178704 0.178551 0.178567 0.178608 0.178704 0.178608 0.178850 
14.854795 0.175539 0.175485 0.175382 0.175485 0.175216 0.175460 0.175382 0.175460 0.175618 
14.876339 0.172394 0.172324 0.172373 0.172324 0.172206 0.172365 0.172373 0.172365 0.172346 
14.897883 0.169233 0.169250 0.169160 0.169250 0.169311 0.169218 0.169160 0.169218 0.169210 
14.919427 0.166068 0.166044 0.166095 0.166044 0.166071 0.166141 0.166095 0.166141 0.166050 
14.940972 0.162948 0.162929 0.163019 0.162929 0.162881 0.162994 0.163019 0.162994 0.162758 
14.962516 0.159873 0.159813 0.159787 0.159813 0.160158 0.159820 0.159787 0.159820 0.159787 
14.984061 0.156671 0.156707 0.156782 0.156707 0.156840 0.156714 0.156782 0.156714 0.156841 
15.005605 0.153638 0.153599 0.153609 0.153599 0.153629 0.153529 0.153609 0.153529 0.153647 
15.027149 0.150534 0.150500 0.150518 0.150500 0.150573 0.150611 0.150518 0.150611 0.150452 
15.048693 0.147407 0.147416 0.147469 0.147416 0.147683 0.147342 0.147469 0.147342 0.147373 
15.070238 0.144442 0.144318 0.144400 0.144318 0.144211 0.144471 0.144400 0.144471 0.144380 
15.091782 0.141367 0.141298 0.141261 0.141298 0.141489 0.141550 0.141261 0.141550 0.141458 
15.113327 0.138275 0.138304 0.138263 0.138304 0.138297 0.138355 0.138263 0.138355 0.138252 
15.134871 0.135293 0.135181 0.135210 0.135181 0.135179 0.135253 0.135210 0.135253 0.135261 
15.156415 0.132188 0.132216 0.132270 0.132216 0.132385 0.132343 0.132270 0.132343 0.132276 
15.177959 0.129209 0.129132 0.129260 0.129132 0.129138 0.129105 0.129260 0.129105 0.129231 
15.199503 0.126139 0.126136 0.126122 0.126136 0.126168 0.126145 0.126122 0.126145 0.126109 
15.221048 0.123132 0.123218 0.123091 0.123218 0.123277 0.123170 0.123091 0.123170 0.123059 
15.242592 0.120177 0.120204 0.120228 0.120204 0.120316 0.120182 0.120228 0.120182 0.120373 
15.264137 0.117487 0.117470 0.117450 0.117470 0.117462 0.117505 0.117450 0.117505 0.117563 
15.285681 0.114866 0.114839 0.114836 0.114839 0.114835 0.114887 0.114836 0.114887 0.114956 
15.307225 0.112461 0.112380 0.112367 0.112380 0.112570 0.112461 0.112367 0.112461 0.112458 
15.328769 0.109990 0.109931 0.109952 0.109931 0.110002 0.109872 0.109952 0.109872 0.109980 
15.350314 0.107638 0.107656 0.107619 0.107656 0.107653 0.107746 0.107619 0.107746 0.107712 
15.371858 0.105403 0.105350 0.105389 0.105350 0.105273 0.105325 0.105389 0.105325 0.105621 
15.393403 0.103142 0.103197 0.103139 0.103197 0.103447 0.103067 0.103139 0.103067 0.103204 
15.414947 0.100998 0.100984 0.101002 0.100984 0.100966 0.101144 0.101002 0.101144 0.101128 
15.436491 0.098854 0.098920 0.098912 0.098920 0.098958 0.098908 0.098912 0.098908 0.098768 
15.458035 0.096867 0.096856 0.096768 0.096856 0.096835 0.096815 0.096768 0.096815 0.096836 
15.479579 0.094818 0.094851 0.094881 0.094851 0.094864 0.094789 0.094881 0.094789 0.094739 
15.501124 0.092895 0.092920 0.092882 0.092920 0.092896 0.092924 0.092882 0.092924 0.092844 
15.522668 0.090964 0.090994 0.091015 0.090994 0.091016 0.091077 0.091015 0.091077 0.090666 
15.544213 0.089082 0.089118 0.089067 0.089118 0.089110 0.089019 0.089067 0.089019 0.089086 
15.565757 0.087256 0.087282 0.087245 0.087282 0.087365 0.087253 0.087245 0.087253 0.087263 
15.587301 0.085474 0.085413 0.085485 0.085413 0.085442 0.085402 0.085485 0.085402 0.085585 
15.608845 0.083683 0.083615 0.083688 0.083615 0.083603 0.083728 0.083688 0.083728 0.083878 
15.630390 0.081972 0.081925 0.081971 0.081925 0.081837 0.082132 0.081971 0.082132 0.082108 
15.651934 0.080260 0.080220 0.080254 0.080220 0.080273 0.080325 0.080254 0.080325 0.080356 
15.673479 0.078610 0.078571 0.078611 0.078571 0.078532 0.078555 0.078611 0.078555 0.078654 
15.695023 0.077004 0.076957 0.076992 0.076957 0.076942 0.076932 0.076992 0.076932 0.077096 
15.716567 0.075418 0.075399 0.075344 0.075399 0.075377 0.075314 0.075344 0.075314 0.075432 
15.738111 0.073806 0.073822 0.073800 0.073822 0.073741 0.073833 0.073800 0.073833 0.073776 
15.759655 0.072290 0.072295 0.072276 0.072295 0.072326 0.072176 0.072276 0.072176 0.072334 
15.781200 0.070752 0.070745 0.070758 0.070745 0.070990 0.070724 0.070758 0.070724 0.070670 
15.802744 0.069267 0.069249 0.069270 0.069249 0.069185 0.069187 0.069270 0.069187 0.069362 
15.824288 0.067826 0.067818 0.067804 0.067818 0.067936 0.067803 0.067804 0.067803 0.067867 
15.845832 0.066428 0.066399 0.066410 0.066399 0.066429 0.066416 0.066410 0.066416 0.066335 
15.867377 0.064994 0.064993 0.064999 0.064993 0.064934 0.064960 0.064999 0.064960 0.065100 
15.888921 0.063639 0.063625 0.063603 0.063625 0.063656 0.063606 0.063603 0.063606 0.063702 
15.910466 0.062254 0.062220 0.062271 0.062220 0.062350 0.062289 0.062271 0.062289 0.062156 
15.932010 0.060942 0.060895 0.060967 0.060895 0.060969 0.060920 0.060967 0.060920 0.060941 
15.953554 0.059616 0.059649 0.059653 0.059649 0.059670 0.059641 0.059653 0.059641 0.059632 
15.975098 0.058342 0.058361 0.058357 0.058361 0.058442 0.058338 0.058357 0.058338 0.058344 
15.996643 0.057080 0.057141 0.057030 0.057141 0.057075 0.057028 0.057030 0.057028 0.057124 
16.018188 0.055866 0.055863 0.055821 0.055863 0.055935 0.055797 0.055821 0.055797 0.055832 
16.039731 0.054638 0.054616 0.054586 0.054616 0.054533 0.054616 0.054586 0.054616 0.054664 
16.061275 0.053445 0.053448 0.053462 0.053448 0.053474 0.053496 0.053462 0.053496 0.053450 
16.082820 0.052285 0.052267 0.052293 0.052267 0.052254 0.052262 0.052293 0.052262 0.052369 
16.104364 0.051106 0.051143 0.051117 0.051143 0.051030 0.051099 0.051117 0.051099 0.051145 
16.125909 0.049980 0.049956 0.049998 0.049956 0.049974 0.050066 0.049998 0.050066 0.049940 
16.147452 0.048882 0.048851 0.048879 0.048851 0.048897 0.048988 0.048879 0.048988 0.048797 
16.168997 0.047783 0.047815 0.047778 0.047815 0.047810 0.047835 0.047778 0.047835 0.047785 
16.190541 0.046728 0.046713 0.046687 0.046713 0.046730 0.046640 0.046687 0.046640 0.046756 
16.212086 0.045661 0.045690 0.045658 0.045690 0.045728 0.045565 0.045658 0.045565 0.045590 
16.233630 0.044638 0.044635 0.044634 0.044635 0.044559 0.044729 0.044634 0.044729 0.044490 
16.255175 0.043592 0.043605 0.043572 0.043605 0.043603 0.043609 0.043572 0.043609 0.043562 
16.276719 0.042605 0.042554 0.042621 0.042554 0.042696 0.042581 0.042621 0.042581 0.042640 
16.298263 0.041639 0.041609 0.041636 0.041609 0.041624 0.041599 0.041636 0.041599 0.041589 
16.319807 0.040650 0.040680 0.040661 0.040680 0.040675 0.040695 0.040661 0.040695 0.040653 
16.341352 0.039706 0.039698 0.039726 0.039698 0.039773 0.039708 0.039726 0.039708 0.039644 
16.362896 0.038764 0.038769 0.038782 0.038769 0.038785 0.038789 0.038782 0.038789 0.038795 
16.384440 0.037889 0.037830 0.037820 0.037830 0.037876 0.037838 0.037820 0.037838 0.037891 
16.405984 0.036985 0.036905 0.036993 0.036905 0.036976 0.037017 0.036993 0.037017 0.036995 
16.427528 0.036080 0.036041 0.036078 0.036041 0.036070 0.036081 0.036078 0.036081 0.036084 
16.449073 0.035182 0.035234 0.035206 0.035234 0.035242 0.035210 0.035206 0.035210 0.035222 
16.470617 0.034340 0.034366 0.034379 0.034366 0.034300 0.034423 0.034379 0.034423 0.034379 
16.492162 0.033520 0.033477 0.033509 0.033477 0.033507 0.033519 0.033509 0.033519 0.033487 
16.513706 0.032690 0.032702 0.032670 0.032702 0.032664 0.032671 0.032670 0.032671 0.032713 
16.535251 0.031881 0.031873 0.031894 0.031873 0.031885 0.031944 0.031894 0.031944 0.031879 
16.556794 0.031099 0.031121 0.031057 0.031121 0.030991 0.031071 0.031057 0.031071 0.031098 
16.578339 0.030298 0.030267 0.030296 0.030267 0.030399 0.030288 0.030296 0.030288 0.030315 
16.599883 0.029532 0.029537 0.029516 0.029537 0.029483 0.029589 0.029516 0.029589 0.029553 
16.621428 0.028789 0.028781 0.028807 0.028781 0.028889 0.028812 0.028807 0.028812 0.028793 
16.642972 0.028037 0.028063 0.028034 0.028063 0.028018 0.028055 0.028034 0.028055 0.028137 
16.664516 0.027329 0.027302 0.027314 0.027302 0.027381 0.027276 0.027314 0.027276 0.027351 
16.686061 0.026624 0.026585 0.026612 0.026585 0.026556 0.026559 0.026612 0.026559 0.026610 
16.707604 0.025922 0.025909 0.025899 0.025909 0.025921 0.025825 0.025899 0.025825 0.025926 
16.729149 0.025226 0.025233 0.025215 0.025233 0.025201 0.025193 0.025215 0.025193 0.025156 
16.750693 0.024534 0.024558 0.024544 0.024558 0.024525 0.024512 0.024544 0.024512 0.024558 
16.772238 0.023865 0.023870 0.023868 0.023870 0.023857 0.023907 0.023868 0.023907 0.023861 
16.793782 0.023224 0.023241 0.023236 0.023241 0.023285 0.023182 0.023236 0.023182 0.023275 
16.815326 0.022590 0.022579 0.022590 0.022579 0.022583 0.022655 0.022590 0.022655 0.022568 
16.836870 0.021963 0.021963 0.021977 0.021963 0.021949 0.021938 0.021977 0.021938 0.022022 
16.858415 0.021363 0.021350 0.021349 0.021350 0.021285 0.021353 0.021349 0.021353 0.021314 
16.879959 0.020766 0.020750 0.020742 0.020750 0.020740 0.020788 0.020742 0.020788 0.020737 
16.901504 0.020155 0.020168 0.020178 0.020168 0.020199 0.020230 0.020178 0.020230 0.020190 
16.923048 0.019565 0.019584 0.019589 0.019584 0.019639 0.019622 0.019589 0.019622 0.019557 
16.944592 0.019015 0.019010 0.019012 0.019010 0.019031 0.019033 0.019012 0.019033 0.019013 
16.966136 0.018458 0.018461 0.018454 0.018461 0.018425 0.018480 0.018454 0.018480 0.018406 
16.987680 0.017911 0.017898 0.017890 0.017898 0.017878 0.017904 0.017890 0.017904 0.017896 
17.009225 0.017378 0.017371 0.017371 0.017371 0.017332 0.017421 0.017371 0.017421 0.017390 
17.030769 0.016852 0.016863 0.016842 0.016863 0.016819 0.016847 0.016842 0.016847 0.016886 
17.052314 0.016340 0.016325 0.016322 0.016325 0.016363 0.016281 0.016322 0.016281 0.016365 
17.073857 0.015830 0.015823 0.015836 0.015823 0.015849 0.015817 0.015836 0.015817 0.015856 
17.095402 0.015327 0.015302 0.015354 0.015302 0.015308 0.015345 0.015354 0.015345 0.015322 
17.116946 0.014858 0.014860 0.014845 0.014860 0.014839 0.014880 0.014845 0.014880 0.014846 
17.138491 0.014368 0.014391 0.014396 0.014391 0.014382 0.014420 0.014396 0.014420 0.014450 
17.160035 0.013915 0.013902 0.013919 0.013902 0.013933 0.013885 0.013919 0.013885 0.013924 
17.181580 0.013449 0.013451 0.013453 0.013451 0.013444 0.013428 0.013453 0.013428 0.013422 
17.203124 0.013023 0.013041 0.013015 0.013041 0.012976 0.013015 0.013015 0.013015 0.013048 
17.224668 0.012587 0.012600 0.012575 0.012600 0.012543 0.012625 0.012575 0.012625 0.012548 
17.246212 0.012159 0.012146 0.012139 0.012146 0.012166 0.012189 0.012139 0.012189 0.012134 
17.267756 0.011725 0.011726 0.011727 0.011726 0.011706 0.011716 0.011727 0.011716 0.011720 
17.289301 0.011327 0.011331 0.011324 0.011331 0.011344 0.011306 0.011324 0.011306 0.011330 
17.310845 0.010934 0.010928 0.010909 0.010928 0.010926 0.010928 0.010909 0.010928 0.010910 
17.332389 0.010534 0.010530 0.010543 0.010530 0.010557 0.010540 0.010543 0.010540 0.010547 
17.353933 0.010159 0.010147 0.010150 0.010147 0.010133 0.010117 0.010150 0.010117 0.010142 
17.375478 0.009771 0.009774 0.009797 0.009774 0.009798 0.009795 0.009797 0.009795 0.009763 
17.397022 0.009414 0.009441 0.009433 0.009441 0.009439 0.009371 0.009433 0.009371 0.009435 
17.418567 0.009072 0.009049 0.009051 0.009049 0.009045 0.009042 0.009051 0.009042 0.009018 
17.440111 0.008714 0.008703 0.008717 0.008703 0.008686 0.008707 0.008717 0.008707 0.008727 
17.461656 0.008375 0.008367 0.008368 0.008367 0.008358 0.008382 0.008368 0.008382 0.008387 
17.483199 0.008039 0.008032 0.008043 0.008032 0.008059 0.008026 0.008043 0.008026 0.008062 
17.504744 0.007722 0.007730 0.007729 0.007730 0.007710 0.007722 0.007729 0.007722 0.007659 
17.526288 0.007403 0.007396 0.007390 0.007396 0.007430 0.007413 0.007390 0.007413 0.007405 
17.547832 0.007086 0.007092 0.007095 0.007092 0.007104 0.007096 0.007095 0.007096 0.007075 
17.569377 0.006791 0.006793 0.006790 0.006793 0.006811 0.006782 0.006790 0.006782 0.006824 
17.590920 0.006495 0.006503 0.006499 0.006503 0.006474 0.006489 0.006499 0.006489 0.006488 
17.612465 0.006211 0.006209 0.006220 0.006209 0.006225 0.006240 0.006220 0.006240 0.006210 
17.634009 0.005926 0.005944 0.005948 0.005944 0.005943 0.005950 0.005948 0.005950 0.005935 
17.655554 0.005664 0.005674 0.005661 0.005674 0.005696 0.005660 0.005661 0.005660 0.005684 
17.677098 0.005404 0.005407 0.005403 0.005407 0.005362 0.005406 0.005403 0.005406 0.005411 
17.698643 0.005151 0.005144 0.005147 0.005144 0.005140 0.005164 0.005147 0.005164 0.005141 
17.720187 0.004906 0.004906 0.004895 0.004906 0.004886 0.004893 0.004895 0.004893 0.004911 
17.741731 0.004660 0.004653 0.004668 0.004653 0.004663 0.004650 0.004668 0.004650 0.004679 
17.763275 0.004437 0.004425 0.004419 0.004425 0.004444 0.004426 0.004419 0.004426 0.004430 
17.784820 0.004208 0.004186 0.004197 0.004186 0.004217 0.004196 0.004197 0.004196 0.004212 
17.806364 0.003969 0.003987 0.003978 0.003987 0.003984 0.003976 0.003978 0.003976 0.004019 
17.827909 0.003774 0.003763 0.003768 0.003763 0.003796 0.003769 0.003768 0.003769 0.003763 
17.849452 0.003559 0.003559 0.003563 0.003559 0.003559 0.003551 0.003563 0.003551 0.003556 
17.870996 0.003361 0.003368 0.003370 0.003368 0.003343 0.003370 0.003370 0.003370 0.003339 
17.892541 0.003166 0.003169 0.003158 0.003169 0.003145 0.003176 0.003158 0.003176 0.003200 
17.914085 0.002978 0.002984 0.002978 0.002984 0.003004 0.002946 0.002978 0.002946 0.002980 
17.935630 0.002801 0.002798 0.002804 0.002798 0.002791 0.002799 0.002804 0.002799 0.002822 
17.957174 0.002622 0.002623 0.002620 0.002623 0.002611 0.002634 0.002620 0.002634 0.002625 
17.978719 0.002456 0.002453 0.002452 0.002453 0.002447 0.002467 0.002452 0.002467 0.002467 
18.000262 0.002289 0.002298 0.002289 0.002298 0.002285 0.002291 0.002289 0.002291 0.002306 
18.021807 0.002137 0.002130 0.002144 0.002130 0.002151 0.002139 0.002144 0.002139 0.002133 
18.043351 0.001993 0.001986 0.001992 0.001986 0.001994 0.001978 0.001992 0.001978 0.001977 
18.064896 0.001846 0.001849 0.001843 0.001849 0.001856 0.001854 0.001843 0.001854 0.001827 
18.086440 0.001709 0.001706 0.001702 0.001706 0.001696 0.001716 0.001702 0.001716 0.001681 
18.107985 0.001578 0.001574 0.001582 0.001574 0.001590 0.001577 0.001582 0.001577 0.001568 
18.129529 0.001447 0.001450 0.001447 0.001450 0.001459 0.001459 0.001447 0.001459 0.001439 
18.151073 0.001331 0.001329 0.001331 0.001329 0.001329 0.001325 0.001331 0.001325 0.001323 
18.172617 0.001211 0.001212 0.001208 0.001212 0.001218 0.001209 0.001208 0.001209 0.001218 
18.194161 0.001105 0.001102 0.001101 0.001102 0.001092 0.001106 0.001101 0.001106 0.001111 
18.215706 0.000998 0.001001 0.001000 0.001001 0.001003 0.000996 0.001000 0.000996 0.001000 
18.237250 0.000903 0.000898 0.000900 0.000898 0.000876 0.000902 0.000900 0.000902 0.000902 
18.258794 0.000809 0.000806 0.000808 0.000806 0.000802 0.000816 0.000808 0.000816 0.000808 
18.280338 0.000722 0.000725 0.000722 0.000725 0.000726 0.000718 0.000722 0.000718 0.000727 
18.301883 0.000639 0.000639 0.000639 0.000639 0.000645 0.000644 0.000639 0.000644 0.000643 
18.323427 0.000561 0.000563 0.000562 0.000563 0.000563 0.000563 0.000562 0.000563 0.000551 
18.344972 0.000491 0.000491 0.000492 0.000491 0.000497 0.000491 0.000492 0.000491 0.000481 
18.366516 0.000422 0.000422 0.000424 0.000422 0.000428 0.000424 0.000424 0.000424 0.000416 
18.388061 0.000362 0.000362 0.000365 0.000362 0.000371 0.000360 0.000365 0.000360 0.000356 
18.409604 0.000306 0.000306 0.000305 0.000306 0.000300 0.000302 0.000305 0.000302 0.000303 
18.431149 0.000254 0.000253 0.000255 0.000253 0.000250 0.000254 0.000255 0.000254 0.000258 
18.452693 0.000207 0.000206 0.000209 0.000206 0.000206 0.000204 0.000209 0.000204 0.000203 
18.474237 0.000166 0.000166 0.000166 0.000166 0.000165 0.000167 0.000166 0.000167 0.000170 
18.495782 0.000128 0.000127 0.000129 0.000127 0.000121 0.000130 0.000129 0.000130 0.000129 
18.517325 0.000097 0.000096 0.000095 0.000096 0.000092 0.000095 0.000095 0.000095 0.000093 
18.538870 0.000069 0.000069 0.000069 0.000069 0.000073 0.000071 0.000069 0.000071 0.000071 
18.560414 0.000046 0.000045 0.000047 0.000045 0.000044 0.000048 0.000047 0.000048 0.000044 
18.581959 0.000028 0.000028 0.000028 0.000028 0.000031 0.000030 0.000028 0.000030 0.000029 
18.603503 0.000014 0.000014 0.000014 0.000014 0.000015 0.000015 0.000014 0.000015 0.000015 
18.625048 0.000005 0.000005 0.000005 0.000005 0.000005 0.000005 0.000005 0.000005 0.000005 
18.646592 0.000001 0.000001 0.000001 0.000001 0.000001 0.000001 0.000001 0.000001 0.000001 
18.668136 0.000000 0.000000 0.000000 0.000000 0.000000 0.000000 0.000000 0.000000 0.000000 
18.689680 0.000000 0.000000 0.000000 0.000000 0.000000 0.000000 0.000000 0.000000 0.000000 
18.711225 0.000000 0.000000 0.000000 0.000000 0.000000 0.000000 0.000000 0.000000 0.000000 
18.732769 0.000000 0.000000 0.000000 0.000000 0.000000 0.000000 0.000000 0.000000 0.000000 
18.754313 0.000000 0.000000 0.000000 0.000000 0.000000 0.000000 0.000000 0.000000 0.000000 
18.775857 0.000000 0.000000 0.000000 0.000000 0.000000 0.000000 0.000000 0.000000 0.000000 
18.797401 0.000000 0.000000 0.000000 0.000000 0.000000 0.000000 0.000000 0.000000 0.000000 
18.818946 0.000000 0.000000 0.000000 0.000000 0.000000 0.000000 0.000000 0.000000 0.000000 
18.840490 0.000000 0.000000 0.000000 0.000000 0.000000 0.000000 0.000000 0.000000 0.000000 
18.862035 0.000000 0.000000 0.000000 0.000000 0.000000 0.000000 0.000000 0.000000 0.000000 
18.883579 0.000000 0.000000 0.000000 0.000000 0.000000 0.000000 0.000000 0.000000 0.000000 
18.905124 0.000000 0.000000 0.000000 0.000000 0.000000 0.000000 0.000000 0.000000 0.000000 
18.926667 0.000000 0.000000 0.000000 0.000000 0.000000 0.000000 0.000000 0.000000 0.000000 
18.948212 0.000000 0.000000 0.000000 0.000000 0.000000 0.000000 0.000000 0.000000 0.000000 
18.969756 0.000000 0.000000 0.000000 0.000000 0.000000 0.000000 0.000000 0.000000 0.000000 
18.991301 0.000000 0.000000 0.000000 0.000000 0.000000 0.000000 0.000000 0.000000 0.000000 
19.012845 0.000000 0.000000 0.000000 0.000000 0.000000 0.000000 0.000000 0.000000 0.000000 
19.034389 0.000000 0.000000 0.000000 0.000000 0.000000 0.000000 0.000000 0.000000 0.000000 
19.055933 0.000000 0.000000 0.000000 0.000000 0.000000 0.000000 0.000000 0.000000 0.000000 
19.077477 0.000000 0.000000 0.000000 0.000000 0.000000 0.000000 0.000000 0.000000 0.000000 
19.099022 0.000000 0.000000 0.000000 0.000000 0.000000 0.000000 0.000000 0.000000 0.000000 
19.120566 0.000000 0.000000 0.000000 0.000000 0.000000 0.000000 0.000000 0.000000 0.000000 
19.142111 0.000000 0.000000 0.000000 0.000000 0.000000 0.000000 0.000000 0.000000 0.000000 
19.163655 0.000000 0.000000 0.000000 0.000000 0.000000 0.000000 0.000000 0.000000 0.000000 
19.185199 0.000000 0.000000 0.000000 0.000000 0.000000 0.000000 0.000000 0.000000 0.000000 
19.206743 0.000000 0.000000 0.000000 0.000000 0.000000 0.000000 0.000000 0.000000 0.000000 
19.228288 0.000000 0.000000 0.000000 0.000000 0.000000 0.000000 0.000000 0.000000 0.000000 
19.249832 0.000000 0.000000 0.000000 0.000000 0.000000 0.000000 0.000000 0.000000 0.000000 
19.271377 0.000000 0.000000 0.000000 0.000000 0.000000 0.000000 0.000000 0.000000 0.000000 
19.292920 0.000000 0.000000 0.000000 0.000000 0.000000 0.000000 0.000000 0.000000 0.000000 
19.314465 0.000000 0.000000 0.000000 0.000000 0.000000 0.000000 0.000000 0.000000 0.000000 
19.336009 0.000000 0.000000 0.000000 0.000000 0.000000 0.000000 0.000000 0.000000 0.000000 
19.357553 0.000000 0.000000 0.000000 0.000000 0.000000 0.000000 0.000000 0.000000 0.000000 
19.379098 0.000000 0.000000 0.000000 0.000000 0.000000 0.000000 0.000000 0.000000 0.000000 
19.400642 0.000000 0.000000 0.000000 0.000000 0.000000 0.000000 0.000000 0.000000 0.000000 
19.422187 0.000000 0.000000 0.000000 0.000000 0.000000 0.000000 0.000000 0.000000 0.000000 
19.443730 0.000000 0.000000 0.000000 0.000000 0.000000 0.000000 0.000000 0.000000 0.000000 
19.465275 0.000000 0.000000 0.000000 0.000000 0.000000 0.000000 0.000000 0.000000 0.000000 
19.486819 0.000000 0.000000 0.000000 0.000000 0.000000 0.000000 0.000000 0.000000 0.000000 
19.508364 0.000000 0.000000 0.000000 0.000000 0.000000 0.000000 0.000000 0.000000 0.000000 
19.529908 0.000000 0.000000 0.000000 0.000000 0.000000 0.000000 0.000000 0.000000 0.000000 
19.551453 0.000000 0.000000 0.000000 0.000000 0.000000 0.000000 0.000000 0.000000 0.000000 
19.572997 0.000000 0.000000 0.000000 0.000000 0.000000 0.000000 0.000000 0.000000 0.000000 
19.594541 0.000000 0.000000 0.000000 0.000000 0.000000 0.000000 0.000000 0.000000 0.000000 
19.616085 0.000000 0.000000 0.000000 0.000000 0.000000 0.000000 0.000000 0.000000 0.000000 
19.637630 0.000000 0.000000 0.000000 0.000000 0.000000 0.000000 0.000000 0.000000 0.000000 
19.659174 0.000000 0.000000 0.000000 0.000000 0.000000 0.000000 0.000000 0.000000 0.000000 
19.680718 0.000000 0.000000 0.000000 0.000000 0.000000 0.000000 0.000000 0.000000 0.000000 
19.702262 0.000000 0.000000 0.000000 0.000000 0.000000 0.000000 0.000000 0.000000 0.000000 
19.723806 0.000000 0.000000 0.000000 0.000000 0.000000 0.000000 0.000000 0.000000 0.000000 
19.745351 0.000000 0.000000 0.000000 0.000000 0.000000 0.000000 0.000000 0.000000 0.000000 
19.766895 0.000000 0.000000 0.000000 0.000000 0.000000 0.000000 0.000000 0.000000 0.000000 
19.788440 0.000000 0.000000 0.000000 0.000000 0.000000 0.000000 0.000000 0.000000 0.000000 
19.809984 0.000000 0.000000 0.000000 0.000000 0.000000 0.000000 0.000000 0.000000 0.000000 
19.831529 0.000000 0.000000 0.000000 0.000000 0.000000 0.000000 0.000000 0.000000 0.000000 
19.853072 0.000000 0.000000 0.000000 0.000000 0.000000 0.000000 0.000000 0.000000 0.000000 
19.874617 0.000000 0.000000 0.000000 0.000000 0.000000 0.000000 0.000000 0.000000 0.000000 
19.896161 0.000000 0.000000 0.000000 0.000000 0.000000 0.000000 0.000000 0.000000 0.000000 
19.917706 0.000000 0.000000 0.000000 0.000000 0.000000 0.000000 0.000000 0.000000 0.000000 
19.939250 0.000000 0.000000 0.000000 0.000000 0.000000 0.000000 0.000000 0.000000 0.000000 
19.960793 0.000000 0.000000 0.000000 0.000000 0.000000 0.000000 0.000000 0.000000 0.000000 
19.982338 0.000000 0.000000 0.000000 0.000000 0.000000 0.000000 0.000000 0.000000 0.000000 
20.003882 0.000000 0.000000 0.000000 0.000000 0.000000 0.000000 0.000000 0.000000 0.000000 
20.025427 0.000000 0.000000 0.000000 0.000000 0.000000 0.000000 0.000000 0.000000 0.000000 
20.046971 0.000000 0.000000 0.000000 0.000000 0.000000 0.000000 0.000000 0.000000 0.000000 
20.068516 0.000000 0.000000 0.000000 0.000000 0.000000 0.000000 0.000000 0.000000 0.000000 
20.090060 0.000000 0.000000 0.000000 0.000000 0.000000 0.000000 0.000000 0.000000 0.000000 
20.111604 0.000000 0.000000 0.000000 0.000000 0.000000 0.000000 0.000000 0.000000 0.000000 
20.133148 0.000000 0.000000 0.000000 0.000000 0.000000 0.000000 0.000000 0.000000 0.000000 
20.154693 0.000000 0.000000 0.000000 0.000000 0.000000 0.000000 0.000000 0.000000 0.000000 
20.176237 0.000000 0.000000 0.000000 0.000000 0.000000 0.000000 0.000000 0.000000 0.000000 
20.197782 0.000000 0.000000 0.000000 0.000000 0.000000 0.000000 0.000000 0.000000 0.000000 
20.219325 0.000000 0.000000 0.000000 0.000000 0.000000 0.000000 0.000000 0.000000 0.000000 
20.240870 0.000000 0.000000 0.000000 0.000000 0.000000 0.000000 0.000000 0.000000 0.000000 
20.262414 0.000000 0.000000 0.000000 0.000000 0.000000 0.000000 0.000000 0.000000 0.000000 
20.283958 0.000000 0.000000 0.000000 0.000000 0.000000 0.000000 0.000000 0.000000 0.000000 
20.305503 0.000000 0.000000 0.000000 0.000000 0.000000 0.000000 0.000000 0.000000 0.000000 
20.327047 0.000000 0.000000 0.000000 0.000000 0.000000 0.000000 0.000000 0.000000 0.000000 
20.348592 0.000000 0.000000 0.000000 0.000000 0.000000 0.000000 0.000000 0.000000 0.000000 
20.370135 0.000000 0.000000 0.000000 0.000000 0.000000 0.000000 0.000000 0.000000 0.000000 
20.391680 0.000000 0.000000 0.000000 0.000000 0.000000 0.000000 0.000000 0.000000 0.000000 
20.413224 0.000000 0.000000 0.000000 0.000000 0.000000 0.000000 0.000000 0.000000 0.000000 
20.434769 0.000000 0.000000 0.000000 0.000000 0.000000 0.000000 0.000000 0.000000 0.000000 
20.456313 0.000000 0.000000 0.000000 0.000000 0.000000 0.000000 0.000000 0.000000 0.000000 
20.477857 0.000000 0.000000 0.000000 0.000000 0.000000 0.000000 0.000000 0.000000 0.000000 
20.499401 0.000000 0.000000 0.000000 0.000000 0.000000 0.000000 0.000000 0.000000 0.000000 
20.520946 0.000000 0.000000 0.000000 0.000000 0.000000 0.000000 0.000000 0.000000 0.000000 
20.542490 0.000000 0.000000 0.000000 0.000000 0.000000 0.000000 0.000000 0.000000 0.000000 
20.564034 0.000000 0.000000 0.000000 0.000000 0.000000 0.000000 0.000000 0.000000 0.000000 
20.585579 0.000000 0.000000 0.000000 0.000000 0.000000 0.000000 0.000000 0.000000 0.000000 
20.607123 0.000000 0.000000 0.000000 0.000000 0.000000 0.000000 0.000000 0.000000 0.000000 
20.628667 0.000000 0.000000 0.000000 0.000000 0.000000 0.000000 0.000000 0.000000 0.000000 
20.650211 0.000000 0.000000 0.000000 0.000000 0.000000 0.000000 0.000000 0.000000 0.000000 
20.671756 0.000000 0.000000 0.000000 0.000000 0.000000 0.000000 0.000000 0.000000 0.000000 
20.693300 0.000000 0.000000 0.000000 0.000000 0.000000 0.000000 0.000000 0.000000 0.000000 
20.714845 0.000000 0.000000 0.000000 0.000000 0.000000 0.000000 0.000000 0.000000 0.000000 
20.736389 0.000000 0.000000 0.000000 0.000000 0.000000 0.000000 0.000000 0.000000 0.000000 
20.757934 0.000000 0.000000 0.000000 0.000000 0.000000 0.000000 0.000000 0.000000 0.000000 
20.779477 0.000000 0.000000 0.000000 0.000000 0.000000 0.000000 0.000000 0.000000 0.000000 
20.801022 0.000000 0.000000 0.000000 0.000000 0.000000 0.000000 0.000000 0.000000 0.000000 
20.822566 0.000000 0.000000 0.000000 0.000000 0.000000 0.000000 0.000000 0.000000 0.000000 
20.844110 0.000000 0.000000 0.000000 0.000000 0.000000 0.000000 0.000000 0.000000 0.000000 
20.865655 0.000000 0.000000 0.000000 0.000000 0.000000 0.000000 0.000000 0.000000 0.000000 
20.887198 0.000000 0.000000 0.000000 0.000000 0.000000 0.000000 0.000000 0.000000 0.000000 
20.908743 0.000000 0.000000 0.000000 0.000000 0.000000 0.000000 0.000000 0.000000 0.000000 
20.930287 0.000000 0.000000 0.000000 0.000000 0.000000 0.000000 0.000000 0.000000 0.000000 
20.951832 0.000000 0.000000 0.000000 0.000000 0.000000 0.000000 0.000000 0.000000 0.000000 
20.973376 0.000000 0.000000 0.000000 0.000000 0.000000 0.000000 0.000000 0.000000 0.000000 
20.994921 0.000000 0.000000 0.000000 0.000000 0.000000 0.000000 0.000000 0.000000 0.000000 
21.016465 0.000000 0.000000 0.000000 0.000000 0.000000 0.000000 0.000000 0.000000 0.000000 
21.038009 0.000000 0.000000 0.000000 0.000000 0.000000 0.000000 0.000000 0.000000 0.000000 
21.059553 0.000000 0.000000 0.000000 0.000000 0.000000 0.000000 0.000000 0.000000 0.000000 
21.081098 0.000000 0.000000 0.000000 0.000000 0.000000 0.000000 0.000000 0.000000 0.000000 
21.102642 0.000000 0.000000 0.000000 0.000000 0.000000 0.000000 0.000000 0.000000 0.000000 
21.124187 0.000000 0.000000 0.000000 0.000000 0.000000 0.000000 0.000000 0.000000 0.000000 
21.145730 0.000000 0.000000 0.000000 0.000000 0.000000 0.000000 0.000000 0.000000 0.000000 
21.167274 0.000000 0.000000 0.000000 0.000000 0.000000 0.000000 0.000000 0.000000 0.000000 
21.188819 0.000000 0.000000 0.000000 0.000000 0.000000 0.000000 0.000000 0.000000 0.000000 
21.210363 0.000000 0.000000 0.000000 0.000000 0.000000 0.000000 0.000000 0.000000 0.000000 
21.231908 0.000000 0.000000 0.000000 0.000000 0.000000 0.000000 0.000000 0.000000 0.000000 
21.253452 0.000000 0.000000 0.000000 0.000000 0.000000 0.000000 0.000000 0.000000 0.000000 
21.274997 0.000000 0.000000 0.000000 0.000000 0.000000 0.000000 0.000000 0.000000 0.000000 
21.296540 0.000000 0.000000 0.000000 0.000000 0.000000 0.000000 0.000000 0.000000 0.000000 
21.318085 0.000000 0.000000 0.000000 0.000000 0.000000 0.000000 0.000000 0.000000 0.000000 
21.339629 0.000000 0.000000 0.000000 0.000000 0.000000 0.000000 0.000000 0.000000 0.000000 
21.361174 0.000000 0.000000 0.000000 0.000000 0.000000 0.000000 0.000000 0.000000 0.000000 
21.382718 0.000000 0.000000 0.000000 0.000000 0.000000 0.000000 0.000000 0.000000 0.000000 
21.404262 0.000000 0.000000 0.000000 0.000000 0.000000 0.000000 0.000000 0.000000 0.000000 
21.425806 0.000000 0.000000 0.000000 0.000000 0.000000 0.000000 0.000000 0.000000 0.000000 
21.447351 0.000000 0.000000 0.000000 0.000000 0.000000 0.000000 0.000000 0.000000 0.000000 
21.468895 0.000000 0.000000 0.000000 0.000000 0.000000 0.000000 0.000000 0.000000 0.000000 
21.490439 0.000000 0.000000 0.000000 0.000000 0.000000 0.000000 0.000000 0.000000 0.000000 
21.511984 0.000000 0.000000 0.000000 0.000000 0.000000 0.000000 0.000000 0.000000 0.000000 
21.533528 0.000000 0.000000 0.000000 0.000000 0.000000 0.000000 0.000000 0.000000 0.000000 
