# concentrations: 0.333333 0.333333 0.333333
0.006082 0.000000 0.000000 0.000000 0.000000 0.000000 0.000000 0.000000 0.000000 0.000000 
0.018247 0.000000 0.000000 0.000000 0.000000 0.000000 0.000000 0.000000 0.000000 0.000000 
0.030411 0.000000 0.000000 0.000000 0.000000 0.000000 0.000000 0.000000 0.000000 0.000000 
0.042575 0.000000 0.000000 0.000000 0.000000 0.000000 0.000000 0.000000 0.000000 0.000000 
0.054740 0.000000 0.000000 0.000000 0.000000 0.000000 0.000000 0.000000 0.000000 0.000000 
0.066904 0.000000 0.000000 0.000000 0.000000 0.000000 0.000000 0.000000 0.000000 0.000000 
0.079069 0.000000 0.000000 0.000000 0.000000 0.000000 0.000000 0.000000 0.000000 0.000000 
0.091233 0.000000 0.000000 0.000000 0.000000 0.000000 0.000000 0.000000 0.000000 0.000000 
0.103397 0.000000 0.000000 0.000000 0.000000 0.000000 0.000000 0.000000 0.000000 0.000000 
0.115562 0.000000 0.000000 0.000000 0.000000 0.000000 0.000000 0.000000 0.000000 0.000000 
0.127726 0.000000 0.000000 0.000000 0.000000 0.000000 0.000000 0.000000 0.000000 0.000000 
0.139891 0.000000 0.000000 0.000000 0.000000 0.000000 0.000000 0.000000 0.000000 0.000000 
0.152055 0.000000 0.000000 0.000000 0.000000 0.000000 0.000000 0.000000 0.000000 0.000000 
0.164219 0.000000 0.000000 0.000000 0.000000 0.000000 0.000000 0.000000 0.000000 0.000000 
0.176384 0.000000 0.000000 0.000000 0.000000 0.000000 0.000000 0.000000 0.000000 0.000000 
0.188548 0.000000 0.000000 0.000000 0.000000 0.000000 0.000000 0.000000 0.000000 0.000000 
0.200713 0.000000 0.000000 0.000000 0.000000 0.000000 0.000000 0.000000 0.000000 0.000000 
0.212877 0.000000 0.000000 0.000000 0.000000 0.000000 0.000000 0.000000 0.000000 0.000000 
0.225041 0.000000 0.000000 0.000000 0.000000 0.000000 0.000000 0.000000 0.000000 0.000000 
0.237206 0.000000 0.000000 0.000000 0.000000 0.000000 0.000000 0.000000 0.000000 0.000000 
0.249370 0.000000 0.000000 0.000000 0.000000 0.000000 0.000000 0.000000 0.000000 0.000000 
0.261535 0.000000 0.000000 0.000000 0.000000 0.000000 0.000000 0.000000 0.000000 0.000000 
0.273699 0.000000 0.000000 0.000000 0.000000 0.000000 0.000000 0.000000 0.000000 0.000000 
0.285863 0.000000 0.000000 0.000000 0.000000 0.000000 0.000000 0.000000 0.000000 0.000000 
0.298028 0.000000 0.000000 0.000000 0.000000 0.000000 0.000000 0.000000 0.000000 0.000000 
0.310192 0.000000 0.000000 0.000000 0.000000 0.000000 0.000000 0.000000 0.000000 0.000000 
0.322357 0.000000 0.000000 0.000000 0.000000 0.000000 0.000000 0.000000 0.000000 0.000000 
0.334521 0.000000 0.000000 0.000000 0.000000 0.000000 0.000000 0.000000 0.000000 0.000000 
0.346685 0.000000 0.000000 0.000000 0.000000 0.000000 0.000000 0.000000 0.000000 0.000000 
0.358850 0.000000 0.000000 0.000000 0.000000 0.000000 0.000000 0.000000 0.000000 0.000000 
0.371014 0.000000 0.000000 0.000000 0.000000 0.000000 0.000000 0.000000 0.000000 0.000000 
0.383179 0.000000 0.000000 0.000000 0.000000 0.000000 0.000000 0.000000 0.000000 0.000000 
0.395343 0.000000 0.000000 0.000000 0.000000 0.000000 0.000000 0.000000 0.000000 0.000000 
0.407507 0.000000 0.000000 0.000000 0.000000 0.000000 0.000000 0.000000 0.000000 0.000000 
0.419672 0.000000 0.000000 0.000000 0.000000 0.000000 0.000000 0.000000 0.000000 0.000000 
0.431836 0.000000 0.000000 0.000000 0.000000 0.000000 0.000000 0.000000 0.000000 0.000000 
0.444001 0.000000 0.000000 0.000000 0.000000 0.000000 0.000000 0.000000 0.000000 0.000000 
0.456165 0.000000 0.000000 0.000000 0.000000 0.000000 0.000000 0.000000 0.000000 0.000000 
0.468329 0.000000 0.000000 0.000000 0.000000 0.000000 0.000000 0.000000 0.000000 0.000000 
0.480494 0.000000 0.000000 0.000000 0.000000 0.000000 0.000000 0.000000 0.000000 0.000000 
0.492658 0.000000 0.000000 0.000000 0.000000 0.000000 0.000000 0.000000 0.000000 0.000000 
0.504823 0.000000 0.000000 0.000000 0.000000 0.000000 0.000000 0.000000 0.000000 0.000000 
0.516987 0.000000 0.000000 0.000000 0.000000 0.000000 0.000000 0.000000 0.000000 0.000000 
0.529151 0.000000 0.000000 0.000000 0.000000 0.000000 0.000000 0.000000 0.000000 0.000000 
0.541316 0.000000 0.000000 0.000000 0.000000 0.000000 0.000000 0.000000 0.000000 0.000000 
0.553480 0.000000 0.000000 0.000000 0.000000 0.000000 0.000000 0.000000 0.000000 0.000000 
0.565645 0.000000 0.000000 0.000000 0.000000 0.000000 0.000000 0.000000 0.000000 0.000000 
0.577809 0.000000 0.000000 0.000000 0.000000 0.000000 0.000000 0.000000 0.000000 0.000000 
0.589973 0.000000 0.000000 0.000000 0.000000 0.000000 0.000000 0.000000 0.000000 0.000000 
0.602138 0.000000 0.000000 0.000000 0.000000 0.000000 0.000000 0.000000 0.000000 0.000000 
0.614302 0.000000 0.000000 0.000000 0.000000 0.000000 0.000000 0.000000 0.000000 0.000000 
0.626467 0.000000 0.000000 0.000000 0.000000 0.000000 0.000000 0.000000 0.000000 0.000000 
0.638631 0.000000 0.000000 0.000000 0.000000 0.000000 0.000000 0.000000 0.000000 0.000000 
0.650795 0.000000 0.000000 0.000000 0.000000 0.000000 0.000000 0.000000 0.000000 0.000000 
0.662960 0.000000 0.000000 0.000000 0.000000 0.000000 0.000000 0.000000 0.000000 0.000000 
0.675124 0.000000 0.000000 0.000000 0.000000 0.000000 0.000000 0.000000 0.000000 0.000000 
0.687289 0.000000 0.000000 0.000000 0.000000 0.000000 0.000000 0.000000 0.000000 0.000000 
0.699453 0.000000 0.000000 0.000000 0.000000 0.000000 0.000000 0.000000 0.000000 0.000000 
0.711617 0.000000 0.000000 0.000000 0.000000 0.000000 0.000000 0.000000 0.000000 0.000000 
0.723782 0.000000 0.000000 0.000000 0.000000 0.000000 0.000000 0.000000 0.000000 0.000000 
0.735946 0.000000 0.000000 0.000000 0.000000 0.000000 0.000000 0.000000 0.000000 0.000000 
0.748111 0.000000 0.000000 0.000000 0.000000 0.000000 0.000000 0.000000 0.000000 0.000000 
0.760275 0.000000 0.000000 0.000000 0.000000 0.000000 0.000000 0.000000 0.000000 0.000000 
0.772439 0.000000 0.000000 0.000000 0.000000 0.000000 0.000000 0.000000 0.000000 0.000000 
0.784604 0.000000 0.000000 0.000000 0.000000 0.000000 0.000000 0.000000 0.000000 0.000000 
0.796768 0.000000 0.000000 0.000000 0.000000 0.000000 0.000000 0.000000 0.000000 0.000000 
0.808933 0.000000 0.000000 0.000000 0.000000 0.000000 0.000000 0.000000 0.000000 0.000000 
0.821097 0.000000 0.000000 0.000000 0.000000 0.000000 0.000000 0.000000 0.000000 0.000000 
0.833261 0.000000 0.000000 0.000000 0.000000 0.000637 0.000000 0.000000 0.000000 0.000000 
0.845426 0.000000 0.000000 0.000000 0.000000 0.005566 0.000000 0.000000 0.000000 0.000000 
0.857590 0.000000 0.000000 0.000000 0.000000 0.010818 0.000000 0.000000 0.000000 0.000000 
0.869755 0.000000 0.000000 0.000000 0.000000 0.042652 0.000582 0.000000 0.000582 0.000000 
0.881919 0.000000 0.000000 0.000000 0.000000 0.074444 0.001699 0.000000 0.001699 0.000000 
0.894083 0.000000 0.000000 0.000000 0.000000 0.148734 0.008817 0.000000 0.008817 0.000000 
0.906248 0.000000 0.000000 0.000000 0.000000 0.276622 0.021187 0.000000 0.021187 0.000000 
0.918412 0.000000 0.001306 0.000000 0.001306 0.461130 0.053793 0.000000 0.053793 0.000524 
0.930577 0.000000 0.003052 0.000000 0.003052 0.620137 0.105810 0.000000 0.105810 0.003573 
0.942741 0.000000 0.015118 0.000248 0.015118 0.848419 0.194050 0.000248 0.194050 0.017903 
0.954905 0.000000 0.037683 0.000242 0.037683 1.043618 0.319095 0.000242 0.319095 0.034900 
0.967070 0.000000 0.077014 0.004710 0.077014 1.235869 0.471974 0.004710 0.471974 0.070419 
0.979234 0.000000 0.148617 0.008499 0.148617 1.397106 0.660391 0.008499 0.660391 0.146579 
0.991399 0.000450 0.235528 0.021065 0.235528 1.617111 0.878244 0.021065 0.878244 0.265321 
1.003563 0.000439 0.362822 0.055987 0.362822 1.742280 1.054349 0.055987 1.054349 0.375227 
1.015727 0.005998 0.531385 0.102904 0.531385 1.772353 1.267297 0.102904 1.267297 0.544087 
1.027892 0.013805 0.709835 0.179283 0.709835 1.869521 1.431552 0.179283 1.431552 0.703215 
1.040056 0.029011 0.901029 0.285275 0.901029 1.871011 1.583164 0.285275 1.583164 0.868698 
1.052221 0.067467 1.083436 0.433295 1.083436 1.915828 1.647834 0.433295 1.647834 1.099436 
1.064385 0.129526 1.251861 0.604836 1.251861 1.910114 1.789040 0.604836 1.789040 1.250391 
1.076549 0.212807 1.426148 0.746713 1.426148 1.884753 1.830387 0.746713 1.830387 1.449605 
1.088714 0.319575 1.590134 0.913347 1.590134 1.866737 1.866461 0.913347 1.866461 1.527771 
1.100878 0.448582 1.680393 1.124079 1.680393 1.888787 1.909571 1.124079 1.909571 1.693307 
1.113043 0.639344 1.768691 1.284737 1.768691 1.829907 1.909326 1.284737 1.909326 1.788878 
1.125207 0.834700 1.810839 1.459249 1.810839 1.785651 1.845459 1.459249 1.845459 1.838365 
1.137371 0.917402 1.831753 1.553023 1.831753 1.719659 1.896285 1.553023 1.896285 1.832754 
1.149536 1.151963 1.893869 1.645009 1.893869 1.681116 1.849198 1.645009 1.849198 1.923617 
1.161700 1.314635 1.922129 1.774913 1.922129 1.672279 1.828446 1.774913 1.828446 1.902193 
1.173865 1.480001 1.880439 1.832805 1.880439 1.536455 1.817939 1.832805 1.817939 1.944145 
1.186029 1.548447 1.878530 1.874615 1.878530 1.545619 1.768922 1.874615 1.768922 1.884656 
1.198193 1.701287 1.865147 1.880642 1.865147 1.530111 1.703594 1.880642 1.703594 1.875541 
1.210358 1.719459 1.825740 1.900165 1.825740 1.500114 1.648173 1.900165 1.648173 1.819325 
1.222522 1.797774 1.795760 1.881974 1.795760 1.436090 1.663418 1.881974 1.663418 1.812265 
1.234687 1.813281 1.790332 1.845237 1.790332 1.412295 1.599321 1.845237 1.599321 1.746305 
1.246851 1.923640 1.702156 1.836044 1.702156 1.365540 1.542481 1.836044 1.542481 1.702447 
1.259015 1.897783 1.686776 1.838515 1.686776 1.339267 1.480705 1.838515 1.480705 1.630933 
1.271180 1.862201 1.623994 1.789611 1.623994 1.280126 1.447473 1.789611 1.447473 1.657052 
1.283344 1.888773 1.560038 1.783779 1.560038 1.227783 1.420149 1.783779 1.420149 1.531307 
1.295509 1.871132 1.547955 1.705966 1.547955 1.257517 1.355822 1.705966 1.355822 1.519291 
1.307673 1.821491 1.493528 1.660464 1.493528 1.184344 1.292588 1.660464 1.292588 1.503305 
1.319837 1.801501 1.448029 1.625935 1.448029 1.159304 1.307677 1.625935 1.307677 1.449066 
1.332002 1.722178 1.428172 1.568208 1.428172 1.160658 1.261941 1.568208 1.261941 1.384369 
1.344166 1.728578 1.381471 1.548974 1.381471 1.141458 1.219454 1.548974 1.219454 1.382422 
1.356331 1.667181 1.287226 1.507171 1.287226 1.073493 1.202217 1.507171 1.202217 1.336580 
1.368495 1.649491 1.291978 1.460752 1.291978 1.071025 1.178599 1.460752 1.178599 1.291696 
1.380659 1.574396 1.269184 1.391781 1.269184 1.042950 1.142081 1.391781 1.142081 1.314006 
1.392824 1.568903 1.240311 1.385416 1.240311 1.033480 1.121208 1.385416 1.121208 1.251750 
1.404988 1.453633 1.194714 1.332518 1.194714 1.016334 1.112589 1.332518 1.112589 1.214943 
1.417153 1.475208 1.173184 1.315321 1.173184 1.010395 1.084128 1.315321 1.084128 1.151028 
1.429317 1.406732 1.125710 1.247003 1.125710 0.994146 1.035899 1.247003 1.035899 1.184970 
1.441481 1.411368 1.101798 1.236210 1.101798 0.959773 1.026960 1.236210 1.026960 1.135901 
1.453646 1.345606 1.079068 1.211658 1.079068 0.940021 1.018506 1.211658 1.018506 1.084141 
1.465810 1.279548 1.053646 1.175946 1.053646 0.966656 0.991215 1.175946 0.991215 1.084736 
1.477975 1.263619 1.032330 1.143549 1.032330 0.912153 0.979695 1.143549 0.979695 1.028701 
1.490139 1.256421 1.015356 1.137366 1.015356 0.907482 0.950086 1.137366 0.950086 1.017757 
1.502303 1.187588 0.998297 1.104773 0.998297 0.885795 0.931152 1.104773 0.931152 1.007805 
1.514468 1.176284 0.991246 1.078059 0.991246 0.878937 0.929593 1.078059 0.929593 0.999764 
1.526632 1.147763 0.992155 1.052263 0.992155 0.891356 0.948587 1.052263 0.948587 1.002301 
1.538797 1.111757 0.947685 1.022845 0.947685 0.870030 0.892618 1.022845 0.892618 0.960561 
1.550961 1.125818 0.951292 1.014016 0.951292 0.886763 0.908530 1.014016 0.908530 0.931965 
1.563125 1.076887 0.932036 0.988198 0.932036 0.878442 0.900214 0.988198 0.900214 0.931626 
1.575290 1.024509 0.959317 0.979377 0.959317 0.847286 0.879611 0.979377 0.879611 0.926368 
1.587454 1.039397 0.919683 0.952372 0.919683 0.852600 0.862869 0.952372 0.862869 0.910656 
1.599619 0.971299 0.911248 0.948866 0.911248 0.845892 0.871910 0.948866 0.871910 0.889422 
1.611783 1.002131 0.902218 0.929350 0.902218 0.856490 0.878138 0.929350 0.878138 0.896643 
1.623947 0.963877 0.890423 0.928926 0.890423 0.842031 0.860438 0.928926 0.860438 0.902870 
1.636112 0.959330 0.881995 0.912193 0.881995 0.851344 0.858791 0.912193 0.858791 0.852004 
1.648276 0.961664 0.855575 0.904868 0.855575 0.829396 0.852089 0.904868 0.852089 0.839320 
1.660441 0.940251 0.872884 0.897331 0.872884 0.832679 0.851474 0.897331 0.851474 0.853360 
1.672605 0.902284 0.860856 0.875342 0.860856 0.850148 0.854321 0.875342 0.854321 0.868948 
1.684769 0.915160 0.853367 0.877810 0.853367 0.865486 0.848555 0.877810 0.848555 0.841972 
1.696934 0.912208 0.835125 0.871381 0.835125 0.847434 0.834207 0.871381 0.834207 0.837611 
1.709098 0.867956 0.852922 0.858653 0.852922 0.846771 0.846362 0.858653 0.846362 0.821804 
1.721263 0.886463 0.854217 0.851317 0.854217 0.845586 0.837861 0.851317 0.837861 0.828728 
1.733427 0.873616 0.834418 0.853770 0.834418 0.836694 0.828774 0.853770 0.828774 0.835223 
1.745591 0.852062 0.845535 0.845246 0.845535 0.828998 0.833897 0.845246 0.833897 0.838572 
1.757756 0.880786 0.832510 0.827520 0.832510 0.860901 0.851758 0.827520 0.851758 0.833721 
1.769920 0.850810 0.833278 0.846286 0.833278 0.855325 0.840731 0.846286 0.840731 0.830492 
1.782085 0.853291 0.823120 0.842263 0.823120 0.860946 0.854747 0.842263 0.854747 0.826569 
1.794249 0.854383 0.837167 0.835799 0.837167 0.864131 0.850988 0.835799 0.850988 0.820334 
1.806413 0.841027 0.834174 0.835794 0.834174 0.858094 0.866101 0.835794 0.866101 0.820709 
1.818578 0.832219 0.832908 0.829179 0.832908 0.887950 0.856019 0.829179 0.856019 0.854271 
1.830742 0.846904 0.845461 0.838824 0.845461 0.879609 0.858211 0.838824 0.858211 0.856004 
1.842907 0.826139 0.843684 0.828638 0.843684 0.878976 0.862557 0.828638 0.862557 0.863489 
1.855071 0.822653 0.851145 0.841800 0.851145 0.893294 0.876107 0.841800 0.876107 0.865423 
1.867235 0.817175 0.864485 0.848376 0.864485 0.911366 0.885270 0.848376 0.885270 0.860024 
1.879400 0.826778 0.866302 0.816601 0.866302 0.904613 0.874097 0.816601 0.874097 0.855309 
1.891564 0.839517 0.869838 0.831979 0.869838 0.927719 0.892985 0.831979 0.892985 0.876206 
1.903729 0.839807 0.875601 0.854572 0.875601 0.932130 0.900398 0.854572 0.900398 0.844442 
1.915893 0.831826 0.876279 0.844535 0.876279 0.955854 0.909583 0.844535 0.909583 0.858558 
1.928057 0.837050 0.872714 0.855590 0.872714 0.951312 0.912531 0.855590 0.912531 0.877832 
1.940222 0.841859 0.886856 0.854265 0.886856 0.963500 0.926820 0.854265 0.926820 0.893756 
1.952386 0.835799 0.897500 0.868608 0.897500 0.947811 0.928357 0.868608 0.928357 0.902821 
1.964551 0.840033 0.910912 0.874329 0.910912 0.943678 0.935396 0.874329 0.935396 0.896036 
1.976715 0.859137 0.909995 0.894380 0.909995 0.974632 0.962138 0.894380 0.962138 0.892168 
1.988879 0.895358 0.924280 0.874889 0.924280 1.004750 0.955574 0.874889 0.955574 0.922622 
2.001044 0.849624 0.945586 0.893714 0.945586 0.983961 0.953893 0.893714 0.953893 0.944886 
2.013208 0.886181 0.942572 0.899531 0.942572 0.984985 0.948061 0.899531 0.948061 0.942235 
2.025373 0.885481 0.951151 0.920760 0.951151 1.011547 0.997329 0.920760 0.997329 0.947221 
2.037537 0.881221 0.959300 0.918076 0.959300 1.002060 0.979355 0.918076 0.979355 0.965649 
2.049701 0.901618 0.963204 0.930646 0.963204 1.035230 0.996076 0.930646 0.996076 0.966846 
2.061866 0.900974 0.964909 0.943460 0.964909 1.024798 0.985323 0.943460 0.985323 0.948799 
2.074030 0.914909 0.981601 0.955230 0.981601 1.033588 1.000854 0.955230 1.000854 0.965463 
2.086195 0.921840 0.986686 0.958445 0.986686 1.042186 1.010219 0.958445 1.010219 0.989173 
2.098359 0.923430 0.997640 0.953318 0.997640 1.052724 1.029556 0.953318 1.029556 1.004741 
2.110523 0.938715 0.993541 0.977816 0.993541 1.071187 1.033101 0.977816 1.033101 1.007283 
2.122688 0.945939 1.020170 0.980378 1.020170 1.035304 1.053020 0.980378 1.053020 1.015881 
2.134852 0.954664 1.029677 0.992609 1.029677 1.061147 1.040357 0.992609 1.040357 1.017119 
2.147017 0.956265 1.021932 0.998423 1.021932 1.066533 1.058916 0.998423 1.058916 1.042657 
2.159181 0.964956 1.040735 1.007237 1.040735 1.077019 1.054011 1.007237 1.054011 1.050283 
2.171345 0.988018 1.032891 1.017661 1.032891 1.099766 1.064939 1.017661 1.064939 1.035642 
2.183510 0.990390 1.050566 1.032271 1.050566 1.070767 1.062116 1.032271 1.062116 1.039988 
2.195674 0.988687 1.042227 1.023495 1.042227 1.077434 1.063380 1.023495 1.063380 1.062031 
2.207839 1.009668 1.054471 1.043130 1.054471 1.068698 1.069338 1.043130 1.069338 1.046029 
2.220003 1.031279 1.070880 1.049026 1.070880 1.077287 1.074098 1.049026 1.074098 1.063924 
2.232167 1.016344 1.057251 1.036695 1.057251 1.073384 1.070911 1.036695 1.070911 1.078618 
2.244332 1.030277 1.067992 1.049320 1.067992 1.069502 1.075032 1.049320 1.075032 1.074504 
2.256496 1.041315 1.063279 1.058867 1.063279 1.059283 1.080106 1.058867 1.080106 1.062408 
2.268661 1.051581 1.072427 1.060958 1.072427 1.067040 1.071357 1.060958 1.071357 1.053127 
2.280825 1.038610 1.074059 1.061146 1.074059 1.054074 1.066057 1.061146 1.066057 1.047532 
2.292989 1.036279 1.068182 1.074801 1.068182 1.077219 1.072622 1.074801 1.072622 1.060994 
2.305154 1.062137 1.080856 1.069374 1.080856 1.062802 1.076918 1.069374 1.076918 1.092913 
2.317318 1.063916 1.064677 1.062257 1.064677 1.064410 1.072306 1.062257 1.072306 1.070666 
2.329483 1.083888 1.071102 1.056692 1.071102 1.056520 1.076663 1.056692 1.076663 1.092278 
2.341647 1.063225 1.065104 1.067434 1.065104 1.052907 1.062252 1.067434 1.062252 1.061935 
2.353811 1.081303 1.076983 1.081754 1.076983 1.043169 1.067203 1.081754 1.067203 1.080186 
2.365976 1.077714 1.070344 1.070620 1.070344 1.035313 1.049529 1.070620 1.049529 1.073055 
2.378140 1.083264 1.070151 1.069878 1.070151 1.054661 1.063530 1.069878 1.063530 1.084593 
2.390305 1.073758 1.059808 1.072067 1.059808 1.040647 1.051712 1.072067 1.051712 1.088998 
2.402469 1.073862 1.069176 1.073107 1.069176 1.032969 1.042883 1.073107 1.042883 1.050276 
2.414633 1.070651 1.065722 1.082231 1.065722 1.018494 1.051177 1.082231 1.051177 1.058067 
2.426798 1.054616 1.064864 1.069240 1.064864 1.028423 1.047099 1.069240 1.047099 1.068125 
2.438962 1.081869 1.058453 1.062229 1.058453 1.018413 1.046196 1.062229 1.046196 1.054079 
2.451127 1.062455 1.052755 1.049859 1.052755 1.033396 1.041427 1.049859 1.041427 1.049287 
2.463291 1.067014 1.056306 1.056270 1.056306 0.997958 1.039136 1.056270 1.039136 1.046691 
2.475455 1.098028 1.037288 1.061694 1.037288 1.002024 1.038798 1.061694 1.038798 1.053596 
2.487620 1.069316 1.044111 1.062086 1.044111 1.008462 1.030158 1.062086 1.030158 1.038746 
2.499784 1.065301 1.046628 1.046945 1.046628 1.001005 1.023082 1.046945 1.023082 1.050235 
2.511949 1.073270 1.022637 1.046514 1.022637 1.000420 1.015097 1.046514 1.015097 1.035584 
2.524113 1.055825 1.032012 1.057699 1.032012 1.000880 1.016627 1.057699 1.016627 1.039244 
2.536277 1.062899 1.039325 1.045112 1.039325 1.001471 1.023026 1.045112 1.023026 1.029162 
2.548442 1.064482 1.022135 1.034752 1.022135 1.006770 0.999446 1.034752 0.999446 1.028548 
2.560606 1.045090 1.025918 1.036601 1.025918 0.998980 1.014127 1.036601 1.014127 1.016507 
2.572771 1.062254 1.008400 1.031992 1.008400 1.002491 1.003308 1.031992 1.003308 1.014577 
2.584935 1.040063 1.013785 1.022652 1.013785 0.978346 0.995555 1.022652 0.995555 1.021210 
2.597099 1.049019 1.009829 1.024753 1.009829 0.986175 1.008719 1.024753 1.008719 1.005572 
2.609264 1.052310 1.010562 1.035505 1.010562 0.978040 0.984518 1.035505 0.984518 0.998750 
2.621428 1.037743 1.004186 1.033738 1.004186 0.989374 0.996397 1.033738 0.996397 1.023656 
2.633593 1.030452 1.009170 1.016633 1.009170 0.982721 1.000881 1.016633 1.000881 1.005280 
2.645757 1.026512 0.994236 1.010189 0.994236 0.987679 0.996470 1.010189 0.996470 1.001381 
2.657921 1.029963 1.004767 1.006233 1.004767 0.979911 0.976457 1.006233 0.976457 0.985479 
2.670086 1.008015 0.993965 1.017106 0.993965 0.980426 0.978610 1.017106 0.978610 1.006341 
2.682250 1.014375 0.982949 1.004870 0.982949 0.978557 0.985796 1.004870 0.985796 0.994346 
2.694414 1.015586 0.983348 0.994482 0.983348 0.977839 0.989264 0.994482 0.989264 0.993912 
2.706579 1.010561 0.997090 0.997962 0.997090 0.972489 0.976674 0.997962 0.976674 0.977075 
2.718743 0.990914 0.983886 0.987164 0.983886 0.976084 0.985018 0.987164 0.985018 0.995877 
2.730908 1.003679 0.976942 0.983823 0.976942 0.969067 0.980722 0.983823 0.980722 0.979557 
2.743072 1.001493 0.984601 0.986709 0.984601 0.962018 0.985919 0.986709 0.985919 0.991507 
2.755237 1.008856 0.978596 0.981033 0.978596 0.987022 0.977232 0.981033 0.977232 0.983936 
2.767401 0.991907 0.976464 0.983280 0.976464 0.975747 0.979311 0.983280 0.979311 0.994389 
2.779565 0.978114 0.973714 0.981468 0.973714 0.960723 0.980242 0.981468 0.980242 0.978057 
2.791730 0.994733 0.980480 0.980904 0.980480 0.970063 0.955581 0.980904 0.955581 0.960252 
2.803894 0.992192 0.979751 0.976053 0.979751 0.976001 0.970618 0.976053 0.970618 0.972290 
2.816059 1.004540 0.972083 0.977083 0.972083 0.987763 0.975527 0.977083 0.975527 0.975892 
2.828223 0.977387 0.976332 0.973688 0.976332 0.966391 0.970769 0.973688 0.970769 0.976392 
2.840387 0.974476 0.970818 0.968689 0.970818 0.977818 0.970818 0.968689 0.970818 0.956780 
2.852552 0.980469 0.978446 0.977038 0.978446 0.976014 0.975468 0.977038 0.975468 0.984162 
2.864716 0.959449 0.987385 0.988190 0.987385 0.979700 0.971066 0.988190 0.971066 0.973829 
2.876881 0.983502 0.977642 0.971042 0.977642 0.985638 0.964735 0.971042 0.964735 0.987774 
2.889045 0.980249 0.973102 0.961623 0.973102 0.982791 0.983631 0.961623 0.983631 0.976224 
2.901209 0.961983 0.971651 0.969086 0.971651 0.976003 0.973483 0.969086 0.973483 0.972275 
2.913374 0.952612 0.979462 0.985353 0.979462 0.982139 0.977775 0.985353 0.977775 0.969485 
2.925538 0.971923 0.987109 0.975837 0.987109 0.987674 0.988679 0.975837 0.988679 0.969805 
2.937703 0.962098 0.979794 0.975378 0.979794 0.969934 0.976374 0.975378 0.976374 0.976797 
2.949867 0.965030 0.969888 0.982722 0.969888 0.984332 0.984417 0.982722 0.984417 0.979608 
2.962031 0.982328 0.988443 0.967681 0.988443 0.983638 0.981012 0.967681 0.981012 0.982580 
2.974196 0.982054 0.983462 0.977735 0.983462 0.989150 0.987869 0.977735 0.987869 1.009136 
2.986360 0.977688 0.976257 0.971317 0.976257 0.990822 0.978998 0.971317 0.978998 0.981504 
2.998525 0.982848 0.986505 0.974525 0.986505 0.980046 0.989739 0.974525 0.989739 0.980538 
3.010689 0.973313 0.992668 0.975730 0.992668 0.983748 0.983288 0.975730 0.983288 0.974971 
3.022853 0.975827 0.985205 0.979878 0.985205 0.989129 0.990219 0.979878 0.990219 0.978052 
3.035018 0.969911 0.996449 0.976841 0.996449 1.002493 0.979112 0.976841 0.979112 0.993711 
3.047182 0.984365 0.981440 0.981867 0.981440 0.991649 0.979803 0.981867 0.979803 0.969038 
3.059347 0.974334 0.982547 0.991301 0.982547 0.999032 0.985512 0.991301 0.985512 0.982362 
3.071511 0.961103 0.992360 0.988554 0.992360 1.007579 0.988321 0.988554 0.988321 0.975299 
3.083675 0.982381 1.000648 0.982859 1.000648 0.997023 0.997568 0.982859 0.997568 0.983125 
3.095840 0.985118 0.998060 0.974595 0.998060 0.999737 1.002909 0.974595 1.002909 0.990514 
3.108004 0.976369 0.991585 0.990924 0.991585 1.003824 0.990126 0.990924 0.990126 0.983736 
3.120169 0.986115 0.986991 0.992918 0.986991 0.998918 0.994344 0.992918 0.994344 0.998782 
3.132333 0.975903 0.991103 0.999971 0.991103 1.005230 1.000397 0.999971 1.000397 0.988697 
3.144497 1.003348 1.008869 0.990759 1.008869 0.998655 1.005305 0.990759 1.005305 0.988955 
3.156662 0.995206 0.992795 0.983843 0.992795 1.021688 0.997017 0.983843 0.997017 1.009977 
3.168826 0.969269 0.997603 0.987644 0.997603 1.003867 1.010150 0.987644 1.010150 0.992026 
3.180991 0.994849 1.001329 0.994842 1.001329 1.002756 1.006989 0.994842 1.006989 0.987467 
3.193155 0.994047 0.994622 0.990560 0.994622 1.017932 1.004645 0.990560 1.004645 1.015938 
3.205319 1.001339 1.014851 1.002074 1.014851 1.018934 1.005804 1.002074 1.005804 1.002199 
3.217484 0.995381 0.992126 0.993403 0.992126 1.003493 1.004956 0.993403 1.004956 1.005371 
3.229648 0.988744 1.005319 1.007600 1.005319 0.988320 1.005214 1.007600 1.005214 0.999423 
3.241813 0.996016 1.004056 0.993953 1.004056 1.027349 1.002609 0.993953 1.002609 0.997951 
3.253977 0.995429 1.019362 1.007775 1.019362 1.027656 1.015784 1.007775 1.015784 0.999478 
3.266141 0.995818 0.999849 1.003483 0.999849 1.012433 1.006250 1.003483 1.006250 1.010112 
3.278306 0.992123 1.009925 1.001789 1.009925 1.007011 1.012221 1.001789 1.012221 1.007052 
3.290470 0.992006 1.006906 1.001597 1.006906 1.003273 1.010060 1.001597 1.010060 1.017153 
3.302635 1.006797 1.011195 1.000088 1.011195 0.999381 1.017718 1.000088 1.017718 0.999421 
3.314799 1.010121 1.004328 1.002444 1.004328 1.020861 1.010102 1.002444 1.010102 1.020540 
3.326963 1.002468 1.005714 1.004898 1.005714 1.002748 1.009554 1.004898 1.009554 1.009297 
3.339128 0.998012 1.007645 1.002232 1.007645 0.999875 1.016475 1.002232 1.016475 1.014979 
3.351292 1.005282 1.016935 1.014326 1.016935 1.003511 1.012228 1.014326 1.012228 1.014413 
3.363457 1.009394 1.017945 1.008872 1.017945 1.013457 1.010098 1.008872 1.010098 0.998063 
3.375621 0.997128 1.012419 1.011762 1.012419 1.005701 1.008283 1.011762 1.008283 1.019665 
3.387785 1.016823 1.007657 1.016600 1.007657 1.019172 1.009115 1.016600 1.009115 1.010854 
3.399950 1.005334 1.009929 1.006632 1.009929 1.011337 1.015797 1.006632 1.015797 1.002619 
3.412114 1.014827 1.010366 1.005598 1.010366 0.998236 1.002987 1.005598 1.002987 1.008714 
3.424279 1.005895 1.018096 1.007614 1.018096 1.005707 1.007802 1.007614 1.007802 1.007969 
3.436443 1.010614 1.017019 1.003664 1.017019 1.013833 1.013755 1.003664 1.013755 1.020570 
3.448607 1.010930 1.001856 1.014339 1.001856 1.005653 1.015432 1.014339 1.015432 1.008291 
3.460772 1.016253 1.012553 1.013491 1.012553 1.002783 1.023624 1.013491 1.023624 0.995993 
3.472936 1.015176 1.018257 1.012632 1.018257 1.006637 1.004104 1.012632 1.004104 1.012134 
3.485101 1.003553 1.012449 1.000208 1.012449 1.006027 0.997306 1.000208 0.997306 1.014142 
3.497265 1.011509 1.010388 1.015899 1.010388 1.007497 1.008821 1.015899 1.008821 1.013641 
3.509429 1.018218 1.012588 1.019706 1.012588 1.000884 1.017453 1.019706 1.017453 1.006806 
3.521594 1.016059 1.011393 1.017183 1.011393 0.999593 1.021659 1.017183 1.021659 1.014847 
3.533758 1.008847 1.006790 1.012646 1.006790 1.015112 1.007125 1.012646 1.007125 1.006582 
3.545923 1.003695 1.010230 1.013541 1.010230 1.010937 1.009389 1.013541 1.009389 1.010550 
3.558087 1.003513 1.006640 1.015548 1.006640 1.004385 1.006761 1.015548 1.006761 1.011193 
3.570251 1.016555 1.013409 1.012856 1.013409 1.012949 1.010575 1.012856 1.010575 1.005008 
3.582416 1.006323 1.005663 1.008048 1.005663 0.997747 1.009267 1.008048 1.009267 1.010731 
3.594580 1.019207 1.005462 1.006673 1.005462 0.995535 1.005104 1.006673 1.005104 1.008090 
3.606745 1.021300 1.005636 1.018234 1.005636 0.993710 1.006229 1.018234 1.006229 1.008388 
3.618909 1.009518 1.002469 1.010004 1.002469 0.989808 1.002890 1.010004 1.002890 1.010159 
3.631073 1.011213 1.001210 1.008093 1.001210 0.986271 1.001945 1.008093 1.001945 1.012118 
3.643238 1.008368 1.007430 1.020075 1.007430 1.001142 0.994486 1.020075 0.994486 0.999843 
3.655402 1.011638 1.008101 1.008497 1.008101 1.002508 1.003288 1.008497 1.003288 1.004989 
3.667567 1.010774 1.006701 1.006357 1.006701 1.009624 1.002771 1.006357 1.002771 1.010971 
3.679731 1.024798 0.999617 1.005587 0.999617 0.999108 0.999373 1.005587 0.999373 0.992775 
3.691895 1.008393 1.001298 1.009847 1.001298 0.994513 0.998955 1.009847 0.998955 1.016337 
3.704060 1.001458 1.002872 1.006131 1.002872 1.006580 0.992533 1.006131 0.992533 1.000653 
3.716224 1.001966 1.008195 1.013028 1.008195 0.990764 1.002693 1.013028 1.002693 1.011247 
3.728389 1.006905 1.006179 1.002899 1.006179 0.997080 1.004151 1.002899 1.004151 1.002421 
3.740553 1.011865 1.000826 0.999944 1.000826 0.990037 0.999315 0.999944 0.999315 0.988899 
3.752717 1.008894 0.992205 1.003122 0.992205 0.983283 1.001903 1.003122 1.001903 1.001926 
3.764882 1.020128 0.993621 1.009238 0.993621 1.004194 0.997568 1.009238 0.997568 1.000888 
3.777046 0.991644 0.999424 0.994267 0.999424 0.998801 0.999331 0.994267 0.999331 0.998057 
3.789211 1.007625 0.995691 0.999603 0.995691 0.994234 0.997670 0.999603 0.997670 0.991063 
3.801375 0.996354 0.999526 0.997499 0.999526 0.995405 1.000334 0.997499 1.000334 1.009200 
3.813539 0.998092 0.999506 0.999445 0.999506 0.993168 0.990176 0.999445 0.990176 0.993077 
3.825704 1.005466 0.997328 1.009443 0.997328 0.990064 0.990676 1.009443 0.990676 0.993235 
3.837868 0.997571 0.994485 0.998359 0.994485 0.991600 0.994665 0.998359 0.994665 1.004353 
3.850033 0.990006 1.003438 1.001892 1.003438 0.983535 0.994240 1.001892 0.994240 1.004378 
3.862197 1.001933 1.002521 0.999361 1.002521 0.990229 0.991476 0.999361 0.991476 0.999118 
3.874361 1.009020 1.000550 0.993976 1.000550 0.988526 0.996192 0.993976 0.996192 0.992059 
3.886526 0.994374 0.994413 1.000129 0.994413 0.994140 1.002098 1.000129 1.002098 1.008156 
3.898690 0.988847 1.001535 0.995072 1.001535 0.991145 0.992043 0.995072 0.992043 0.990330 
3.910855 1.007770 0.988728 0.995612 0.988728 0.994245 0.995770 0.995612 0.995770 0.999505 
3.923019 0.997241 1.001875 0.991284 1.001875 0.997758 0.996694 0.991284 0.996694 0.997959 
3.935183 1.009410 1.001721 0.996629 1.001721 1.010380 1.001551 0.996629 1.001551 0.997679 
3.947348 0.998801 0.989295 1.003007 0.989295 1.002035 0.991627 1.003007 0.991627 0.996872 
3.959512 0.995747 0.994282 0.982790 0.994282 0.996846 0.997289 0.982790 0.997289 1.002203 
3.971677 0.994597 0.997774 0.995680 0.997774 0.997175 0.992133 0.995680 0.992133 1.003479 
3.983841 0.995096 0.990211 0.999870 0.990211 0.993676 1.003840 0.999870 1.003840 1.000304 
3.996005 0.992784 0.993627 0.999006 0.993627 1.006762 0.996758 0.999006 0.996758 0.999953 
4.008170 1.000806 1.001570 1.001789 1.001570 1.003200 0.994180 1.001789 0.994180 0.998715 
4.020334 1.009730 0.994985 0.986235 0.994985 0.994716 1.000259 0.986235 1.000259 1.004424 
4.032499 1.001623 0.999924 0.995020 0.999924 1.010430 1.000804 0.995020 1.000804 0.992654 
4.044663 0.994944 0.999249 1.003342 0.999249 0.997835 0.998575 1.003342 0.998575 1.008481 
4.056827 1.001624 0.997790 0.998339 0.997790 0.993701 0.993066 0.998339 0.993066 0.998347 
4.068992 0.993028 0.990449 0.993855 0.990449 1.000983 0.996755 0.993855 0.996755 0.994629 
4.081156 1.002707 0.997698 0.993096 0.997698 1.000371 1.003874 0.993096 1.003874 0.993710 
4.093321 0.991177 0.998272 0.995327 0.998272 1.002916 1.008473 0.995327 1.008473 0.994158 
4.105485 0.995552 0.995828 0.995252 0.995828 1.000220 0.995043 0.995252 0.995043 0.988078 
4.117649 0.990552 0.999332 1.000839 0.999332 1.009035 0.994382 1.000839 0.994382 0.996861 
4.129814 0.992163 0.996695 1.000802 0.996695 0.999212 1.005696 1.000802 1.005696 0.989572 
4.141978 0.993184 0.995908 0.996679 0.995908 1.002949 0.999375 0.996679 0.999375 1.000347 
4.154143 1.000426 0.996976 1.001112 0.996976 0.991103 1.001482 1.001112 1.001482 0.998863 
4.166307 0.990608 1.004539 1.002153 1.004539 0.998731 1.008092 1.002153 1.008092 0.995905 
4.178471 0.998404 0.995417 0.991733 0.995417 1.005771 1.002469 0.991733 1.002469 0.989873 
4.190636 0.995536 0.997234 0.997009 0.997234 1.000846 0.998777 0.997009 0.998777 1.000897 
4.202800 0.994975 1.005201 1.002595 1.005201 1.004384 0.996597 1.002595 0.996597 1.003433 
4.214965 0.992212 1.003584 0.992550 1.003584 1.014827 1.002456 0.992550 1.002456 1.000571 
4.227129 0.996789 0.995094 0.992974 0.995094 1.001613 1.003748 0.992974 1.003748 0.998001 
4.239293 1.001073 1.000591 1.006205 1.000591 1.003360 1.001829 1.006205 1.001829 0.987349 
4.251458 0.993386 0.999044 0.993463 0.999044 1.000209 1.001335 0.993463 1.001335 1.003241 
4.263622 0.997534 1.000885 0.993373 1.000885 0.999795 0.994718 0.993373 0.994718 1.005436 
4.275787 0.999119 0.996355 0.995054 0.996355 1.001392 0.998680 0.995054 0.998680 1.002600 
4.287951 0.999555 1.001758 0.991899 1.001758 1.012056 1.000704 0.991899 1.000704 1.003931 
4.300115 1.010362 0.995774 1.002837 0.995774 1.006251 0.994463 1.002837 0.994463 1.005080 
4.312280 0.993110 0.999465 0.996694 0.999465 0.999837 1.015433 0.996694 1.015433 0.998149 
4.324444 1.003139 1.001691 1.001350 1.001691 1.012191 1.001279 1.001350 1.001279 0.999924 
4.336609 1.004593 1.003798 1.000202 1.003798 1.011479 1.010415 1.000202 1.010415 1.001655 
4.348773 0.994135 1.001455 0.997682 1.001455 0.996846 0.995853 0.997682 0.995853 1.003881 
4.360937 0.998993 1.000111 1.001605 1.000111 1.001155 1.004859 1.001605 1.004859 1.003014 
4.373102 1.009962 1.000491 0.998418 1.000491 1.002727 1.005386 0.998418 1.005386 1.001502 
4.385266 1.000948 1.003831 1.006981 1.003831 1.003224 0.997727 1.006981 0.997727 1.015175 
4.397431 1.007441 1.000187 1.001771 1.000187 0.999098 1.012660 1.001771 1.012660 0.992995 
4.409595 1.007795 0.999009 1.000346 0.999009 1.008613 1.002793 1.000346 1.002793 0.998497 
4.421759 1.000183 1.007585 0.995982 1.007585 0.995368 0.997773 0.995982 0.997773 0.997493 
4.433924 0.991325 1.002305 1.001084 1.002305 0.998114 0.999370 1.001084 0.999370 1.004837 
4.446088 1.000134 1.002773 1.004890 1.002773 0.994097 1.000466 1.004890 1.000466 1.014668 
4.458253 1.008093 0.998981 1.000954 0.998981 1.001288 1.005364 1.000954 1.005364 1.000421 
4.470417 1.002853 1.003004 1.007181 1.003004 0.997566 1.008239 1.007181 1.008239 0.995178 
4.482581 1.006529 0.999403 1.002461 0.999403 1.004065 1.008194 1.002461 1.008194 1.000128 
4.494746 1.004650 0.999774 1.000756 0.999774 0.994979 1.003427 1.000756 1.003427 1.001455 
4.506910 1.003307 0.998044 0.998326 0.998044 1.000653 0.999182 0.998326 0.999182 1.009879 
4.519075 1.000662 1.012469 1.010474 1.012469 1.004947 0.999656 1.010474 0.999656 1.007566 
4.531239 1.000007 0.999903 0.999441 0.999903 1.004614 0.997188 0.999441 0.997188 0.996003 
4.543403 1.005305 1.001292 1.005891 1.001292 1.009416 1.002605 1.005891 1.002605 1.004148 
4.555568 1.006351 0.992181 0.998867 0.992181 1.000749 1.000778 0.998867 1.000778 1.001537 
4.567732 1.002801 0.998942 1.005117 0.998942 0.996150 0.998509 1.005117 0.998509 1.012525 
4.579897 1.004625 1.000594 1.004321 1.000594 1.005362 1.003513 1.004321 1.003513 0.997355 
4.592061 1.001633 1.002494 1.012187 1.002494 1.001319 0.997323 1.012187 0.997323 1.003080 
4.604225 0.988407 1.004251 0.996177 1.004251 1.000166 1.002370 0.996177 1.002370 1.004336 
4.616390 0.997430 1.003707 1.009485 1.003707 0.994505 1.005526 1.009485 1.005526 0.999504 
4.628554 1.001996 1.006809 1.005174 1.006809 1.006679 0.997906 1.005174 0.997906 1.003915 
4.640719 1.008161 1.000924 1.005782 1.000924 1.002168 0.995268 1.005782 0.995268 1.008941 
4.652883 0.999424 1.012260 1.003876 1.012260 1.001200 1.000508 1.003876 1.000508 1.000118 
4.665047 1.005269 1.003082 1.001199 1.003082 1.003928 1.002748 1.001199 1.002748 0.997693 
4.677212 1.002975 1.007315 1.002874 1.007315 0.999742 1.005965 1.002874 1.005965 1.001137 
4.689376 1.005116 1.006053 1.003669 1.006053 0.997659 0.996497 1.003669 0.996497 0.996312 
4.701541 1.002941 1.003773 1.003035 1.003773 0.998062 0.997993 1.003035 0.997993 1.005820 
4.713705 1.000018 0.997746 1.003892 0.997746 1.000774 0.997250 1.003892 0.997250 0.994349 
4.725869 1.009344 1.001354 1.003366 1.001354 1.001349 1.004599 1.003366 1.004599 1.002398 
4.738034 0.999206 1.002469 1.002322 1.002469 0.993772 1.002116 1.002322 1.002116 1.008145 
4.750198 1.003831 1.005385 1.006878 1.005385 1.009080 0.995067 1.006878 0.995067 0.994605 
4.762363 1.001730 0.997750 0.998080 0.997750 1.004400 1.002266 0.998080 1.002266 1.004906 
4.774527 1.010632 1.005900 0.999349 1.005900 0.993607 1.004731 0.999349 1.004731 1.004892 
4.786691 1.007449 1.003418 1.008523 1.003418 1.006620 0.995766 1.008523 0.995766 1.004980 
4.798856 1.007090 0.997257 0.999190 0.997257 0.999489 1.000251 0.999190 1.000251 1.010813 
4.811020 1.003587 1.000861 0.998739 1.000861 0.999902 1.004639 0.998739 1.004639 1.003645 
4.823184 1.012289 1.001738 1.002467 1.001738 1.001858 0.999891 1.002467 0.999891 1.003568 
4.835349 1.009148 0.995421 1.002939 0.995421 1.001076 0.995308 1.002939 0.995308 1.001416 
4.847513 0.997506 0.999824 0.998052 0.999824 1.002829 0.997115 0.998052 0.997115 1.006741 
4.859678 1.002851 0.999695 1.007017 0.999695 1.000998 1.007912 1.007017 1.007912 0.999426 
4.871842 0.998183 1.003143 0.997612 1.003143 0.993862 1.002326 0.997612 1.002326 1.001702 
4.884007 1.000316 0.997471 1.004618 0.997471 1.004781 1.001386 1.004618 1.001386 0.998222 
4.896171 1.005545 0.996552 1.004858 0.996552 1.008956 1.000062 1.004858 1.000062 1.007463 
4.908335 1.011281 1.002480 1.001840 1.002480 0.997742 1.002132 1.001840 1.002132 1.000072 
4.920500 1.004538 0.998396 0.998924 0.998396 1.001799 1.000489 0.998924 1.000489 1.001489 
4.932664 0.995971 0.995395 0.998463 0.995395 0.997970 0.997223 0.998463 0.997223 1.004219 
4.944829 1.000986 0.996425 0.998334 0.996425 0.997877 1.001280 0.998334 1.001280 1.006211 
4.956993 1.000717 1.001801 1.001039 1.001801 1.009172 1.003289 1.001039 1.003289 0.998649 
4.969157 1.003807 0.996055 1.001291 0.996055 1.000782 0.996456 1.001291 0.996456 0.999977 
4.981322 0.998166 1.002233 1.001745 1.002233 1.002530 1.002988 1.001745 1.002988 0.998950 
4.993486 0.991692 1.008235 0.997732 1.008235 0.996939 1.000064 0.997732 1.000064 0.999456 
5.005651 1.003234 0.999881 0.999398 0.999881 1.004134 0.997842 0.999398 0.997842 1.004310 
5.017815 0.994352 1.002576 1.002069 1.002576 1.000882 1.001806 1.002069 1.001806 0.999741 
5.029979 1.006441 0.998359 1.004114 0.998359 0.996047 0.995104 1.004114 0.995104 1.000869 
5.042144 0.994746 0.998439 0.999557 0.998439 1.009680 1.000986 0.999557 1.000986 0.996467 
5.054308 0.998489 1.004119 1.001222 1.004119 1.003195 0.999859 1.001222 0.999859 0.991914 
5.066473 0.993016 1.001213 1.004988 1.001213 1.002745 1.001118 1.004988 1.001118 0.999042 
5.078637 1.002552 0.999688 1.001857 0.999688 1.000084 0.997989 1.001857 0.997989 1.009029 
5.090801 1.004025 1.001664 1.001622 1.001664 1.003531 0.999225 1.001622 0.999225 1.006600 
5.102966 1.002356 1.006348 0.998363 1.006348 0.999470 1.003049 0.998363 1.003049 1.007091 
5.115130 1.001947 0.999777 0.998413 0.999777 0.998856 0.996351 0.998413 0.996351 0.991372 
5.127295 1.006939 1.000717 0.996871 1.000717 0.994934 0.998145 0.996871 0.998145 0.996279 
5.139459 1.000549 1.000891 0.995471 1.000891 0.990425 1.001083 0.995471 1.001083 1.000700 
5.151623 0.997978 1.007507 1.000527 1.007507 0.993048 1.000428 1.000527 1.000428 1.002491 
5.163788 0.998012 1.000575 1.000360 1.000575 1.002653 1.000674 1.000360 1.000674 0.990585 
5.175952 0.998319 0.999694 0.999406 0.999694 1.000497 0.996208 0.999406 0.996208 0.994904 
5.188117 1.004208 0.997808 1.000190 0.997808 1.003765 1.002604 1.000190 1.002604 1.005916 
5.200281 1.000882 0.997684 0.999851 0.997684 0.995538 1.007010 0.999851 1.007010 1.002369 
5.212445 1.010776 1.002940 1.004172 1.002940 1.001373 1.000345 1.004172 1.000345 1.000527 
5.224610 1.000446 1.004423 1.005964 1.004423 1.002406 1.000323 1.005964 1.000323 0.996592 
5.236774 1.000519 0.999610 1.004614 0.999610 1.002260 0.997610 1.004614 0.997610 1.000955 
5.248939 0.995221 1.001825 0.998715 1.001825 1.001301 1.003600 0.998715 1.003600 1.005729 
5.261103 0.997547 0.997692 1.001814 0.997692 0.998936 1.000994 1.001814 1.000994 0.992613 
5.273268 0.992569 0.997545 0.999755 0.997545 0.995112 1.000714 0.999755 1.000714 1.002869 
5.285432 0.996366 1.003122 1.001017 1.003122 1.000607 1.002334 1.001017 1.002334 0.998597 
5.297596 1.007506 0.999196 1.003143 0.999196 0.993537 1.003371 1.003143 1.003371 1.003821 
5.309761 0.998561 1.003537 1.000115 1.003537 0.998169 1.002295 1.000115 1.002295 1.004988 
5.321925 1.002748 1.000689 1.000759 1.000689 1.000142 0.994732 1.000759 0.994732 0.993697 
5.334090 0.994700 0.995820 0.999822 0.995820 1.008246 0.996989 0.999822 0.996989 0.997745 
5.346254 1.003316 0.998453 0.994600 0.998453 1.003145 0.997166 0.994600 0.997166 1.006594 
5.358418 1.004191 0.995466 0.999563 0.995466 1.000928 1.000468 0.999563 1.000468 1.001497 
5.370583 1.000682 0.997324 1.000111 0.997324 1.001173 1.001005 1.000111 1.001005 0.991810 
5.382747 1.001129 1.001046 1.000917 1.001046 1.000962 1.003205 1.000917 1.003205 1.001953 
5.394911 1.004450 0.997408 1.000148 0.997408 1.006135 0.998657 1.000148 0.998657 0.991602 
5.407076 1.004295 0.992849 0.995237 0.992849 1.009708 1.000955 0.995237 1.000955 1.001287 
5.419240 1.005451 1.004717 1.000352 1.004717 0.995397 0.999002 1.000352 0.999002 1.002245 
5.431405 1.000077 1.004651 0.994630 1.004651 1.004482 1.001485 0.994630 1.001485 1.005276 
5.443569 0.995320 1.007233 0.998053 1.007233 0.999780 1.004297 0.998053 1.004297 0.995648 
5.455733 0.999033 1.002312 1.007403 1.002312 0.999004 1.003163 1.007403 1.003163 0.999108 
5.467898 1.010033 1.001310 1.002916 1.001310 1.001621 1.000853 1.002916 1.000853 1.006810 
5.480062 1.004391 1.000177 1.008223 1.000177 1.005009 1.001989 1.008223 1.001989 0.995457 
5.492227 0.995414 1.005547 0.999953 1.005547 0.997758 1.002845 0.999953 1.002845 1.001568 
5.504391 0.999821 1.008069 1.000741 1.008069 1.002038 1.004274 1.000741 1.004274 1.000156 
5.516555 0.997445 0.996943 0.998101 0.996943 0.997082 0.997964 0.998101 0.997964 1.003560 
5.528720 1.001524 1.001075 1.001227 1.001075 0.991229 1.000708 1.001227 1.000708 1.007771 
5.540884 1.004013 0.996347 1.005889 0.996347 1.004488 1.000329 1.005889 1.000329 0.996786 
5.553049 0.999615 0.995255 1.004426 0.995255 0.996376 1.001419 1.004426 1.001419 1.003916 
5.565213 1.000263 1.003258 1.001573 1.003258 1.010795 0.998572 1.001573 0.998572 0.995340 
5.577377 0.996981 1.007267 0.996079 1.007267 1.001869 0.997913 0.996079 0.997913 0.999951 
5.589542 1.004477 0.996292 1.003067 0.996292 1.007051 0.998689 1.003067 0.998689 1.001789 
5.601706 1.003753 0.997754 0.997101 0.997754 0.997865 1.002379 0.997101 1.002379 1.005823 
5.613871 1.003767 1.004684 0.997695 1.004684 0.995380 1.005565 0.997695 1.005565 1.000106 
5.626035 1.007686 1.002226 1.005093 1.002226 0.997828 1.000048 1.005093 1.000048 0.999252 
5.638199 0.993607 0.998021 1.001984 0.998021 0.998543 1.000737 1.001984 1.000737 1.007442 
5.650364 0.997020 1.000802 0.999995 1.000802 0.992507 1.002658 0.999995 1.002658 1.009563 
5.662528 1.002266 1.005423 1.001199 1.005423 0.990701 1.001343 1.001199 1.001343 1.008248 
5.674693 1.011135 0.998688 1.001348 0.998688 1.002789 1.003606 1.001348 1.003606 1.002803 
5.686857 0.999955 1.000204 0.996213 1.000204 0.998438 0.996744 0.996213 0.996744 1.000269 
5.699021 0.999309 0.996262 1.003173 0.996262 0.998683 1.000494 1.003173 1.000494 0.994586 
5.711186 1.004123 1.000634 1.003829 1.000634 1.000695 1.000648 1.003829 1.000648 0.998026 
5.723350 1.002113 1.001065 1.006451 1.001065 1.002207 1.009585 1.006451 1.009585 0.999428 
5.735515 1.005471 0.999896 0.999153 0.999896 1.002017 1.001503 0.999153 1.001503 0.999451 
5.747679 1.002638 0.997663 1.001723 0.997663 1.002826 1.002576 1.001723 1.002576 1.003080 
5.759843 1.004309 1.000961 0.999109 1.000961 1.003470 0.996015 0.999109 0.996015 0.994530 
5.772008 1.005242 0.998830 0.994182 0.998830 0.997494 0.995690 0.994182 0.995690 0.997534 
5.784172 0.999221 1.000058 0.998504 1.000058 0.993290 1.002895 0.998504 1.002895 1.001863 
5.796337 1.001925 1.001935 0.999103 1.001935 1.002043 1.002499 0.999103 1.002499 1.003964 
5.808501 1.006707 0.994557 1.006152 0.994557 1.001755 1.001589 1.006152 1.001589 0.997510 
5.820665 1.002517 1.004389 1.001041 1.004389 1.001969 0.999071 1.001041 0.999071 1.001460 
5.832830 1.000132 1.001900 1.002586 1.001900 1.004355 1.005040 1.002586 1.005040 0.997456 
5.844994 1.006026 1.002183 1.003253 1.002183 1.002119 1.000855 1.003253 1.000855 1.001123 
5.857159 1.009609 1.001312 1.000619 1.001312 0.996054 1.000227 1.000619 1.000227 1.001762 
5.869323 0.996356 1.001308 1.001590 1.001308 0.996292 1.009608 1.001590 1.009608 1.002527 
5.881487 1.003254 1.002934 0.999560 1.002934 0.999280 1.001247 0.999560 1.001247 1.012799 
5.893652 0.996393 1.004397 1.005012 1.004397 1.005478 0.999825 1.005012 0.999825 1.006038 
5.905816 1.000517 0.994138 1.000263 0.994138 1.002177 1.002720 1.000263 1.002720 1.003305 
5.917981 1.005281 0.995402 1.002214 0.995402 1.005824 0.999717 1.002214 0.999717 0.995513 
5.930145 0.999275 1.006779 1.001242 1.006779 1.001210 0.997535 1.001242 0.997535 0.998872 
5.942309 1.008833 1.005396 0.999270 1.005396 0.997592 0.996064 0.999270 0.996064 0.995878 
5.954474 0.996149 0.997743 1.004670 0.997743 1.005836 1.006807 1.004670 1.006807 1.000936 
5.966638 0.999406 1.005517 1.006290 1.005517 1.003814 0.999484 1.006290 0.999484 1.000251 
5.978802 1.005135 0.999578 1.004582 0.999578 1.006619 1.002955 1.004582 1.002955 0.996789 
5.990967 1.002892 1.002943 1.001856 1.002943 1.002412 1.004636 1.001856 1.004636 0.999936 
6.003131 0.999803 1.001268 1.001232 1.001268 0.995253 1.001886 1.001232 1.001886 0.998773 
6.015296 1.003432 0.997032 1.004318 0.997032 0.996726 0.999935 1.004318 0.999935 1.002174 
6.027460 1.003890 1.004800 1.005352 1.004800 1.003598 0.999853 1.005352 0.999853 1.001348 
6.039624 0.996007 1.003960 0.998858 1.003960 1.004040 0.995144 0.998858 0.995144 1.003253 
6.051789 1.000901 1.002129 0.997288 1.002129 0.990920 0.997877 0.997288 0.997877 1.001372 
6.063953 0.997710 0.998775 1.006562 0.998775 1.004321 0.998380 1.006562 0.998380 1.004706 
6.076118 0.996996 1.004680 0.997426 1.004680 1.008334 0.998553 0.997426 0.998553 1.003341 
6.088282 0.995726 0.996080 0.999954 0.996080 1.002118 1.001517 0.999954 1.001517 1.002309 
6.100446 0.994131 0.993392 0.988995 0.993392 0.986756 0.984733 0.988995 0.984733 0.986792 
6.112611 0.982229 0.993775 0.987904 0.993775 0.980608 0.989896 0.987904 0.989896 0.977296 
6.124775 0.983012 0.980904 0.978831 0.980904 0.981799 0.978461 0.978831 0.978461 0.980196 
6.136940 0.975642 0.974519 0.971916 0.974519 0.972767 0.968805 0.971916 0.968805 0.975466 
6.149104 0.969322 0.964751 0.969249 0.964751 0.964810 0.967839 0.969249 0.967839 0.963103 
6.161268 0.962923 0.962515 0.970163 0.962515 0.965100 0.967662 0.970163 0.967662 0.961502 
6.173433 0.955072 0.958535 0.956876 0.958535 0.953889 0.959650 0.956876 0.959650 0.956661 
6.185597 0.943651 0.954587 0.949901 0.954587 0.949532 0.946585 0.949901 0.946585 0.946135 
6.197762 0.948153 0.945944 0.944379 0.945944 0.941467 0.945204 0.944379 0.945204 0.947934 
6.209926 0.941533 0.934996 0.938880 0.934996 0.943218 0.938218 0.938880 0.938218 0.935676 
6.222090 0.940079 0.932337 0.933856 0.932337 0.932338 0.938083 0.933856 0.938083 0.939177 
6.234255 0.926190 0.926192 0.925291 0.926192 0.935072 0.929167 0.925291 0.929167 0.924018 
6.246419 0.920130 0.919982 0.919293 0.919982 0.919564 0.925548 0.919293 0.925548 0.925568 
6.258584 0.922502 0.917144 0.912566 0.917144 0.913745 0.914557 0.912566 0.914557 0.917018 
6.270748 0.910340 0.907653 0.907973 0.907653 0.908250 0.909888 0.907973 0.909888 0.910397 
6.282912 0.897445 0.908197 0.903337 0.908197 0.909258 0.901250 0.903337 0.901250 0.905328 
6.295077 0.903528 0.898343 0.901016 0.898343 0.891950 0.896681 0.901016 0.896681 0.897137 
6.307241 0.891159 0.896477 0.893681 0.896477 0.890970 0.891444 0.893681 0.891444 0.890770 
6.319406 0.887486 0.888422 0.885190 0.888422 0.893208 0.887098 0.885190 0.887098 0.888350 
6.331570 0.883607 0.882612 0.881293 0.882612 0.883905 0.881354 0.881293 0.881354 0.880641 
6.343735 0.872224 0.876996 0.875764 0.876996 0.877101 0.870822 0.875764 0.870822 0.880209 
6.355899 0.867707 0.869973 0.872824 0.869973 0.863495 0.867857 0.872824 0.867857 0.873473 
6.368063 0.861007 0.867012 0.867631 0.867012 0.869585 0.864155 0.867631 0.864155 0.867917 
6.380228 0.861200 0.851441 0.863302 0.851441 0.859028 0.861322 0.863302 0.861322 0.866444 
6.392392 0.858770 0.853784 0.856846 0.853784 0.856683 0.855089 0.856846 0.855089 0.855093 
6.404557 0.851297 0.852680 0.845291 0.852680 0.849163 0.849071 0.845291 0.849071 0.849336 
6.416721 0.845850 0.845251 0.846256 0.845251 0.849854 0.840607 0.846256 0.840607 0.844455 
6.428885 0.840054 0.841054 0.838315 0.841054 0.842364 0.842061 0.838315 0.842061 0.844204 
6.441050 0.836383 0.837317 0.835825 0.837317 0.832995 0.833234 0.835825 0.833234 0.838439 
6.453214 0.832512 0.827457 0.831387 0.827457 0.826260 0.826500 0.831387 0.826500 0.827184 
6.465379 0.829455 0.822870 0.821795 0.822870 0.829011 0.824472 0.821795 0.824472 0.818311 
6.477543 0.816009 0.819494 0.817247 0.819494 0.824289 0.817793 0.817247 0.817793 0.815198 
6.489707 0.814192 0.812701 0.815227 0.812701 0.811977 0.816634 0.815227 0.816634 0.812292 
6.501872 0.800253 0.807339 0.808334 0.807339 0.797545 0.806938 0.808334 0.806938 0.800922 
6.514036 0.802173 0.799961 0.801275 0.799961 0.800277 0.806772 0.801275 0.806772 0.802767 
6.526201 0.793135 0.793972 0.793201 0.793972 0.794391 0.797013 0.793201 0.797013 0.797442 
6.538365 0.791800 0.791227 0.795349 0.791227 0.793071 0.785863 0.795349 0.785863 0.798283 
6.550529 0.786626 0.787716 0.784107 0.787716 0.782712 0.784949 0.784107 0.784949 0.790716 
6.562694 0.785571 0.784046 0.780865 0.784046 0.779351 0.781397 0.780865 0.781397 0.777299 
6.574858 0.776961 0.777199 0.778452 0.777199 0.775662 0.773189 0.778452 0.773189 0.777206 
6.587023 0.769846 0.770854 0.773732 0.770854 0.771486 0.771641 0.773732 0.771641 0.771344 
6.599187 0.770898 0.764535 0.766305 0.764535 0.769994 0.762309 0.766305 0.762309 0.765823 
6.611351 0.763331 0.760958 0.760570 0.760958 0.759539 0.758912 0.760570 0.758912 0.763857 
6.623516 0.754666 0.754209 0.760355 0.754209 0.754112 0.754942 0.760355 0.754942 0.750425 
6.635680 0.754853 0.751746 0.753092 0.751746 0.755606 0.749335 0.753092 0.749335 0.752684 
6.647845 0.745202 0.743820 0.745784 0.743820 0.748983 0.748166 0.745784 0.748166 0.741872 
6.660009 0.737360 0.737360 0.739148 0.737360 0.739054 0.744561 0.739148 0.744561 0.737699 
6.672173 0.737524 0.736565 0.733789 0.736565 0.732530 0.735862 0.733789 0.735862 0.735638 
6.684338 0.731330 0.730312 0.729770 0.730312 0.730499 0.729967 0.729770 0.729967 0.729124 
6.696502 0.723668 0.725406 0.727361 0.725406 0.722100 0.728884 0.727361 0.728884 0.725018 
6.708667 0.718052 0.717777 0.717459 0.717777 0.722982 0.721041 0.717459 0.721041 0.722667 
6.720831 0.715150 0.719120 0.720193 0.719120 0.715492 0.718594 0.720193 0.718594 0.714944 
6.732995 0.709040 0.711579 0.711326 0.711579 0.708826 0.708309 0.711326 0.708309 0.707665 
6.745160 0.703512 0.708085 0.707349 0.708085 0.706767 0.705776 0.707349 0.705776 0.701462 
6.757324 0.701232 0.701046 0.697944 0.701046 0.697195 0.701408 0.697944 0.701408 0.699518 
6.769489 0.697269 0.693507 0.699025 0.693507 0.695735 0.696141 0.699025 0.696141 0.693845 
6.781653 0.693864 0.685584 0.692830 0.685584 0.686993 0.690158 0.692830 0.690158 0.693615 
6.793817 0.691805 0.689327 0.688125 0.689327 0.690550 0.683801 0.688125 0.683801 0.688109 
6.805982 0.678876 0.684012 0.681582 0.684012 0.675813 0.681635 0.681582 0.681635 0.677121 
6.818146 0.675855 0.680435 0.677753 0.680435 0.675731 0.679994 0.677753 0.679994 0.672537 
6.830311 0.670373 0.675518 0.670999 0.675518 0.672675 0.671056 0.670999 0.671056 0.675678 
6.842475 0.667800 0.664074 0.667828 0.664074 0.670925 0.668684 0.667828 0.668684 0.668103 
6.854639 0.655887 0.661412 0.658515 0.661412 0.663374 0.665190 0.658515 0.665190 0.661822 
6.866804 0.660614 0.654960 0.660766 0.654960 0.661157 0.657104 0.660766 0.657104 0.656414 
6.878968 0.660398 0.653513 0.655054 0.653513 0.651897 0.658462 0.655054 0.658462 0.654457 
6.891133 0.645738 0.646656 0.648715 0.646656 0.651201 0.644221 0.648715 0.644221 0.649182 
6.903297 0.646392 0.645329 0.645855 0.645329 0.645326 0.644450 0.645855 0.644450 0.640679 
6.915461 0.635981 0.638462 0.641529 0.638462 0.643476 0.637973 0.641529 0.637973 0.637663 
6.927626 0.633500 0.636212 0.634725 0.636212 0.636558 0.631480 0.634725 0.631480 0.637258 
6.939790 0.627864 0.627446 0.629728 0.627446 0.630205 0.630848 0.629728 0.630848 0.633481 
6.951955 0.626623 0.623833 0.621249 0.623833 0.624008 0.628194 0.621249 0.628194 0.623843 
6.964119 0.624014 0.616843 0.622388 0.616843 0.619530 0.619331 0.622388 0.619331 0.627441 
6.976283 0.615422 0.617959 0.614475 0.617959 0.612770 0.616009 0.614475 0.616009 0.615267 
6.988448 0.610267 0.611494 0.611873 0.611494 0.609770 0.611065 0.611873 0.611065 0.615571 
7.000612 0.608344 0.608226 0.604729 0.608226 0.608704 0.607974 0.604729 0.607974 0.601633 
7.012777 0.605438 0.602762 0.600191 0.602762 0.597943 0.601709 0.600191 0.601709 0.600738 
7.024941 0.595208 0.597433 0.597156 0.597433 0.599256 0.598240 0.597156 0.598240 0.602624 
7.037105 0.590174 0.595684 0.594340 0.595684 0.591941 0.594082 0.594340 0.594082 0.597055 
7.049270 0.590816 0.588638 0.588545 0.588638 0.589758 0.590970 0.588545 0.590970 0.594659 
7.061434 0.585721 0.586781 0.586017 0.586781 0.580544 0.583472 0.586017 0.583472 0.584090 
7.073599 0.577493 0.579758 0.583144 0.579758 0.580593 0.581849 0.583144 0.581849 0.580938 
7.085763 0.572382 0.575077 0.573256 0.575077 0.579091 0.573778 0.573256 0.573778 0.579100 
7.097927 0.574269 0.572363 0.573325 0.572363 0.571804 0.568630 0.573325 0.568630 0.574032 
7.110092 0.571060 0.567287 0.563532 0.567287 0.569626 0.569287 0.563532 0.569287 0.562063 
7.122256 0.564114 0.562932 0.565446 0.562932 0.563373 0.558529 0.565446 0.558529 0.563678 
7.134421 0.558414 0.555834 0.557466 0.555834 0.559708 0.557280 0.557466 0.557280 0.557259 
7.146585 0.552833 0.553168 0.556139 0.553168 0.552729 0.555656 0.556139 0.555656 0.553542 
7.158749 0.553073 0.548337 0.547490 0.548337 0.547251 0.549609 0.547490 0.549609 0.545121 
7.170914 0.545426 0.543903 0.543724 0.543903 0.549561 0.546491 0.543724 0.546491 0.544618 
7.183078 0.543156 0.539156 0.541393 0.539156 0.540269 0.538426 0.541393 0.538426 0.540681 
7.195243 0.541518 0.533820 0.534845 0.533820 0.537198 0.537879 0.534845 0.537879 0.541065 
7.207407 0.531697 0.531922 0.531913 0.531922 0.533782 0.532990 0.531913 0.532990 0.529442 
7.219571 0.529530 0.529316 0.528280 0.529316 0.525476 0.528356 0.528280 0.528356 0.530709 
7.231736 0.522133 0.525969 0.523796 0.525969 0.522514 0.521357 0.523796 0.521357 0.519437 
7.243900 0.519148 0.519583 0.518303 0.519583 0.517531 0.517245 0.518303 0.517245 0.520521 
7.256065 0.515419 0.514224 0.512940 0.514224 0.516502 0.512751 0.512940 0.512751 0.514815 
7.268229 0.505315 0.510448 0.508955 0.510448 0.509348 0.510268 0.508955 0.510268 0.510720 
7.280393 0.507952 0.509567 0.505623 0.509567 0.509979 0.506829 0.505623 0.506829 0.508820 
7.292558 0.502406 0.503361 0.504886 0.503361 0.502090 0.503154 0.504886 0.503154 0.502298 
7.304722 0.496440 0.500164 0.497584 0.500164 0.496540 0.498496 0.497584 0.498496 0.496830 
7.316887 0.489870 0.493779 0.495594 0.493779 0.492223 0.491512 0.495594 0.491512 0.495179 
7.329051 0.490824 0.488298 0.490603 0.488298 0.491326 0.486272 0.490603 0.486272 0.492215 
7.341215 0.483340 0.485510 0.487578 0.485510 0.488901 0.486057 0.487578 0.486057 0.486309 
7.353380 0.482554 0.483239 0.482881 0.483239 0.481001 0.479907 0.482881 0.479907 0.477298 
7.365544 0.480845 0.477687 0.478122 0.477687 0.475843 0.475852 0.478122 0.475852 0.475802 
7.377709 0.477296 0.472475 0.475591 0.472475 0.473097 0.473997 0.475591 0.473997 0.474161 
7.389873 0.475785 0.470706 0.469645 0.470706 0.466501 0.468677 0.469645 0.468677 0.468816 
7.402037 0.465039 0.464949 0.462263 0.464949 0.466806 0.464559 0.462263 0.464559 0.467145 
7.414202 0.461088 0.458662 0.462573 0.458662 0.459826 0.461751 0.462573 0.461751 0.463654 
7.426366 0.458752 0.457626 0.455992 0.457626 0.458215 0.457662 0.455992 0.457662 0.458391 
7.438531 0.454113 0.453296 0.453734 0.453296 0.448897 0.453674 0.453734 0.453674 0.452827 
7.450695 0.449417 0.449585 0.448688 0.449585 0.446351 0.447919 0.448688 0.447919 0.451702 
7.462859 0.444134 0.445378 0.447858 0.445378 0.445372 0.445394 0.447858 0.445394 0.445046 
7.475024 0.441528 0.439595 0.440344 0.439595 0.441607 0.438846 0.440344 0.438846 0.438633 
7.487188 0.434274 0.436076 0.439341 0.436076 0.433699 0.439204 0.439341 0.439204 0.435859 
7.499353 0.434470 0.434714 0.430605 0.434714 0.429385 0.433977 0.430605 0.433977 0.431751 
7.511517 0.427832 0.428744 0.432414 0.428744 0.431444 0.429603 0.432414 0.429603 0.430864 
7.523681 0.430251 0.426630 0.428121 0.426630 0.426956 0.428630 0.428121 0.428630 0.425457 
7.535846 0.420739 0.422536 0.420752 0.422536 0.424202 0.420550 0.420752 0.420550 0.422179 
7.548010 0.418832 0.418043 0.418298 0.418043 0.417436 0.420034 0.418298 0.420034 0.418483 
7.560175 0.413008 0.416259 0.413539 0.416259 0.415281 0.417026 0.413539 0.417026 0.412111 
7.572339 0.409948 0.409116 0.407936 0.409116 0.407589 0.410779 0.407936 0.410779 0.412369 
7.584503 0.407535 0.408424 0.405307 0.408424 0.406060 0.406146 0.405307 0.406146 0.405968 
7.596668 0.402371 0.405041 0.403465 0.405041 0.403612 0.400354 0.403465 0.400354 0.400579 
7.608832 0.397978 0.397066 0.396868 0.397066 0.398894 0.394928 0.396868 0.394928 0.396062 
7.620997 0.395156 0.395428 0.392170 0.395428 0.397127 0.395868 0.392170 0.395868 0.397249 
7.633161 0.390014 0.390203 0.393065 0.390203 0.392434 0.390918 0.393065 0.390918 0.390628 
7.645325 0.387828 0.386347 0.386569 0.386347 0.386339 0.387187 0.386569 0.387187 0.383972 
7.657490 0.385715 0.383900 0.381886 0.383900 0.386424 0.382912 0.381886 0.382912 0.384110 
7.669654 0.378647 0.382185 0.377999 0.382185 0.379977 0.379410 0.377999 0.379410 0.380022 
7.681818 0.376048 0.374048 0.375683 0.374048 0.376220 0.376877 0.375683 0.376877 0.377598 
7.693983 0.369850 0.371623 0.373614 0.371623 0.371216 0.371054 0.373614 0.371054 0.369686 
7.706147 0.367634 0.367895 0.371308 0.367895 0.367730 0.368456 0.371308 0.368456 0.368609 
7.718312 0.361534 0.365989 0.363634 0.365989 0.366512 0.363841 0.363634 0.363841 0.363715 
7.730476 0.359377 0.361522 0.361481 0.361522 0.362121 0.361043 0.361481 0.361043 0.361174 
7.742640 0.359332 0.356513 0.359086 0.356513 0.357968 0.356837 0.359086 0.356837 0.356537 
7.754805 0.352208 0.352441 0.353624 0.352441 0.354325 0.353602 0.353624 0.353602 0.349585 
7.766969 0.349758 0.349454 0.349220 0.349454 0.348740 0.348724 0.349220 0.348724 0.351538 
7.779134 0.346517 0.344182 0.347604 0.344182 0.345399 0.345070 0.347604 0.345070 0.347700 
7.791298 0.343390 0.338004 0.342482 0.338004 0.339990 0.342884 0.342482 0.342884 0.340813 
7.803463 0.338741 0.339088 0.339938 0.339088 0.336128 0.338578 0.339938 0.338578 0.339256 
7.815627 0.333854 0.334367 0.336210 0.334367 0.334158 0.335521 0.336210 0.335521 0.336140 
7.827791 0.330819 0.330237 0.331733 0.330237 0.330307 0.330870 0.331733 0.330870 0.331273 
7.839956 0.326606 0.328653 0.329355 0.328653 0.323744 0.328094 0.329355 0.328094 0.328770 
7.852120 0.321152 0.324250 0.323475 0.324250 0.320980 0.324404 0.323475 0.324404 0.320800 
7.864285 0.322030 0.319906 0.319026 0.319906 0.320450 0.322445 0.319026 0.322445 0.318263 
7.876449 0.316976 0.316413 0.316222 0.316413 0.315908 0.318036 0.316222 0.318036 0.318095 
7.888613 0.310779 0.312624 0.312975 0.312624 0.313102 0.313438 0.312975 0.313438 0.312896 
7.900778 0.307881 0.308499 0.311646 0.308499 0.308341 0.311403 0.311646 0.311403 0.306103 
7.912942 0.306224 0.304116 0.306945 0.304116 0.306824 0.306983 0.306945 0.306983 0.308031 
7.925107 0.303981 0.301933 0.300923 0.301933 0.300631 0.302967 0.300923 0.302967 0.302496 
7.937271 0.299867 0.298451 0.299517 0.298451 0.299130 0.297874 0.299517 0.297874 0.298842 
7.949435 0.298047 0.293265 0.294743 0.293265 0.296634 0.296238 0.294743 0.296238 0.295431 
7.961600 0.293300 0.291703 0.293754 0.291703 0.290531 0.291794 0.293754 0.291794 0.293739 
7.973764 0.291261 0.290914 0.288710 0.290914 0.290614 0.289763 0.288710 0.289763 0.291136 
7.985929 0.284862 0.284206 0.284147 0.284206 0.284259 0.286969 0.284147 0.286969 0.284079 
7.998093 0.280972 0.282439 0.280824 0.282439 0.283142 0.282780 0.280824 0.282780 0.278050 
8.010257 0.278581 0.280906 0.278222 0.280906 0.278877 0.278188 0.278222 0.278188 0.280124 
8.022422 0.274920 0.274219 0.275547 0.274219 0.271733 0.273928 0.275547 0.273928 0.275435 
8.034586 0.272309 0.271722 0.271872 0.271722 0.270720 0.270343 0.271872 0.270343 0.272548 
8.046751 0.266707 0.269183 0.267628 0.269183 0.270496 0.267046 0.267628 0.267046 0.268591 
8.058915 0.261289 0.262581 0.264810 0.262581 0.268115 0.263578 0.264810 0.263578 0.262371 
8.071079 0.261017 0.260245 0.261936 0.260245 0.259056 0.260086 0.261936 0.260086 0.260956 
8.083244 0.258595 0.256327 0.260079 0.256327 0.257797 0.257093 0.260079 0.257093 0.258277 
8.095408 0.252794 0.253901 0.253941 0.253901 0.253846 0.255363 0.253941 0.255363 0.251472 
8.107573 0.253092 0.250315 0.252781 0.250315 0.252890 0.251558 0.252781 0.251558 0.252971 
8.119737 0.248003 0.248272 0.246979 0.248272 0.247185 0.247714 0.246979 0.247714 0.250443 
8.131901 0.244681 0.243269 0.243080 0.243269 0.246707 0.244952 0.243080 0.244952 0.245844 
8.144066 0.242659 0.241767 0.239187 0.241767 0.239887 0.240485 0.239187 0.240485 0.241173 
8.156230 0.238613 0.237112 0.236489 0.237112 0.237038 0.237665 0.236489 0.237665 0.237789 
8.168395 0.233828 0.233386 0.233445 0.233386 0.233418 0.233904 0.233445 0.233904 0.233881 
8.180559 0.233662 0.230763 0.229141 0.230763 0.230505 0.230289 0.229141 0.230289 0.233074 
8.192723 0.228420 0.225959 0.226976 0.225959 0.227728 0.225086 0.226976 0.225086 0.227248 
8.204888 0.223296 0.224099 0.223769 0.224099 0.222449 0.222666 0.223769 0.222666 0.223362 
8.217052 0.221222 0.222970 0.220249 0.222970 0.218590 0.218820 0.220249 0.218820 0.224069 
8.229217 0.217235 0.217523 0.215909 0.217523 0.217052 0.218043 0.215909 0.218043 0.216563 
8.241381 0.214880 0.213094 0.213940 0.213094 0.215108 0.214582 0.213940 0.214582 0.214731 
8.253545 0.209355 0.210924 0.209543 0.210924 0.212372 0.211499 0.209543 0.211499 0.208609 
8.265710 0.206879 0.208601 0.207650 0.208601 0.208089 0.207124 0.207650 0.207124 0.207707 
8.277874 0.203514 0.204070 0.205227 0.204070 0.205488 0.204337 0.205227 0.204337 0.204436 
8.290039 0.200724 0.201100 0.203190 0.201100 0.198235 0.199529 0.203190 0.199529 0.202043 
8.302203 0.198777 0.198255 0.198594 0.198255 0.199457 0.197373 0.198594 0.197373 0.198475 
8.314367 0.195118 0.195652 0.195165 0.195652 0.193820 0.195659 0.195165 0.195659 0.193302 
8.326532 0.191267 0.192158 0.192158 0.192158 0.192606 0.191230 0.192158 0.191230 0.193256 
8.338696 0.188198 0.187780 0.188921 0.187780 0.189076 0.189063 0.188921 0.189063 0.189158 
8.350861 0.187940 0.186483 0.185823 0.186483 0.185291 0.185084 0.185823 0.185084 0.183491 
8.363025 0.182504 0.181959 0.179187 0.181959 0.181866 0.181760 0.179187 0.181760 0.184084 
8.375189 0.178175 0.177719 0.178071 0.177719 0.180267 0.179760 0.178071 0.179760 0.177948 
8.387354 0.177098 0.176708 0.175862 0.176708 0.175414 0.174782 0.175862 0.174782 0.174773 
8.399518 0.173773 0.172738 0.173453 0.172738 0.174131 0.170284 0.173453 0.170284 0.172113 
8.411683 0.169386 0.170437 0.167302 0.170437 0.167412 0.169823 0.167302 0.169823 0.168830 
8.423847 0.166542 0.166574 0.165608 0.166574 0.166019 0.164873 0.165608 0.164873 0.165421 
8.436011 0.163168 0.163283 0.162614 0.163283 0.166087 0.163558 0.162614 0.163558 0.162081 
8.448176 0.158097 0.161332 0.161017 0.161332 0.159391 0.160573 0.161017 0.160573 0.161169 
8.460340 0.156945 0.158105 0.158084 0.158105 0.154987 0.155892 0.158084 0.155892 0.157408 
8.472505 0.153736 0.155709 0.153049 0.155709 0.156476 0.154313 0.153049 0.154313 0.151021 
8.484669 0.151975 0.151594 0.151270 0.151594 0.151699 0.150165 0.151270 0.150165 0.151742 
8.496833 0.149373 0.147106 0.147347 0.147106 0.147347 0.149037 0.147347 0.149037 0.147181 
8.508997 0.146193 0.144148 0.145225 0.144148 0.145619 0.144933 0.145225 0.144933 0.143244 
8.521162 0.141717 0.140516 0.140598 0.140516 0.141565 0.141071 0.140598 0.141071 0.140597 
8.533327 0.140201 0.138076 0.138049 0.138076 0.138168 0.138125 0.138049 0.138125 0.138969 
8.545491 0.133877 0.135674 0.136085 0.135674 0.133949 0.135503 0.136085 0.135503 0.134869 
8.557655 0.132906 0.131733 0.133071 0.131733 0.131283 0.132066 0.133071 0.132066 0.129883 
8.569820 0.129398 0.130214 0.128865 0.130214 0.126323 0.127803 0.128865 0.127803 0.129224 
8.581984 0.128005 0.126729 0.128147 0.126729 0.125671 0.126221 0.128147 0.126221 0.124530 
8.594149 0.123253 0.123262 0.122905 0.123262 0.123755 0.123394 0.122905 0.123394 0.122625 
8.606313 0.121554 0.120795 0.120908 0.120795 0.119298 0.119593 0.120908 0.119593 0.119692 
8.618477 0.116629 0.118304 0.116857 0.118304 0.118021 0.118082 0.116857 0.118082 0.118563 
8.630641 0.114449 0.115543 0.115315 0.115543 0.115475 0.115138 0.115315 0.115138 0.114591 
8.642806 0.111319 0.111983 0.112938 0.111983 0.112645 0.113042 0.112938 0.113042 0.112798 
8.654971 0.111381 0.110954 0.109431 0.110954 0.109918 0.110001 0.109431 0.110001 0.110366 
8.667135 0.106967 0.107614 0.106960 0.107614 0.107479 0.106983 0.106960 0.106983 0.108491 
8.679299 0.104019 0.105409 0.104415 0.105409 0.105152 0.105851 0.104415 0.105851 0.106431 
8.691464 0.102180 0.103487 0.103913 0.103487 0.103023 0.103533 0.103913 0.103533 0.103695 
8.703628 0.101480 0.101910 0.102264 0.101910 0.101620 0.101822 0.102264 0.101822 0.101889 
8.715793 0.097890 0.099133 0.099124 0.099133 0.101655 0.098660 0.099124 0.098660 0.099671 
8.727957 0.097422 0.096320 0.096953 0.096320 0.097190 0.096580 0.096953 0.096580 0.096094 
8.740121 0.094461 0.095092 0.094221 0.095092 0.096324 0.094590 0.094221 0.094590 0.095028 
8.752285 0.091821 0.092263 0.093344 0.092263 0.093437 0.092240 0.093344 0.092240 0.093552 
8.764450 0.090443 0.091231 0.091197 0.091231 0.090805 0.091174 0.091197 0.091174 0.092157 
8.776615 0.089987 0.089784 0.090027 0.089784 0.089534 0.089250 0.090027 0.089250 0.088903 
8.788779 0.088136 0.087198 0.087394 0.087198 0.087209 0.088264 0.087394 0.088264 0.088262 
8.800943 0.084987 0.084510 0.085235 0.084510 0.085129 0.084911 0.085235 0.084911 0.087737 
8.813108 0.083809 0.082454 0.083643 0.082454 0.083222 0.083453 0.083643 0.083453 0.084127 
8.825272 0.081779 0.081846 0.081362 0.081846 0.081688 0.082089 0.081362 0.082089 0.081603 
8.837437 0.079272 0.079928 0.080272 0.079928 0.079442 0.079778 0.080272 0.079778 0.080732 
8.849601 0.078197 0.079118 0.079014 0.079118 0.077605 0.078173 0.079014 0.078173 0.077915 
8.861765 0.077330 0.077728 0.076500 0.077728 0.077696 0.077378 0.076500 0.077378 0.075957 
8.873930 0.074025 0.076285 0.076276 0.076285 0.075715 0.076008 0.076276 0.076008 0.074884 
8.886094 0.073610 0.073671 0.073618 0.073671 0.072339 0.073615 0.073618 0.073615 0.074623 
8.898259 0.072091 0.073072 0.072012 0.073072 0.072170 0.073022 0.072012 0.073022 0.072203 
8.910423 0.070408 0.070873 0.071641 0.070873 0.070993 0.071014 0.071641 0.071014 0.072028 
8.922587 0.069389 0.068793 0.069180 0.068793 0.069645 0.069827 0.069180 0.069827 0.069983 
8.934752 0.068265 0.067212 0.067902 0.067212 0.068630 0.068197 0.067902 0.068197 0.067722 
8.946916 0.066450 0.066267 0.066900 0.066267 0.066251 0.066119 0.066900 0.066119 0.066345 
8.959081 0.065532 0.065369 0.065484 0.065369 0.064492 0.065558 0.065484 0.065558 0.063930 
8.971245 0.064042 0.063935 0.063549 0.063935 0.062943 0.063106 0.063549 0.063106 0.064091 
8.983409 0.062992 0.062296 0.061955 0.062296 0.062313 0.062209 0.061955 0.062209 0.062165 
8.995574 0.060342 0.060870 0.060544 0.060870 0.061090 0.060761 0.060544 0.060761 0.060375 
9.007738 0.058627 0.059705 0.059246 0.059705 0.060065 0.060476 0.059246 0.060476 0.058535 
9.019903 0.058066 0.058826 0.058295 0.058826 0.056947 0.057813 0.058295 0.057813 0.058469 
9.032067 0.057379 0.056977 0.057223 0.056977 0.056957 0.057185 0.057223 0.057185 0.056718 
9.044231 0.056032 0.056063 0.055920 0.056063 0.056945 0.056505 0.055920 0.056505 0.055556 
9.056396 0.054679 0.055356 0.054665 0.055356 0.055492 0.055020 0.054665 0.055020 0.055158 
9.068560 0.053247 0.053212 0.053118 0.053212 0.053285 0.052815 0.053118 0.052815 0.052215 
9.080724 0.052231 0.051606 0.052776 0.051606 0.052976 0.052746 0.052776 0.052746 0.051513 
9.092889 0.051547 0.051178 0.051386 0.051178 0.050767 0.051930 0.051386 0.051930 0.051408 
9.105053 0.049489 0.049255 0.051003 0.049255 0.050076 0.050012 0.051003 0.050012 0.049633 
9.117218 0.049394 0.048853 0.049389 0.048853 0.049097 0.048970 0.049389 0.048970 0.048591 
9.129382 0.047827 0.047353 0.048112 0.047353 0.047811 0.047673 0.048112 0.047673 0.047732 
9.141547 0.047016 0.047062 0.046825 0.047062 0.046434 0.046443 0.046825 0.046443 0.045932 
9.153711 0.046438 0.044932 0.046054 0.044932 0.045219 0.045909 0.046054 0.045909 0.045504 
9.165875 0.044338 0.044316 0.044720 0.044316 0.044533 0.044408 0.044720 0.044408 0.045227 
9.178040 0.044093 0.043363 0.043627 0.043363 0.044014 0.043530 0.043627 0.043530 0.043442 
9.190204 0.042479 0.042140 0.043042 0.042140 0.042506 0.042260 0.043042 0.042260 0.041579 
9.202368 0.041976 0.041448 0.041976 0.041448 0.041438 0.042320 0.041976 0.042320 0.041234 
9.214533 0.040711 0.040402 0.040446 0.040402 0.040399 0.040941 0.040446 0.040941 0.040545 
9.226697 0.039589 0.040133 0.039160 0.040133 0.039506 0.040363 0.039160 0.040363 0.039974 
9.238862 0.038579 0.039116 0.038747 0.039116 0.038574 0.039023 0.038747 0.039023 0.037989 
9.251026 0.038635 0.038207 0.037791 0.038207 0.038227 0.038437 0.037791 0.038437 0.037555 
9.263191 0.037882 0.037104 0.037076 0.037104 0.037104 0.036863 0.037076 0.036863 0.036054 
9.275355 0.035224 0.036464 0.035977 0.036464 0.035887 0.035816 0.035977 0.035816 0.036406 
9.287519 0.034883 0.034805 0.035191 0.034805 0.035191 0.034948 0.035191 0.034948 0.035181 
9.299684 0.035224 0.034837 0.034610 0.034837 0.034923 0.034376 0.034610 0.034376 0.035076 
9.311848 0.033608 0.033471 0.033661 0.033471 0.033210 0.034599 0.033661 0.034599 0.033022 
9.324012 0.032605 0.032593 0.032641 0.032593 0.032763 0.033067 0.032641 0.033067 0.033129 
9.336177 0.031453 0.031694 0.032392 0.031694 0.032148 0.032505 0.032392 0.032505 0.032001 
9.348341 0.031348 0.030906 0.030994 0.030906 0.030817 0.031171 0.030994 0.031171 0.030711 
9.360506 0.030752 0.030250 0.030318 0.030250 0.030909 0.030079 0.030318 0.030079 0.030197 
9.372670 0.029810 0.029876 0.029901 0.029876 0.029815 0.029693 0.029901 0.029693 0.029070 
9.384835 0.029208 0.029163 0.029373 0.029163 0.028952 0.028671 0.029373 0.028671 0.029223 
9.396999 0.028031 0.027648 0.028402 0.027648 0.028091 0.028050 0.028402 0.028050 0.028622 
9.409163 0.026938 0.027179 0.027072 0.027179 0.027163 0.026764 0.027072 0.026764 0.027023 
9.421328 0.026970 0.026650 0.026471 0.026650 0.027110 0.026627 0.026471 0.026627 0.027005 
9.433492 0.026106 0.025675 0.025690 0.025675 0.025699 0.025467 0.025690 0.025467 0.025932 
9.445656 0.024241 0.025165 0.024999 0.025165 0.025098 0.025550 0.024999 0.025550 0.025093 
9.457821 0.023677 0.024465 0.024992 0.024465 0.024868 0.023909 0.024992 0.023909 0.024419 
9.469985 0.024175 0.023918 0.024028 0.023918 0.023411 0.024122 0.024028 0.024122 0.023702 
9.482150 0.023140 0.023095 0.023379 0.023095 0.023445 0.022958 0.023379 0.022958 0.023327 
9.494314 0.023172 0.022374 0.022015 0.022374 0.022981 0.022093 0.022015 0.022093 0.022677 
9.506479 0.021843 0.022387 0.021790 0.022387 0.021691 0.021814 0.021790 0.021814 0.022601 
9.518643 0.021626 0.021569 0.021330 0.021569 0.021241 0.021564 0.021330 0.021564 0.021490 
9.530807 0.021127 0.020695 0.020494 0.020695 0.021054 0.020787 0.020494 0.020787 0.020591 
9.542972 0.020317 0.020204 0.020741 0.020204 0.020065 0.020298 0.020741 0.020298 0.020642 
9.555136 0.019941 0.019629 0.019949 0.019629 0.019709 0.019592 0.019949 0.019592 0.019907 
9.567300 0.019152 0.019078 0.019073 0.019078 0.019456 0.019006 0.019073 0.019006 0.019364 
9.579465 0.018143 0.018423 0.018651 0.018423 0.018451 0.018210 0.018651 0.018210 0.018211 
9.591630 0.017599 0.017701 0.017823 0.017701 0.018070 0.018244 0.017823 0.018244 0.017690 
9.603794 0.016601 0.017510 0.017541 0.017510 0.017444 0.016992 0.017541 0.016992 0.017722 
9.615958 0.017628 0.017303 0.016788 0.017303 0.016768 0.017200 0.016788 0.017200 0.016600 
9.628123 0.016569 0.016372 0.016205 0.016372 0.016054 0.016443 0.016205 0.016443 0.015787 
9.640287 0.015548 0.015484 0.016062 0.015484 0.015719 0.016143 0.016062 0.016143 0.015705 
9.652451 0.015309 0.015277 0.015812 0.015277 0.015186 0.015133 0.015812 0.015133 0.015504 
9.664616 0.015170 0.014719 0.015131 0.014719 0.014489 0.014813 0.015131 0.014813 0.014972 
9.676780 0.014270 0.014302 0.014288 0.014302 0.014723 0.014474 0.014288 0.014474 0.014397 
9.688944 0.013438 0.013769 0.014092 0.013769 0.013631 0.013989 0.014092 0.013989 0.013396 
9.701109 0.013380 0.013534 0.013653 0.013534 0.012924 0.013450 0.013653 0.013450 0.013112 
9.713274 0.013090 0.012988 0.012899 0.012988 0.013315 0.012978 0.012899 0.012978 0.012987 
9.725438 0.013132 0.012729 0.012529 0.012729 0.012767 0.012706 0.012529 0.012706 0.012702 
9.737602 0.012343 0.012065 0.012360 0.012065 0.012305 0.012613 0.012360 0.012613 0.012315 
9.749767 0.011615 0.011579 0.011941 0.011579 0.011597 0.011869 0.011941 0.011869 0.011383 
9.761931 0.011025 0.011386 0.011684 0.011386 0.011206 0.011379 0.011684 0.011379 0.011044 
9.774095 0.010484 0.011086 0.010585 0.011086 0.011100 0.010853 0.010585 0.010853 0.011100 
9.786260 0.010776 0.010689 0.010814 0.010689 0.010554 0.010565 0.010814 0.010565 0.010517 
9.798424 0.010170 0.010324 0.010095 0.010324 0.010460 0.010095 0.010095 0.010095 0.010395 
9.810588 0.010085 0.009557 0.009877 0.009557 0.009649 0.009642 0.009877 0.009642 0.009718 
9.822753 0.009468 0.009665 0.009030 0.009665 0.009487 0.009193 0.009030 0.009193 0.009363 
9.834918 0.009167 0.008840 0.008829 0.008840 0.009281 0.008663 0.008829 0.008663 0.009048 
9.847082 0.008574 0.008625 0.008807 0.008625 0.009021 0.008403 0.008807 0.008403 0.008670 
9.859246 0.008589 0.008404 0.008429 0.008404 0.008380 0.008431 0.008429 0.008431 0.008557 
9.871411 0.007802 0.008323 0.007903 0.008323 0.007961 0.007961 0.007903 0.007961 0.007738 
9.883575 0.007606 0.007667 0.007619 0.007667 0.007837 0.007608 0.007619 0.007608 0.007719 
9.895739 0.007737 0.007706 0.007418 0.007706 0.007624 0.007380 0.007418 0.007380 0.007299 
9.907904 0.007024 0.007370 0.007231 0.007370 0.007546 0.007088 0.007231 0.007088 0.006884 
9.920068 0.007124 0.006789 0.006952 0.006789 0.006589 0.006596 0.006952 0.006596 0.006742 
9.932232 0.006604 0.006520 0.006632 0.006520 0.006385 0.006544 0.006632 0.006544 0.006457 
9.944397 0.006208 0.006185 0.006185 0.006185 0.006194 0.006426 0.006185 0.006426 0.006047 
9.956562 0.005908 0.006041 0.005839 0.006041 0.005854 0.005944 0.005839 0.005944 0.006282 
9.968726 0.005391 0.005521 0.005728 0.005521 0.005831 0.005621 0.005728 0.005621 0.005738 
9.980890 0.005257 0.005251 0.005302 0.005251 0.005333 0.005242 0.005302 0.005242 0.005497 
9.993055 0.005148 0.004989 0.005298 0.004989 0.005121 0.005153 0.005298 0.005153 0.005019 
10.005219 0.005091 0.004795 0.004729 0.004795 0.004526 0.004982 0.004729 0.004982 0.004844 
10.017383 0.004695 0.004502 0.004840 0.004502 0.004555 0.004438 0.004840 0.004438 0.004555 
10.029548 0.004464 0.004467 0.004366 0.004467 0.004640 0.004495 0.004366 0.004495 0.004359 
10.041712 0.004063 0.004185 0.004288 0.004185 0.004099 0.004345 0.004288 0.004345 0.004177 
10.053876 0.004023 0.003800 0.004129 0.003800 0.003818 0.004025 0.004129 0.004025 0.003783 
10.066041 0.003695 0.003641 0.003717 0.003641 0.003786 0.003754 0.003717 0.003754 0.003817 
10.078206 0.003647 0.003585 0.003468 0.003585 0.003525 0.003648 0.003468 0.003648 0.003582 
10.090370 0.003308 0.003236 0.003410 0.003236 0.003482 0.003435 0.003410 0.003435 0.003538 
10.102534 0.003114 0.003149 0.003151 0.003149 0.003062 0.003183 0.003151 0.003183 0.003092 
10.114699 0.002994 0.003053 0.003075 0.003053 0.003020 0.002915 0.003075 0.002915 0.002856 
10.126863 0.002870 0.002829 0.002650 0.002829 0.002858 0.002799 0.002650 0.002799 0.002612 
10.139027 0.002563 0.002771 0.002668 0.002771 0.002447 0.002443 0.002668 0.002443 0.002649 
10.151192 0.002402 0.002394 0.002360 0.002394 0.002183 0.002321 0.002360 0.002321 0.002483 
10.163356 0.002311 0.002258 0.002292 0.002258 0.002396 0.002216 0.002292 0.002216 0.002298 
10.175520 0.002216 0.002138 0.002189 0.002138 0.002160 0.002123 0.002189 0.002123 0.002271 
10.187685 0.001878 0.001969 0.001961 0.001969 0.002133 0.002046 0.001961 0.002046 0.001929 
10.199850 0.001733 0.001865 0.001931 0.001865 0.001840 0.001778 0.001931 0.001778 0.001640 
10.212014 0.001556 0.001705 0.001778 0.001705 0.001806 0.001728 0.001778 0.001728 0.001844 
10.224178 0.001641 0.001646 0.001601 0.001646 0.001619 0.001502 0.001601 0.001502 0.001522 
10.236342 0.001476 0.001406 0.001455 0.001406 0.001350 0.001423 0.001455 0.001423 0.001594 
10.248507 0.001288 0.001361 0.001325 0.001361 0.001507 0.001367 0.001325 0.001367 0.001330 
10.260671 0.001150 0.001360 0.001234 0.001360 0.001213 0.001266 0.001234 0.001266 0.001314 
10.272836 0.001093 0.001185 0.001050 0.001185 0.001001 0.001263 0.001050 0.001263 0.001210 
10.285000 0.001070 0.001079 0.000983 0.001079 0.001153 0.001004 0.000983 0.001004 0.001049 
10.297164 0.000942 0.000845 0.000841 0.000845 0.000925 0.000924 0.000841 0.000924 0.000884 
10.309329 0.000773 0.000814 0.000736 0.000814 0.000844 0.000835 0.000736 0.000835 0.000778 
10.321494 0.000734 0.000699 0.000827 0.000699 0.000788 0.000703 0.000827 0.000703 0.000714 
10.333658 0.000621 0.000705 0.000652 0.000705 0.000592 0.000611 0.000652 0.000611 0.000604 
10.345822 0.000529 0.000564 0.000512 0.000564 0.000500 0.000566 0.000512 0.000566 0.000529 
10.357986 0.000523 0.000511 0.000431 0.000511 0.000428 0.000468 0.000431 0.000468 0.000461 
10.370151 0.000464 0.000397 0.000420 0.000397 0.000419 0.000428 0.000420 0.000428 0.000386 
10.382315 0.000402 0.000362 0.000354 0.000362 0.000340 0.000360 0.000354 0.000360 0.000320 
10.394480 0.000278 0.000304 0.000302 0.000304 0.000233 0.000275 0.000302 0.000275 0.000397 
10.406644 0.000265 0.000246 0.000252 0.000246 0.000298 0.000273 0.000252 0.000273 0.000184 
10.418808 0.000204 0.000254 0.000235 0.000254 0.000195 0.000201 0.000235 0.000201 0.000204 
10.430973 0.000191 0.000170 0.000186 0.000170 0.000211 0.000168 0.000186 0.000168 0.000183 
10.443138 0.000126 0.000131 0.000111 0.000131 0.000097 0.000137 0.000111 0.000137 0.000122 
10.455302 0.000117 0.000085 0.000125 0.000085 0.000077 0.000109 0.000125 0.000109 0.000077 
10.467466 0.000101 0.000070 0.000082 0.000070 0.000048 0.000054 0.000082 0.000054 0.000036 
10.479630 0.000072 0.000038 0.000034 0.000038 0.000044 0.000056 0.000034 0.000056 0.000048 
10.491795 0.000024 0.000030 0.000014 0.000030 0.000032 0.000016 0.000014 0.000016 0.000020 
10.503959 0.000000 0.000028 0.000010 0.000028 0.000008 0.000016 0.000010 0.000016 0.000004 
10.516124 0.000004 0.000004 0.000018 0.000004 0.000008 0.000010 0.000018 0.000010 0.000008 
10.528288 0.000008 0.000000 0.000004 0.000000 0.000000 0.000004 0.000004 0.000004 0.000000 
10.540452 0.000000 0.000000 0.000000 0.000000 0.000000 0.000000 0.000000 0.000000 0.000000 
10.552617 0.000000 0.000000 0.000000 0.000000 0.000000 0.000000 0.000000 0.000000 0.000000 
10.564782 0.000000 0.000000 0.000000 0.000000 0.000000 0.000000 0.000000 0.000000 0.000000 
10.576946 0.000000 0.000000 0.000000 0.000000 0.000000 0.000000 0.000000 0.000000 0.000000 
10.589110 0.000000 0.000000 0.000000 0.000000 0.000000 0.000000 0.000000 0.000000 0.000000 
10.601274 0.000000 0.000000 0.000000 0.000000 0.000000 0.000000 0.000000 0.000000 0.000000 
10.613439 0.000000 0.000000 0.000000 0.000000 0.000000 0.000000 0.000000 0.000000 0.000000 
10.625603 0.000000 0.000000 0.000000 0.000000 0.000000 0.000000 0.000000 0.000000 0.000000 
10.637768 0.000000 0.000000 0.000000 0.000000 0.000000 0.000000 0.000000 0.000000 0.000000 
10.649932 0.000000 0.000000 0.000000 0.000000 0.000000 0.000000 0.000000 0.000000 0.000000 
10.662097 0.000000 0.000000 0.000000 0.000000 0.000000 0.000000 0.000000 0.000000 0.000000 
10.674261 0.000000 0.000000 0.000000 0.000000 0.000000 0.000000 0.000000 0.000000 0.000000 
10.686426 0.000000 0.000000 0.000000 0.000000 0.000000 0.000000 0.000000 0.000000 0.000000 
10.698590 0.000000 0.000000 0.000000 0.000000 0.000000 0.000000 0.000000 0.000000 0.000000 
10.710754 0.000000 0.000000 0.000000 0.000000 0.000000 0.000000 0.000000 0.000000 0.000000 
10.722919 0.000000 0.000000 0.000000 0.000000 0.000000 0.000000 0.000000 0.000000 0.000000 
10.735083 0.000000 0.000000 0.000000 0.000000 0.000000 0.000000 0.000000 0.000000 0.000000 
10.747247 0.000000 0.000000 0.000000 0.000000 0.000000 0.000000 0.000000 0.000000 0.000000 
10.759412 0.000000 0.000000 0.000000 0.000000 0.000000 0.000000 0.000000 0.000000 0.000000 
10.771576 0.000000 0.000000 0.000000 0.000000 0.000000 0.000000 0.000000 0.000000 0.000000 
10.783741 0.000000 0.000000 0.000000 0.000000 0.000000 0.000000 0.000000 0.000000 0.000000 
10.795905 0.000000 0.000000 0.000000 0.000000 0.000000 0.000000 0.000000 0.000000 0.000000 
10.808069 0.000000 0.000000 0.000000 0.000000 0.000000 0.000000 0.000000 0.000000 0.000000 
10.820234 0.000000 0.000000 0.000000 0.000000 0.000000 0.000000 0.000000 0.000000 0.000000 
10.832398 0.000000 0.000000 0.000000 0.000000 0.000000 0.000000 0.000000 0.000000 0.000000 
10.844563 0.000000 0.000000 0.000000 0.000000 0.000000 0.000000 0.000000 0.000000 0.000000 
10.856727 0.000000 0.000000 0.000000 0.000000 0.000000 0.000000 0.000000 0.000000 0.000000 
10.868891 0.000000 0.000000 0.000000 0.000000 0.000000 0.000000 0.000000 0.000000 0.000000 
10.881056 0.000000 0.000000 0.000000 0.000000 0.000000 0.000000 0.000000 0.000000 0.000000 
10.893220 0.000000 0.000000 0.000000 0.000000 0.000000 0.000000 0.000000 0.000000 0.000000 
10.905385 0.000000 0.000000 0.000000 0.000000 0.000000 0.000000 0.000000 0.000000 0.000000 
10.917549 0.000000 0.000000 0.000000 0.000000 0.000000 0.000000 0.000000 0.000000 0.000000 
10.929713 0.000000 0.000000 0.000000 0.000000 0.000000 0.000000 0.000000 0.000000 0.000000 
10.941878 0.000000 0.000000 0.000000 0.000000 0.000000 0.000000 0.000000 0.000000 0.000000 
10.954042 0.000000 0.000000 0.000000 0.000000 0.000000 0.000000 0.000000 0.000000 0.000000 
10.966207 0.000000 0.000000 0.000000 0.000000 0.000000 0.000000 0.000000 0.000000 0.000000 
10.978371 0.000000 0.000000 0.000000 0.000000 0.000000 0.000000 0.000000 0.000000 0.000000 
10.990535 0.000000 0.000000 0.000000 0.000000 0.000000 0.000000 0.000000 0.000000 0.000000 
11.002700 0.000000 0.000000 0.000000 0.000000 0.000000 0.000000 0.000000 0.000000 0.000000 
11.014864 0.000000 0.000000 0.000000 0.000000 0.000000 0.000000 0.000000 0.000000 0.000000 
11.027029 0.000000 0.000000 0.000000 0.000000 0.000000 0.000000 0.000000 0.000000 0.000000 
11.039193 0.000000 0.000000 0.000000 0.000000 0.000000 0.000000 0.000000 0.000000 0.000000 
11.051357 0.000000 0.000000 0.000000 0.000000 0.000000 0.000000 0.000000 0.000000 0.000000 
11.063522 0.000000 0.000000 0.000000 0.000000 0.000000 0.000000 0.000000 0.000000 0.000000 
11.075686 0.000000 0.000000 0.000000 0.000000 0.000000 0.000000 0.000000 0.000000 0.000000 
11.087851 0.000000 0.000000 0.000000 0.000000 0.000000 0.000000 0.000000 0.000000 0.000000 
11.100015 0.000000 0.000000 0.000000 0.000000 0.000000 0.000000 0.000000 0.000000 0.000000 
11.112179 0.000000 0.000000 0.000000 0.000000 0.000000 0.000000 0.000000 0.000000 0.000000 
11.124344 0.000000 0.000000 0.000000 0.000000 0.000000 0.000000 0.000000 0.000000 0.000000 
11.136508 0.000000 0.000000 0.000000 0.000000 0.000000 0.000000 0.000000 0.000000 0.000000 
11.148673 0.000000 0.000000 0.000000 0.000000 0.000000 0.000000 0.000000 0.000000 0.000000 
11.160837 0.000000 0.000000 0.000000 0.000000 0.000000 0.000000 0.000000 0.000000 0.000000 
11.173001 0.000000 0.000000 0.000000 0.000000 0.000000 0.000000 0.000000 0.000000 0.000000 
11.185166 0.000000 0.000000 0.000000 0.000000 0.000000 0.000000 0.000000 0.000000 0.000000 
11.197330 0.000000 0.000000 0.000000 0.000000 0.000000 0.000000 0.000000 0.000000 0.000000 
11.209495 0.000000 0.000000 0.000000 0.000000 0.000000 0.000000 0.000000 0.000000 0.000000 
11.221659 0.000000 0.000000 0.000000 0.000000 0.000000 0.000000 0.000000 0.000000 0.000000 
11.233823 0.000000 0.000000 0.000000 0.000000 0.000000 0.000000 0.000000 0.000000 0.000000 
11.245988 0.000000 0.000000 0.000000 0.000000 0.000000 0.000000 0.000000 0.000000 0.000000 
11.258152 0.000000 0.000000 0.000000 0.000000 0.000000 0.000000 0.000000 0.000000 0.000000 
11.270317 0.000000 0.000000 0.000000 0.000000 0.000000 0.000000 0.000000 0.000000 0.000000 
11.282481 0.000000 0.000000 0.000000 0.000000 0.000000 0.000000 0.000000 0.000000 0.000000 
11.294645 0.000000 0.000000 0.000000 0.000000 0.000000 0.000000 0.000000 0.000000 0.000000 
11.306810 0.000000 0.000000 0.000000 0.000000 0.000000 0.000000 0.000000 0.000000 0.000000 
11.318974 0.000000 0.000000 0.000000 0.000000 0.000000 0.000000 0.000000 0.000000 0.000000 
11.331139 0.000000 0.000000 0.000000 0.000000 0.000000 0.000000 0.000000 0.000000 0.000000 
11.343303 0.000000 0.000000 0.000000 0.000000 0.000000 0.000000 0.000000 0.000000 0.000000 
11.355467 0.000000 0.000000 0.000000 0.000000 0.000000 0.000000 0.000000 0.000000 0.000000 
11.367631 0.000000 0.000000 0.000000 0.000000 0.000000 0.000000 0.000000 0.000000 0.000000 
11.379796 0.000000 0.000000 0.000000 0.000000 0.000000 0.000000 0.000000 0.000000 0.000000 
11.391961 0.000000 0.000000 0.000000 0.000000 0.000000 0.000000 0.000000 0.000000 0.000000 
11.404125 0.000000 0.000000 0.000000 0.000000 0.000000 0.000000 0.000000 0.000000 0.000000 
11.416289 0.000000 0.000000 0.000000 0.000000 0.000000 0.000000 0.000000 0.000000 0.000000 
11.428454 0.000000 0.000000 0.000000 0.000000 0.000000 0.000000 0.000000 0.000000 0.000000 
11.440618 0.000000 0.000000 0.000000 0.000000 0.000000 0.000000 0.000000 0.000000 0.000000 
11.452783 0.000000 0.000000 0.000000 0.000000 0.000000 0.000000 0.000000 0.000000 0.000000 
11.464947 0.000000 0.000000 0.000000 0.000000 0.000000 0.000000 0.000000 0.000000 0.000000 
11.477111 0.000000 0.000000 0.000000 0.000000 0.000000 0.000000 0.000000 0.000000 0.000000 
11.489275 0.000000 0.000000 0.000000 0.000000 0.000000 0.000000 0.000000 0.000000 0.000000 
11.501440 0.000000 0.000000 0.000000 0.000000 0.000000 0.000000 0.000000 0.000000 0.000000 
11.513605 0.000000 0.000000 0.000000 0.000000 0.000000 0.000000 0.000000 0.000000 0.000000 
11.525769 0.000000 0.000000 0.000000 0.000000 0.000000 0.000000 0.000000 0.000000 0.000000 
11.537933 0.000000 0.000000 0.000000 0.000000 0.000000 0.000000 0.000000 0.000000 0.000000 
11.550098 0.000000 0.000000 0.000000 0.000000 0.000000 0.000000 0.000000 0.000000 0.000000 
11.562262 0.000000 0.000000 0.000000 0.000000 0.000000 0.000000 0.000000 0.000000 0.000000 
11.574427 0.000000 0.000000 0.000000 0.000000 0.000000 0.000000 0.000000 0.000000 0.000000 
11.586591 0.000000 0.000000 0.000000 0.000000 0.000000 0.000000 0.000000 0.000000 0.000000 
11.598755 0.000000 0.000000 0.000000 0.000000 0.000000 0.000000 0.000000 0.000000 0.000000 
11.610919 0.000000 0.000000 0.000000 0.000000 0.000000 0.000000 0.000000 0.000000 0.000000 
11.623084 0.000000 0.000000 0.000000 0.000000 0.000000 0.000000 0.000000 0.000000 0.000000 
11.635249 0.000000 0.000000 0.000000 0.000000 0.000000 0.000000 0.000000 0.000000 0.000000 
11.647413 0.000000 0.000000 0.000000 0.000000 0.000000 0.000000 0.000000 0.000000 0.000000 
11.659577 0.000000 0.000000 0.000000 0.000000 0.000000 0.000000 0.000000 0.000000 0.000000 
11.671742 0.000000 0.000000 0.000000 0.000000 0.000000 0.000000 0.000000 0.000000 0.000000 
11.683906 0.000000 0.000000 0.000000 0.000000 0.000000 0.000000 0.000000 0.000000 0.000000 
11.696071 0.000000 0.000000 0.000000 0.000000 0.000000 0.000000 0.000000 0.000000 0.000000 
11.708235 0.000000 0.000000 0.000000 0.000000 0.000000 0.000000 0.000000 0.000000 0.000000 
11.720399 0.000000 0.000000 0.000000 0.000000 0.000000 0.000000 0.000000 0.000000 0.000000 
11.732563 0.000000 0.000000 0.000000 0.000000 0.000000 0.000000 0.000000 0.000000 0.000000 
11.744728 0.000000 0.000000 0.000000 0.000000 0.000000 0.000000 0.000000 0.000000 0.000000 
11.756893 0.000000 0.000000 0.000000 0.000000 0.000000 0.000000 0.000000 0.000000 0.000000 
11.769057 0.000000 0.000000 0.000000 0.000000 0.000000 0.000000 0.000000 0.000000 0.000000 
11.781221 0.000000 0.000000 0.000000 0.000000 0.000000 0.000000 0.000000 0.000000 0.000000 
11.793386 0.000000 0.000000 0.000000 0.000000 0.000000 0.000000 0.000000 0.000000 0.000000 
11.805550 0.000000 0.000000 0.000000 0.000000 0.000000 0.000000 0.000000 0.000000 0.000000 
11.817715 0.000000 0.000000 0.000000 0.000000 0.000000 0.000000 0.000000 0.000000 0.000000 
11.829879 0.000000 0.000000 0.000000 0.000000 0.000000 0.000000 0.000000 0.000000 0.000000 
11.842043 0.000000 0.000000 0.000000 0.000000 0.000000 0.000000 0.000000 0.000000 0.000000 
11.854208 0.000000 0.000000 0.000000 0.000000 0.000000 0.000000 0.000000 0.000000 0.000000 
11.866372 0.000000 0.000000 0.000000 0.000000 0.000000 0.000000 0.000000 0.000000 0.000000 
11.878537 0.000000 0.000000 0.000000 0.000000 0.000000 0.000000 0.000000 0.000000 0.000000 
11.890701 0.000000 0.000000 0.000000 0.000000 0.000000 0.000000 0.000000 0.000000 0.000000 
11.902865 0.000000 0.000000 0.000000 0.000000 0.000000 0.000000 0.000000 0.000000 0.000000 
11.915030 0.000000 0.000000 0.000000 0.000000 0.000000 0.000000 0.000000 0.000000 0.000000 
11.927194 0.000000 0.000000 0.000000 0.000000 0.000000 0.000000 0.000000 0.000000 0.000000 
11.939358 0.000000 0.000000 0.000000 0.000000 0.000000 0.000000 0.000000 0.000000 0.000000 
11.951523 0.000000 0.000000 0.000000 0.000000 0.000000 0.000000 0.000000 0.000000 0.000000 
11.963687 0.000000 0.000000 0.000000 0.000000 0.000000 0.000000 0.000000 0.000000 0.000000 
11.975852 0.000000 0.000000 0.000000 0.000000 0.000000 0.000000 0.000000 0.000000 0.000000 
11.988016 0.000000 0.000000 0.000000 0.000000 0.000000 0.000000 0.000000 0.000000 0.000000 
12.000181 0.000000 0.000000 0.000000 0.000000 0.000000 0.000000 0.000000 0.000000 0.000000 
12.012345 0.000000 0.000000 0.000000 0.000000 0.000000 0.000000 0.000000 0.000000 0.000000 
12.024509 0.000000 0.000000 0.000000 0.000000 0.000000 0.000000 0.000000 0.000000 0.000000 
12.036674 0.000000 0.000000 0.000000 0.000000 0.000000 0.000000 0.000000 0.000000 0.000000 
12.048838 0.000000 0.000000 0.000000 0.000000 0.000000 0.000000 0.000000 0.000000 0.000000 
12.061002 0.000000 0.000000 0.000000 0.000000 0.000000 0.000000 0.000000 0.000000 0.000000 
12.073167 0.000000 0.000000 0.000000 0.000000 0.000000 0.000000 0.000000 0.000000 0.000000 
12.085331 0.000000 0.000000 0.000000 0.000000 0.000000 0.000000 0.000000 0.000000 0.000000 
12.097496 0.000000 0.000000 0.000000 0.000000 0.000000 0.000000 0.000000 0.000000 0.000000 
12.109660 0.000000 0.000000 0.000000 0.000000 0.000000 0.000000 0.000000 0.000000 0.000000 
12.121825 0.000000 0.000000 0.000000 0.000000 0.000000 0.000000 0.000000 0.000000 0.000000 
12.133989 0.000000 0.000000 0.000000 0.000000 0.000000 0.000000 0.000000 0.000000 0.000000 
12.146153 0.000000 0.000000 0.000000 0.000000 0.000000 0.000000 0.000000 0.000000 0.000000 
12.158318 0.000000 0.000000 0.000000 0.000000 0.000000 0.000000 0.000000 0.000000 0.000000 
